342,343
342,343
342,344
342,344
342,345
342,345
342,346
342,346
342,347
342,347
342,347
342,347
342,348
342,348
342,348
342,348
342,349
342,349
342,349
342,349
342,350
342,350
342,350
342,350
342,351
342,351
342,351
342,351
342,352
342,352
342,352
342,352
342,353
342,353
342,353
342,353
342,354
342,354
342,354
342,354
342,355
342,355
342,355
342,355
342,356
342,356
342,356
342,356
342,357
342,357
342,357
342,357
342,358
342,358
342,358
342,358
342,359
342,359
342,359
342,359
342,360
342,360
342,360
342,360
342,361
342,361
342,361
342,361
342,362
342,362
342,362
342,362
342,363
342,363
342,363
342,363
342,364
342,364
342,364
342,364
342,365
342,365
342,365
342,365
342,366
342,366
342,366
342,366
342,367
342,367
342,367
342,367
342,368
342,368
342,368
342,368
342,369
342,369
342,369
342,369
342,370
342,370
342,370
342,370
342,371
342,371
342,371
342,371
342,372
342,372
342,372
342,372
342,373
342,373
342,373
342,373
342,374
342,374
342,374
342,374
342,375
342,375
342,375
342,375
342,376
342,376
342,376
342,376
342,377
342,377
342,377
342,377
342,378
342,378
342,378
342,378
342,379
342,379
342,379
342,379
342,380
342,380
342,380
342,380
342,381
342,381
342,381
342,381
342,382
342,382
342,382
342,382
342,383
342,383
342,383
342,383
342,384
342,384
342,384
342,384
342,385
342,385
342,385
342,385
342,386
342,386
342,386
342,386
342,387
342,387
342,387
342,387
342,388
342,388
342,388
342,388
342,389
342,389
342,389
342,389
342,390
342,390
342,390
342,390
342,391
342,391
342,391
342,391
342,392
342,392
342,392
342,392
342,393
342,393
342,393
342,393
342,394
342,394
342,394
342,394
342,395
342,395
342,395
342,395
342,396
342,396
342,396
342,396
342,397
342,397
342,397
342,397
342,398
342,398
342,398
342,398
342,399
342,399
342,399
342,399
342,400
342,400
342,400
342,400
342,401
342,401
342,401
342,401
342,402
342,402
342,402
342,402
342,403
342,403
342,403
342,403
342,404
342,404
342,404
342,404
342,405
342,405
342,405
342,405
342,406
342,406
342,406
342,406
342,407
342,407
342,407
342,407
342,408
342,408
