26148,26149
26148,26150
26148,26151
26148,26152
26148,26153
26148,26154
26148,26155
26148,26156
26148,26157
26148,26158
26148,26159
26148,26160
26148,26161
26148,26162
26148,26163
26148,26164
26148,26165
26148,26166
26148,26167
26148,26168
26148,26169
26148,26170
26148,26171
26148,26172
26148,26173
26148,26174
26148,26175
26148,26176
26148,26177
26148,26178
26148,26179
26148,26180
26148,26181
26148,26182
26148,26183
26148,26184
26148,26185
26148,26186
26148,26187
26148,26188
26148,26189
26148,26190
26148,26191
26148,26192
26148,26193
26148,26194
26148,26195
26148,26196
26148,26197
26148,26198
26148,26199
26148,26200
26148,26201
26148,26202
26148,26203
26148,26204
26148,26205
26148,26206
26148,26207
26148,26208
26148,26209
26148,26210
26148,26211
26148,26212
26148,26213
26148,26214
26148,26215
26148,26216
26148,26217
26148,26218
26148,26219
26148,26220
26148,26221
26148,26222
26148,26223
26148,26224
26148,26225
26148,26226
26148,26227
26148,26228
26148,26229
26148,26230
26148,26231
26148,26232
26148,26233
26148,26234
26148,26235
26148,26236
26148,26237
26148,26238
26148,26239
26148,26240
26148,26241
26148,26242
26148,26243
26148,26244
26148,26245
26148,26246
26148,26247
26148,26248
26148,26249
26148,26250
26148,26251
26148,26252
26148,26253
26148,26254
26148,26255
26148,26256
26148,26257
26148,26258
26148,26259
26148,26260
26148,26261
26148,26262
26148,26263
26148,26264
26148,26265
26148,26266
26148,26267
26148,26268
26148,26269
26148,26270
26148,26271
26148,26272
26148,26273
26148,26274
26148,26275
26148,26276
26148,26277
26148,26278
26148,26279
26148,26280
26148,26281
26148,26282
26148,26283
26148,26284
26148,26285
26148,26286
26148,26287
26148,26288
26148,26289
26148,26290
26148,26291
26148,26292
26148,26293
26148,26294
26148,26295
26148,26296
26148,26297
26148,26298
26148,26299
26148,26300
26148,26301
26148,26302
26148,26303
26148,26304
26148,26305
26148,26306
26148,26307
26148,26308
26148,26309
26148,26310
26148,26311
26148,26312
26148,26313
26148,26314
26148,26315
26148,26316
26148,26317
26148,26318
26148,26319
26148,26320
26148,26321
26148,26322
26148,26323
26148,26324
26148,26325
26148,26326
26148,26327
26148,26328
26148,26329
26148,26330
26148,26331
26148,26332
26148,26333
26148,26334
26148,26335
26148,26336
26148,26337
26148,26338
26148,26339
26148,26340
26148,26341
26148,26342
26148,26343
26148,26344
26148,26345
26148,26346
26148,26347
26148,26348
26148,26349
26148,26350
26148,26351
26148,26352
26148,26353
26148,26354
26148,26355
26148,26356
26148,26357
26148,26358
26148,26359
26148,26360
26148,26361
26148,26362
26148,26363
26148,26364
26148,26365
26148,26366
26148,26367
26148,26368
26148,26369
26148,26370
26148,26371
26148,26372
26148,26373
26148,26374
26148,26375
26148,26376
26148,26377
26148,26378
26148,26379
26148,26380
26148,26381
26148,26382
26148,26383
26148,26384
26148,26385
26148,26386
26148,26387
26148,26388
26148,26389
26148,26390
26148,26391
26148,26392
26148,26393
26148,26394
26148,26395
26148,26396
26148,26397
26148,26398
26148,26399
26148,26400
26148,26401
26148,26402
26148,26403
26148,26404
26148,26405
26148,26406
26148,26407
26148,26408
26148,26409
26148,26410
26148,26411
26148,26412
26148,26413
26148,26414
26148,26415
26148,26416
26148,26417
26148,26418
26148,26419
26148,26420
26148,26421
26148,26422
26148,26423
26148,26424
26148,26425
26148,26426
26148,26427
26148,26428
26148,26429
26148,26430
26148,26431
26148,26432
26148,26433
26148,26434
26148,26435
26148,26436
26148,26437
26148,26438
26148,26439
26148,26440
26148,26441
26148,26442
26148,26443
26148,26444
26148,26445
26148,26446
26148,26447
26148,26448
26148,26449
26148,26450
26148,26451
26148,26452
26148,26453
26148,26454
26148,26455
26148,26456
26148,26457
26148,26458
26148,26459
26148,26460
26148,26461
26148,26462
26148,26463
26148,26464
26148,26465
26148,26466
26148,26467
26148,26468
26148,26469
26148,26470
26148,26471
26148,26472
26148,26473
26148,26474
26148,26475
26148,26476
26148,26477
26148,26478
26148,26479
26148,26480
26148,26481
26148,26482
26148,26483
26148,26484
26148,26485
26148,26486
26148,26487
26148,26488
26148,26489
26148,26490
26148,26491
26148,26492
26148,26493
26148,26494
26148,26495
26148,26496
26148,26497
26148,26498
26148,26499
26148,26500
26148,26501
26148,26502
26148,26503
26148,26504
26148,26505
26148,26506
26148,26507
26148,26508
26148,26509
26148,26510
26148,26511
26148,26512
26148,26513
26148,26514
26148,26515
26148,26516
26148,26517
26148,26518
26148,26519
26148,26520
26148,26521
26148,26522
26148,26523
26148,26524
26148,26525
26148,26526
26148,26527
26148,26528
26148,26529
26148,26530
26148,26531
26148,26532
26148,26533
26148,26534
26148,26535
26148,26536
26148,26537
26148,26538
26148,26539
26148,26540
26148,26541
26148,26542
26148,26543
26148,26544
26148,26545
26148,26546
26148,26547
26148,26548
26148,26549
26148,26550
26148,26551
26148,26552
26148,26553
26148,26554
26148,26555
26148,26556
26148,26557
26148,26558
26148,26559
26148,26560
26148,26561
26148,26562
26148,26563
26148,26564
26148,26565
26148,26566
26148,26567
26148,26568
26148,26569
26148,26570
26148,26571
26148,26572
26148,26573
26148,26574
26148,26575
26148,26576
26148,26577
26148,26578
26148,26579
26148,26580
26148,26581
26148,26582
26148,26583
26148,26584
26148,26585
26148,26586
26148,26587
26148,26588
26148,26589
26148,26590
26148,26591
26148,26592
26148,26593
26148,26594
26148,26595
26148,26596
26148,26597
26148,26598
26148,26599
26148,26600
26148,26601
26148,26602
26148,26603
26148,26604
26148,26605
26148,26606
26148,26607
26148,26608
26148,26609
26148,26610
26148,26611
26148,26612
26148,26613
26148,26614
26148,26615
26148,26616
26148,26617
26148,26618
26148,26619
26148,26620
26148,26621
26148,26622
26148,26623
26148,26624
26148,26625
26148,26626
26148,26627
26148,26628
26148,26629
26148,26630
26148,26631
26148,26632
26148,26633
26148,26634
26148,26635
26148,26636
26148,26637
26148,26638
26148,26639
26148,26640
26148,26641
26148,26642
26148,26643
26148,26644
26148,26645
26148,26646
26148,26647
26148,26648
26148,26649
26148,26650
26148,26651
26148,26652
26148,26653
26148,26654
26148,26655
26148,26656
26148,26657
26148,26658
26148,26659
26148,26660
26148,26661
26148,26662
26148,26663
26148,26664
26148,26665
26148,26666
26148,26667
26148,26668
26148,26669
26148,26670
26148,26671
26148,26672
26148,26673
26148,26674
26148,26675
26148,26676
26148,26677
26148,26678
26148,26679
26148,26680
26148,26681
26148,26682
26148,26683
26148,26684
26148,26685
26148,26686
26148,26687
26148,26688
26148,26689
26148,26690
26148,26691
26148,26692
26148,26693
26148,26694
26148,26695
26148,26696
26148,26697
26148,26698
26148,26699
26148,26700
26148,26701
26148,26702
26148,26703
26148,26704
26148,26705
26148,26706
26148,26707
26148,26708
26148,26709
26148,26710
26148,26711
26148,26712
26148,26713
26148,26714
26148,26715
26148,26716
26148,26717
26148,26718
26148,26719
26148,26720
26148,26721
26148,26722
26148,26723
26148,26724
26148,26725
26148,26726
26148,26727
26148,26728
26148,26729
26148,26730
26148,26731
26148,26732
26148,26733
26148,26734
26148,26735
26148,26736
26148,26737
26148,26738
26148,26739
26148,26740
26148,26741
26148,26742
26148,26743
26148,26744
26148,26745
26148,26746
26148,26747
26148,26748
26148,26749
26148,26750
26148,26751
26148,26752
26148,26753
26148,26754
26148,26755
26148,26756
26148,26757
26148,26758
26148,26759
26148,26760
26148,26761
26148,26762
26148,26763
26148,26764
26148,26765
26148,26766
26148,26767
26148,26768
26148,26769
26148,26770
26148,26771
26148,26772
26148,26773
26148,26774
26148,26775
26148,26776
26148,26777
26148,26778
26148,26779
26148,26780
26148,26781
26148,26782
26148,26783
26148,26784
26148,26785
26148,26786
26148,26787
26148,26788
26148,26789
26148,26790
26148,26791
26148,26792
26148,26793
26148,26794
26148,26795
26148,26796
26148,26797
26148,26798
26148,26799
26148,26800
26148,26801
26148,26802
26148,26803
26148,26804
26148,26805
26148,26806
26148,26807
26148,26808
26148,26809
26148,26810
26148,26811
26148,26812
26148,26813
26148,26814
26148,26815
26148,26816
26148,26817
26148,26818
26148,26819
26148,26820
26148,26821
26148,26822
26148,26823
26148,26824
26148,26825
26148,26826
26148,26827
26148,26828
26148,26829
26148,26830
26148,26831
26148,26832
26148,26833
26148,26834
26148,26835
26148,26836
26148,26837
26148,26838
26148,26839
26148,26840
26148,26841
26148,26842
26148,26843
26148,26844
26148,26845
26148,26846
26148,26847
26148,26848
26148,26849
26148,26850
26148,26851
26148,26852
26148,26853
26148,26854
26148,26855
26148,26856
26148,26857
26148,26858
26148,26859
26148,26860
26148,26861
26148,26862
26148,26863
26148,26864
26148,26865
26148,26866
26148,26867
26148,26868
26148,26869
26148,26870
26148,26871
26148,26872
26148,26873
26148,26874
26148,26875
26148,26876
26148,26877
26148,26878
26148,26879
26148,26880
26148,26881
26148,26882
26148,26883
26148,26884
26148,26885
26148,26886
26148,26887
26148,26888
26148,26889
26148,26890
26148,26891
26148,26892
26148,26893
26148,26894
26148,26895
26148,26896
26148,26897
26148,26898
26148,26899
26148,26900
26148,26901
26148,26902
26148,26903
26148,26904
26148,26905
26148,26906
26148,26907
26148,26908
26148,26909
26148,26910
26148,26911
26148,26912
26148,26913
26148,26914
26148,26915
26148,26916
26148,26917
26148,26918
26148,26919
26148,26920
26148,26921
26148,26922
26148,26923
26148,26924
26148,26925
26148,26926
26148,26927
26148,26928
26148,26929
26148,26930
26148,26931
26148,26932
26148,26933
26148,26934
26148,26935
26148,26936
26148,26937
26148,26938
26148,26939
26148,26940
26148,26941
26148,26942
26148,26943
26148,26944
26148,26945
26148,26946
26148,26947
26148,26948
26148,26949
26148,26950
26148,26951
26148,26952
26148,26953
26148,26954
26148,26955
26148,26956
26148,26957
26148,26958
26148,26959
26148,26960
26148,26961
26148,26962
26148,26963
26148,26964
26148,26965
26148,26966
26148,26967
26148,26968
26148,26969
26148,26970
26148,26971
26148,26972
26148,26973
26148,26974
26148,26975
26148,26976
26148,26977
26148,26978
26148,26979
26148,26980
26148,26981
26148,26982
26148,26983
26148,26984
26148,26985
26148,26986
26148,26987
26148,26988
26148,26989
26148,26990
26148,26991
26148,26992
26148,26993
26148,26994
26148,26995
26148,26996
26148,26997
26148,26998
26148,26999
26148,27000
26148,27001
26148,27002
26148,27003
26148,27004
26148,27005
26148,27006
26148,27007
26148,27008
26148,27009
26148,27010
26148,27011
26148,27012
26148,27013
26148,27014
26148,27015
26148,27016
26148,27017
26148,27018
26148,27019
26148,27020
26148,27021
26148,27022
26148,27023
26148,27024
26148,27025
26148,27026
26148,27027
26148,27028
26148,27029
26148,27030
26148,27031
26148,27032
26148,27033
26148,27034
26148,27035
26148,27036
26148,27037
26148,27038
26148,27039
26148,27040
26148,27041
26148,27042
26148,27043
26148,27044
26148,27045
26148,27046
26148,27047
26148,27048
26148,27049
26148,27050
26148,27051
26148,27052
26148,27053
26148,27054
26148,27055
26148,27056
26148,27057
26148,27058
26148,27059
26148,27060
26148,27061
26148,27062
26148,27063
26148,27064
26148,27065
26148,27066
26148,27067
26148,27068
26148,27069
26148,27070
26148,27071
26148,27072
26148,27073
26148,27074
26148,27075
26148,27076
26148,27077
26148,27078
26148,27079
26148,27080
26148,27081
26148,27082
26148,27083
26148,27084
26148,27085
26148,27086
26148,27087
26148,27088
26148,27089
26148,27090
26148,27091
26148,27092
26148,27093
26148,27094
26148,27095
26148,27096
26148,27097
26148,27098
26148,27099
26148,27100
26148,27101
26148,27102
26148,27103
26148,27104
26148,27105
26148,27106
26148,27107
26148,27108
26148,27109
26148,27110
26148,27111
26148,27112
26148,27113
26148,27114
26148,27115
26148,27116
26148,27117
26148,27118
26148,27119
26148,27120
26148,27121
26148,27122
26148,27123
26148,27124
26148,27125
26148,27126
26148,27127
26148,27128
26148,27129
26148,27130
26148,27131
26148,27132
26148,27133
26148,27134
26148,27135
26148,27136
26148,27137
26148,27138
26148,27139
26148,27140
26148,27141
26148,27142
26148,27143
26148,27144
26148,27145
26148,27146
26148,27147
26148,27148
26148,27149
26148,27150
26148,27151
26148,27152
26148,27153
26148,27154
26148,27155
26148,27156
26148,27157
26148,27158
26148,27159
26148,27160
26148,27161
26148,27162
26148,27163
26148,27164
26148,27165
26148,27166
26148,27167
26148,27168
26148,27169
26148,27170
26148,27171
26148,27172
26148,27173
26148,27174
26148,27175
26148,27176
26148,27177
26148,27178
26148,27179
26148,27180
26148,27181
26148,27182
26148,27183
26148,27184
26148,27185
26148,27186
26148,27187
26148,27188
26148,27189
26148,27190
26148,27191
26148,27192
26148,27193
26148,27194
26148,27195
26148,27196
26148,27197
26148,27198
26148,27199
26148,27200
26148,27201
26148,27202
26148,27203
26148,27204
26148,27205
26148,27206
26148,27207
26148,27208
26148,27209
26148,27210
26148,27211
26148,27212
26148,27213
26148,27214
26148,27215
26148,27216
26148,27217
26148,27218
26148,27219
26148,27220
26148,27221
26148,27222
26148,27223
26148,27224
26148,27225
26148,27226
26148,27227
26148,27228
26148,27229
26148,27230
26148,27231
26148,27232
26148,27233
26148,27234
26148,27235
26148,27236
26148,27237
26148,27238
26148,27239
26148,27240
26148,27241
26148,27242
26148,27243
26148,27244
26148,27245
26148,27246
26148,27247
26148,27248
26148,27249
26148,27250
26148,27251
26148,27252
26148,27253
26148,27254
26148,27255
26148,27256
26148,27257
26148,27258
26148,27259
26148,27260
26148,27261
26148,27262
26148,27263
26148,27264
26148,27265
26148,27266
26148,27267
26148,27268
26148,27269
26148,27270
26148,27271
26148,27272
26148,27273
26148,27274
26148,27275
26148,27276
26148,27277
26148,27278
26148,27279
26148,27280
26148,27281
26148,27282
26148,27283
26148,27284
26148,27285
26148,27286
26148,27287
26148,27288
26148,27289
26148,27290
26148,27291
26148,27292
26148,27293
26148,27294
26148,27295
26148,27296
26148,27297
26148,27298
26148,27299
26148,27300
26148,27301
26148,27302
26148,27303
26148,27304
26148,27305
26148,27306
26148,27307
26148,27308
26148,27309
26148,27310
26148,27311
26148,27312
26148,27313
26148,27314
26148,27315
26148,27316
26148,27317
26148,27318
26148,27319
26148,27320
26148,27321
26148,27322
26148,27323
26148,27324
26148,27325
26148,27326
26148,27327
26148,27328
26148,27329
26148,27330
26148,27331
26148,27332
26148,27333
26148,27334
26148,27335
26148,27336
26148,27337
26148,27338
26148,27339
26148,27340
26148,27341
26148,27342
26148,27343
26148,27344
26148,27345
26148,27346
26148,27347
26148,27348
26148,27349
26148,27350
26148,27351
26148,27352
26148,27353
26148,27354
26148,27355
26148,27356
26148,27357
26148,27358
26148,27359
26148,27360
26148,27361
26148,27362
26148,27363
26148,27364
26148,27365
26148,27366
26148,27367
26148,27368
26148,27369
26148,27370
26148,27371
26148,27372
26148,27373
26148,27374
26148,27375
26148,27376
26148,27377
26148,27378
26148,27379
26148,27380
26148,27381
26148,27382
26148,27383
26148,27384
26148,27385
26148,27386
26148,27387
26148,27388
26148,27389
26148,27390
26148,27391
26148,27392
26148,27393
26148,27394
26148,27395
26148,27396
26148,27397
26148,27398
26148,27399
26148,27400
26148,27401
26148,27402
26148,27403
26148,27404
26148,27405
26148,27406
26148,27407
26148,27408
26148,27409
26148,27410
26148,27411
26148,27412
26148,27413
26148,27414
26148,27415
26148,27416
26148,27417
26148,27418
26148,27419
26148,27420
26148,27421
26148,27422
26148,27423
26148,27424
26148,27425
26148,27426
26148,27427
26148,27428
26148,27429
26148,27430
26148,27431
26148,27432
26148,27433
26148,27434
26148,27435
26148,27436
26148,27437
26148,27438
26148,27439
26148,27440
26148,27441
26148,27442
26148,27443
26148,27444
26148,27445
26148,27446
26148,27447
26148,27448
26148,27449
26148,27450
26148,27451
26148,27452
26148,27453
26148,27454
26148,27455
26148,27456
26148,27457
26148,27458
26148,27459
26148,27460
26148,27461
26148,27462
26148,27463
26148,27464
26148,27465
26148,27466
26148,27467
26148,27468
26148,27469
26148,27470
26148,27471
26148,27472
26148,27473
26148,27474
26148,27475
26148,27476
26148,27477
26148,27478
26148,27479
26148,27480
26148,27481
26148,27482
26148,27483
26148,27484
26148,27485
26148,27486
26148,27487
26148,27488
26148,27489
26148,27490
26148,27491
26148,27492
26148,27493
26148,27494
26148,27495
26148,27496
26148,27497
26148,27498
26148,27499
26148,27500
26148,27501
26148,27502
26148,27503
26148,27504
26148,27505
26148,27506
26148,27507
26148,27508
26148,27509
26148,27510
26148,27511
26148,27512
26148,27513
26148,27514
26148,27515
26148,27515
26148,27516
26148,27517
26148,27518
26148,27519
26148,27520
26148,27521
26148,27522
26148,27523
26148,27524
26148,27525
26148,27526
26148,27527
26148,27528
26148,27529
26148,27530
26148,27531
26148,27532
26148,27533
26148,27534
26148,27535
26148,27536
26148,27537
26148,27538
26148,27539
26148,27540
26148,27541
26148,27542
26148,27543
26148,27544
26148,27545
26148,27546
26148,27547
26148,27548
26148,27549
26148,27550
26148,27551
26148,27552
26148,27553
26148,27554
26148,27555
26148,27556
26148,27557
26148,27558
26148,27559
26148,27560
26148,27561
26148,27562
26148,27563
26148,27564
26148,27565
26148,27566
26148,27567
26148,27568
26148,27569
26148,27570
26148,27571
26148,27572
26148,27573
26148,27574
26148,27575
26148,27576
26148,27577
26148,27578
26148,27579
26148,27580
26148,27581
26148,27582
26148,27583
26148,27584
26148,27585
26148,27586
26148,27587
26148,27588
26148,27589
26148,27590
26148,27591
26148,27592
26148,27593
26148,27594
26148,27595
26148,27596
26148,27597
26148,27598
26148,27599
26148,27600
26148,27601
26148,27602
26148,27603
26148,27604
26148,27605
26148,27606
26148,27607
26148,27608
26148,27609
26148,27610
26148,27611
26148,27612
26148,27613
26148,27614
26148,27615
26148,27616
26148,27617
26148,27618
26148,27619
26148,27620
26148,27621
26148,27622
26148,27623
26148,27624
26148,27625
26148,27626
26148,27627
26148,27628
26148,27629
26148,27630
26148,27631
26148,27632
26148,27633
26148,27634
26148,27635
26148,27636
26148,27637
26148,27638
26148,27639
26148,27640
26148,27641
26148,27642
26148,27643
26148,27644
26148,27645
26148,27646
26148,27647
26148,27648
26148,27649
26148,27650
26148,27651
26148,27652
26148,27653
26148,27654
26148,27655
26148,27656
26148,27657
26148,27658
26148,27659
26148,27660
26148,27661
26148,27662
26148,27663
26148,27664
26148,27665
26148,27666
26148,27667
26148,27668
26148,27669
26148,27670
26148,27671
26148,27672
26148,27673
26148,27674
26148,27675
26148,27676
26148,27677
26148,27678
26148,27679
26148,27680
26148,27681
26148,27682
26148,27683
26148,27684
26148,27685
26148,27686
26148,27687
26148,27688
26148,27689
26148,27690
26148,27691
26148,27692
26148,27693
26148,27694
26148,27695
26148,27696
26148,27697
26148,27698
26148,27699
26148,27700
26148,27701
26148,27702
26148,27703
26148,27704
26148,27705
26148,27706
26148,27707
26148,27708
26148,27709
26148,27710
26148,27711
26148,27712
26148,27713
26148,27714
26148,27715
26148,27716
26148,27717
26148,27718
26148,27719
26148,27720
26148,27721
26148,27722
26148,27723
26148,27724
26148,27725
26148,27726
26148,27727
26148,27728
26148,27729
26148,27730
26148,27731
26148,27732
26148,27733
26148,27734
26148,27735
26148,27736
26148,27737
26148,27738
26148,27739
26148,27740
26148,27741
26148,27742
26148,27743
26148,27744
26148,27745
26148,27746
26148,27747
26148,27748
26148,27749
26148,27750
26148,27751
26148,27752
26148,27753
26148,27754
26148,27755
26148,27756
26148,27757
26148,27758
26148,27759
26148,27760
26148,27761
26148,27762
26148,27763
26148,27764
26148,27765
26148,27766
26148,27767
26148,27768
26148,27769
26148,27770
26148,27771
26148,27772
26148,27773
26148,27774
26148,27775
26148,27776
26148,27777
26148,27778
26148,27779
26148,27780
26148,27781
26148,27782
26148,27783
26148,27784
26148,27785
26148,27786
26148,27787
26148,27788
26148,27789
26148,27790
26148,27791
26148,27792
26148,27793
26148,27794
26148,27795
26148,27796
26148,27797
26148,27798
26148,27799
26148,27800
26148,27801
26148,27802
26148,27803
26148,27804
26148,27805
26148,27806
26148,27807
26148,27808
26148,27809
26148,27810
26148,27811
26148,27812
26148,27813
26148,27814
26148,27815
26148,27816
26148,27817
26148,27818
26148,27819
26148,27820
26148,27821
26148,27822
26148,27823
26148,27824
26148,27825
26148,27826
26148,27827
26148,27828
26148,27829
26148,27830
26148,27831
26148,27832
26148,27833
26148,27834
26148,27835
26148,27836
26148,27837
26148,27838
26148,27839
26148,27840
26148,27841
26148,27842
26148,27843
26148,27844
26148,27845
26148,27846
26148,27847
26148,27848
26148,27849
26148,27850
26148,27851
26148,27852
26148,27853
26148,27854
26148,27855
26148,27856
26148,27857
26148,27858
26148,27859
26148,27860
26148,27861
26148,27862
26148,27863
26148,27864
26148,27865
26148,27866
26148,27867
26148,27868
26148,27869
26148,27870
26148,27871
26148,27872
26148,27873
26148,27874
26148,27875
26148,27876
26148,27877
26148,27878
26148,27879
26148,27880
26148,27881
26148,27882
26148,27883
26148,27884
26148,27885
26148,27886
26148,27887
26148,27888
26148,27889
26148,27890
26148,27891
26148,27892
26148,27893
26148,27894
26148,27895
26148,27896
26148,27897
26148,27898
26148,27899
26148,27900
26148,27901
26148,27902
26148,27903
26148,27904
26148,27905
26148,27906
26148,27907
26148,27908
26148,27909
26148,27910
26148,27911
26148,27912
26148,27913
26148,27914
26148,27915
26148,27916
26148,27917
26148,27918
26148,27919
26148,27920
26148,27921
26148,27922
26148,27923
26148,27924
26148,27925
26148,27926
26148,27927
26148,27928
26148,27929
26148,27930
26148,27931
26148,27932
26148,27933
26148,27934
26148,27935
26148,27936
26148,27937
26148,27938
26148,27939
26148,27940
26148,27941
26148,27942
26148,27943
26148,27944
26148,27945
26148,27946
26148,27947
26148,27948
26148,27949
26148,27950
26148,27951
26148,27952
26148,27953
26148,27954
26148,27955
26148,27956
26148,27957
26148,27958
26148,27959
26148,27960
26148,27961
26148,27962
26148,27963
26148,27964
26148,27965
26148,27966
26148,27967
26148,27968
26148,27969
26148,27970
26148,27971
26148,27972
26148,27973
26148,27974
26148,27975
26148,27976
26148,27977
26148,27978
26148,27979
26148,27980
26148,27981
26148,27982
26148,27983
26148,27984
26148,27985
26148,27986
26148,27987
26148,27988
26148,27989
26148,27990
26148,27991
26148,27992
26148,27993
26148,27994
26148,27995
26148,27996
26148,27997
26148,27998
26148,27999
26148,28000
26148,28001
26148,28002
26148,28003
26148,28004
26148,28005
26148,28006
26148,28007
26148,28008
26148,28009
26148,28010
26148,28011
26148,28012
26148,28013
26148,28014
26148,28015
26148,28016
26148,28017
26148,28018
26148,28019
26148,28020
26148,28021
26148,28022
26148,28023
26148,28024
26148,28025
26148,28026
26148,28027
26148,28028
26148,28029
26148,28030
26148,28031
26148,28032
26148,28033
26148,28034
26148,28035
26148,28036
26148,28037
26148,28038
26148,28039
26148,28040
26148,28041
26148,28042
26148,28043
26148,28044
26148,28045
26148,28046
26148,28047
26148,28048
26148,28049
26148,28050
26148,28051
26148,28052
26148,28053
26148,28054
26148,28055
26148,28056
26148,28057
26148,28058
26148,28059
26148,28060
26148,28061
26148,28062
26148,28063
26148,28064
26148,28065
26148,28066
26148,28067
26148,28068
26148,28069
26148,28070
26148,28071
26148,28072
26148,28073
26148,28074
26148,28075
26148,28076
26148,28077
26148,28078
26148,28079
26148,28080
26148,28081
26148,28082
26148,28083
26148,28084
26148,28085
26148,28086
26148,28087
26148,28088
26148,28089
26148,28090
26148,28091
26148,28092
26148,28093
26148,28094
26148,28095
26148,28096
26148,28097
26148,28098
26148,28099
26148,28100
26148,28101
26148,28102
26148,28103
26148,28104
26148,28105
26148,28106
26148,28107
26148,28108
26148,28109
26148,28110
26148,28111
26148,28112
26148,28113
26148,28114
26148,28115
26148,28116
26148,28117
26148,28118
26148,28119
26148,28120
26148,28121
26148,28122
26148,28123
26148,28124
26148,28125
26148,28126
26148,28127
26148,28128
26148,28129
26148,28130
26148,28131
26148,28132
26148,28133
26148,28134
26148,28135
26148,28136
26148,28137
26148,28138
26148,28139
26148,28140
26148,28141
26148,28142
26148,28143
26148,28144
26148,28145
26148,28146
26148,28147
26148,28148
26148,28149
26148,28150
26148,28151
26148,28152
26148,28153
26148,28154
26148,28155
26148,28156
26148,28157
26148,28158
26148,28159
26148,28160
26148,28161
26148,28162
26148,28163
26148,28164
26148,28165
26148,28166
26148,28167
26148,28168
26148,28169
26148,28170
26148,28171
26148,28172
26148,28173
26148,28174
26148,28175
26148,28176
26148,28177
26148,28178
26148,28179
26148,28180
26148,28181
26148,28182
26148,28183
26148,28184
26148,28185
26148,28186
26148,28187
26148,28188
26148,28189
26148,28190
26148,28191
26148,28192
26148,28193
26148,28194
26148,28195
26148,28196
26148,28197
26148,28198
26148,28199
26148,28200
26148,28201
26148,28202
26148,28203
26148,28204
26148,28205
26148,28206
26148,28207
26148,28208
26148,28209
26148,28210
26148,28211
26148,28212
26148,28213
26148,28214
26148,28215
26148,28216
26148,28217
26148,28218
26148,28219
26148,28220
26148,28221
26148,28222
26148,28223
26148,28224
26148,28225
26148,28226
26148,28227
26148,28228
26148,28229
26148,28230
26148,28231
26148,28232
26148,28233
26148,28234
26148,28235
26148,28236
26148,28237
26148,28238
26148,28239
26148,28240
26148,28241
26148,28242
26148,28243
26148,28244
26148,28245
26148,28246
26148,28247
26148,28248
26148,28249
26148,28250
26148,28251
26148,28252
26148,28253
26148,28254
26148,28255
26148,28256
26148,28257
26148,28258
26148,28259
26148,28260
26148,28261
26148,28262
26148,28263
26148,28264
26148,28265
26148,28266
26148,28267
26148,28268
26148,28269
26148,28270
26148,28271
26148,28272
26148,28273
26148,28274
26148,28275
26148,28276
26148,28277
26148,28278
26148,28279
26148,28278
26148,28278
26148,28280
26148,28281
26148,28282
26148,28283
26148,28284
26148,28285
26148,28286
26148,28287
26148,28288
26148,28289
26148,28290
26148,28291
26148,28292
26148,28293
26148,28294
26148,28295
26148,28296
26148,28297
26148,28298
26148,28299
26148,28300
26148,28301
26148,28302
26148,28303
