30440,30441
30440,30442
30440,30443
30440,30444
30440,30445
30440,30446
30440,30447
30440,30448
30440,30449
30440,30450
30440,30451
30440,30452
30440,30453
30440,30454
30440,30455
30440,30456
30440,30457
30440,30458
30440,30459
30440,30460
30440,30461
30440,30462
30440,30463
30440,30464
30440,30465
30440,30466
30440,30467
30440,30468
30440,30469
30440,30470
30440,30471
30440,30472
30440,30473
30440,30474
30440,30475
30440,30476
30440,30477
30440,30478
30440,30479
30440,30480
30440,30481
30440,30482
30440,30483
30440,30484
30440,30485
30440,30486
30440,30487
30440,30488
30440,30489
30440,30490
30440,30491
30440,30492
30440,30493
30440,30494
30440,30495
30440,30496
30440,30497
30440,30498
30440,30499
30440,30500
30440,30501
30440,30502
30440,30503
30440,30504
30440,30505
30440,30506
30440,30507
30440,30508
30440,30509
30440,30510
30440,30511
30440,30512
30440,30513
30440,30514
30440,30515
30440,30516
30440,30517
30440,30518
30440,30519
30440,30520
30440,30521
30440,30522
30440,30523
30440,30524
30440,30525
30440,30526
30440,30527
30440,30528
30440,30529
30440,30530
30440,30531
30440,30532
30440,30533
30440,30534
30440,30535
30440,30536
30440,30537
30440,30538
30440,30539
30440,30540
30440,30541
30440,30542
30440,30543
30440,30544
30440,30545
30440,30546
30440,30547
30440,30548
30440,30549
30440,30550
30440,30551
30440,30552
30440,30553
30440,30554
30440,30555
30440,30556
30440,30557
30440,30558
30440,30559
30440,30560
30440,30561
30440,30562
30440,30563
30440,30564
30440,30565
30440,30566
30440,30567
30440,30568
30440,30569
30440,30570
30440,30571
30440,30572
30440,30573
30440,30574
30440,30575
30440,30576
30440,30577
30440,30578
30440,30579
30440,30580
30440,30581
30440,30582
30440,30583
30440,30584
30440,30585
30440,30586
30440,30587
30440,30588
30440,30589
30440,30590
30440,30591
30440,30592
30440,30593
30440,30594
30440,30595
30440,30596
30440,30597
30440,30598
30440,30599
30440,30600
30440,30601
30440,30602
30440,30603
30440,30604
30440,30605
30440,30606
30440,30607
30440,30608
30440,30609
30440,30610
30440,30611
30440,30612
30440,30613
30440,30614
30440,30615
30440,30616
30440,30617
30440,30618
30440,30619
30440,30620
30440,30621
30440,30622
30440,30623
30440,30624
30440,30625
30440,30626
30440,30627
30440,30628
30440,30629
30440,30630
30440,30631
30440,30632
30440,30633
30440,30634
30440,30635
30440,30636
30440,30637
30440,30638
30440,30639
30440,30640
30440,30641
30440,30642
30440,30643
30440,30644
30440,30645
30440,30646
30440,30647
30440,30648
30440,30649
30440,30650
30440,30651
30440,30652
30440,30653
30440,30654
30440,30655
30440,30656
30440,30657
30440,30658
30440,30659
30440,30660
30440,30661
30440,30662
30440,30663
30440,30664
30440,30665
30440,30666
30440,30667
30440,30668
30440,30669
30440,30670
30440,30671
30440,30672
30440,30673
30440,30674
30440,30675
30440,30676
30440,30677
30440,30678
30440,30679
30440,30680
30440,30681
30440,30682
30440,30683
30440,30684
30440,30685
30440,30686
30440,30687
30440,30688
30440,30689
30440,30690
30440,30691
30440,30692
30440,30693
30440,30694
30440,30695
30440,30696
30440,30697
30440,30698
30440,30699
30440,30700
30440,30701
30440,30702
30440,30703
30440,30704
30440,30705
30440,30706
30440,30707
30440,30708
30440,30709
30440,30710
30440,30711
30440,30712
30440,30713
30440,30714
30440,30715
30440,30716
30440,30717
30440,30718
30440,30719
30440,30720
30440,30721
30440,30722
30440,30723
30440,30724
30440,30725
30440,30726
30440,30727
30440,30728
30440,30729
30440,30730
30440,30731
30440,30732
30440,30733
30440,30734
30440,30735
30440,30736
30440,30737
30440,30738
30440,30739
30440,30740
30440,30741
30440,30742
30440,30743
30440,30744
30440,30745
30440,30746
30440,30747
30440,30748
30440,30749
30440,30750
30440,30751
30440,30752
30440,30753
30440,30754
30440,30755
30440,30756
30440,30757
30440,30758
30440,30759
30440,30760
30440,30761
30440,30762
30440,30763
30440,30764
30440,30765
30440,30766
30440,30767
30440,30768
30440,30769
30440,30770
30440,30771
30440,30772
30440,30773
30440,30774
30440,30775
30440,30776
30440,30777
30440,30778
30440,30779
30440,30780
30440,30781
30440,30782
30440,30783
30440,30784
30440,30785
30440,30786
30440,30787
30440,30788
30440,30789
30440,30790
30440,30791
30440,30792
30440,30793
30440,30794
30440,30795
30440,30796
30440,30797
30440,30798
30440,30799
30440,30800
30440,30801
30440,30802
30440,30803
30440,30804
30440,30805
30440,30806
30440,30807
30440,30808
30440,30809
30440,30810
30440,30811
30440,30812
30440,30813
30440,30814
30440,30815
30440,30816
30440,30817
30440,30818
30440,30819
30440,30820
30440,30821
30440,30822
30440,30823
30440,30824
30440,30825
30440,30826
30440,30827
30440,30828
30440,30829
30440,30830
30440,30831
30440,30832
30440,30833
30440,30834
30440,30835
30440,30836
30440,30837
30440,30838
30440,30839
30440,30840
30440,30841
30440,30842
30440,30843
30440,30844
30440,30845
30440,30846
30440,30847
30440,30848
30440,30849
30440,30850
30440,30851
30440,30852
30440,30853
30440,30854
30440,30855
30440,30856
30440,30857
30440,30858
30440,30859
30440,30860
30440,30861
30440,30862
30440,30863
30440,30864
30440,30865
30440,30866
30440,30867
30440,30868
30440,30869
30440,30870
30440,30871
30440,30872
30440,30873
30440,30874
30440,30875
30440,30876
30440,30877
30440,30878
30440,30879
30440,30880
30440,30881
30440,30882
30440,30883
30440,30884
30440,30885
30440,30886
30440,30887
30440,30888
30440,30889
30440,30890
30440,30891
30440,30892
30440,30893
30440,30894
30440,30895
30440,30896
30440,30897
30440,30898
30440,30899
30440,30900
30440,30901
30440,30902
30440,30903
30440,30904
30440,30905
30440,30906
30440,30907
30440,30908
30440,30909
30440,30910
30440,30911
30440,30912
30440,30913
30440,30914
30440,30915
30440,30916
30440,30917
30440,30918
30440,30919
30440,30920
30440,30921
30440,30922
30440,30923
30440,30924
30440,30925
30440,30926
30440,30927
30440,30928
30440,30929
30440,30930
30440,30931
30440,30932
30440,30933
30440,30934
30440,30935
30440,30936
30440,30937
30440,30938
30440,30939
30440,30940
30440,30941
30440,30942
30440,30943
30440,30944
30440,30945
30440,30946
30440,30947
30440,30948
30440,30949
30440,30950
30440,30951
30440,30952
30440,30953
30440,30954
30440,30955
30440,30956
30440,30957
30440,30958
30440,30959
30440,30960
30440,30961
30440,30962
30440,30963
30440,30964
30440,30965
30440,30966
30440,30967
30440,30968
30440,30969
30440,30970
30440,30971
30440,30972
30440,30973
30440,30974
30440,30975
30440,30976
30440,30977
30440,30978
30440,30979
30440,30980
30440,30981
30440,30982
30440,30983
30440,30984
30440,30985
30440,30986
30440,30987
30440,30988
30440,30989
30440,30990
30440,30991
30440,30992
30440,30993
30440,30994
30440,30995
30440,30996
30440,30997
30440,30998
30440,30999
30440,31000
30440,31001
30440,31002
30440,31003
30440,31004
30440,31005
30440,31006
30440,31007
30440,31008
30440,31009
30440,31010
30440,31011
30440,31012
30440,31013
30440,31014
30440,31015
30440,31016
30440,31017
30440,31018
30440,31019
30440,31020
30440,31021
30440,31022
30440,31023
30440,31024
30440,31025
30440,31026
30440,31027
30440,31028
30440,31029
30440,31030
30440,31031
30440,31032
30440,31033
30440,31034
30440,31035
30440,31036
30440,31037
30440,31038
30440,31039
30440,31040
30440,31041
30440,31042
30440,31043
30440,31044
30440,31045
30440,31046
30440,31047
30440,31048
30440,31049
30440,31050
30440,31051
30440,31052
30440,31053
30440,31054
30440,31055
30440,31056
30440,31057
30440,31058
30440,31059
30440,31060
30440,31061
30440,31062
30440,31063
30440,31064
30440,31065
30440,31066
30440,31067
30440,31068
30440,31069
30440,31070
30440,31071
30440,31072
30440,31073
30440,31074
30440,31075
30440,31076
30440,31077
30440,31078
30440,31079
30440,31080
30440,31081
30440,31082
30440,31083
30440,31084
30440,31085
30440,31086
30440,31087
30440,31088
30440,31089
30440,31090
30440,31091
30440,31092
30440,31093
30440,31094
30440,31095
30440,31096
30440,31097
30440,31098
30440,31099
30440,31100
30440,31101
30440,31102
30440,31103
30440,31104
30440,31105
30440,31106
30440,31107
30440,31108
30440,31109
30440,31110
30440,31111
30440,31112
30440,31113
30440,31114
30440,31115
30440,31116
30440,31117
30440,31118
30440,31119
30440,31120
30440,31121
30440,31122
30440,31123
30440,31124
30440,31125
30440,31126
30440,31127
30440,31128
30440,31129
30440,31130
30440,31131
30440,31132
30440,31133
30440,31134
30440,31135
30440,31136
30440,31137
30440,31138
30440,31139
30440,31140
30440,31141
30440,31142
30440,31143
30440,31144
30440,31145
30440,31146
30440,31147
30440,31148
30440,31149
30440,31150
30440,31151
30440,31152
30440,31153
30440,31154
30440,31155
30440,31156
30440,31157
30440,31158
30440,31159
30440,31160
30440,31161
30440,31162
30440,31163
30440,31164
30440,31165
30440,31166
30440,31167
30440,31168
30440,31169
30440,31170
30440,31171
30440,31172
30440,31173
30440,31174
30440,31175
30440,31176
30440,31177
30440,31178
30440,31179
30440,31180
30440,31181
30440,31182
30440,31183
30440,31184
30440,31185
30440,31186
30440,31187
30440,31188
30440,31189
30440,31190
30440,31191
30440,31192
30440,31193
30440,31194
30440,31195
30440,31196
30440,31197
30440,31198
30440,31199
30440,31200
30440,31201
30440,31202
30440,31203
30440,31204
30440,31205
30440,31206
30440,31207
30440,31208
30440,31209
30440,31210
30440,31211
30440,31212
30440,31213
30440,31214
30440,31215
30440,31216
30440,31217
30440,31218
30440,31219
30440,31220
30440,31221
30440,31222
30440,31223
30440,31224
30440,31225
30440,31226
30440,31227
30440,31228
30440,31229
30440,31230
30440,31231
30440,31232
30440,31233
30440,31234
30440,31235
30440,31236
30440,31237
30440,31238
30440,31239
30440,31240
30440,31241
30440,31242
30440,31243
30440,31244
30440,31245
30440,31246
30440,31247
30440,31248
30440,31249
30440,31250
30440,31251
30440,31252
30440,31253
30440,31254
30440,31255
30440,31256
30440,31257
30440,31258
30440,31259
30440,31260
30440,31261
30440,31262
30440,31263
30440,31264
30440,31265
30440,31266
30440,31267
30440,31268
30440,31269
30440,31270
30440,31271
30440,31272
30440,31273
30440,31274
30440,31275
30440,31276
30440,31277
30440,31278
30440,31279
30440,31280
30440,31281
30440,31282
30440,31283
30440,31284
30440,31285
30440,31286
30440,31287
30440,31288
30440,31289
30440,31290
30440,31291
30440,31292
30440,31293
30440,31294
30440,31295
30440,31296
30440,31297
30440,31298
30440,31299
30440,31300
30440,31301
30440,31302
30440,31303
30440,31304
30440,31305
30440,31306
30440,31307
30440,31308
30440,31309
30440,31310
30440,31311
30440,31312
30440,31313
30440,31314
30440,31315
30440,31316
30440,31317
30440,31318
30440,31319
30440,31320
30440,31321
30440,31322
30440,31323
30440,31324
30440,31325
30440,31326
30440,31327
30440,31328
30440,31329
30440,31330
30440,31331
30440,31332
30440,31333
30440,31334
30440,31335
30440,31336
30440,31337
30440,31338
30440,31339
30440,31340
30440,31341
30440,31342
30440,31343
30440,31344
30440,31345
30440,31346
30440,31347
30440,31348
30440,31349
30440,31350
30440,31351
30440,31352
30440,31353
30440,31354
30440,31355
30440,31356
30440,31357
30440,31358
30440,31359
30440,31360
30440,31361
30440,31362
30440,31363
30440,31364
30440,31365
30440,31366
30440,31367
30440,31368
30440,31369
30440,31370
30440,31371
30440,31372
30440,31373
30440,31374
30440,31375
30440,31376
30440,31377
30440,31378
30440,31379
30440,31380
30440,31381
30440,31382
30440,31383
30440,31384
30440,31385
30440,31386
30440,31387
30440,31388
30440,31389
30440,31390
30440,31391
30440,31392
30440,31393
30440,31394
30440,31395
30440,31396
30440,31397
30440,31398
30440,31399
30440,31400
30440,31401
30440,31402
30440,31403
30440,31404
30440,31405
30440,31406
30440,31407
30440,31408
30440,31409
30440,31410
30440,31411
30440,31412
30440,31413
30440,31414
30440,31415
30440,31416
30440,31417
30440,31418
30440,31419
30440,31420
30440,31421
30440,31422
30440,31423
30440,31424
30440,31425
30440,31426
30440,31427
30440,31428
30440,31429
30440,31430
30440,31431
30440,31432
30440,31433
30440,31434
30440,31435
30440,31436
30440,31437
30440,31438
30440,31439
30440,31440
30440,31441
30440,31442
30440,31443
30440,31444
30440,31445
30440,31446
30440,31447
30440,31448
30440,31449
30440,31450
30440,31451
30440,31452
30440,31453
30440,31454
30440,31455
30440,31456
30440,31457
30440,31458
30440,31459
30440,31460
30440,31461
30440,31462
30440,31463
30440,31464
30440,31465
30440,31466
30440,31467
30440,31468
30440,31469
30440,31470
30440,31471
30440,31472
30440,31473
30440,31474
30440,31475
30440,31476
30440,31477
30440,31478
30440,31479
30440,31480
30440,31481
30440,31482
30440,31483
30440,31484
30440,31485
30440,31486
30440,31487
30440,31488
30440,31489
30440,31490
30440,31491
30440,31492
30440,31493
30440,31494
30440,31495
30440,31496
30440,31497
30440,31498
30440,31499
30440,31500
30440,31501
30440,31502
30440,31503
30440,31504
30440,31505
30440,31506
30440,31507
30440,31508
30440,31509
30440,31510
30440,31511
30440,31512
30440,31513
30440,31514
30440,31515
30440,31516
30440,31517
30440,31518
30440,31519
30440,31520
30440,31521
30440,31522
30440,31523
30440,31524
30440,31525
30440,31526
30440,31527
30440,31528
30440,31529
30440,31530
30440,31531
30440,31532
30440,31533
30440,31534
30440,31535
30440,31536
30440,31537
30440,31538
30440,31539
30440,31540
30440,31541
30440,31542
30440,31543
30440,31544
30440,31545
30440,31546
30440,31547
30440,31548
30440,31549
30440,31550
30440,31551
30440,31552
30440,31553
30440,31554
30440,31555
30440,31556
30440,31557
30440,31558
30440,31559
30440,31560
30440,31561
30440,31562
30440,31563
30440,31564
30440,31565
30440,31566
30440,31567
30440,31568
30440,31569
30440,31570
30440,31571
30440,31572
30440,31573
30440,31574
30440,31575
30440,31576
30440,31577
30440,31578
30440,31579
30440,31580
30440,31581
30440,31582
30440,31583
30440,31584
30440,31585
30440,31586
30440,31587
30440,31588
30440,31589
30440,31590
30440,31591
30440,31592
30440,31593
30440,31594
30440,31595
30440,31596
30440,31597
30440,31598
30440,31599
30440,31600
30440,31601
30440,31602
30440,31603
30440,31604
30440,31605
30440,31606
30440,31607
30440,31608
30440,31609
30440,31610
30440,31611
30440,31612
30440,31613
30440,31614
30440,31615
30440,31616
30440,31617
30440,31618
30440,31619
30440,31620
30440,31621
30440,31622
30440,31623
30440,31624
30440,31625
30440,31626
30440,31627
30440,31628
30440,31629
30440,31630
30440,31631
30440,31632
30440,31633
30440,31634
30440,31635
30440,31636
30440,31637
30440,31638
30440,31639
30440,31640
30440,31641
30440,31642
30440,31643
30440,31644
30440,31645
30440,31646
30440,31647
30440,31648
30440,31649
30440,31650
30440,31651
30440,31652
30440,31653
30440,31654
30440,31655
30440,31656
30440,31657
30440,31658
30440,31659
30440,31660
30440,31661
30440,31662
30440,31663
30440,31664
30440,31665
30440,31666
30440,31667
30440,31668
30440,31669
30440,31670
30440,31671
30440,31672
30440,31673
30440,31674
30440,31675
30440,31676
30440,31677
30440,31678
30440,31679
30440,31680
30440,31681
30440,31682
30440,31683
30440,31684
30440,31685
30440,31686
30440,31687
30440,31688
30440,31689
30440,31690
30440,31691
30440,31692
30440,31693
30440,31694
30440,31695
30440,31696
30440,31697
30440,31698
30440,31699
30440,31700
30440,31701
30440,31702
30440,31703
30440,31704
30440,31705
30440,31706
30440,31707
30440,31708
30440,31709
30440,31710
30440,31711
30440,31712
30440,31713
30440,31714
30440,31715
30440,31716
30440,31717
30440,31718
30440,31719
30440,31720
30440,31721
30440,31722
30440,31723
30440,31724
30440,31725
30440,31726
30440,31727
30440,31728
30440,31729
30440,31730
30440,31731
30440,31732
30440,31733
30440,31734
30440,31735
30440,31736
30440,31737
30440,31738
30440,31739
30440,31740
30440,31741
30440,31742
30440,31743
30440,31744
30440,31745
30440,31746
30440,31747
30440,31748
30440,31749
30440,31750
30440,31751
30440,31752
30440,31753
30440,31754
30440,31755
30440,31756
30440,31757
30440,31758
30440,31759
30440,31760
30440,31761
30440,31762
30440,31763
30440,31764
30440,31765
30440,31766
30440,31767
30440,31768
30440,31769
30440,31770
30440,31771
30440,31772
30440,31773
30440,31774
30440,31775
30440,31776
30440,31777
30440,31778
30440,31779
30440,31780
30440,31781
30440,31782
30440,31783
30440,31784
30440,31785
30440,31785
30440,31786
30440,31787
30440,31788
30440,31789
30440,31790
30440,31791
30440,31792
30440,31793
30440,31794
30440,31795
30440,31796
30440,31797
30440,31798
30440,31799
30440,31800
30440,31801
30440,31802
30440,31803
30440,31804
30440,31805
30440,31806
30440,31807
30440,31808
30440,31809
30440,31810
30440,31811
30440,31812
30440,31813
30440,31814
30440,31815
30440,31816
30440,31817
30440,31818
30440,31819
30440,31820
30440,31821
30440,31822
30440,31823
30440,31824
30440,31825
30440,31826
30440,31827
30440,31828
30440,31829
30440,31830
30440,31831
30440,31832
30440,31833
30440,31834
30440,31835
30440,31836
30440,31837
30440,31838
30440,31839
30440,31840
30440,31841
30440,31842
30440,31843
30440,31844
30440,31845
30440,31846
30440,31847
30440,31848
30440,31849
30440,31850
30440,31851
30440,31852
30440,31853
30440,31854
30440,31855
30440,31856
30440,31857
30440,31858
30440,31859
30440,31860
30440,31861
30440,31862
30440,31863
30440,31864
30440,31865
30440,31866
30440,31867
30440,31868
30440,31869
30440,31870
30440,31871
30440,31872
30440,31873
30440,31874
30440,31875
30440,31876
30440,31877
30440,31878
30440,31879
30440,31880
30440,31881
30440,31882
30440,31883
30440,31884
30440,31885
30440,31886
30440,31887
30440,31888
30440,31889
30440,31890
30440,31891
30440,31892
30440,31893
30440,31894
30440,31895
30440,31896
30440,31897
30440,31898
30440,31899
30440,31900
30440,31901
30440,31902
30440,31903
30440,31904
30440,31905
30440,31906
30440,31907
30440,31908
30440,31909
30440,31910
30440,31911
30440,31912
30440,31913
30440,31914
30440,31915
30440,31916
30440,31917
30440,31918
30440,31919
30440,31920
30440,31921
30440,31922
30440,31923
30440,31924
30440,31925
30440,31926
30440,31927
30440,31928
30440,31929
30440,31930
30440,31931
30440,31932
30440,31933
30440,31934
30440,31935
30440,31936
30440,31937
30440,31938
30440,31939
30440,31940
30440,31941
30440,31942
30440,31943
30440,31944
30440,31945
30440,31946
30440,31947
30440,31948
30440,31949
30440,31950
30440,31951
30440,31952
30440,31953
30440,31954
30440,31955
30440,31956
30440,31957
30440,31958
30440,31959
30440,31960
30440,31961
30440,31962
30440,31963
30440,31964
30440,31965
30440,31966
30440,31967
30440,31968
30440,31969
30440,31970
30440,31971
30440,31972
30440,31973
30440,31974
30440,31975
30440,31976
30440,31977
30440,31978
30440,31979
30440,31980
30440,31981
30440,31982
30440,31983
30440,31984
30440,31985
30440,31986
30440,31987
30440,31988
30440,31989
30440,31990
30440,31991
30440,31992
30440,31993
30440,31994
30440,31995
30440,31996
30440,31997
30440,31998
30440,31999
30440,32000
30440,32001
30440,32002
30440,32003
30440,32004
30440,32005
30440,32006
30440,32007
30440,32008
30440,32009
30440,32010
30440,32011
30440,32012
30440,32013
30440,32014
30440,32015
30440,32016
30440,32017
30440,32018
30440,32019
30440,32020
30440,32021
30440,32022
30440,32023
30440,32024
30440,32025
30440,32026
30440,32027
30440,32028
30440,32029
30440,32030
30440,32031
30440,32032
30440,32033
30440,32034
30440,32035
30440,32036
30440,32037
30440,32038
30440,32039
30440,32040
30440,32041
30440,32042
30440,32043
30440,32044
30440,32045
30440,32046
30440,32047
30440,32048
30440,32049
30440,32050
30440,32051
30440,32052
30440,32053
30440,32054
30440,32055
30440,32056
30440,32057
30440,32058
30440,32059
30440,32060
30440,32061
30440,32062
30440,32063
30440,32064
30440,32065
30440,32066
30440,32067
30440,32068
30440,32069
30440,32070
30440,32071
30440,32072
30440,32073
30440,32074
30440,32075
30440,32076
30440,32077
30440,32078
30440,32079
30440,32080
30440,32081
30440,32082
30440,32083
30440,32084
30440,32085
30440,32086
30440,32087
30440,32088
30440,32089
30440,32090
30440,32091
30440,32092
30440,32093
30440,32094
30440,32095
30440,32096
30440,32097
30440,32098
30440,32099
30440,32100
30440,32101
30440,32102
30440,32103
30440,32104
30440,32105
30440,32106
30440,32107
30440,32108
30440,32109
30440,32110
30440,32111
30440,32112
30440,32113
30440,32114
30440,32115
30440,32116
30440,32117
30440,32118
30440,32119
30440,32120
30440,32121
30440,32122
30440,32123
30440,32124
30440,32125
30440,32126
30440,32127
30440,32128
30440,32129
30440,32130
30440,32131
30440,32132
30440,32133
30440,32134
30440,32135
30440,32136
30440,32137
30440,32138
30440,32139
30440,32140
30440,32141
30440,32142
30440,32143
30440,32144
30440,32145
30440,32146
30440,32147
30440,32148
30440,32149
30440,32150
30440,32151
30440,32152
30440,32153
30440,32154
30440,32155
30440,32156
30440,32157
