32571,32572
32571,32573
32571,32573
32571,32573
32571,32574
32571,32574
32571,32574
32571,32572
32571,32572
32571,32575
32571,32575
32571,32576
32571,32577
32571,32578
32571,32579
32571,32580
32571,32581
32571,32582
32571,32583
32571,32584
32571,32585
32571,32586
32571,32587
32571,32588
32571,32589
32571,32590
32571,32591
32571,32592
32571,32593
32571,32594
32571,32595
32571,32596
32571,32597
32571,32598
32571,32599
32571,32600
32571,32601
32571,32601
32571,32602
32571,32603
32571,32604
32571,32605
32571,32606
32571,32607
32571,32608
32571,32609
32571,32610
32571,32611
32571,32612
32571,32613
32571,32614
32571,32615
32571,32616
32571,32617
32571,32617
32571,32618
32571,32619
32571,32620
32571,32621
32571,32622
32571,32623
