33737,33738
33737,33738
33737,33738
33737,33739
33737,33739
33737,33739
33737,33740
33737,33740
33737,33740
33737,33741
33737,33741
33737,33741
33737,33742
33737,33742
33737,33742
33737,33743
33737,33743
33737,33743
33737,33744
33737,33745
33737,33746
33737,33746
33737,33746
33737,33747
33737,33747
33737,33747
33737,33748
33737,33748
33737,33748
33737,33749
33737,33749
33737,33749
33737,33750
33737,33750
33737,33750
33737,33751
33737,33751
33737,33751
33737,33752
33737,33752
33737,33752
33737,33752
33737,33753
33737,33753
33737,33753
33737,33753
33737,33754
33737,33754
33737,33754
33737,33754
33737,33755
33737,33755
33737,33755
33737,33756
33737,33756
33737,33756
33737,33757
33737,33757
33737,33757
33737,33758
33737,33758
33737,33759
33737,33759
33737,33758
33737,33759
33737,33760
33737,33760
33737,33760
33737,33761
33737,33761
33737,33761
33737,33762
33737,33762
33737,33762
33737,33763
33737,33763
33737,33763
33737,33764
33737,33764
33737,33764
33737,33764
33737,33765
33737,33765
33737,33765
33737,33765
33737,33766
33737,33766
33737,33766
33737,33766
33737,33767
33737,33768
33737,33769
33737,33770
33737,33770
33737,33771
33737,33771
33737,33771
33737,33771
33737,33772
33737,33772
33737,33772
33737,33772
33737,33773
33737,33773
33737,33773
33737,33773
33737,33774
33737,33774
33737,33774
33737,33775
33737,33775
33737,33775
33737,33776
33737,33776
33737,33776
33737,33777
33737,33777
33737,33777
33737,33778
33737,33778
33737,33778
33737,33779
33737,33779
33737,33779
33737,33780
33737,33780
33737,33780
33737,33781
33737,33782
33737,33782
33737,33782
33737,33783
33737,33783
33737,33784
33737,33784
33737,33783
33737,33784
