33936,33937
33936,33937
33936,33937
33936,33937
33936,33938
33936,33938
33936,33938
33936,33938
33936,33939
33936,33939
33936,33939
33936,33939
33936,33940
33936,33940
33936,33940
33936,33941
33936,33941
33936,33941
33936,33942
33936,33942
33936,33942
33936,33943
33936,33943
33936,33943
33936,33944
33936,33944
33936,33944
33936,33945
33936,33945
33936,33945
33936,33946
33936,33946
33936,33946
33936,33947
33936,33947
33936,33947
33936,33948
33936,33948
33936,33948
33936,33949
33936,33949
33936,33949
33936,33950
33936,33950
33936,33950
33936,33951
33936,33951
33936,33951
33936,33952
33936,33952
33936,33953
33936,33953
33936,33953
33936,33954
33936,33954
33936,33954
33936,33955
33936,33955
33936,33955
33936,33956
33936,33956
33936,33956
33936,33957
33936,33957
33936,33957
33936,33958
33936,33958
33936,33958
33936,33959
33936,33959
33936,33959
33936,33960
33936,33960
33936,33960
33936,33961
33936,33961
33936,33961
33936,33962
33936,33962
33936,33962
33936,33962
33936,33963
33936,33963
33936,33963
33936,33963
33936,33964
33936,33964
33936,33964
33936,33964
33936,33965
33936,33965
33936,33965
33936,33965
33936,33966
33936,33966
33936,33966
33936,33966
33936,33967
33936,33967
33936,33967
33936,33967
