33968,33969
33968,33969
33968,33969
33968,33969
33968,33970
33968,33970
33968,33970
33968,33970
33968,33971
33968,33971
33968,33971
33968,33971
33968,33972
33968,33973
33968,33973
33968,33973
33968,33974
33968,33974
33968,33974
33968,33975
33968,33975
33968,33975
33968,33976
33968,33976
33968,33976
33968,33976
33968,33977
33968,33977
33968,33977
33968,33977
33968,33978
33968,33978
33968,33978
33968,33978
33968,33979
33968,33979
33968,33979
33968,33980
33968,33980
33968,33980
33968,33981
33968,33981
33968,33981
33968,33982
33968,33982
33968,33982
33968,33983
33968,33983
33968,33983
33968,33984
33968,33984
33968,33984
33968,33985
33968,33985
33968,33985
33968,33986
33968,33986
33968,33986
33968,33987
33968,33987
33968,33987
33968,33988
33968,33989
33968,33990
33968,33990
33968,33990
33968,33991
33968,33991
33968,33991
33968,33992
33968,33992
33968,33992
33968,33993
33968,33993
33968,33994
33968,33994
33968,33994
33968,33994
33968,33995
33968,33995
33968,33995
33968,33995
33968,33996
33968,33996
33968,33996
33968,33996
33968,33997
33968,33997
33968,33997
33968,33998
33968,33998
33968,33998
33968,33999
33968,33999
33968,33999
33968,34000
33968,34000
33968,34000
33968,34001
33968,34001
33968,34001
33968,34002
33968,34002
33968,34002
33968,34003
33968,34003
33968,34003
33968,34004
33968,34004
33968,34004
33968,34005
33968,34005
33968,34005
33968,34006
33968,34006
33968,34006
33968,34007
33968,34008
33968,34007
33968,34007
33968,34009
33968,34009
33968,34009
33968,34010
33968,34010
33968,34010
33968,34011
33968,34011
33968,34011
33968,34012
33968,34012
33968,34012
33968,34013
33968,34013
33968,34013
33968,34014
33968,34014
33968,34014
