34079,34080
34079,34080
34079,34080
34079,34081
34079,34082
34079,34081
34079,34082
34079,34082
34079,34081
34079,34083
34079,34083
34079,34083
34079,34084
34079,34084
34079,34084
34079,34085
34079,34085
34079,34085
34079,34086
34079,34086
34079,34086
34079,34086
34079,34087
34079,34087
34079,34087
34079,34088
34079,34088
34079,34088
34079,34089
34079,34089
34079,34089
34079,34090
34079,34090
34079,34091
34079,34091
34079,34091
34079,34092
34079,34092
34079,34092
34079,34093
34079,34093
34079,34093
34079,34094
34079,34094
34079,34094
34079,34094
34079,34095
34079,34095
34079,34095
34079,34095
34079,34096
34079,34096
34079,34096
34079,34096
34079,34097
34079,34097
34079,34097
34079,34098
34079,34098
34079,34098
34079,34099
34079,34099
34079,34099
