34100,34101
34100,34101
34100,34102
34100,34103
34100,34104
34100,34104
34100,34104
34100,34105
34100,34105
34100,34105
34100,34106
34100,34106
34100,34106
34100,34107
34100,34107
34100,34107
34100,34108
34100,34108
34100,34108
34100,34109
34100,34110
34100,34110
34100,34110
34100,34111
34100,34111
34100,34111
34100,34112
34100,34112
34100,34112
34100,34113
34100,34113
34100,34113
34100,34114
34100,34114
34100,34114
34100,34115
34100,34115
34100,34115
34100,34116
34100,34116
34100,34116
34100,34117
34100,34117
34100,34117
34100,34118
34100,34118
34100,34118
34100,34119
34100,34119
34100,34119
34100,34120
34100,34120
34100,34120
34100,34121
34100,34121
34100,34121
34100,34122
34100,34122
