35264,35265
35264,35266
35264,35267
35264,35268
35264,35269
35264,35270
35264,35271
35264,35272
35264,35273
35264,35273
35264,35272
35264,35273
35264,35273
35264,35274
35264,35274
35264,35274
35264,35274
35264,35275
35264,35275
35264,35276
35264,35275
35264,35277
35264,35277
35264,35277
35264,35278
35264,35279
35264,35279
35264,35279
35264,35280
35264,35280
35264,35280
35264,35281
35264,35282
35264,35282
35264,35283
35264,35283
35264,35284
35264,35284
35264,35285
35264,35285
35264,35286
35264,35287
35264,35288
35264,35289
35264,35289
35264,35289
35264,35290
35264,35290
35264,35291
35264,35291
35264,35291
35264,35290
35264,35292
35264,35292
35264,35292
35264,35293
35264,35293
35264,35293
35264,35294
35264,35294
35264,35294
