35877,35878
35877,35879
35877,35879
35877,35879
35877,35880
35877,35880
35877,35880
35877,35881
35877,35882
35877,35882
35877,35882
35877,35883
35877,35883
35877,35883
35877,35884
35877,35884
35877,35884
35877,35885
35877,35885
35877,35885
35877,35886
35877,35886
35877,35886
35877,35887
35877,35888
35877,35888
35877,35888
35877,35889
35877,35889
35877,35889
35877,35890
35877,35890
35877,35890
35877,35891
35877,35891
35877,35891
35877,35892
35877,35892
35877,35892
35877,35893
35877,35893
35877,35893
35877,35894
35877,35894
35877,35895
35877,35895
35877,35895
35877,35895
35877,35896
35877,35896
35877,35897
35877,35898
35877,35899
35877,35899
35877,35899
35877,35900
35877,35901
35877,35902
35877,35902
35877,35902
35877,35903
35877,35904
35877,35904
35877,35905
35877,35906
35877,35906
35877,35906
35877,35907
35877,35907
35877,35907
35877,35908
35877,35908
35877,35908
35877,35909
35877,35909
35877,35909
35877,35910
35877,35911
35877,35912
35877,35912
35877,35912
35877,35912
35877,35913
35877,35913
35877,35914
35877,35914
35877,35915
35877,35915
35877,35916
35877,35916
35877,35916
35877,35917
35877,35918
35877,35919
35877,35919
35877,35919
35877,35920
35877,35921
35877,35922
35877,35923
35877,35924
35877,35925
35877,35926
35877,35927
35877,35928
35877,35929
35877,35929
35877,35929
35877,35930
35877,35931
35877,35932
35877,35933
35877,35934
35877,35935
