36130,36131
36130,36132
36130,36133
36130,36133
36130,36133
36130,36134
36130,36135
36130,36136
36130,36136
36130,36136
36130,36137
36130,36137
36130,36137
36130,36138
36130,36139
36130,36139
36130,36139
36130,36140
36130,36140
36130,36140
36130,36141
36130,36142
36130,36142
36130,36142
36130,36143
36130,36143
36130,36143
36130,36144
36130,36145
36130,36145
36130,36145
36130,36146
36130,36146
36130,36146
36130,36146
36130,36147
36130,36147
36130,36148
36130,36148
36130,36148
36130,36148
36130,36149
36130,36149
36130,36149
36130,36150
36130,36151
36130,36151
36130,36151
36130,36152
36130,36152
36130,36152
36130,36153
36130,36153
36130,36153
36130,36154
36130,36154
36130,36154
36130,36155
36130,36156
36130,36156
36130,36156
36130,36157
36130,36157
36130,36157
36130,36158
36130,36159
36130,36160
36130,36161
36130,36162
36130,36162
36130,36162
36130,36163
36130,36164
36130,36165
36130,36166
36130,36166
36130,36166
36130,36167
36130,36167
36130,36167
36130,36168
36130,36168
36130,36168
36130,36169
36130,36170
36130,36171
36130,36171
36130,36171
36130,36170
36130,36170
36130,36172
36130,36172
36130,36173
36130,36174
36130,36174
36130,36174
36130,36175
36130,36175
36130,36175
36130,36176
36130,36177
36130,36178
36130,36178
36130,36178
36130,36179
36130,36179
36130,36179
36130,36180
36130,36181
36130,36182
36130,36182
36130,36182
36130,36183
36130,36183
36130,36183
36130,36184
36130,36185
36130,36185
36130,36185
36130,36186
36130,36186
36130,36186
