36781,36782
36781,36782
36781,36783
36781,36782
36781,36782
36781,36783
36781,36784
36781,36783
36781,36783
36781,36784
36781,36784
36781,36784
36781,36785
36781,36785
36781,36785
36781,36786
36781,36786
36781,36786
36781,36787
36781,36788
36781,36788
36781,36788
36781,36787
36781,36787
36781,36789
36781,36789
36781,36789
36781,36790
36781,36790
36781,36790
36781,36791
36781,36791
36781,36791
36781,36792
36781,36792
36781,36792
36781,36793
36781,36793
36781,36793
36781,36794
36781,36794
36781,36794
36781,36795
36781,36795
36781,36795
36781,36796
36781,36796
36781,36796
36781,36797
36781,36797
36781,36797
36781,36798
36781,36798
36781,36798
36781,36799
36781,36799
36781,36800
36781,36800
36781,36800
36781,36801
36781,36799
36781,36801
36781,36801
36781,36802
36781,36802
36781,36802
36781,36803
36781,36803
36781,36803
36781,36804
36781,36804
36781,36804
36781,36805
36781,36805
36781,36805
36781,36806
36781,36806
36781,36806
36781,36807
36781,36807
36781,36807
36781,36808
36781,36808
36781,36808
36781,36809
36781,36810
36781,36811
36781,36812
36781,36812
36781,36812
36781,36813
36781,36814
36781,36814
36781,36814
36781,36815
36781,36815
36781,36815
36781,36816
36781,36817
36781,36817
36781,36818
36781,36818
36781,36818
36781,36818
36781,36819
36781,36819
36781,36819
36781,36819
36781,36820
36781,36820
36781,36821
36781,36822
36781,36822
36781,36822
36781,36823
36781,36823
36781,36823
36781,36824
36781,36825
36781,36825
36781,36825
36781,36826
36781,36826
36781,36826
36781,36827
36781,36828
36781,36828
36781,36828
36781,36829
36781,36829
36781,36830
36781,36831
36781,36831
36781,36831
36781,36832
36781,36832
36781,36832
36781,36833
36781,36833
36781,36834
36781,36834
36781,36835
36781,36835
36781,36836
36781,36837
36781,36838
36781,36839
36781,36840
36781,36841
36781,36842
36781,36843
36781,36844
36781,36845
36781,36845
36781,36846
36781,36846
36781,36847
36781,36847
36781,36848
36781,36849
36781,36849
36781,36849
36781,36850
36781,36850
36781,36850
