37714,37715
37714,37715
37714,37715
37714,37716
37714,37716
37714,37716
37714,37717
37714,37717
37714,37717
37714,37718
37714,37719
37714,37720
37714,37721
37714,37721
37714,37721
37714,37722
37714,37723
37714,37724
37714,37725
37714,37726
37714,37726
37714,37726
37714,37727
37714,37727
37714,37728
37714,37728
37714,37729
37714,37729
37714,37729
37714,37729
37714,37730
37714,37731
37714,37732
37714,37732
37714,37732
37714,37733
37714,37734
37714,37735
37714,37735
37714,37735
37714,37736
37714,37737
37714,37738
37714,37739
37714,37739
37714,37739
37714,37740
37714,37741
37714,37741
37714,37741
37714,37742
37714,37742
37714,37743
37714,37743
37714,37743
37714,37744
37714,37744
37714,37744
37714,37745
37714,37745
37714,37745
37714,37746
37714,37746
37714,37746
37714,37747
37714,37747
37714,37747
37714,37748
37714,37748
37714,37748
37714,37749
37714,37749
37714,37749
37714,37750
37714,37750
37714,37750
37714,37751
37714,37751
37714,37751
37714,37752
37714,37752
37714,37753
37714,37754
37714,37753
37714,37753
37714,37752
37714,37754
37714,37754
37714,37755
37714,37755
37714,37755
37714,37756
37714,37756
37714,37756
37714,37757
37714,37757
37714,37757
37714,37758
37714,37758
37714,37758
37714,37759
37714,37759
37714,37759
37714,37760
37714,37760
37714,37760
37714,37761
37714,37761
37714,37761
37714,37762
37714,37762
37714,37762
37714,37763
37714,37763
37714,37763
37714,37764
37714,37764
37714,37764
37714,37765
37714,37765
37714,37765
37714,37766
37714,37766
37714,37766
37714,37767
37714,37767
37714,37768
37714,37768
37714,37768
37714,37768
37714,37769
37714,37769
