37770,37771
37770,37772
37770,37773
37770,37773
37770,37773
37770,37774
37770,37775
37770,37776
37770,37776
37770,37776
37770,37777
37770,37778
37770,37779
37770,37779
37770,37779
37770,37780
37770,37781
37770,37782
37770,37782
37770,37782
37770,37783
37770,37784
37770,37785
37770,37785
37770,37785
37770,37786
37770,37787
37770,37788
37770,37789
37770,37789
37770,37789
37770,37790
37770,37791
37770,37791
37770,37792
37770,37791
37770,37793
37770,37793
37770,37793
37770,37794
37770,37795
37770,37796
37770,37797
37770,37798
37770,37799
37770,37800
37770,37800
37770,37800
37770,37801
37770,37802
37770,37803
37770,37803
37770,37803
37770,37804
37770,37804
37770,37805
37770,37806
37770,37807
37770,37808
37770,37808
37770,37808
37770,37809
