37920,37921
37920,37921
37920,37921
37920,37922
37920,37922
37920,37923
37920,37922
37920,37924
37920,37924
37920,37925
37920,37925
37920,37926
37920,37926
37920,37927
37920,37928
37920,37929
37920,37930
37920,37931
37920,37931
37920,37932
37920,37932
37920,37933
37920,37933
37920,37933
37920,37933
37920,37934
37920,37935
37920,37935
37920,37935
37920,37934
37920,37936
37920,37936
37920,37936
37920,37935
37920,37936
37920,37937
37920,37937
37920,37937
37920,37937
37920,37938
37920,37938
37920,37939
37920,37939
37920,37939
37920,37939
37920,37940
37920,37940
37920,37940
37920,37940
37920,37941
37920,37942
37920,37943
37920,37943
37920,37943
