40184,40185
40184,40186
40184,40186
40184,40186
40184,40187
40184,40188
40184,40188
40184,40188
40184,40189
40184,40189
40184,40189
40184,40190
40184,40190
40184,40190
40184,40191
40184,40191
40184,40191
40184,40192
40184,40192
40184,40192
40184,40193
40184,40193
40184,40193
40184,40194
40184,40194
40184,40194
40184,40195
40184,40196
40184,40197
40184,40197
40184,40197
40184,40198
40184,40198
40184,40198
40184,40199
40184,40199
40184,40199
40184,40200
40184,40200
40184,40200
40184,40201
40184,40201
40184,40201
40184,40202
40184,40202
40184,40202
40184,40203
40184,40203
