40339,40340
40339,40341
40339,40341
40339,40342
40339,40342
40339,40343
40339,40343
40339,40344
40339,40345
40339,40346
40339,40347
40339,40348
40339,40349
40339,40350
40339,40351
40339,40351
40339,40352
40339,40353
40339,40354
40339,40355
40339,40356
40339,40356
40339,40357
40339,40357
40339,40358
40339,40358
40339,40359
40339,40359
40339,40360
40339,40360
40339,40361
40339,40361
40339,40362
40339,40362
40339,40363
40339,40363
40339,40364
40339,40364
40339,40365
40339,40365
40339,40366
40339,40366
40339,40367
40339,40367
40339,40368
40339,40368
40339,40369
40339,40369
40339,40370
40339,40370
40339,40371
40339,40371
40339,40372
40339,40372
40339,40373
40339,40373
40339,40374
40339,40374
40339,40375
40339,40375
40339,40376
40339,40376
40339,40377
40339,40377
40339,40378
40339,40378
40339,40379
40339,40379
40339,40380
40339,40380
40339,40381
40339,40382
40339,40381
40339,40383
40339,40383
40339,40384
40339,40384
40339,40385
40339,40385
40339,40386
40339,40386
40339,40387
40339,40387
40339,40388
40339,40388
40339,40389
40339,40389
40339,40390
40339,40390
40339,40391
40339,40391
40339,40392
40339,40392
40339,40393
40339,40393
40339,40394
40339,40394
40339,40395
40339,40395
40339,40396
40339,40396
40339,40397
40339,40397
40339,40398
40339,40398
40339,40399
40339,40399
40339,40400
40339,40400
40339,40401
40339,40401
40339,40402
40339,40402
40339,40403
40339,40403
40339,40404
40339,40404
40339,40405
40339,40405
40339,40406
40339,40406
40339,40407
40339,40407
40339,40408
40339,40408
40339,40409
40339,40409
40339,40410
40339,40410
40339,40411
40339,40411
40339,40412
40339,40412
40339,40413
40339,40413
