40414,40415
40414,40415
40414,40416
40414,40416
40414,40417
40414,40417
40414,40418
40414,40418
40414,40419
40414,40419
40414,40420
40414,40420
40414,40421
40414,40421
40414,40422
40414,40422
40414,40423
40414,40423
40414,40424
40414,40424
40414,40425
40414,40425
40414,40426
40414,40426
40414,40427
40414,40427
40414,40428
40414,40428
40414,40429
40414,40429
40414,40430
40414,40430
40414,40431
40414,40431
40414,40432
40414,40432
40414,40433
40414,40433
40414,40434
40414,40434
40414,40435
40414,40435
40414,40436
40414,40436
40414,40437
40414,40437
40414,40438
40414,40438
40414,40439
40414,40439
40414,40440
40414,40440
40414,40441
40414,40441
40414,40442
40414,40442
40414,40443
40414,40443
40414,40444
40414,40444
40414,40445
40414,40445
40414,40446
40414,40446
40414,40447
40414,40447
40414,40448
40414,40448
40414,40449
40414,40449
40414,40450
40414,40450
40414,40451
40414,40451
40414,40452
40414,40452
40414,40453
40414,40453
40414,40454
40414,40454
40414,40455
40414,40455
40414,40456
40414,40456
40414,40457
40414,40457
40414,40458
40414,40458
40414,40459
40414,40459
40414,40460
40414,40460
40414,40461
40414,40461
40414,40462
40414,40462
40414,40463
40414,40463
40414,40464
40414,40464
40414,40465
40414,40465
40414,40466
40414,40466
40414,40467
40414,40467
40414,40468
40414,40468
40414,40469
40414,40469
40414,40470
40414,40470
40414,40471
40414,40471
40414,40472
40414,40472
40414,40473
40414,40473
40414,40474
40414,40474
40414,40475
40414,40475
40414,40476
40414,40476
40414,40477
40414,40477
40414,40478
40414,40478
40414,40479
40414,40479
40414,40480
40414,40480
40414,40481
40414,40481
40414,40482
40414,40482
40414,40483
40414,40483
40414,40484
40414,40484
40414,40485
40414,40485
40414,40486
40414,40486
40414,40487
40414,40487
40414,40488
40414,40488
40414,40489
40414,40489
40414,40490
40414,40490
40414,40491
40414,40491
40414,40492
40414,40492
40414,40493
40414,40493
40414,40494
40414,40494
40414,40495
40414,40495
40414,40496
40414,40496
40414,40497
40414,40497
40414,40498
40414,40498
40414,40499
40414,40499
40414,40500
40414,40500
40414,40501
40414,40501
40414,40502
40414,40502
40414,40503
40414,40503
40414,40504
40414,40504
40414,40505
40414,40505
40414,40506
40414,40506
40414,40507
40414,40507
40414,40508
40414,40508
40414,40509
40414,40509
40414,40510
40414,40510
40414,40511
40414,40511
40414,40512
40414,40512
40414,40513
40414,40514
40414,40514
40414,40515
40414,40515
40414,40516
40414,40516
40414,40517
40414,40517
40414,40518
40414,40519
40414,40518
40414,40520
40414,40521
40414,40521
40414,40522
40414,40520
40414,40522
40414,40523
40414,40523
40414,40524
40414,40524
40414,40525
40414,40525
40414,40526
40414,40526
40414,40527
40414,40527
40414,40528
40414,40528
40414,40529
40414,40529
40414,40530
40414,40530
40414,40531
40414,40532
40414,40532
40414,40533
40414,40533
40414,40534
40414,40535
40414,40535
40414,40536
40414,40536
40414,40537
40414,40537
40414,40538
40414,40538
40414,40539
40414,40539
40414,40540
40414,40540
40414,40541
40414,40541
40414,40542
40414,40542
40414,40543
40414,40544
40414,40543
40414,40545
40414,40545
40414,40546
40414,40546
40414,40547
40414,40547
40414,40548
40414,40548
40414,40549
40414,40549
40414,40550
40414,40550
40414,40551
40414,40551
40414,40552
40414,40552
40414,40553
40414,40553
40414,40554
40414,40554
40414,40555
40414,40555
40414,40556
40414,40556
40414,40557
40414,40557
40414,40558
40414,40558
40414,40559
40414,40559
40414,40560
40414,40560
40414,40561
40414,40561
40414,40562
40414,40562
40414,40563
40414,40563
40414,40564
40414,40564
40414,40565
40414,40565
40414,40566
40414,40566
40414,40567
40414,40567
40414,40568
40414,40568
40414,40569
40414,40569
40414,40570
40414,40570
40414,40571
40414,40571
40414,40572
40414,40572
40414,40573
40414,40573
40414,40574
40414,40574
40414,40575
40414,40575
40414,40576
40414,40576
40414,40577
40414,40577
40414,40578
40414,40578
40414,40579
40414,40579
40414,40580
40414,40580
40414,40581
40414,40581
40414,40582
40414,40582
40414,40583
40414,40583
40414,40584
40414,40584
40414,40585
40414,40585
40414,40586
40414,40586
40414,40587
40414,40587
40414,40588
40414,40588
40414,40589
40414,40589
40414,40590
40414,40590
40414,40591
40414,40591
40414,40592
40414,40592
40414,40593
40414,40593
40414,40594
40414,40594
40414,40595
40414,40595
40414,40596
40414,40596
40414,40597
40414,40597
40414,40598
40414,40598
40414,40599
40414,40599
40414,40600
40414,40600
40414,40601
40414,40601
40414,40602
40414,40602
40414,40603
40414,40603
40414,40604
40414,40604
40414,40605
40414,40605
40414,40606
40414,40606
40414,40607
40414,40607
40414,40608
40414,40608
40414,40609
40414,40609
40414,40610
40414,40610
40414,40611
40414,40611
40414,40612
40414,40612
40414,40613
40414,40613
40414,40614
40414,40614
40414,40615
40414,40615
40414,40616
40414,40616
40414,40617
40414,40617
40414,40618
40414,40618
40414,40619
40414,40619
40414,40620
40414,40620
40414,40621
40414,40621
40414,40622
40414,40622
40414,40623
40414,40623
40414,40624
40414,40624
40414,40625
40414,40625
40414,40626
40414,40626
40414,40627
40414,40627
40414,40628
40414,40628
40414,40629
40414,40629
40414,40630
40414,40630
40414,40631
40414,40631
40414,40632
40414,40632
40414,40633
40414,40634
40414,40633
40414,40635
40414,40635
40414,40636
40414,40636
40414,40637
40414,40637
40414,40638
40414,40638
40414,40639
40414,40639
40414,40640
40414,40640
40414,40641
40414,40641
40414,40642
40414,40642
40414,40643
40414,40643
40414,40644
40414,40644
40414,40645
40414,40645
40414,40646
40414,40646
40414,40647
40414,40647
40414,40648
40414,40648
40414,40649
40414,40649
40414,40650
40414,40650
40414,40651
40414,40651
40414,40652
40414,40652
40414,40653
40414,40653
40414,40654
40414,40654
40414,40655
40414,40655
40414,40656
40414,40656
40414,40657
40414,40657
40414,40658
40414,40658
40414,40659
40414,40659
40414,40660
40414,40660
40414,40661
40414,40661
40414,40662
40414,40662
40414,40663
40414,40663
40414,40664
40414,40664
40414,40665
40414,40665
40414,40666
40414,40666
40414,40667
40414,40667
40414,40634
40414,40668
40414,40668
40414,40669
40414,40669
40414,40670
40414,40670
40414,40671
40414,40671
40414,40672
40414,40672
40414,40673
40414,40673
40414,40674
40414,40674
40414,40675
40414,40675
40414,40676
40414,40676
40414,40677
40414,40677
40414,40678
40414,40678
40414,40679
40414,40679
40414,40680
40414,40680
40414,40681
40414,40681
40414,40682
40414,40682
40414,40683
40414,40683
40414,40684
40414,40684
40414,40685
40414,40685
40414,40686
40414,40686
40414,40687
40414,40687
40414,40688
40414,40688
40414,40689
40414,40689
40414,40690
40414,40690
40414,40691
40414,40691
40414,40692
40414,40692
40414,40693
40414,40693
40414,40694
40414,40694
