40906,40907
40906,40907
40906,40907
40906,40908
40906,40908
40906,40909
40906,40909
40906,40909
40906,40910
40906,40910
40906,40910
40906,40911
40906,40912
40906,40913
40906,40913
40906,40913
40906,40914
40906,40914
40906,40914
40906,40914
40906,40915
40906,40913
40906,40915
40906,40916
40906,40917
40906,40917
40906,40917
40906,40918
40906,40918
40906,40919
40906,40918
40906,40919
40906,40920
40906,40920
40906,40919
40906,40920
40906,40921
40906,40921
40906,40921
40906,40922
40906,40922
40906,40923
40906,40923
40906,40922
40906,40923
40906,40924
40906,40924
40906,40924
40906,40925
40906,40925
40906,40925
40906,40926
40906,40926
40906,40926
40906,40927
40906,40928
40906,40928
40906,40928
40906,40929
40906,40929
40906,40929
40906,40930
40906,40930
40906,40931
40906,40931
40906,40931
40906,40932
40906,40933
40906,40933
40906,40933
40906,40934
40906,40935
40906,40936
