40952,40953
40952,40954
40952,40954
40952,40954
40952,40955
40952,40955
40952,40955
40952,40956
40952,40957
40952,40958
40952,40958
40952,40958
40952,40959
40952,40959
40952,40959
40952,40960
40952,40960
40952,40960
40952,40961
40952,40961
40952,40961
40952,40962
40952,40963
40952,40964
40952,40965
40952,40966
40952,40967
40952,40968
40952,40969
40952,40969
40952,40969
40952,40970
40952,40971
40952,40971
40952,40971
40952,40972
40952,40973
40952,40974
40952,40974
40952,40974
40952,40975
40952,40975
40952,40975
40952,40976
40952,40977
40952,40978
40952,40978
40952,40978
40952,40979
40952,40979
40952,40979
40952,40980
40952,40981
40952,40982
40952,40982
40952,40983
40952,40984
40952,40985
40952,40986
40952,40987
40952,40988
40952,40989
40952,40990
40952,40991
40952,40992
40952,40993
40952,40994
40952,40995
40952,40996
40952,40997
40952,40997
40952,40997
