41190,41191
41190,41191
41190,41192
41190,41192
41190,41192
41190,41192
41190,41193
41190,41194
41190,41194
41190,41194
41190,41194
41190,41193
41190,41195
41190,41195
41190,41196
41190,41196
41190,41196
41190,41196
41190,41197
41190,41197
41190,41197
41190,41197
41190,41198
41190,41198
41190,41198
41190,41198
41190,41199
41190,41200
41190,41199
41190,41200
41190,41200
41190,41200
41190,41201
41190,41201
41190,41202
41190,41202
41190,41203
41190,41203
41190,41204
41190,41204
41190,41205
41190,41205
41190,41206
41190,41206
41190,41207
41190,41207
41190,41207
41190,41207
41190,41208
41190,41208
41190,41209
41190,41209
41190,41210
41190,41210
41190,41210
41190,41210
41190,41211
41190,41211
41190,41212
41190,41212
41190,41212
41190,41212
41190,41213
41190,41213
41190,41213
41190,41213
41190,41214
41190,41214
41190,41215
41190,41215
41190,41215
41190,41215
41190,41216
41190,41216
41190,41217
41190,41217
41190,41217
41190,41217
41190,41218
41190,41218
41190,41219
41190,41219
41190,41220
41190,41220
41190,41220
41190,41221
41190,41221
41190,41221
41190,41222
41190,41223
41190,41224
41190,41224
41190,41224
41190,41225
41190,41225
41190,41225
41190,41226
41190,41227
41190,41227
41190,41227
41190,41226
41190,41226
41190,41228
41190,41229
41190,41230
41190,41231
41190,41232
41190,41233
41190,41234
41190,41235
41190,41236
41190,41236
41190,41236
41190,41237
41190,41237
41190,41237
41190,41238
41190,41239
41190,41240
41190,41240
41190,41240
41190,41241
41190,41241
41190,41241
41190,41242
41190,41243
41190,41244
41190,41244
41190,41244
41190,41245
41190,41245
41190,41245
41190,41246
41190,41247
