41327,41328
41327,41328
41327,41328
41327,41329
41327,41329
41327,41329
41327,41330
41327,41331
41327,41332
41327,41332
41327,41332
41327,41333
41327,41333
41327,41333
41327,41334
41327,41334
41327,41334
41327,41335
41327,41335
41327,41335
41327,41336
41327,41337
41327,41338
41327,41339
41327,41340
41327,41341
41327,41342
41327,41343
41327,41343
41327,41343
41327,41344
41327,41345
41327,41345
41327,41345
41327,41346
41327,41347
41327,41348
41327,41348
41327,41348
41327,41349
41327,41349
41327,41349
41327,41350
41327,41351
41327,41352
41327,41352
41327,41352
41327,41353
41327,41353
41327,41353
41327,41354
41327,41355
41327,41356
41327,41356
41327,41357
41327,41358
41327,41359
41327,41360
41327,41360
41327,41361
41327,41362
