43417,43418
43417,43419
43417,43419
43417,43420
43417,43420
43417,43421
43417,43421
43417,43422
43417,43422
43417,43422
43417,43422
43417,43423
43417,43423
43417,43424
43417,43424
43417,43424
43417,43425
43417,43425
43417,43425
43417,43426
43417,43427
43417,43428
43417,43428
43417,43429
43417,43429
43417,43429
43417,43428
43417,43430
43417,43430
43417,43430
43417,43431
43417,43431
43417,43431
43417,43432
43417,43433
43417,43434
43417,43435
43417,43436
43417,43437
43417,43438
43417,43439
43417,43439
43417,43439
43417,43440
43417,43441
43417,43441
43417,43441
43417,43442
43417,43443
43417,43444
43417,43444
43417,43444
43417,43445
43417,43445
43417,43445
43417,43446
43417,43447
43417,43448
43417,43447
43417,43447
43417,43449
43417,43449
43417,43449
43417,43450
43417,43451
