44236,44237
44236,44237
44236,44238
44236,44238
44236,44238
44236,44239
44236,44239
44236,44239
44236,44240
44236,44241
44236,44242
44236,44242
44236,44242
44236,44243
44236,44243
44236,44243
44236,44244
44236,44244
44236,44244
44236,44245
44236,44246
44236,44245
44236,44245
44236,44247
44236,44248
44236,44249
44236,44250
44236,44251
44236,44252
44236,44252
44236,44253
44236,44252
44236,44254
44236,44254
44236,44254
44236,44255
44236,44256
44236,44257
44236,44258
44236,44258
44236,44258
44236,44259
44236,44260
44236,44259
44236,44259
44236,44261
44236,44262
44236,44262
44236,44262
44236,44263
44236,44263
44236,44263
44236,44264
44236,44265
44236,44266
44236,44266
44236,44266
44236,44267
44236,44267
44236,44267
44236,44268
44236,44269
44236,44269
44236,44269
44236,44270
44236,44270
44236,44270
44236,44271
44236,44272
44236,44272
44236,44272
44236,44273
44236,44273
44236,44273
44236,44274
44236,44275
44236,44276
44236,44277
44236,44278
44236,44279
44236,44280
44236,44281
44236,44281
44236,44281
44236,44282
44236,44283
44236,44284
44236,44284
44236,44284
44236,44285
44236,44286
44236,44286
44236,44286
44236,44287
44236,44287
44236,44287
44236,44288
44236,44289
44236,44289
44236,44289
44236,44290
44236,44291
44236,44291
44236,44291
44236,44292
44236,44293
44236,44294
44236,44294
44236,44294
44236,44295
44236,44295
44236,44295
44236,44295
44236,44294
44236,44296
44236,44296
44236,44297
44236,44297
44236,44298
44236,44298
44236,44298
44236,44298
44236,44299
44236,44299
44236,44299
44236,44299
44236,44300
44236,44300
44236,44300
44236,44300
44236,44301
44236,44301
44236,44301
44236,44301
44236,44302
44236,44302
44236,44303
44236,44303
44236,44304
44236,44304
44236,44305
44236,44305
44236,44306
44236,44306
44236,44307
44236,44307
44236,44308
44236,44309
44236,44309
44236,44309
44236,44309
44236,44308
44236,44310
44236,44310
44236,44311
44236,44311
44236,44311
44236,44311
44236,44312
44236,44312
44236,44313
44236,44313
44236,44314
44236,44314
44236,44314
44236,44314
44236,44315
44236,44315
44236,44315
44236,44315
44236,44316
44236,44316
44236,44317
44236,44317
44236,44318
44236,44318
44236,44318
44236,44318
44236,44319
44236,44319
44236,44319
44236,44319
44236,44320
44236,44320
44236,44321
44236,44321
44236,44322
44236,44322
44236,44322
44236,44323
44236,44323
44236,44323
44236,44324
44236,44325
44236,44325
44236,44325
44236,44325
44236,44326
44236,44326
44236,44326
44236,44326
44236,44327
44236,44327
44236,44328
44236,44328
44236,44329
44236,44329
44236,44329
44236,44329
44236,44330
44236,44330
44236,44330
44236,44330
44236,44331
44236,44331
44236,44331
44236,44331
44236,44332
44236,44332
44236,44332
44236,44332
44236,44333
44236,44333
44236,44334
44236,44334
44236,44335
44236,44335
44236,44336
44236,44336
44236,44337
44236,44337
44236,44338
44236,44338
44236,44339
44236,44339
44236,44340
44236,44340
44236,44340
44236,44340
44236,44341
44236,44341
44236,44342
44236,44342
44236,44342
44236,44342
44236,44343
44236,44343
44236,44344
44236,44344
44236,44345
44236,44345
44236,44346
44236,44346
44236,44346
44236,44346
44236,44347
44236,44347
44236,44347
44236,44347
44236,44348
44236,44348
44236,44349
44236,44349
44236,44350
44236,44350
44236,44350
44236,44350
44236,44351
44236,44351
44236,44351
44236,44351
44236,44352
44236,44352
44236,44353
44236,44353
44236,44354
44236,44354
44236,44355
44236,44355
