44356,44357
44356,44357
44356,44357
44356,44358
44356,44358
44356,44358
44356,44358
44356,44359
44356,44359
44356,44359
44356,44359
44356,44360
44356,44360
44356,44361
44356,44362
44356,44362
44356,44363
44356,44364
44356,44365
44356,44366
44356,44366
44356,44366
44356,44367
44356,44368
44356,44369
44356,44370
44356,44370
44356,44370
44356,44371
44356,44371
44356,44371
44356,44372
44356,44373
44356,44374
44356,44375
44356,44374
44356,44375
44356,44375
44356,44376
44356,44376
44356,44374
44356,44376
44356,44377
44356,44377
44356,44377
44356,44378
44356,44379
44356,44380
44356,44381
44356,44382
44356,44383
44356,44384
44356,44385
44356,44385
44356,44385
44356,44386
44356,44387
44356,44387
44356,44387
44356,44388
44356,44388
44356,44389
44356,44390
44356,44388
44356,44391
44356,44391
44356,44391
44356,44392
44356,44393
44356,44394
44356,44394
44356,44394
44356,44395
44356,44395
44356,44395
44356,44396
44356,44397
44356,44398
44356,44398
44356,44398
44356,44399
44356,44399
44356,44399
44356,44400
44356,44401
44356,44402
44356,44402
44356,44402
44356,44403
44356,44403
44356,44403
44356,44404
44356,44404
44356,44404
44356,44405
44356,44405
44356,44405
44356,44406
44356,44406
44356,44407
44356,44408
44356,44409
44356,44410
44356,44411
44356,44412
44356,44413
44356,44414
44356,44414
44356,44414
44356,44415
44356,44416
44356,44416
44356,44416
44356,44417
44356,44418
44356,44419
44356,44419
44356,44419
44356,44420
44356,44420
44356,44420
44356,44421
44356,44422
44356,44423
44356,44423
44356,44423
44356,44424
44356,44424
44356,44424
44356,44425
44356,44426
44356,44427
44356,44428
44356,44428
44356,44428
44356,44428
44356,44429
44356,44429
44356,44429
44356,44429
44356,44430
44356,44430
44356,44431
44356,44431
44356,44432
44356,44432
44356,44432
44356,44432
44356,44433
44356,44433
44356,44433
44356,44433
44356,44434
44356,44434
44356,44434
44356,44434
44356,44435
44356,44435
44356,44435
44356,44435
44356,44436
44356,44436
44356,44437
44356,44437
44356,44438
44356,44438
44356,44439
44356,44439
44356,44440
44356,44440
44356,44441
44356,44441
44356,44442
44356,44442
44356,44443
44356,44443
44356,44443
44356,44443
44356,44444
44356,44444
44356,44445
44356,44445
44356,44445
44356,44445
44356,44446
44356,44446
44356,44447
44356,44447
44356,44448
44356,44448
44356,44448
44356,44448
44356,44449
44356,44449
44356,44449
44356,44449
44356,44450
44356,44450
44356,44451
44356,44451
44356,44452
44356,44452
44356,44452
44356,44452
44356,44453
44356,44453
44356,44453
44356,44453
44356,44454
44356,44454
44356,44455
44356,44455
44356,44456
44356,44456
44356,44456
44356,44457
44356,44457
44356,44457
44356,44458
44356,44459
44356,44460
44356,44460
44356,44460
44356,44461
44356,44461
44356,44461
44356,44462
44356,44462
44356,44462
44356,44463
44356,44463
44356,44463
44356,44464
44356,44465
44356,44466
44356,44467
44356,44468
