45853,45854
45853,45854
45853,45854
45853,45855
45853,45855
45853,45855
45853,45856
45853,45856
45853,45857
45853,45857
45853,45858
45853,45858
45853,45859
45853,45859
45853,45859
45853,45860
45853,45860
45853,45860
45853,45861
45853,45861
45853,45861
45853,45862
45853,45863
45853,45863
45853,45863
45853,45864
45853,45865
45853,45866
45853,45866
45853,45866
45853,45867
45853,45867
45853,45867
45853,45868
45853,45868
45853,45868
45853,45869
45853,45870
45853,45871
45853,45872
45853,45873
45853,45873
45853,45873
45853,45874
45853,45874
45853,45874
45853,45875
45853,45875
45853,45875
45853,45876
45853,45876
45853,45876
45853,45877
45853,45877
45853,45877
45853,45878
45853,45878
45853,45878
45853,45879
45853,45879
45853,45879
45853,45880
45853,45880
45853,45880
45853,45881
45853,45881
45853,45882
45853,45882
45853,45882
45853,45881
45853,45883
45853,45883
45853,45883
45853,45884
45853,45885
45853,45886
45853,45886
45853,45885
45853,45885
45853,45886
45853,45887
45853,45887
45853,45887
45853,45888
45853,45889
45853,45890
45853,45889
45853,45889
45853,45891
45853,45891
45853,45891
45853,45892
45853,45892
45853,45893
45853,45893
45853,45892
45853,45894
45853,45894
45853,45894
45853,45893
45853,45895
45853,45896
45853,45897
45853,45897
45853,45897
45853,45898
45853,45899
45853,45899
45853,45900
45853,45899
45853,45901
45853,45901
45853,45901
45853,45902
45853,45902
45853,45902
45853,45903
45853,45903
45853,45903
45853,45904
45853,45904
45853,45905
45853,45905
45853,45905
45853,45904
45853,45906
45853,45906
45853,45906
45853,45907
45853,45907
45853,45907
45853,45908
45853,45908
45853,45908
45853,45909
45853,45909
45853,45909
45853,45910
45853,45910
45853,45910
45853,45911
45853,45911
45853,45911
45853,45912
45853,45912
45853,45912
45853,45913
45853,45913
45853,45913
45853,45914
45853,45914
45853,45914
45853,45915
45853,45915
45853,45916
45853,45916
45853,45916
45853,45917
45853,45917
45853,45917
45853,45918
45853,45918
45853,45918
45853,45919
45853,45920
45853,45920
45853,45920
45853,45921
45853,45922
45853,45923
45853,45923
45853,45923
45853,45924
45853,45924
45853,45924
45853,45925
45853,45925
45853,45925
45853,45926
45853,45927
45853,45928
45853,45929
45853,45930
45853,45930
45853,45930
45853,45931
45853,45931
45853,45931
45853,45932
45853,45932
45853,45932
45853,45933
45853,45933
45853,45934
45853,45934
45853,45933
45853,45934
45853,45935
45853,45935
45853,45935
45853,45936
45853,45936
45853,45936
45853,45937
45853,45937
45853,45937
45853,45938
45853,45938
45853,45938
45853,45939
45853,45939
45853,45939
45853,45940
45853,45940
45853,45940
45853,45941
45853,45941
45853,45941
45853,45942
45853,45942
45853,45942
45853,45943
45853,45943
45853,45943
45853,45944
