13127,13128
13127,13129
13127,13130
13127,13131
13127,13132
13127,13133
13127,13134
13127,13135
13127,13136
13127,13137
13127,13138
13127,13139
13127,13140
13127,13141
13127,13142
13127,13143
13127,13144
13127,13145
13127,13146
13127,13147
13127,13148
13127,13149
13127,13150
13127,13151
13127,13152
13127,13153
13127,13154
13127,13155
13127,13156
13127,13157
13127,13158
13127,13159
13127,13160
13127,13161
13127,13162
13127,13163
13127,13164
13127,13165
13127,13166
13127,13167
13127,13168
13127,13169
13127,13170
13127,13171
13127,13172
13127,13173
13127,13174
13127,13175
13127,13176
13127,13177
13127,13178
13127,13179
13127,13180
13127,13181
13127,13182
13127,13183
13127,13184
13127,13185
13127,13186
13127,13187
13127,13188
13127,13189
13127,13190
13127,13191
13127,13192
13127,13193
13127,13194
13127,13195
13127,13196
13127,13197
13127,13198
13127,13199
13127,13200
13127,13201
13127,13202
13127,13203
13127,13204
13127,13205
13127,13206
13127,13207
13127,13208
13127,13209
13127,13210
13127,13211
13127,13212
13127,13213
13127,13214
13127,13215
13127,13216
13127,13217
13127,13218
13127,13219
13127,13220
13127,13221
13127,13222
13127,13223
13127,13224
13127,13225
13127,13226
13127,13227
13127,13228
13127,13229
13127,13230
13127,13231
13127,13232
13127,13233
13127,13234
13127,13235
13127,13236
13127,13237
13127,13238
13127,13239
13127,13240
13127,13241
13127,13242
13127,13243
13127,13244
13127,13245
13127,13246
13127,13247
13127,13248
13127,13249
13127,13250
13127,13251
13127,13252
13127,13253
13127,13254
13127,13255
13127,13256
13127,13257
13127,13258
13127,13259
13127,13260
13127,13261
13127,13262
13127,13263
13127,13264
13127,13265
13127,13266
13127,13267
13127,13268
13127,13269
13127,13270
13127,13271
13127,13272
13127,13273
13127,13274
13127,13275
13127,13276
13127,13277
13127,13278
13127,13279
13127,13280
13127,13281
13127,13282
13127,13283
13127,13284
13127,13285
13127,13286
13127,13287
13127,13288
13127,13289
13127,13290
13127,13291
13127,13292
13127,13293
13127,13294
13127,13295
13127,13296
13127,13297
13127,13298
13127,13299
13127,13300
13127,13301
13127,13302
13127,13303
13127,13304
13127,13305
13127,13306
13127,13307
13127,13308
13127,13309
13127,13310
13127,13311
13127,13312
13127,13313
13127,13314
13127,13315
13127,13316
13127,13317
13127,13318
13127,13319
13127,13320
13127,13321
13127,13322
13127,13323
13127,13324
13127,13325
13127,13326
13127,13327
13127,13328
13127,13329
13127,13330
13127,13331
13127,13332
13127,13333
13127,13334
13127,13335
13127,13336
13127,13337
13127,13338
13127,13339
13127,13340
13127,13341
13127,13342
13127,13343
13127,13344
13127,13345
13127,13346
13127,13347
13127,13348
13127,13349
13127,13350
13127,13351
13127,13352
13127,13353
13127,13354
13127,13355
13127,13356
13127,13357
13127,13358
13127,13359
13127,13360
13127,13361
13127,13362
13127,13363
13127,13364
13127,13365
13127,13366
13127,13367
13127,13368
13127,13369
13127,13370
13127,13371
13127,13372
13127,13373
13127,13374
13127,13375
13127,13376
13127,13377
13127,13378
13127,13379
13127,13380
13127,13381
13127,13382
13127,13383
13127,13384
13127,13385
13127,13386
13127,13387
13127,13388
13127,13389
13127,13390
13127,13391
13127,13392
13127,13393
13127,13394
13127,13395
13127,13396
13127,13397
13127,13398
13127,13399
13127,13400
13127,13401
13127,13402
13127,13403
13127,13404
13127,13405
13127,13406
13127,13407
13127,13408
13127,13409
13127,13410
13127,13411
13127,13412
13127,13413
13127,13414
13127,13415
13127,13416
13127,13417
13127,13418
13127,13419
13127,13420
13127,13421
13127,13422
13127,13423
13127,13424
13127,13425
13127,13426
13127,13427
13127,13428
13127,13429
13127,13430
13127,13431
13127,13432
13127,13433
13127,13434
13127,13435
13127,13436
13127,13437
13127,13438
13127,13439
13127,13440
13127,13441
13127,13442
13127,13443
13127,13444
13127,13445
13127,13446
13127,13447
13127,13448
13127,13449
13127,13450
13127,13451
13127,13452
13127,13453
13127,13454
13127,13455
13127,13456
13127,13457
13127,13458
13127,13459
13127,13460
13127,13461
13127,13462
13127,13463
13127,13464
13127,13465
13127,13466
13127,13467
13127,13468
13127,13469
13127,13470
13127,13471
13127,13472
13127,13473
13127,13474
13127,13475
13127,13476
13127,13477
13127,13478
13127,13479
13127,13480
13127,13481
13127,13482
13127,13483
13127,13484
13127,13485
13127,13486
13127,13487
13127,13488
13127,13489
13127,13490
13127,13491
13127,13492
13127,13493
13127,13494
13127,13495
13127,13496
13127,13497
13127,13498
13127,13499
13127,13500
13127,13501
13127,13502
13127,13503
13127,13504
13127,13505
13127,13506
13127,13507
13127,13508
13127,13509
13127,13510
13127,13511
13127,13512
13127,13513
13127,13514
13127,13515
13127,13516
13127,13517
13127,13518
13127,13519
13127,13520
13127,13521
13127,13522
13127,13523
13127,13524
13127,13525
13127,13526
13127,13527
13127,13528
13127,13529
13127,13530
13127,13531
13127,13532
13127,13533
13127,13534
13127,13535
13127,13536
13127,13537
13127,13538
13127,13539
13127,13540
13127,13541
13127,13542
13127,13543
13127,13544
13127,13545
13127,13546
13127,13547
13127,13548
13127,13549
13127,13550
13127,13551
13127,13552
13127,13553
13127,13554
13127,13555
13127,13556
13127,13557
13127,13558
13127,13559
13127,13560
13127,13561
13127,13562
13127,13563
13127,13564
13127,13565
13127,13566
13127,13567
13127,13568
13127,13569
13127,13570
13127,13571
13127,13572
13127,13573
13127,13574
13127,13575
13127,13576
13127,13577
13127,13578
13127,13579
13127,13580
13127,13581
13127,13582
13127,13583
13127,13584
13127,13585
13127,13586
13127,13587
13127,13588
13127,13589
13127,13590
13127,13591
13127,13592
13127,13593
13127,13594
13127,13595
13127,13596
13127,13597
13127,13598
13127,13599
13127,13600
13127,13601
13127,13602
13127,13603
13127,13604
13127,13605
13127,13606
13127,13607
13127,13608
13127,13609
13127,13610
13127,13611
13127,13612
13127,13613
13127,13614
13127,13615
13127,13616
13127,13617
13127,13618
13127,13619
13127,13620
13127,13621
13127,13622
13127,13623
13127,13624
13127,13625
13127,13626
13127,13627
13127,13628
13127,13629
13127,13630
13127,13631
13127,13632
13127,13633
13127,13634
13127,13635
13127,13636
13127,13637
13127,13638
13127,13639
13127,13640
13127,13641
13127,13642
13127,13643
13127,13644
13127,13645
13127,13646
13127,13647
13127,13648
13127,13649
13127,13650
13127,13651
13127,13652
13127,13653
13127,13654
13127,13655
13127,13656
13127,13657
13127,13658
13127,13659
13127,13660
13127,13661
13127,13662
13127,13663
13127,13664
13127,13665
13127,13666
13127,13667
13127,13668
13127,13669
13127,13670
13127,13671
13127,13672
13127,13673
13127,13674
13127,13675
13127,13676
13127,13677
13127,13678
13127,13679
13127,13680
13127,13681
13127,13682
13127,13683
13127,13684
13127,13685
13127,13686
13127,13687
13127,13688
13127,13689
13127,13690
13127,13691
13127,13692
13127,13693
13127,13694
13127,13695
13127,13696
13127,13697
13127,13698
13127,13699
13127,13700
13127,13701
13127,13702
13127,13703
13127,13704
13127,13705
13127,13706
13127,13707
13127,13708
13127,13709
13127,13710
13127,13711
13127,13712
13127,13713
13127,13714
13127,13715
13127,13716
13127,13717
13127,13718
13127,13719
13127,13720
13127,13721
13127,13722
13127,13723
13127,13724
13127,13725
13127,13726
13127,13727
13127,13728
13127,13729
13127,13730
13127,13731
13127,13732
13127,13733
13127,13734
13127,13735
13127,13736
13127,13737
13127,13738
13127,13739
13127,13740
13127,13741
13127,13742
13127,13743
13127,13744
13127,13745
13127,13746
13127,13747
13127,13748
13127,13749
13127,13750
13127,13751
13127,13752
13127,13753
13127,13754
13127,13755
13127,13756
13127,13757
13127,13758
13127,13759
13127,13760
13127,13761
13127,13762
13127,13763
13127,13764
13127,13765
13127,13766
13127,13767
13127,13768
13127,13769
13127,13770
13127,13771
13127,13772
13127,13773
13127,13774
13127,13775
13127,13776
13127,13777
13127,13778
13127,13779
13127,13780
13127,13781
13127,13782
13127,13783
13127,13784
13127,13785
13127,13786
13127,13787
13127,13788
13127,13789
13127,13790
13127,13791
13127,13792
13127,13793
13127,13794
13127,13795
13127,13796
13127,13797
13127,13798
13127,13799
13127,13800
13127,13801
13127,13802
13127,13803
13127,13804
13127,13805
13127,13806
13127,13807
13127,13808
13127,13809
13127,13810
13127,13811
13127,13812
13127,13813
13127,13814
13127,13815
13127,13816
13127,13817
13127,13818
13127,13819
13127,13820
13127,13821
13127,13822
13127,13823
13127,13824
13127,13825
13127,13826
13127,13827
13127,13828
13127,13829
13127,13830
13127,13831
13127,13832
13127,13833
13127,13834
13127,13835
13127,13836
13127,13837
13127,13838
13127,13839
13127,13840
13127,13841
13127,13842
13127,13843
13127,13844
13127,13845
13127,13846
13127,13847
13127,13848
13127,13849
13127,13850
13127,13851
13127,13852
13127,13853
13127,13854
13127,13855
13127,13856
13127,13857
13127,13858
13127,13859
13127,13860
13127,13861
13127,13862
13127,13863
13127,13864
13127,13865
13127,13866
13127,13867
13127,13868
13127,13869
13127,13870
13127,13871
13127,13872
13127,13873
13127,13874
13127,13875
13127,13876
13127,13877
13127,13878
13127,13879
13127,13880
13127,13881
13127,13882
13127,13883
13127,13884
13127,13885
13127,13886
13127,13887
13127,13888
13127,13889
13127,13890
13127,13891
13127,13892
13127,13893
13127,13894
13127,13895
13127,13896
13127,13897
13127,13898
13127,13899
13127,13900
13127,13901
13127,13902
13127,13903
13127,13904
13127,13905
13127,13906
13127,13907
13127,13908
13127,13909
13127,13910
13127,13911
13127,13912
13127,13913
13127,13914
13127,13915
13127,13916
13127,13917
13127,13918
13127,13919
13127,13920
13127,13921
13127,13922
13127,13923
13127,13924
13127,13925
13127,13926
13127,13927
13127,13928
13127,13929
13127,13930
13127,13931
13127,13932
13127,13933
13127,13934
13127,13935
13127,13936
13127,13937
13127,13938
13127,13939
13127,13940
13127,13941
13127,13942
13127,13943
13127,13944
13127,13945
13127,13946
13127,13947
13127,13948
13127,13949
13127,13950
13127,13951
13127,13952
13127,13953
13127,13954
13127,13955
13127,13956
13127,13957
13127,13958
13127,13959
13127,13960
13127,13961
13127,13962
13127,13963
13127,13964
13127,13965
13127,13966
13127,13967
13127,13968
13127,13969
13127,13970
13127,13971
13127,13972
13127,13973
13127,13974
13127,13975
13127,13976
13127,13977
13127,13978
13127,13979
13127,13980
13127,13981
13127,13982
13127,13983
13127,13984
13127,13985
13127,13986
13127,13987
13127,13988
13127,13989
13127,13990
13127,13991
13127,13992
13127,13993
13127,13994
13127,13995
13127,13996
13127,13997
13127,13998
13127,13999
13127,14000
13127,14001
13127,14002
13127,14003
13127,14004
13127,14005
13127,14006
13127,14007
13127,14008
13127,14009
13127,14010
13127,14011
13127,14012
13127,14013
13127,14014
13127,14015
13127,14016
13127,14017
13127,14018
13127,14019
13127,14020
13127,14021
13127,14022
13127,14023
13127,14024
13127,14025
13127,14026
13127,14027
13127,14028
13127,14029
13127,14030
13127,14031
13127,14032
13127,14033
13127,14034
13127,14035
13127,14036
13127,14037
13127,14038
13127,14039
13127,14040
13127,14041
13127,14042
13127,14043
13127,14044
13127,14045
13127,14046
13127,14047
13127,14048
13127,14049
13127,14050
13127,14051
13127,14052
13127,14053
13127,14054
13127,14055
13127,14056
13127,14057
13127,14058
13127,14059
13127,14060
13127,14061
13127,14062
13127,14063
13127,14064
13127,14065
13127,14066
13127,14067
13127,14068
13127,14069
13127,14070
13127,14071
13127,14072
13127,14073
13127,14074
13127,14075
13127,14076
13127,14077
13127,14078
13127,14079
13127,14080
13127,14081
13127,14082
13127,14083
13127,14084
13127,14085
13127,14086
13127,14087
13127,14088
13127,14089
13127,14090
13127,14091
13127,14092
13127,14093
13127,14094
13127,14095
13127,14096
13127,14097
13127,14098
13127,14099
13127,14100
13127,14101
13127,14102
13127,14103
13127,14104
13127,14105
13127,14106
13127,14107
13127,14108
13127,14109
13127,14110
13127,14111
13127,14112
13127,14113
13127,14114
13127,14115
13127,14116
13127,14117
13127,14118
13127,14119
13127,14120
13127,14121
13127,14122
13127,14123
13127,14124
13127,14125
13127,14126
13127,14127
13127,14128
13127,14129
13127,14130
13127,14131
13127,14132
13127,14133
13127,14134
13127,14135
13127,14136
13127,14137
13127,14138
13127,14139
13127,14140
13127,14141
13127,14142
13127,14143
13127,14144
13127,14145
13127,14146
13127,14147
13127,14148
13127,14149
13127,14150
13127,14151
13127,14152
13127,14153
13127,14154
13127,14155
13127,14156
13127,14157
13127,14158
13127,14159
13127,14160
13127,14161
13127,14162
13127,14163
13127,14164
13127,14165
13127,14166
13127,14167
13127,14168
13127,14169
13127,14170
13127,14171
13127,14172
13127,14173
13127,14174
13127,14175
13127,14176
13127,14177
13127,14178
13127,14179
13127,14180
13127,14181
13127,14182
13127,14183
13127,14184
13127,14185
13127,14186
13127,14187
13127,14188
13127,14189
13127,14190
13127,14191
13127,14192
13127,14193
13127,14194
13127,14195
13127,14196
13127,14197
13127,14198
13127,14199
13127,14200
13127,14201
13127,14202
13127,14203
13127,14204
13127,14205
13127,14206
13127,14207
13127,14208
13127,14209
13127,14210
13127,14211
13127,14212
13127,14213
13127,14214
13127,14215
13127,14216
13127,14217
13127,14218
13127,14219
13127,14220
13127,14221
13127,14222
13127,14223
13127,14224
13127,14225
13127,14226
13127,14227
13127,14228
13127,14229
13127,14230
13127,14231
13127,14232
13127,14233
13127,14234
13127,14235
13127,14236
13127,14237
13127,14238
13127,14239
13127,14240
13127,14241
13127,14242
13127,14243
13127,14244
13127,14245
13127,14246
13127,14247
13127,14248
13127,14249
13127,14250
13127,14251
13127,14252
13127,14253
13127,14254
13127,14255
13127,14256
13127,14257
13127,14258
13127,14259
13127,14260
13127,14261
13127,14262
13127,14263
13127,14264
13127,14265
13127,14266
13127,14267
13127,14268
13127,14269
13127,14270
13127,14271
13127,14272
13127,14273
13127,14274
13127,14275
13127,14276
13127,14277
13127,14278
13127,14279
13127,14280
13127,14281
13127,14282
13127,14283
13127,14284
13127,14285
13127,14286
13127,14287
13127,14288
13127,14289
13127,14290
13127,14291
13127,14292
13127,14293
13127,14294
13127,14295
13127,14296
13127,14297
13127,14298
13127,14299
13127,14300
13127,14301
13127,14302
13127,14303
13127,14304
13127,14305
13127,14306
13127,14307
13127,14308
13127,14309
13127,14310
13127,14311
13127,14312
13127,14313
13127,14314
13127,14315
13127,14316
13127,14317
13127,14318
13127,14319
13127,14320
13127,14321
13127,14322
13127,14323
13127,14324
13127,14325
13127,14326
13127,14327
13127,14328
13127,14329
13127,14330
13127,14331
13127,14332
13127,14333
13127,14334
13127,14335
13127,14336
13127,14337
13127,14338
13127,14339
13127,14340
13127,14341
13127,14342
13127,14343
13127,14344
13127,14345
13127,14346
13127,14347
13127,14348
13127,14349
13127,14350
13127,14351
13127,14352
13127,14353
13127,14354
13127,14355
13127,14356
13127,14357
13127,14358
13127,14359
13127,14360
13127,14361
13127,14362
13127,14363
13127,14364
13127,14365
13127,14366
13127,14367
13127,14368
13127,14369
13127,14370
13127,14371
13127,14372
13127,14373
13127,14374
13127,14375
13127,14376
13127,14377
13127,14378
13127,14379
13127,14380
13127,14381
13127,14382
13127,14383
13127,14384
13127,14385
13127,14386
13127,14387
13127,14388
13127,14389
13127,14390
13127,14391
13127,14392
13127,14393
13127,14394
13127,14395
13127,14396
13127,14397
13127,14398
13127,14399
13127,14400
13127,14401
13127,14402
13127,14403
13127,14404
13127,14405
13127,14406
13127,14407
13127,14408
13127,14409
13127,14410
13127,14411
13127,14412
13127,14413
13127,14414
13127,14415
13127,14416
13127,14417
13127,14418
13127,14419
13127,14420
13127,14421
13127,14422
13127,14423
13127,14424
13127,14425
13127,14426
13127,14427
13127,14428
13127,14429
13127,14430
13127,14431
13127,14432
13127,14433
13127,14434
13127,14435
13127,14436
13127,14437
13127,14438
13127,14439
13127,14440
13127,14441
13127,14442
13127,14443
13127,14444
13127,14445
13127,14446
13127,14447
13127,14448
13127,14449
13127,14450
13127,14451
13127,14452
13127,14453
13127,14454
13127,14455
13127,14456
13127,14457
13127,14458
13127,14459
13127,14460
13127,14461
13127,14462
13127,14463
13127,14464
13127,14465
13127,14466
13127,14467
13127,14468
13127,14469
13127,14470
13127,14471
13127,14472
13127,14473
13127,14474
13127,14475
13127,14476
13127,14477
13127,14478
13127,14479
13127,14480
13127,14481
13127,14482
13127,14483
13127,14484
13127,14485
13127,14486
13127,14487
13127,14488
13127,14489
13127,14490
13127,14491
13127,14492
13127,14493
13127,14494
13127,14495
13127,14496
13127,14497
13127,14498
13127,14498
13127,14499
13127,14500
13127,14501
13127,14502
13127,14503
13127,14504
13127,14505
13127,14506
13127,14507
13127,14508
13127,14509
13127,14510
13127,14511
13127,14512
13127,14513
13127,14514
13127,14515
13127,14516
13127,14517
13127,14518
13127,14519
13127,14520
13127,14521
13127,14522
13127,14523
13127,14524
13127,14523
13127,14523
13127,14525
13127,14525
13127,14525
13127,14526
13127,14526
13127,14526
13127,14527
13127,14527
13127,14527
13127,14528
13127,14528
13127,14528
13127,14529
13127,14529
13127,14529
13127,14530
13127,14531
13127,14532
13127,14533
13127,14533
13127,14533
13127,14534
13127,14534
13127,14534
13127,14535
13127,14535
13127,14535
13127,14536
13127,14536
13127,14536
13127,14537
13127,14538
13127,14539
13127,14539
13127,14539
13127,14540
13127,14540
13127,14540
13127,14541
13127,14541
13127,14541
13127,14542
13127,14543
13127,14544
13127,14545
13127,14546
13127,14547
13127,14548
13127,14549
13127,14550
13127,14551
13127,14552
13127,14553
13127,14554
13127,14555
13127,14556
13127,14557
13127,14558
13127,14559
13127,14560
13127,14561
13127,14562
13127,14563
13127,14564
13127,14565
13127,14566
13127,14567
13127,14568
13127,14569
13127,14570
13127,14571
13127,14572
13127,14573
13127,14574
13127,14575
13127,14576
13127,14577
13127,14577
13127,14577
13127,14578
13127,14579
13127,14580
13127,14581
13127,14582
13127,14583
13127,14584
13127,14585
13127,14586
13127,14587
13127,14588
13127,14589
13127,14590
13127,14591
13127,14592
13127,14593
13127,14594
13127,14595
13127,14596
13127,14597
13127,14598
13127,14599
13127,14600
13127,14601
13127,14602
13127,14603
13127,14604
13127,14605
13127,14606
13127,14607
13127,14608
13127,14609
13127,14610
13127,14611
13127,14612
13127,14613
13127,14614
13127,14615
13127,14616
13127,14617
13127,14618
13127,14619
13127,14620
13127,14621
13127,14622
13127,14623
13127,14624
13127,14625
13127,14626
13127,14627
13127,14628
13127,14629
13127,14630
13127,14631
13127,14632
13127,14633
13127,14634
13127,14635
13127,14636
13127,14637
13127,14638
13127,14639
13127,14640
13127,14641
13127,14642
13127,14643
13127,14644
13127,14645
13127,14646
13127,14647
13127,14648
13127,14649
13127,14650
13127,14651
13127,14652
13127,14653
13127,14654
13127,14655
13127,14656
