46629,46630
46629,46630
46629,46630
46629,46631
46629,46631
46629,46631
46629,46632
46629,46632
46629,46632
46629,46633
46629,46634
46629,46634
46629,46634
46629,46635
46629,46636
46629,46637
46629,46637
46629,46637
46629,46638
46629,46638
46629,46638
46629,46639
46629,46639
46629,46639
46629,46640
46629,46641
46629,46642
46629,46643
46629,46644
46629,46644
46629,46644
46629,46645
46629,46645
46629,46645
46629,46646
46629,46646
46629,46646
46629,46647
46629,46647
46629,46647
46629,46648
46629,46648
46629,46648
46629,46649
46629,46649
46629,46649
46629,46650
46629,46650
46629,46650
46629,46651
46629,46651
46629,46651
46629,46652
46629,46652
46629,46652
46629,46653
46629,46653
46629,46653
46629,46654
46629,46654
46629,46654
46629,46655
46629,46655
46629,46655
46629,46656
46629,46656
46629,46656
46629,46657
46629,46657
46629,46657
46629,46658
46629,46658
46629,46659
46629,46660
