46732,46733
46732,46733
46732,46733
46732,46734
46732,46734
46732,46734
46732,46735
46732,46735
46732,46735
46732,46736
46732,46736
46732,46736
46732,46737
46732,46737
46732,46737
46732,46738
46732,46738
46732,46738
46732,46739
46732,46739
46732,46739
46732,46740
46732,46740
46732,46740
46732,46741
46732,46741
46732,46741
46732,46742
46732,46742
46732,46742
46732,46743
46732,46743
46732,46743
46732,46744
46732,46744
46732,46744
46732,46745
46732,46745
46732,46745
46732,46746
46732,46746
46732,46746
46732,46747
46732,46747
46732,46747
46732,46748
46732,46748
46732,46748
46732,46749
46732,46749
46732,46749
46732,46750
46732,46750
46732,46750
46732,46751
46732,46751
46732,46751
46732,46752
46732,46752
46732,46752
46732,46753
46732,46753
46732,46753
46732,46754
46732,46755
46732,46756
46732,46757
46732,46758
46732,46759
46732,46760
46732,46761
46732,46762
46732,46763
46732,46764
46732,46765
46732,46766
46732,46767
46732,46768
46732,46769
46732,46770
46732,46771
46732,46772
46732,46773
46732,46774
46732,46775
46732,46775
46732,46775
46732,46776
46732,46776
46732,46776
46732,46777
46732,46777
46732,46777
46732,46778
46732,46778
46732,46778
46732,46779
46732,46779
46732,46779
46732,46780
46732,46780
46732,46780
46732,46781
46732,46781
46732,46781
46732,46782
46732,46782
46732,46782
46732,46783
46732,46783
46732,46783
46732,46784
46732,46784
46732,46784
46732,46785
46732,46785
46732,46785
46732,46786
46732,46786
46732,46786
46732,46787
46732,46787
46732,46787
46732,46788
46732,46788
46732,46788
46732,46789
46732,46789
46732,46789
46732,46790
46732,46790
46732,46790
46732,46791
46732,46791
46732,46791
46732,46792
46732,46792
46732,46792
46732,46793
46732,46793
46732,46793
46732,46794
46732,46794
46732,46794
46732,46795
46732,46795
46732,46795
46732,46796
46732,46796
46732,46796
46732,46797
46732,46797
46732,46797
46732,46798
46732,46798
46732,46798
46732,46799
46732,46799
46732,46799
46732,46800
46732,46800
46732,46800
46732,46801
46732,46801
46732,46801
46732,46802
46732,46802
46732,46802
46732,46803
46732,46803
46732,46803
46732,46804
46732,46804
46732,46804
46732,46805
46732,46806
46732,46807
46732,46808
46732,46809
46732,46810
46732,46811
46732,46812
46732,46813
46732,46814
46732,46815
46732,46816
46732,46817
46732,46818
46732,46819
46732,46820
46732,46821
46732,46822
46732,46823
46732,46824
46732,46825
46732,46826
46732,46826
46732,46826
46732,46827
46732,46827
46732,46827
46732,46828
46732,46828
46732,46828
46732,46829
46732,46829
46732,46829
46732,46830
46732,46830
46732,46830
46732,46831
46732,46831
46732,46831
46732,46832
46732,46832
46732,46832
46732,46833
46732,46833
46732,46833
46732,46834
46732,46834
46732,46834
46732,46835
46732,46835
