15044,15045
15044,15046
15044,15047
15044,15048
15044,15049
15044,15050
15044,15051
15044,15052
15044,15053
15044,15054
15044,15055
15044,15056
15044,15057
15044,15058
15044,15059
15044,15060
15044,15061
15044,15062
15044,15063
15044,15064
15044,15065
15044,15066
15044,15067
15044,15068
15044,15069
15044,15070
15044,15071
15044,15072
15044,15073
15044,15074
15044,15075
15044,15076
15044,15077
15044,15078
15044,15079
15044,15080
15044,15081
15044,15082
15044,15083
15044,15084
15044,15085
15044,15086
15044,15087
15044,15088
15044,15089
15044,15090
15044,15091
15044,15092
15044,15093
15044,15094
15044,15095
15044,15096
15044,15097
15044,15098
15044,15099
15044,15100
15044,15101
15044,15102
15044,15103
15044,15104
15044,15105
15044,15106
15044,15107
15044,15108
15044,15109
15044,15110
15044,15111
15044,15112
15044,15113
15044,15114
15044,15115
15044,15116
15044,15117
15044,15118
15044,15119
15044,15120
15044,15121
15044,15122
15044,15123
15044,15124
15044,15125
15044,15126
15044,15127
15044,15128
15044,15129
15044,15130
15044,15131
15044,15132
15044,15133
15044,15134
15044,15135
15044,15136
15044,15137
15044,15138
15044,15139
15044,15140
15044,15141
15044,15142
15044,15143
15044,15144
15044,15145
15044,15146
15044,15147
15044,15148
15044,15149
15044,15150
15044,15151
15044,15152
15044,15153
15044,15154
15044,15155
15044,15156
15044,15157
15044,15158
15044,15159
15044,15160
15044,15161
15044,15162
15044,15163
15044,15164
15044,15165
15044,15166
15044,15167
15044,15168
15044,15169
15044,15170
15044,15171
15044,15172
15044,15173
15044,15174
15044,15175
15044,15176
15044,15177
15044,15178
15044,15179
15044,15180
15044,15181
15044,15182
15044,15183
15044,15184
15044,15185
15044,15186
15044,15187
15044,15188
15044,15189
15044,15190
15044,15191
15044,15192
15044,15193
15044,15194
15044,15195
15044,15196
15044,15197
15044,15198
15044,15199
15044,15200
15044,15201
15044,15202
15044,15203
15044,15204
15044,15205
15044,15206
15044,15207
15044,15208
15044,15209
15044,15210
15044,15211
15044,15212
15044,15213
15044,15214
15044,15215
15044,15216
15044,15217
15044,15218
15044,15219
15044,15220
15044,15221
15044,15222
15044,15223
15044,15224
15044,15225
15044,15226
15044,15227
15044,15228
15044,15229
15044,15230
15044,15231
15044,15232
15044,15233
15044,15234
15044,15235
15044,15236
15044,15237
15044,15238
15044,15239
15044,15240
15044,15241
15044,15242
15044,15243
15044,15244
15044,15245
15044,15246
15044,15247
15044,15248
15044,15249
15044,15250
15044,15251
15044,15252
15044,15253
15044,15254
15044,15255
15044,15256
15044,15257
15044,15258
15044,15259
15044,15260
15044,15261
15044,15262
15044,15263
15044,15264
15044,15265
15044,15266
15044,15267
15044,15268
15044,15269
15044,15270
15044,15271
15044,15272
15044,15273
15044,15274
15044,15275
15044,15276
15044,15277
15044,15278
15044,15279
15044,15280
15044,15281
15044,15282
15044,15283
15044,15284
15044,15285
15044,15285
15044,15286
15044,15287
15044,15288
15044,15289
15044,15290
15044,15291
15044,15292
15044,15293
15044,15294
15044,15295
15044,15296
15044,15297
15044,15298
15044,15299
15044,15300
15044,15301
15044,15302
15044,15303
15044,15304
15044,15305
15044,15306
15044,15307
15044,15308
15044,15309
15044,15310
15044,15311
15044,15312
15044,15313
15044,15314
15044,15315
15044,15316
15044,15317
15044,15318
15044,15319
15044,15320
15044,15321
15044,15322
15044,15323
15044,15324
15044,15325
15044,15326
15044,15327
15044,15328
15044,15329
15044,15330
15044,15331
15044,15332
15044,15333
15044,15334
15044,15335
15044,15336
15044,15337
15044,15338
15044,15339
15044,15340
15044,15341
15044,15342
15044,15343
15044,15344
15044,15345
15044,15346
15044,15347
15044,15348
15044,15349
15044,15350
15044,15351
15044,15352
15044,15353
15044,15354
15044,15355
15044,15356
15044,15357
15044,15358
15044,15359
15044,15360
15044,15361
15044,15362
15044,15363
15044,15364
15044,15365
15044,15366
15044,15367
15044,15368
15044,15369
15044,15370
15044,15371
15044,15372
15044,15373
15044,15374
15044,15375
15044,15376
15044,15377
15044,15378
15044,15379
15044,15380
15044,15381
15044,15382
15044,15383
15044,15384
15044,15385
15044,15386
15044,15387
15044,15388
15044,15389
15044,15390
15044,15391
15044,15392
15044,15393
15044,15394
15044,15395
15044,15396
15044,15397
15044,15398
15044,15399
15044,15400
15044,15401
15044,15402
15044,15403
15044,15404
15044,15405
15044,15406
15044,15407
15044,15408
15044,15409
15044,15410
15044,15411
15044,15412
15044,15413
15044,15414
15044,15415
15044,15416
15044,15417
15044,15418
15044,15419
15044,15420
15044,15421
15044,15422
15044,15423
15044,15424
15044,15425
15044,15426
15044,15427
15044,15428
15044,15429
