47151,47152
47151,47152
47151,47152
47151,47153
47151,47153
47151,47153
47151,47154
47151,47154
47151,47154
47151,47155
47151,47155
47151,47155
47151,47156
47151,47156
47151,47156
47151,47157
47151,47157
47151,47157
47151,47158
47151,47159
47151,47158
47151,47159
47151,47159
47151,47158
47151,47160
47151,47161
47151,47161
47151,47161
47151,47162
47151,47162
47151,47162
47151,47160
47151,47160
47151,47163
47151,47164
47151,47163
47151,47164
47151,47163
47151,47165
47151,47165
47151,47165
47151,47164
47151,47166
47151,47166
47151,47166
47151,47167
47151,47167
47151,47167
47151,47168
47151,47168
47151,47168
47151,47169
47151,47169
47151,47170
47151,47170
47151,47171
47151,47170
47151,47171
47151,47171
47151,47172
47151,47172
47151,47172
47151,47169
47151,47173
47151,47174
47151,47175
47151,47176
47151,47177
47151,47178
47151,47179
47151,47180
47151,47181
47151,47182
47151,47183
47151,47184
47151,47185
47151,47186
47151,47187
47151,47188
47151,47189
47151,47190
47151,47191
47151,47192
47151,47193
47151,47194
47151,47194
47151,47194
47151,47195
47151,47195
47151,47196
47151,47196
47151,47196
47151,47197
47151,47197
47151,47198
47151,47198
47151,47198
47151,47197
47151,47199
47151,47200
47151,47200
47151,47200
47151,47199
47151,47201
47151,47201
47151,47201
47151,47195
47151,47199
47151,47202
47151,47202
47151,47202
47151,47203
47151,47204
47151,47205
47151,47205
47151,47205
47151,47206
47151,47207
47151,47208
47151,47209
47151,47210
47151,47211
47151,47212
47151,47213
47151,47214
47151,47215
47151,47215
47151,47215
47151,47216
47151,47216
47151,47216
47151,47217
47151,47218
47151,47219
47151,47220
47151,47221
47151,47222
47151,47223
47151,47223
47151,47224
47151,47224
47151,47224
47151,47225
47151,47225
47151,47225
47151,47226
47151,47226
47151,47226
47151,47226
47151,47227
47151,47227
47151,47227
47151,47228
47151,47228
47151,47228
47151,47229
47151,47229
47151,47229
47151,47230
47151,47230
47151,47230
47151,47231
47151,47231
47151,47231
47151,47232
47151,47232
47151,47232
47151,47233
47151,47233
47151,47233
47151,47234
47151,47234
47151,47234
47151,47235
47151,47235
47151,47235
47151,47236
47151,47236
47151,47236
47151,47237
47151,47237
47151,47237
47151,47238
47151,47238
47151,47238
47151,47239
47151,47239
47151,47239
47151,47240
47151,47240
47151,47240
47151,47241
47151,47241
47151,47241
47151,47242
47151,47242
47151,47242
47151,47243
47151,47243
47151,47243
47151,47244
47151,47244
47151,47244
47151,47245
47151,47245
47151,47245
47151,47246
47151,47246
47151,47246
47151,47247
47151,47248
47151,47249
47151,47250
47151,47251
47151,47252
47151,47253
47151,47254
47151,47255
47151,47256
47151,47257
47151,47258
47151,47259
47151,47260
47151,47261
47151,47262
47151,47263
47151,47264
47151,47265
47151,47266
