47826,47827
47826,47827
47826,47827
47826,47828
47826,47828
47826,47828
47826,47829
47826,47829
47826,47829
47826,47830
47826,47830
47826,47830
47826,47831
47826,47831
47826,47831
47826,47832
47826,47832
47826,47832
47826,47833
47826,47833
47826,47833
47826,47834
47826,47834
47826,47834
47826,47835
47826,47835
47826,47835
47826,47836
47826,47836
47826,47836
47826,47837
47826,47837
47826,47837
47826,47838
47826,47838
47826,47838
47826,47839
47826,47839
47826,47839
47826,47840
47826,47840
47826,47840
47826,47841
47826,47841
47826,47841
47826,47842
47826,47842
47826,47842
47826,47843
47826,47843
47826,47843
47826,47844
47826,47844
47826,47844
47826,47845
47826,47845
47826,47845
47826,47846
47826,47846
47826,47846
47826,47846
47826,47845
47826,47847
47826,47847
47826,47847
47826,47847
47826,47848
47826,47848
47826,47848
47826,47848
47826,47849
47826,47849
47826,47849
47826,47849
47826,47850
47826,47850
47826,47850
47826,47850
47826,47851
47826,47851
47826,47851
47826,47851
47826,47852
47826,47852
47826,47852
47826,47853
47826,47853
47826,47853
47826,47852
47826,47853
47826,47854
47826,47854
47826,47854
47826,47854
47826,47855
47826,47855
47826,47855
47826,47855
47826,47856
47826,47856
47826,47856
47826,47856
47826,47857
47826,47857
47826,47857
47826,47857
47826,47858
47826,47858
47826,47858
47826,47858
47826,47859
47826,47859
47826,47859
47826,47859
47826,47860
47826,47860
47826,47860
47826,47860
47826,47861
47826,47861
47826,47861
47826,47861
47826,47862
47826,47862
47826,47862
47826,47862
47826,47863
47826,47863
47826,47863
47826,47863
47826,47864
47826,47864
47826,47864
47826,47864
47826,47865
47826,47865
47826,47865
47826,47865
47826,47866
47826,47866
47826,47867
47826,47867
47826,47868
47826,47868
47826,47869
47826,47869
47826,47870
47826,47870
47826,47871
47826,47871
47826,47872
47826,47872
47826,47873
47826,47873
47826,47874
47826,47874
47826,47875
47826,47875
47826,47876
47826,47876
47826,47877
47826,47877
47826,47878
47826,47878
47826,47879
47826,47879
47826,47880
47826,47880
47826,47881
47826,47881
47826,47882
47826,47882
47826,47883
47826,47883
47826,47884
47826,47884
47826,47885
47826,47885
47826,47886
47826,47886
47826,47887
47826,47887
47826,47887
47826,47887
47826,47888
47826,47888
47826,47888
47826,47888
47826,47889
47826,47889
47826,47889
47826,47889
47826,47890
47826,47890
47826,47890
47826,47890
47826,47891
47826,47891
47826,47891
47826,47891
47826,47892
47826,47892
47826,47892
47826,47892
47826,47893
47826,47893
47826,47893
47826,47893
47826,47894
47826,47894
47826,47894
47826,47894
47826,47895
47826,47895
47826,47895
47826,47895
47826,47896
47826,47896
47826,47896
47826,47897
47826,47898
47826,47898
47826,47899
47826,47899
47826,47899
