48172,48173
48172,48173
48172,48173
48172,48174
48172,48174
48172,48174
48172,48175
48172,48175
48172,48175
48172,48176
48172,48176
48172,48176
48172,48177
48172,48177
48172,48177
48172,48178
48172,48178
48172,48178
48172,48179
48172,48179
48172,48179
48172,48180
48172,48180
48172,48180
48172,48181
48172,48181
48172,48181
48172,48182
48172,48182
48172,48182
48172,48183
48172,48183
48172,48183
48172,48184
48172,48184
48172,48184
48172,48185
48172,48185
48172,48185
48172,48186
48172,48186
48172,48186
48172,48187
48172,48187
48172,48187
48172,48188
48172,48188
48172,48188
48172,48189
48172,48189
48172,48189
48172,48190
48172,48190
48172,48190
48172,48191
48172,48191
48172,48191
48172,48192
48172,48192
48172,48192
48172,48193
48172,48193
48172,48193
48172,48194
48172,48195
48172,48196
48172,48197
48172,48198
48172,48199
48172,48200
48172,48201
48172,48202
48172,48203
48172,48204
48172,48205
48172,48206
48172,48207
48172,48208
48172,48209
48172,48209
48172,48210
48172,48210
48172,48210
48172,48211
48172,48211
48172,48211
48172,48212
48172,48212
48172,48212
48172,48213
48172,48213
48172,48213
48172,48214
48172,48214
48172,48214
48172,48215
48172,48215
48172,48215
48172,48216
48172,48216
48172,48216
48172,48217
48172,48217
48172,48217
48172,48218
48172,48218
48172,48218
48172,48219
48172,48219
48172,48219
48172,48220
48172,48220
48172,48220
48172,48221
48172,48221
48172,48221
48172,48222
48172,48222
48172,48222
48172,48223
48172,48223
48172,48223
48172,48224
48172,48224
48172,48224
48172,48225
48172,48225
48172,48225
48172,48226
48172,48226
48172,48226
48172,48227
48172,48227
48172,48227
48172,48228
48172,48228
48172,48228
48172,48229
48172,48229
48172,48229
48172,48230
48172,48230
48172,48230
48172,48231
48172,48231
48172,48231
48172,48232
48172,48233
48172,48234
48172,48235
48172,48236
48172,48237
48172,48238
48172,48239
48172,48240
48172,48241
48172,48242
48172,48243
48172,48244
48172,48245
48172,48246
48172,48247
48172,48248
48172,48249
48172,48250
48172,48251
48172,48252
48172,48253
48172,48254
48172,48254
48172,48254
48172,48255
48172,48255
48172,48255
48172,48256
48172,48256
48172,48256
48172,48257
48172,48257
48172,48257
48172,48258
48172,48258
48172,48258
48172,48259
48172,48259
48172,48259
48172,48260
48172,48260
48172,48260
48172,48261
48172,48262
48172,48261
48172,48261
48172,48263
48172,48263
48172,48263
48172,48264
