16285,16286
16285,16287
16285,16288
16285,16289
16285,16290
16285,16291
16285,16292
16285,16293
16285,16294
16285,16295
16285,16296
16285,16297
16285,16298
16285,16299
16285,16300
16285,16301
16285,16302
16285,16303
16285,16304
16285,16305
16285,16306
16285,16307
16285,16308
16285,16309
16285,16310
16285,16311
16285,16312
16285,16313
16285,16314
16285,16315
16285,16316
16285,16317
16285,16318
16285,16319
16285,16320
16285,16321
16285,16322
16285,16323
16285,16324
16285,16325
16285,16326
16285,16327
16285,16328
16285,16329
16285,16330
16285,16331
16285,16332
16285,16333
16285,16334
16285,16335
16285,16336
16285,16337
16285,16338
16285,16339
16285,16340
16285,16341
16285,16342
16285,16343
16285,16344
16285,16345
16285,16346
16285,16347
16285,16348
16285,16349
16285,16350
16285,16351
16285,16352
16285,16353
16285,16354
16285,16355
16285,16356
16285,16357
16285,16358
16285,16359
16285,16360
16285,16361
16285,16362
16285,16363
16285,16364
16285,16365
16285,16366
16285,16367
16285,16368
16285,16369
16285,16370
16285,16371
16285,16372
16285,16373
16285,16374
16285,16375
16285,16376
16285,16377
16285,16378
16285,16379
16285,16380
16285,16381
16285,16382
16285,16383
16285,16384
16285,16385
16285,16386
16285,16387
16285,16388
16285,16389
16285,16390
16285,16391
16285,16392
16285,16393
16285,16394
16285,16395
16285,16396
16285,16397
16285,16398
16285,16399
16285,16400
16285,16401
16285,16402
16285,16403
16285,16404
16285,16405
16285,16406
16285,16407
16285,16408
16285,16409
16285,16410
16285,16411
16285,16412
16285,16413
16285,16414
16285,16415
16285,16416
16285,16417
16285,16418
16285,16419
16285,16420
16285,16421
16285,16422
16285,16423
16285,16424
16285,16425
16285,16426
16285,16427
16285,16428
16285,16429
16285,16430
16285,16431
16285,16432
16285,16433
16285,16434
16285,16435
16285,16436
16285,16437
16285,16438
16285,16439
16285,16440
16285,16441
16285,16442
16285,16443
16285,16444
16285,16445
16285,16446
16285,16447
16285,16448
16285,16449
16285,16450
16285,16451
16285,16452
16285,16453
16285,16454
16285,16455
16285,16456
16285,16457
16285,16458
16285,16459
16285,16460
16285,16461
16285,16462
16285,16463
16285,16464
16285,16465
16285,16466
16285,16467
16285,16468
16285,16469
16285,16470
16285,16471
16285,16472
16285,16473
16285,16474
16285,16475
16285,16476
16285,16477
16285,16478
16285,16479
16285,16480
16285,16481
16285,16482
16285,16483
16285,16484
16285,16485
16285,16486
16285,16487
16285,16488
16285,16489
16285,16490
16285,16491
16285,16492
16285,16493
16285,16494
16285,16495
16285,16496
16285,16497
16285,16498
16285,16499
16285,16500
16285,16501
16285,16502
16285,16503
16285,16504
16285,16505
16285,16506
16285,16507
16285,16508
16285,16509
16285,16510
16285,16511
16285,16512
16285,16513
16285,16514
16285,16515
16285,16516
16285,16517
16285,16518
16285,16519
16285,16520
16285,16521
16285,16522
16285,16523
16285,16524
16285,16525
16285,16526
16285,16527
16285,16528
16285,16529
16285,16530
16285,16531
16285,16532
16285,16533
16285,16534
16285,16535
16285,16536
16285,16537
16285,16538
16285,16539
16285,16540
16285,16541
16285,16542
16285,16543
16285,16544
16285,16545
16285,16546
16285,16547
16285,16548
16285,16549
16285,16550
16285,16551
16285,16552
16285,16553
16285,16554
16285,16555
16285,16556
16285,16557
16285,16558
16285,16559
16285,16560
16285,16561
16285,16562
16285,16563
16285,16564
16285,16565
16285,16566
16285,16567
16285,16568
16285,16569
16285,16570
16285,16571
16285,16572
16285,16573
16285,16574
16285,16575
16285,16576
16285,16577
16285,16578
16285,16578
16285,16579
16285,16580
16285,16581
16285,16582
16285,16583
16285,16584
16285,16585
16285,16586
16285,16587
16285,16588
16285,16589
16285,16590
16285,16591
16285,16592
16285,16593
16285,16594
16285,16595
16285,16596
16285,16597
16285,16598
16285,16599
16285,16600
16285,16601
16285,16602
16285,16603
16285,16604
16285,16605
16285,16606
16285,16607
16285,16608
16285,16609
16285,16610
16285,16611
16285,16612
16285,16613
16285,16614
16285,16615
16285,16616
16285,16617
16285,16618
16285,16619
16285,16620
16285,16621
16285,16622
16285,16623
16285,16624
16285,16625
16285,16626
16285,16627
16285,16628
16285,16629
16285,16630
16285,16631
16285,16632
16285,16633
16285,16634
16285,16635
16285,16636
16285,16637
16285,16638
16285,16639
16285,16640
16285,16641
16285,16642
16285,16643
16285,16644
16285,16645
16285,16646
16285,16647
16285,16648
16285,16649
16285,16650
16285,16651
16285,16652
16285,16653
16285,16654
16285,16655
16285,16656
16285,16657
16285,16658
16285,16659
16285,16660
16285,16661
16285,16662
16285,16663
16285,16664
16285,16665
16285,16666
16285,16667
16285,16668
16285,16669
16285,16670
16285,16671
16285,16672
16285,16673
16285,16674
16285,16675
16285,16676
16285,16677
16285,16678
16285,16679
16285,16680
16285,16681
16285,16682
16285,16683
16285,16684
16285,16685
16285,16686
16285,16687
16285,16688
16285,16689
16285,16690
16285,16691
16285,16692
16285,16693
16285,16694
16285,16695
16285,16696
16285,16697
16285,16698
16285,16699
16285,16700
16285,16701
16285,16702
16285,16703
16285,16704
16285,16705
16285,16706
16285,16707
16285,16708
16285,16709
16285,16710
16285,16711
16285,16712
16285,16713
16285,16714
16285,16715
16285,16716
16285,16717
16285,16718
16285,16719
16285,16720
16285,16721
16285,16722
16285,16723
16285,16724
16285,16725
16285,16726
16285,16727
16285,16728
16285,16729
16285,16730
16285,16731
16285,16732
16285,16733
16285,16734
16285,16735
16285,16736
16285,16737
16285,16738
16285,16739
16285,16740
16285,16741
16285,16742
16285,16743
16285,16744
