50092,50093
50092,50094
50092,50094
50092,50094
50092,50095
50092,50096
50092,50097
50092,50097
50092,50098
50092,50099
50092,50099
50092,50099
50092,50100
50092,50101
50092,50102
50092,50103
50092,50104
50092,50105
50092,50106
50092,50107
50092,50108
50092,50109
50092,50110
50092,50111
50092,50112
50092,50113
50092,50114
50092,50115
50092,50116
50092,50117
50092,50118
50092,50119
50092,50120
50092,50121
50092,50122
50092,50123
50092,50124
50092,50125
50092,50126
50092,50127
50092,50128
50092,50129
50092,50130
50092,50131
50092,50132
50092,50133
50092,50134
50092,50135
50092,50136
50092,50137
50092,50138
50092,50139
