50846,50847
50846,50847
50846,50847
50846,50848
50846,50848
50846,50849
50846,50849
50846,50850
50846,50850
50846,50851
50846,50851
50846,50852
50846,50852
50846,50853
50846,50853
50846,50854
50846,50854
50846,50855
50846,50855
50846,50856
50846,50856
50846,50857
50846,50857
50846,50858
50846,50858
50846,50859
50846,50859
50846,50860
50846,50860
50846,50861
50846,50861
50846,50862
50846,50862
50846,50863
50846,50863
50846,50864
50846,50864
50846,50865
50846,50865
50846,50866
50846,50866
50846,50867
50846,50867
