52672,52673
52672,52673
52672,52673
52672,52674
52672,52674
52672,52674
52672,52675
52672,52675
52672,52675
52672,52676
52672,52676
52672,52676
52672,52677
52672,52677
52672,52677
52672,52678
52672,52679
52672,52679
52672,52679
52672,52678
52672,52680
52672,52680
52672,52678
52672,52680
52672,52681
52672,52681
52672,52681
52672,52682
52672,52682
52672,52682
52672,52683
52672,52683
52672,52684
52672,52684
52672,52683
52672,52684
52672,52685
52672,52685
52672,52685
52672,52686
52672,52686
52672,52686
52672,52687
52672,52687
52672,52687
52672,52688
52672,52688
52672,52688
52672,52689
52672,52689
52672,52689
52672,52690
52672,52690
52672,52690
52672,52691
52672,52691
52672,52692
52672,52692
52672,52692
52672,52691
52672,52693
52672,52693
52672,52693
52672,52694
52672,52694
52672,52694
52672,52695
52672,52696
52672,52697
52672,52698
52672,52699
52672,52699
52672,52699
52672,52700
52672,52700
52672,52700
52672,52701
52672,52702
52672,52702
52672,52702
52672,52703
52672,52704
52672,52704
52672,52704
52672,52705
52672,52705
52672,52706
52672,52705
52672,52707
52672,52707
52672,52707
52672,52708
52672,52709
52672,52709
52672,52709
52672,52710
52672,52710
52672,52710
52672,52711
52672,52712
52672,52712
52672,52712
52672,52713
52672,52714
52672,52714
52672,52713
52672,52715
52672,52716
52672,52717
52672,52717
52672,52717
52672,52713
52672,52718
52672,52719
52672,52719
52672,52719
52672,52720
52672,52720
52672,52714
52672,52720
52672,52721
52672,52721
52672,52721
52672,52722
52672,52723
52672,52723
52672,52723
52672,52724
52672,52724
52672,52724
52672,52725
52672,52725
52672,52725
52672,52726
52672,52727
52672,52727
52672,52728
52672,52727
52672,52729
52672,52729
52672,52729
52672,52730
52672,52731
52672,52731
52672,52731
52672,52732
52672,52733
52672,52734
52672,52735
52672,52736
52672,52737
52672,52738
52672,52739
52672,52740
52672,52741
52672,52742
52672,52743
52672,52744
52672,52745
52672,52746
52672,52746
52672,52747
52672,52746
52672,52748
52672,52749
52672,52749
52672,52749
52672,52750
52672,52751
52672,52752
52672,52753
52672,52752
52672,52754
52672,52754
52672,52754
52672,52752
52672,52755
52672,52756
52672,52756
52672,52757
52672,52756
52672,52758
52672,52759
52672,52759
52672,52760
52672,52759
52672,52761
52672,52762
52672,52762
52672,52762
52672,52763
52672,52764
52672,52765
52672,52766
52672,52765
52672,52766
52672,52766
52672,52765
52672,52767
52672,52768
52672,52768
52672,52767
52672,52768
52672,52767
52672,52769
52672,52769
52672,52769
52672,52770
52672,52770
52672,52770
52672,52771
52672,52771
52672,52771
52672,52772
52672,52772
52672,52772
52672,52773
52672,52773
52672,52773
52672,52774
52672,52775
52672,52774
52672,52775
52672,52775
52672,52774
52672,52776
52672,52776
52672,52776
52672,52777
52672,52777
52672,52777
52672,52778
52672,52778
52672,52778
52672,52779
52672,52779
52672,52779
52672,52780
52672,52780
52672,52780
52672,52781
52672,52781
52672,52781
52672,52782
52672,52782
52672,52782
52672,52783
52672,52783
52672,52783
52672,52784
52672,52784
52672,52784
52672,52785
52672,52785
52672,52785
52672,52786
52672,52786
52672,52786
52672,52787
52672,52787
52672,52787
52672,52788
52672,52788
52672,52788
52672,52789
52672,52789
52672,52789
52672,52790
52672,52790
52672,52790
52672,52791
52672,52791
52672,52791
52672,52792
52672,52792
52672,52792
52672,52793
52672,52793
52672,52793
52672,52794
52672,52794
52672,52794
52672,52795
52672,52795
52672,52795
52672,52796
52672,52796
52672,52796
52672,52797
52672,52798
52672,52799
52672,52800
52672,52801
52672,52802
52672,52803
52672,52803
52672,52804
52672,52804
52672,52804
52672,52805
52672,52805
52672,52805
52672,52806
52672,52806
52672,52806
52672,52807
52672,52807
52672,52807
52672,52808
52672,52808
52672,52808
52672,52809
52672,52809
52672,52809
52672,52810
52672,52810
52672,52810
52672,52811
52672,52811
52672,52811
52672,52812
52672,52812
52672,52812
52672,52813
52672,52813
52672,52813
52672,52814
52672,52814
52672,52814
52672,52815
52672,52815
52672,52815
52672,52816
52672,52816
52672,52817
52672,52817
52672,52816
52672,52817
52672,52818
52672,52818
52672,52818
52672,52819
52672,52819
52672,52819
52672,52820
52672,52820
52672,52820
52672,52821
52672,52821
52672,52821
52672,52822
52672,52822
52672,52822
52672,52823
52672,52823
52672,52823
52672,52824
52672,52824
52672,52824
52672,52825
52672,52825
52672,52825
52672,52826
52672,52827
52672,52828
52672,52829
52672,52830
52672,52831
52672,52832
52672,52833
52672,52834
52672,52835
52672,52836
52672,52837
52672,52838
52672,52839
52672,52840
52672,52841
52672,52842
52672,52843
52672,52844
52672,52845
52672,52846
52672,52847
52672,52847
52672,52847
52672,52848
52672,52848
52672,52848
52672,52849
52672,52849
52672,52849
52672,52850
52672,52850
52672,52851
52672,52851
52672,52850
52672,52851
52672,52852
52672,52852
52672,52852
52672,52853
52672,52853
52672,52853
52672,52854
52672,52854
52672,52854
52672,52855
52672,52855
52672,52855
