53142,53143
53142,53143
53142,53143
53142,53143
53142,53144
53142,53144
53142,53144
53142,53144
53142,53145
53142,53145
53142,53146
53142,53145
53142,53146
53142,53146
53142,53145
53142,53146
53142,53147
53142,53147
53142,53147
53142,53147
53142,53148
53142,53148
53142,53148
53142,53148
53142,53149
53142,53150
53142,53150
53142,53150
53142,53150
53142,53149
53142,53149
53142,53149
53142,53151
53142,53151
53142,53151
53142,53151
53142,53152
53142,53152
53142,53152
53142,53152
53142,53153
53142,53153
53142,53153
53142,53153
53142,53154
53142,53154
53142,53154
53142,53154
53142,53155
53142,53155
53142,53155
53142,53155
53142,53156
53142,53156
53142,53156
53142,53156
53142,53157
53142,53157
53142,53157
53142,53157
53142,53158
53142,53158
53142,53158
53142,53158
53142,53159
53142,53159
53142,53159
53142,53159
53142,53160
53142,53160
53142,53160
53142,53160
53142,53161
53142,53161
53142,53161
53142,53161
53142,53162
53142,53162
53142,53162
53142,53162
53142,53163
53142,53163
53142,53164
53142,53164
53142,53164
53142,53164
53142,53165
53142,53165
53142,53166
53142,53166
53142,53167
53142,53167
53142,53168
53142,53169
53142,53170
53142,53170
53142,53169
53142,53171
53142,53168
53142,53171
53142,53172
53142,53172
53142,53173
53142,53173
53142,53174
53142,53174
53142,53175
53142,53175
53142,53176
53142,53177
53142,53177
53142,53176
53142,53178
53142,53178
53142,53179
53142,53179
53142,53180
53142,53180
53142,53181
53142,53181
53142,53182
53142,53182
53142,53183
53142,53183
53142,53184
53142,53184
53142,53185
53142,53185
53142,53185
53142,53185
53142,53186
53142,53186
53142,53186
53142,53186
53142,53187
53142,53187
53142,53187
53142,53187
53142,53188
53142,53188
53142,53188
53142,53188
53142,53189
53142,53189
53142,53189
53142,53189
53142,53190
53142,53190
53142,53190
53142,53190
53142,53191
53142,53191
53142,53191
53142,53191
53142,53192
53142,53192
53142,53192
53142,53192
53142,53193
53142,53193
53142,53193
53142,53193
53142,53194
53142,53194
53142,53194
53142,53195
53142,53195
53142,53195
53142,53196
53142,53197
53142,53198
53142,53198
53142,53199
