53200,53201
53200,53201
53200,53201
53200,53202
53200,53203
53200,53204
53200,53205
53200,53206
53200,53206
53200,53206
53200,53207
53200,53207
53200,53207
53200,53208
53200,53208
53200,53208
53200,53209
53200,53209
53200,53209
53200,53210
53200,53210
53200,53210
53200,53211
53200,53211
53200,53211
53200,53212
53200,53212
53200,53212
53200,53213
53200,53213
53200,53213
53200,53214
53200,53214
53200,53214
53200,53215
53200,53215
53200,53215
53200,53216
53200,53216
53200,53216
53200,53217
53200,53217
53200,53217
53200,53218
53200,53218
53200,53218
53200,53219
53200,53219
53200,53219
53200,53220
53200,53220
53200,53220
53200,53221
53200,53221
53200,53221
53200,53222
53200,53222
53200,53222
53200,53223
53200,53223
53200,53223
53200,53224
53200,53224
53200,53224
53200,53225
53200,53225
53200,53225
53200,53226
53200,53226
53200,53226
53200,53227
53200,53227
53200,53227
53200,53228
53200,53229
53200,53230
53200,53231
53200,53232
53200,53233
53200,53234
53200,53235
53200,53235
53200,53235
53200,53236
53200,53236
53200,53236
53200,53237
53200,53237
53200,53237
53200,53238
53200,53238
53200,53238
53200,53239
53200,53239
53200,53239
53200,53240
53200,53240
53200,53240
53200,53241
53200,53241
53200,53242
53200,53242
53200,53242
53200,53243
53200,53241
53200,53244
53200,53244
53200,53244
53200,53243
53200,53243
53200,53245
53200,53245
53200,53246
53200,53246
53200,53246
53200,53247
53200,53245
53200,53247
53200,53247
53200,53248
53200,53248
53200,53248
53200,53249
53200,53249
53200,53249
53200,53250
53200,53250
53200,53250
53200,53251
53200,53251
53200,53251
53200,53252
53200,53252
53200,53252
53200,53253
53200,53253
53200,53253
53200,53254
53200,53255
53200,53254
53200,53255
53200,53255
53200,53254
53200,53256
53200,53257
53200,53258
53200,53259
53200,53260
53200,53261
53200,53262
53200,53263
53200,53264
53200,53265
53200,53266
53200,53267
53200,53268
53200,53269
53200,53270
53200,53271
53200,53272
53200,53273
53200,53274
53200,53275
53200,53276
53200,53277
53200,53277
53200,53277
53200,53278
53200,53278
53200,53278
53200,53279
53200,53279
53200,53279
53200,53280
53200,53280
53200,53280
53200,53281
53200,53281
53200,53281
53200,53282
53200,53282
53200,53282
53200,53283
53200,53283
53200,53283
53200,53284
53200,53284
53200,53284
53200,53285
53200,53285
53200,53285
53200,53286
53200,53286
53200,53287
53200,53287
53200,53287
53200,53288
53200,53288
53200,53288
53200,53289
53200,53289
53200,53289
53200,53290
53200,53290
53200,53290
53200,53291
53200,53291
53200,53291
53200,53292
53200,53292
53200,53292
53200,53293
53200,53293
53200,53293
53200,53294
53200,53294
53200,53294
53200,53295
53200,53295
53200,53295
53200,53296
53200,53296
53200,53296
53200,53297
53200,53297
53200,53297
53200,53298
53200,53298
53200,53298
53200,53299
53200,53299
53200,53299
53200,53300
53200,53300
53200,53300
53200,53301
53200,53301
53200,53301
53200,53302
53200,53302
53200,53302
53200,53303
53200,53303
53200,53303
53200,53304
53200,53304
53200,53304
53200,53305
53200,53305
53200,53305
53200,53306
53200,53306
53200,53306
53200,53307
53200,53307
53200,53307
53200,53308
53200,53309
53200,53310
53200,53311
53200,53312
53200,53313
53200,53314
53200,53315
53200,53316
53200,53317
53200,53318
53200,53319
53200,53320
53200,53321
53200,53322
53200,53323
53200,53324
53200,53325
53200,53326
53200,53327
53200,53328
53200,53329
53200,53329
53200,53329
53200,53330
53200,53330
53200,53330
53200,53331
53200,53331
53200,53331
53200,53332
53200,53332
53200,53332
53200,53333
53200,53333
53200,53333
53200,53334
53200,53334
53200,53334
53200,53335
53200,53335
53200,53335
53200,53336
53200,53337
53200,53337
53200,53337
53200,53336
53200,53336
53200,53338
53200,53338
53200,53339
53200,53339
53200,53340
53200,53340
53200,53341
53200,53341
53200,53341
