54063,54064
54063,54064
54063,54064
54063,54065
54063,54065
54063,54065
54063,54066
54063,54066
54063,54066
54063,54067
54063,54067
54063,54067
54063,54068
54063,54068
54063,54068
54063,54069
54063,54069
54063,54069
54063,54070
54063,54070
54063,54070
54063,54071
54063,54071
54063,54071
54063,54072
54063,54072
54063,54072
54063,54073
54063,54073
54063,54073
54063,54074
54063,54074
54063,54074
54063,54075
54063,54075
54063,54075
54063,54076
54063,54076
54063,54076
54063,54077
54063,54077
54063,54077
54063,54078
54063,54078
54063,54078
54063,54079
54063,54079
54063,54079
54063,54080
54063,54080
54063,54080
54063,54081
54063,54081
54063,54081
54063,54082
54063,54082
54063,54082
54063,54083
54063,54083
54063,54083
54063,54084
54063,54084
54063,54084
54063,54085
54063,54085
54063,54085
54063,54086
54063,54087
54063,54088
54063,54089
54063,54090
54063,54091
54063,54092
54063,54093
54063,54094
54063,54095
54063,54096
54063,54097
54063,54098
54063,54099
54063,54100
54063,54101
54063,54102
54063,54103
54063,54104
54063,54105
54063,54106
54063,54107
54063,54107
54063,54107
54063,54108
54063,54108
54063,54108
54063,54109
54063,54109
54063,54109
54063,54110
54063,54110
54063,54110
54063,54111
54063,54111
54063,54111
54063,54112
54063,54112
54063,54112
54063,54113
54063,54113
54063,54113
54063,54114
54063,54114
54063,54114
54063,54115
54063,54115
54063,54115
54063,54116
54063,54116
54063,54117
54063,54117
54063,54117
54063,54118
54063,54118
54063,54118
54063,54119
54063,54119
54063,54119
54063,54120
54063,54120
54063,54120
54063,54121
54063,54121
54063,54121
54063,54122
54063,54122
54063,54122
54063,54123
54063,54123
54063,54123
54063,54124
54063,54124
54063,54124
54063,54125
54063,54125
54063,54125
54063,54126
54063,54126
54063,54126
54063,54127
54063,54127
54063,54127
54063,54128
54063,54128
54063,54128
54063,54129
54063,54129
54063,54129
54063,54130
54063,54130
54063,54130
54063,54131
54063,54131
54063,54131
54063,54132
54063,54132
54063,54132
54063,54133
54063,54133
54063,54133
54063,54134
54063,54134
54063,54134
54063,54135
54063,54135
54063,54135
54063,54136
54063,54136
54063,54136
54063,54137
54063,54137
54063,54137
54063,54138
54063,54139
54063,54140
54063,54141
54063,54142
54063,54143
54063,54144
54063,54145
54063,54146
54063,54147
54063,54148
54063,54149
54063,54150
54063,54151
54063,54152
54063,54153
54063,54154
54063,54155
