54345,54346
54345,54346
54345,54346
54345,54347
54345,54347
54345,54347
54345,54348
54345,54348
54345,54348
54345,54349
54345,54349
54345,54349
54345,54350
54345,54350
54345,54350
54345,54351
54345,54351
54345,54351
54345,54352
54345,54352
54345,54352
54345,54353
54345,54354
54345,54354
54345,54354
54345,54353
54345,54353
54345,54355
54345,54355
54345,54355
54345,54356
54345,54356
54345,54356
54345,54357
54345,54358
54345,54358
54345,54358
54345,54357
54345,54359
54345,54359
54345,54357
54345,54359
54345,54360
54345,54360
54345,54360
54345,54361
54345,54361
54345,54361
54345,54362
54345,54362
54345,54362
54345,54363
54345,54363
54345,54363
54345,54364
54345,54364
54345,54364
54345,54365
54345,54365
54345,54365
54345,54366
54345,54366
54345,54366
54345,54367
54345,54367
54345,54367
54345,54368
54345,54369
54345,54370
54345,54371
54345,54372
54345,54373
54345,54374
54345,54375
54345,54376
54345,54377
54345,54378
54345,54379
54345,54380
54345,54381
54345,54382
54345,54383
54345,54384
54345,54385
54345,54386
54345,54387
54345,54388
54345,54389
54345,54389
54345,54389
54345,54390
54345,54390
54345,54391
54345,54391
54345,54390
54345,54391
54345,54392
54345,54392
54345,54392
54345,54393
54345,54393
54345,54393
54345,54394
54345,54394
54345,54394
54345,54395
54345,54395
54345,54395
54345,54396
54345,54396
54345,54396
54345,54397
54345,54397
54345,54397
54345,54398
54345,54398
54345,54398
54345,54398
54345,54399
54345,54399
54345,54399
54345,54399
54345,54400
54345,54400
54345,54400
54345,54400
54345,54401
54345,54401
54345,54401
54345,54401
54345,54402
54345,54402
54345,54402
54345,54402
54345,54403
54345,54403
54345,54403
54345,54403
54345,54404
54345,54404
54345,54404
54345,54405
54345,54405
54345,54405
54345,54406
54345,54406
54345,54406
54345,54406
54345,54405
54345,54407
54345,54407
54345,54407
54345,54408
54345,54407
54345,54408
54345,54408
54345,54404
54345,54408
54345,54409
54345,54409
54345,54409
54345,54409
54345,54410
54345,54410
54345,54410
54345,54411
54345,54411
54345,54411
54345,54411
54345,54410
54345,54412
54345,54412
54345,54412
54345,54412
54345,54413
54345,54413
54345,54413
54345,54413
54345,54414
54345,54414
54345,54414
54345,54414
54345,54415
54345,54415
54345,54415
54345,54415
54345,54416
54345,54416
54345,54416
54345,54416
54345,54417
54345,54417
54345,54417
54345,54417
54345,54418
54345,54418
54345,54419
54345,54419
54345,54419
54345,54419
54345,54420
54345,54420
54345,54421
54345,54421
54345,54422
54345,54422
54345,54423
54345,54423
54345,54424
54345,54424
54345,54425
54345,54425
54345,54426
54345,54427
54345,54427
54345,54426
54345,54428
54345,54429
54345,54428
54345,54429
54345,54430
54345,54430
54345,54431
54345,54431
54345,54432
54345,54432
54345,54433
54345,54433
54345,54434
54345,54434
54345,54435
54345,54435
54345,54436
54345,54436
54345,54437
54345,54437
54345,54438
54345,54438
54345,54439
54345,54439
54345,54440
54345,54440
54345,54440
54345,54440
54345,54441
54345,54441
54345,54441
54345,54442
54345,54442
54345,54442
54345,54442
54345,54441
54345,54443
54345,54443
54345,54443
54345,54443
54345,54444
54345,54444
54345,54444
54345,54445
54345,54445
54345,54445
54345,54445
54345,54444
54345,54446
54345,54446
54345,54446
54345,54446
54345,54447
54345,54447
54345,54447
54345,54447
54345,54448
54345,54448
54345,54448
54345,54448
54345,54449
54345,54449
54345,54450
54345,54450
54345,54450
54345,54451
54345,54451
54345,54451
54345,54452
54345,54452
54345,54452
54345,54453
54345,54453
54345,54453
54345,54454
54345,54454
54345,54454
54345,54455
54345,54455
54345,54455
54345,54456
54345,54456
54345,54456
54345,54457
54345,54457
54345,54457
54345,54458
54345,54458
54345,54458
54345,54459
54345,54459
54345,54459
54345,54460
54345,54460
54345,54460
54345,54461
54345,54461
54345,54461
54345,54462
54345,54462
54345,54462
54345,54463
54345,54463
54345,54463
54345,54464
54345,54464
54345,54464
54345,54465
54345,54465
54345,54465
54345,54466
54345,54466
54345,54466
54345,54467
54345,54467
54345,54467
54345,54468
54345,54468
54345,54468
54345,54469
54345,54469
54345,54469
54345,54470
54345,54470
54345,54470
54345,54471
54345,54471
54345,54471
54345,54472
54345,54473
54345,54474
54345,54475
54345,54476
54345,54477
54345,54478
54345,54479
54345,54480
54345,54481
54345,54482
54345,54483
54345,54484
54345,54485
54345,54486
54345,54487
54345,54488
54345,54488
54345,54489
54345,54489
54345,54490
54345,54489
54345,54488
54345,54491
54345,54491
54345,54491
54345,54492
54345,54493
54345,54493
54345,54493
54345,54494
54345,54494
54345,54494
54345,54495
54345,54495
54345,54495
54345,54496
54345,54497
54345,54496
54345,54498
54345,54497
54345,54497
54345,54496
54345,54499
54345,54499
54345,54499
54345,54500
54345,54500
54345,54500
54345,54501
54345,54501
54345,54501
54345,54502
54345,54502
54345,54502
54345,54503
54345,54503
54345,54504
54345,54504
54345,54504
54345,54503
54345,54505
54345,54506
54345,54506
54345,54506
54345,54507
54345,54507
54345,54507
54345,54508
54345,54508
54345,54508
54345,54509
54345,54510
54345,54510
54345,54510
54345,54509
54345,54509
54345,54511
54345,54512
54345,54511
54345,54511
54345,54513
54345,54513
54345,54513
54345,54514
54345,54515
54345,54516
54345,54516
54345,54516
54345,54517
54345,54518
54345,54519
54345,54520
54345,54520
54345,54521
54345,54520
54345,54522
54345,54523
54345,54524
54345,54525
54345,54524
54345,54524
54345,54526
54345,54527
54345,54528
54345,54529
54345,54529
54345,54529
54345,54530
54345,54531
54345,54532
54345,54533
54345,54534
54345,54533
54345,54533
54345,54535
54345,54536
54345,54537
54345,54537
54345,54537
54345,54538
54345,54539
54345,54540
54345,54541
54345,54540
54345,54542
54345,54541
54345,54540
54345,54543
54345,54543
54345,54543
54345,54541
54345,54544
54345,54544
54345,54544
54345,54545
54345,54545
54345,54545
54345,54546
54345,54546
54345,54546
54345,54547
54345,54547
54345,54547
54345,54548
54345,54548
54345,54548
54345,54549
54345,54549
54345,54550
54345,54550
54345,54550
54345,54549
54345,54551
54345,54551
54345,54551
54345,54552
54345,54552
54345,54552
