55167,55168
55167,55168
55167,55168
55167,55169
55167,55169
55167,55170
55167,55171
55167,55171
55167,55172
55167,55172
55167,55172
55167,55173
55167,55173
55167,55173
55167,55174
55167,55174
55167,55174
55167,55175
55167,55175
55167,55175
55167,55176
55167,55176
55167,55176
55167,55177
55167,55177
55167,55177
55167,55178
55167,55178
55167,55178
55167,55179
55167,55179
55167,55179
55167,55180
55167,55180
55167,55180
55167,55181
55167,55181
55167,55181
55167,55182
55167,55182
55167,55182
55167,55183
55167,55183
55167,55183
55167,55184
55167,55184
55167,55184
55167,55185
55167,55185
55167,55185
55167,55186
55167,55186
55167,55186
55167,55187
55167,55187
55167,55187
55167,55188
55167,55188
55167,55188
55167,55189
55167,55189
55167,55189
55167,55190
55167,55190
55167,55190
55167,55191
55167,55191
55167,55191
55167,55192
55167,55192
55167,55192
55167,55193
55167,55194
55167,55195
55167,55196
55167,55197
55167,55198
55167,55199
55167,55200
55167,55201
55167,55202
55167,55203
55167,55204
55167,55205
55167,55206
55167,55207
55167,55208
55167,55209
55167,55210
55167,55211
55167,55212
55167,55213
55167,55214
55167,55214
55167,55214
55167,55215
55167,55215
55167,55215
55167,55216
55167,55216
55167,55216
55167,55217
55167,55217
55167,55217
55167,55218
55167,55218
55167,55218
55167,55219
55167,55219
55167,55219
55167,55220
55167,55220
55167,55220
55167,55221
55167,55221
55167,55221
55167,55222
55167,55222
55167,55222
