55259,55260
55259,55260
55259,55260
55259,55261
55259,55262
55259,55263
55259,55264
55259,55265
55259,55265
55259,55265
55259,55265
55259,55266
55259,55266
55259,55266
55259,55266
55259,55267
55259,55267
55259,55267
55259,55267
55259,55268
55259,55268
55259,55268
55259,55268
55259,55269
55259,55269
55259,55269
55259,55269
55259,55270
55259,55270
55259,55270
55259,55270
55259,55271
55259,55271
55259,55271
55259,55271
55259,55272
55259,55272
55259,55272
55259,55272
55259,55273
55259,55273
55259,55273
55259,55273
55259,55274
55259,55274
55259,55274
55259,55274
55259,55275
55259,55275
55259,55275
55259,55275
55259,55276
55259,55276
55259,55276
55259,55276
55259,55277
55259,55277
55259,55277
55259,55277
55259,55278
55259,55278
55259,55278
55259,55278
55259,55279
55259,55279
55259,55279
55259,55279
55259,55280
55259,55280
55259,55280
55259,55280
55259,55281
55259,55281
55259,55281
55259,55281
55259,55282
55259,55282
55259,55283
55259,55284
55259,55284
55259,55284
