55873,55874
55873,55874
55873,55874
55873,55875
55873,55875
55873,55876
55873,55876
55873,55876
55873,55876
55873,55877
55873,55877
55873,55877
55873,55877
55873,55878
55873,55878
55873,55878
55873,55878
55873,55879
55873,55879
55873,55879
55873,55879
55873,55880
55873,55880
55873,55880
55873,55880
55873,55881
55873,55881
55873,55881
55873,55881
55873,55882
55873,55882
55873,55882
55873,55882
55873,55883
55873,55883
55873,55883
55873,55883
55873,55884
55873,55884
55873,55884
55873,55884
55873,55885
55873,55885
55873,55885
55873,55885
55873,55886
55873,55886
55873,55886
55873,55886
55873,55887
55873,55887
55873,55887
55873,55887
55873,55888
55873,55888
55873,55888
55873,55888
55873,55889
55873,55889
55873,55889
55873,55889
55873,55890
55873,55890
55873,55890
55873,55890
55873,55891
55873,55891
55873,55891
55873,55891
55873,55892
55873,55892
55873,55892
55873,55892
55873,55893
55873,55893
55873,55893
55873,55893
55873,55894
55873,55894
55873,55894
55873,55894
55873,55895
55873,55895
55873,55895
55873,55895
55873,55896
55873,55896
55873,55896
55873,55896
55873,55897
55873,55897
55873,55898
55873,55898
55873,55899
55873,55899
55873,55900
55873,55900
55873,55901
55873,55901
55873,55902
55873,55902
55873,55903
55873,55903
55873,55904
55873,55904
55873,55905
55873,55906
55873,55905
55873,55907
55873,55907
55873,55908
55873,55908
55873,55909
55873,55909
55873,55910
55873,55910
55873,55911
55873,55911
55873,55912
55873,55912
55873,55913
55873,55913
55873,55914
55873,55914
55873,55915
55873,55916
55873,55916
55873,55917
55873,55917
55873,55918
55873,55918
55873,55919
55873,55919
55873,55920
55873,55920
55873,55920
55873,55920
55873,55921
55873,55921
55873,55921
55873,55921
55873,55922
55873,55922
55873,55922
55873,55922
55873,55923
55873,55923
55873,55923
55873,55923
55873,55924
55873,55924
55873,55924
55873,55924
55873,55925
55873,55926
55873,55926
55873,55926
55873,55926
55873,55927
55873,55927
55873,55927
55873,55927
55873,55928
55873,55928
55873,55928
55873,55928
55873,55929
55873,55929
55873,55929
55873,55929
