55941,55942
55941,55942
55941,55942
55941,55943
55941,55944
55941,55945
55941,55945
55941,55945
55941,55945
55941,55946
55941,55946
55941,55946
55941,55946
55941,55947
55941,55947
55941,55947
55941,55947
55941,55948
55941,55948
55941,55948
55941,55948
55941,55949
55941,55949
55941,55949
55941,55950
55941,55950
55941,55950
55941,55950
55941,55949
55941,55951
55941,55951
55941,55951
55941,55951
55941,55952
55941,55952
55941,55952
55941,55952
55941,55953
55941,55953
55941,55953
55941,55953
55941,55954
55941,55954
55941,55954
55941,55955
55941,55955
55941,55955
55941,55955
55941,55956
55941,55956
55941,55956
55941,55954
55941,55956
55941,55957
55941,55957
55941,55957
55941,55957
55941,55958
55941,55958
55941,55958
55941,55958
55941,55959
55941,55959
55941,55959
55941,55959
55941,55960
55941,55960
55941,55960
55941,55961
55941,55961
55941,55961
55941,55961
55941,55960
55941,55962
55941,55962
55941,55963
55941,55963
55941,55963
55941,55964
55941,55964
55941,55964
55941,55965
55941,55965
55941,55965
55941,55966
55941,55966
55941,55966
55941,55967
55941,55967
55941,55967
55941,55968
55941,55968
55941,55968
55941,55969
55941,55969
55941,55969
55941,55970
55941,55970
55941,55970
55941,55971
55941,55971
55941,55971
55941,55972
55941,55972
55941,55972
55941,55973
55941,55973
55941,55973
55941,55974
55941,55974
55941,55974
55941,55975
55941,55975
55941,55975
55941,55976
55941,55976
55941,55976
55941,55977
55941,55977
55941,55977
55941,55978
55941,55978
55941,55978
55941,55979
55941,55979
55941,55979
55941,55980
55941,55980
55941,55980
55941,55981
55941,55981
55941,55981
55941,55982
55941,55982
55941,55982
55941,55983
55941,55983
55941,55983
55941,55984
55941,55985
55941,55986
55941,55987
55941,55988
55941,55989
55941,55990
55941,55991
55941,55992
55941,55993
55941,55994
55941,55995
55941,55996
55941,55997
55941,55998
55941,55999
55941,56000
55941,56001
55941,56002
55941,56003
55941,56004
55941,56005
55941,56005
55941,56005
55941,56006
55941,56006
55941,56006
55941,56007
55941,56007
55941,56007
55941,56008
55941,56008
55941,56008
55941,56009
55941,56009
55941,56009
55941,56010
55941,56010
55941,56010
55941,56011
55941,56011
55941,56011
55941,56012
55941,56012
55941,56012
55941,56013
55941,56013
55941,56013
