56014,56015
56014,56015
56014,56015
56014,56016
56014,56016
56014,56016
56014,56017
56014,56017
56014,56017
56014,56018
56014,56018
56014,56018
56014,56019
56014,56019
56014,56019
56014,56020
56014,56020
56014,56020
56014,56021
56014,56021
56014,56021
56014,56022
56014,56022
56014,56022
56014,56023
56014,56023
56014,56023
56014,56024
56014,56024
56014,56024
56014,56025
56014,56025
56014,56025
56014,56026
56014,56026
56014,56026
56014,56027
56014,56027
56014,56027
56014,56028
56014,56028
56014,56028
56014,56029
56014,56029
56014,56029
56014,56030
56014,56030
56014,56030
56014,56031
56014,56031
56014,56031
56014,56032
56014,56032
56014,56032
56014,56033
56014,56033
56014,56033
56014,56034
56014,56034
56014,56034
56014,56035
56014,56035
56014,56035
56014,56036
56014,56037
56014,56038
56014,56039
56014,56040
56014,56041
56014,56042
56014,56043
56014,56044
56014,56045
56014,56046
56014,56047
56014,56048
56014,56049
56014,56050
56014,56051
56014,56052
56014,56053
56014,56054
56014,56055
56014,56056
56014,56057
56014,56057
56014,56057
56014,56058
56014,56058
56014,56058
56014,56059
56014,56059
56014,56059
56014,56060
56014,56060
56014,56060
56014,56061
56014,56061
56014,56061
56014,56062
56014,56062
56014,56062
56014,56063
56014,56063
56014,56063
56014,56064
56014,56064
56014,56064
56014,56065
56014,56065
56014,56065
56014,56066
56014,56066
56014,56067
56014,56068
56014,56068
56014,56068
56014,56067
