Namespace(aug_mode='sample', aug_ratio=0.2, batch_size=128, data_root='datasets', dataset='NCI1', dropout=0, edge_norm=True, epochs=100, gamma_joao=0.1, global_pool='sum', hidden=128, lr=0.001, model='joao', n_layers_conv=3, n_layers_fc=2, n_layers_feat=1, res_branch='BNConvReLU', skip_connection=False, suffix=0)
bn_feat.weight torch.Size([139])
bn_feat.bias torch.Size([139])
conv_feat.weight torch.Size([139, 128])
conv_feat.bias torch.Size([128])
bns_conv.0.weight torch.Size([128])
bns_conv.0.bias torch.Size([128])
bns_conv.1.weight torch.Size([128])
bns_conv.1.bias torch.Size([128])
bns_conv.2.weight torch.Size([128])
bns_conv.2.bias torch.Size([128])
convs.0.weight torch.Size([128, 128])
convs.0.bias torch.Size([128])
convs.1.weight torch.Size([128, 128])
convs.1.bias torch.Size([128])
convs.2.weight torch.Size([128, 128])
convs.2.bias torch.Size([128])
bn_hidden.weight torch.Size([128])
bn_hidden.bias torch.Size([128])
bns_fc.0.weight torch.Size([128])
bns_fc.0.bias torch.Size([128])
lins.0.weight torch.Size([128, 128])
lins.0.bias torch.Size([128])
lin_class.weight torch.Size([2, 128])
lin_class.bias torch.Size([2])
proj_head.0.weight torch.Size([128, 128])
proj_head.0.bias torch.Size([128])
proj_head.2.weight torch.Size([128, 128])
proj_head.2.bias torch.Size([128])
3.341136898785612 [0.09969076 0.12782506 0.         0.1022813  0.         0.13932718
 0.04749987 0.05207738 0.10627309 0.         0.00068095 0.04360466
 0.         0.         0.         0.09245528 0.1340469  0.
 0.04162408 0.         0.         0.0126135  0.         0.
 0.        ]
3.2753848787351827 [0.13428869 0.15329319 0.         0.1078712  0.         0.16640401
 0.00836786 0.00409298 0.14149557 0.         0.         0.
 0.         0.         0.         0.10476754 0.1607524  0.
 0.01866655 0.         0.         0.         0.         0.
 0.        ]
3.2333251315021747 [0.13707239 0.16637012 0.         0.11081758 0.         0.18064527
 0.         0.         0.15173047 0.         0.         0.
 0.         0.         0.         0.09700822 0.15635596 0.
 0.         0.         0.         0.         0.         0.
 0.        ]
3.2079701604634305 [0.16112412 0.15031554 0.         0.10055516 0.         0.19150812
 0.         0.         0.15103122 0.         0.         0.
 0.         0.         0.         0.0853399  0.16012595 0.
 0.         0.         0.         0.         0.         0.
 0.        ]
3.1904166223358934 [0.1563757  0.14511302 0.         0.10417223 0.         0.18541993
 0.         0.         0.13629137 0.         0.         0.
 0.         0.         0.         0.1045916  0.16803615 0.
 0.         0.         0.         0.         0.         0.
 0.        ]
3.1827657975709642 [0.14541987 0.17275318 0.         0.0927716  0.         0.1939222
 0.         0.         0.145955   0.         0.         0.
 0.         0.         0.         0.08695045 0.16222769 0.
 0.         0.         0.         0.         0.         0.
 0.        ]
3.1729099761540582 [0.15252534 0.1817926  0.         0.09997492 0.         0.19885496
 0.         0.         0.12826903 0.         0.         0.
 0.         0.         0.         0.09572988 0.14285327 0.
 0.         0.         0.         0.         0.         0.
 0.        ]
3.1627530137697857 [0.17170891 0.18622202 0.         0.09521235 0.         0.19834198
 0.         0.         0.1276459  0.         0.         0.
 0.         0.         0.         0.08527143 0.13559741 0.
 0.         0.         0.         0.         0.         0.
 0.        ]
3.1488077034335356 [0.16406516 0.18473667 0.         0.10586487 0.         0.21925787
 0.         0.         0.11870071 0.         0.         0.
 0.         0.         0.         0.08589206 0.12148266 0.
 0.         0.         0.         0.         0.         0.
 0.        ]
3.1427160063509234 [0.17194676 0.19591998 0.         0.12281753 0.         0.21343397
 0.         0.         0.100168   0.         0.         0.
 0.         0.         0.         0.09603383 0.09967993 0.
 0.         0.         0.         0.         0.         0.
 0.        ]
3.139947936859734 [0.18596507 0.19409674 0.         0.11723709 0.         0.21649933
 0.         0.         0.08986962 0.         0.         0.
 0.         0.         0.         0.09441915 0.10191299 0.
 0.         0.         0.         0.         0.         0.
 0.        ]
3.1372702268788415 [0.16161065 0.19613953 0.         0.12918088 0.         0.2092964
 0.         0.         0.10524989 0.         0.         0.
 0.         0.         0.         0.09524241 0.10328023 0.
 0.         0.         0.         0.         0.         0.
 0.        ]
3.1355750276224454 [0.16501603 0.20861562 0.         0.12108787 0.         0.1942576
 0.         0.         0.09703332 0.         0.         0.
 0.         0.         0.         0.10774092 0.10624863 0.
 0.         0.         0.         0.         0.         0.
 0.        ]
3.1410382107516566 [0.1782796  0.20466577 0.         0.13157532 0.         0.18814562
 0.         0.         0.09082004 0.         0.         0.
 0.         0.         0.         0.09761988 0.10889377 0.
 0.         0.         0.         0.         0.         0.
 0.        ]
3.129628665197795 [0.18448601 0.20981607 0.         0.12155257 0.         0.18674227
 0.         0.         0.08175838 0.         0.         0.
 0.         0.         0.         0.10072921 0.1149155  0.
 0.         0.         0.         0.         0.         0.
 0.        ]
3.1301200775334435 [0.19437318 0.21127773 0.         0.11365085 0.         0.20819583
 0.         0.         0.07811513 0.         0.         0.
 0.         0.         0.         0.1007255  0.09366179 0.
 0.         0.         0.         0.         0.         0.
 0.        ]
3.127489199052472 [0.17001282 0.23021152 0.         0.12829773 0.         0.20486185
 0.         0.         0.07034899 0.         0.         0.
 0.         0.         0.         0.10177862 0.09448848 0.
 0.         0.         0.         0.         0.         0.
 0.        ]
3.1211317528483353 [0.1741185  0.2187618  0.         0.12225779 0.         0.21439597
 0.         0.         0.08066851 0.         0.         0.
 0.         0.         0.         0.10141103 0.08838638 0.
 0.         0.         0.         0.         0.         0.
 0.        ]
3.123640626161348 [0.1608443  0.21404743 0.         0.1158027  0.         0.21793502
 0.         0.         0.08155342 0.         0.         0.
 0.         0.         0.         0.11697976 0.09283737 0.
 0.         0.         0.         0.         0.         0.
 0.        ]
3.123457295500159 [0.17037192 0.2346589  0.         0.11864447 0.         0.20508522
 0.         0.         0.08012759 0.         0.         0.
 0.         0.         0.         0.10759142 0.08352049 0.
 0.         0.         0.         0.         0.         0.
 0.        ]
3.1191365848202484 [0.18474953 0.22860063 0.         0.11704629 0.         0.20161549
 0.         0.         0.07817707 0.         0.         0.
 0.         0.         0.         0.11572425 0.07408674 0.
 0.         0.         0.         0.         0.         0.
 0.        ]
3.1216397220200864 [0.17058034 0.23281769 0.         0.12937275 0.         0.20216683
 0.         0.         0.08548133 0.         0.         0.
 0.         0.         0.         0.10604329 0.07353777 0.
 0.         0.         0.         0.         0.         0.
 0.        ]
3.113561205069224 [0.16925684 0.23169454 0.         0.13445081 0.         0.20333724
 0.         0.         0.0876091  0.         0.         0.
 0.         0.         0.         0.09662692 0.07702455 0.
 0.         0.         0.         0.         0.         0.
 0.        ]
3.1085470589698088 [0.16722253 0.24120576 0.         0.12641967 0.         0.21362589
 0.         0.         0.0879175  0.         0.         0.
 0.         0.         0.         0.09485721 0.06875143 0.
 0.         0.         0.         0.         0.         0.
 0.        ]
3.114452373314368 [0.15974293 0.24750121 0.         0.11804851 0.         0.22704314
 0.         0.         0.07297666 0.         0.         0.
 0.         0.         0.         0.09912263 0.07556491 0.
 0.         0.         0.         0.         0.         0.
 0.        ]
3.1106523863590545 [0.16999424 0.23921222 0.         0.10926026 0.         0.23730569
 0.         0.         0.06714537 0.         0.         0.
 0.         0.         0.         0.10565235 0.07142987 0.
 0.         0.         0.         0.         0.         0.
 0.        ]
3.1126214735699396 [0.17286427 0.25025143 0.         0.10771664 0.         0.23558623
 0.         0.         0.06690572 0.         0.         0.
 0.         0.         0.         0.09528915 0.07138656 0.
 0.         0.         0.         0.         0.         0.
 0.        ]
3.115259099847789 [0.16603321 0.24284554 0.         0.11016548 0.         0.23743266
 0.         0.         0.05625548 0.         0.         0.
 0.         0.         0.         0.09683398 0.09043364 0.
 0.         0.         0.         0.         0.         0.
 0.        ]
3.110841020093347 [0.15776299 0.25560045 0.         0.11144894 0.         0.2347203
 0.         0.         0.05392743 0.         0.         0.
 0.         0.         0.         0.09029468 0.09624522 0.
 0.         0.         0.         0.         0.         0.
 0.        ]
3.1124481012641367 [0.16857691 0.24696576 0.         0.11774391 0.         0.234824
 0.         0.         0.05380229 0.         0.         0.
 0.         0.         0.         0.09549744 0.08258969 0.
 0.         0.         0.         0.         0.         0.
 0.        ]
3.114793597056628 [0.16621441 0.25008621 0.         0.11901148 0.         0.23871928
 0.         0.         0.0487399  0.         0.         0.
 0.         0.         0.         0.11384407 0.06338465 0.
 0.         0.         0.         0.         0.         0.
 0.        ]
3.1157922319252127 [0.17611438 0.26606182 0.         0.10611707 0.         0.23572685
 0.         0.         0.05211162 0.         0.         0.
 0.         0.         0.         0.10606156 0.05780669 0.
 0.         0.         0.         0.         0.         0.
 0.        ]
3.100374703163648 [0.1894495  0.25745305 0.         0.11765608 0.         0.23192497
 0.         0.         0.0404598  0.         0.         0.
 0.         0.         0.         0.10606284 0.05699375 0.
 0.         0.         0.         0.         0.         0.
 0.        ]
3.1077700966176036 [0.19286417 0.25031962 0.         0.10758897 0.         0.22566057
 0.         0.         0.05345964 0.         0.         0.
 0.         0.         0.         0.10323769 0.06686934 0.
 0.         0.         0.         0.         0.         0.
 0.        ]
3.1071705608762383 [0.20620122 0.25352035 0.         0.10936868 0.         0.23341822
 0.         0.         0.04834022 0.         0.         0.
 0.         0.         0.         0.09493041 0.05422089 0.
 0.         0.         0.         0.         0.         0.
 0.        ]
3.1040440760389734 [0.20081814 0.25182157 0.         0.11297172 0.         0.23014287
 0.         0.         0.04766274 0.         0.         0.
 0.         0.         0.         0.10859545 0.04798751 0.
 0.         0.         0.         0.         0.         0.
 0.        ]
3.099913740245095 [0.20885922 0.25421428 0.         0.1191815  0.         0.22071365
 0.         0.         0.04983427 0.         0.         0.
 0.         0.         0.         0.10333524 0.04386184 0.
 0.         0.         0.         0.         0.         0.
 0.        ]
3.0966662806316014 [0.20726896 0.25524065 0.         0.12686047 0.         0.2208606
 0.         0.         0.04881666 0.         0.         0.
 0.         0.         0.         0.10310403 0.03784863 0.
 0.         0.         0.         0.         0.         0.
 0.        ]
