1001,1002
1001,1003
1004,1005
1004,1006
1001,1007
1001,1008
1004,1001
1001,1009
1001,1010
1001,1011
1001,1012
1001,1013
1001,1014
1015,1016
1015,1017
1001,1018
1004,1019
1001,1020
1001,1021
1001,1022
1023,1024
1023,1025
1023,1026
1023,1027
1023,1028
1023,1029
1030,1031
1023,1032
1023,1033
1023,1034
1023,1035
1023,1036
1023,1037
1023,1038
1023,1039
1023,1040
1023,1041
1023,1042
1023,1043
1023,1044
1023,1045
1023,1004
1023,1046
1023,1001
1023,1047
1030,1048
1019,1049
1030,1050
1019,1051
1019,1052
1019,1053
1019,1054
1019,1055
1019,1056
1019,1057
1019,1058
1019,1059
1019,1060
1019,1061
1019,1062
1019,1063
1019,1064
1019,1065
1019,1066
1019,1067
1023,1068
1019,1069
1019,1070
1019,1071
1019,1072
1030,1073
1019,1074
1019,1075
1030,1076
1030,1077
1030,1078
1030,1079
1030,1080
1030,1081
1030,1082
1030,1083
1030,1084
1030,1085
1030,1086
1030,1087
1030,1088
1030,1089
1030,1090
1030,1091
1030,1092
1030,1093
1030,1094
1095,1096
1095,1097
1019,1033
1023,1012
1098,1099
1023,1100
1098,1101
1098,1102
1098,1103
1098,1104
1098,1105
1098,1106
1098,1107
1098,1017
1098,1108
1098,1109
1098,1110
1098,1111
1112,1113
1112,1096
1112,1114
1114,1096
1115,1096
1115,1116
1115,1117
1115,1118
1115,1119
1098,1120
1115,1121
1098,1122
1098,1123
1124,1125
1124,1126
1019,1127
1124,1128
1096,1084
1096,1129
1096,1130
1096,1131
1096,1132
1096,1133
1096,1134
1096,1095
1096,1119
1096,1116
1096,1115
1096,1135
1119,1096
1136,1103
1098,1137
1098,1138
1098,1139
1098,1140
1023,1141
1115,1142
1116,1143
1144,1145
1144,1146
1144,1147
1144,1123
1144,1148
1144,1149
1144,1048
1144,1150
1144,1151
1144,1152
1144,1091
1144,1153
1144,1154
1144,1155
1144,1156
1157,1144
1157,1158
1157,1159
1157,1160
1157,1103
1157,1161
1144,1103
1116,1096
1153,1162
1153,1144
1116,1163
1116,1164
1116,1119
1116,1165
1116,1166
1116,1167
1116,1168
1116,1115
1116,1084
1116,1169
1116,1170
1123,1153
1123,1144
1123,1048
1123,1160
1123,1103
1123,1148
1123,1145
1123,1171
1153,1160
1153,1103
1153,1172
1019,1173
1174,1175
1019,1176
1177,1178
1177,1179
1177,1180
1178,1181
1178,1182
1178,1183
1178,1184
1178,1185
1178,1186
1148,1153
1174,1137
1174,1187
1174,1188
1174,1174
1189,1190
1189,1103
1189,1191
1189,1192
1181,1017
1181,1185
1174,1193
1148,1157
1148,1194
1148,1195
1196,1197
1196,1198
1196,1199
1196,1200
1196,1201
1196,1202
1196,1203
1196,1204
1196,1093
1196,1205
1148,1206
1148,1207
1148,1144
1148,1123
1148,1136
1148,1122
1148,1048
1148,1160
1148,1103
1148,1208
1148,1209
1184,1181
1184,1182
1184,1183
1184,1178
1210,1211
1210,1212
1210,1213
1210,1214
1215,1153
1215,1144
1215,1216
1215,1160
1215,1151
1215,1103
1215,1217
1215,1155
1217,1218
1217,1219
1217,1220
1217,1174
1217,1221
1217,1103
1217,1017
1124,1222
1217,1086
1210,1223
1196,1224
1210,1225
1210,1226
1184,1185
1184,1186
1184,1227
1194,1144
1194,1048
1194,1159
1194,1160
1194,1151
1194,1103
1228,1229
1210,1230
1210,1231
1210,1232
1210,1233
1210,1234
1210,1235
1210,1236
1210,1237
1210,1238
1210,1239
1210,1240
1210,1241
1019,1242
1196,1243
1196,1244
1245,1229
1245,1246
1247,1248
1247,1249
1247,1250
1247,1251
1247,1252
1247,1253
1247,1254
1245,1255
1256,1183
1256,1185
1256,1257
1256,1017
1256,1155
1258,1259
1258,1239
1258,1260
1259,1261
1259,1239
1256,1138
1097,1096
1262,1263
1262,1264
1019,1265
1019,1266
1019,1267
1019,1268
1019,1269
1019,1270
1019,1271
1019,1272
1019,1273
1019,1274
1019,1275
1019,1276
1019,1277
1019,1278
1019,1279
1019,1280
1262,1248
1262,1250
1262,1251
1262,1254
1262,1249
1259,1260
1259,1210
1239,1281
1239,1231
1196,1282
1196,1145
1196,1015
1196,1283
1196,1284
1196,1285
1196,1286
1196,1287
1196,1288
1196,1289
1196,1290
1196,1291
1196,1292
1196,1293
1196,1294
1196,1030
1196,1295
1196,1296
1196,1297
1196,1298
1196,1299
1196,1300
1196,1301
1196,1302
1260,1303
1239,1125
1239,1304
1239,1260
1239,1305
1239,1306
1239,1307
1239,1210
1239,1223
1239,1240
1239,1308
1239,1261
1239,1309
1239,1310
1239,1311
1239,1312
1260,1239
1260,1240
1260,1313
1260,1231
1260,1314
1260,1306
1146,1103
1124,1315
1155,1316
1124,1093
1155,1317
1155,1318
1155,1221
1155,1319
1155,1103
1155,1320
1155,1162
1155,1321
1155,1322
1155,1323
1155,1324
1155,1325
1155,1107
1155,1326
1155,1327
1155,1017
1155,1086
1155,1328
1155,1329
1155,1110
1155,1330
1155,1331
1155,1332
1155,1333
1048,1160
1048,1103
1048,1194
1048,1157
1155,1334
1155,1335
1155,1336
1155,1337
1155,1338
1155,1339
1155,1183
1155,1219
1155,1340
1155,1138
1155,1341
1155,1172
1155,1342
1155,1343
1155,1344
1155,1345
1155,1346
1155,1347
1155,1168
1155,1348
1155,1349
1155,1350
1155,1351
1155,1352
1155,1353
1155,1354
1155,1195
1155,1015
1155,1145
1155,1149
1155,1084
1155,1150
1155,1091
1155,1355
1155,1356
1155,1001
1155,1357
1155,1358
1155,1217
1155,1359
1155,1144
1155,1148
1155,1215
1048,1136
1155,1160
1155,1191
1155,1098
1155,1073
1155,1123
1155,1048
1155,1076
1155,1360
1155,1208
1155,1361
1155,1089
1155,1362
1155,1363
1155,1364
1155,1256
1155,1365
1155,1185
1155,1257
1155,1366
1155,1093
1155,1367
1155,1368
1155,1192
1155,1189
1155,1153
1048,1148
1103,1369
1122,1103
1122,1162
1370,1096
1103,1048
1103,1145
1103,1076
1103,1149
1103,1371
1103,1084
1122,1048
1103,1150
1103,1151
1103,1152
1103,1372
1103,1091
1103,1373
1103,1374
1103,1136
1103,1375
1103,1155
1103,1160
1122,1376
1122,1154
1122,1172
1217,1328
1160,1216
1160,1122
1160,1370
1160,1103
1160,1377
1160,1378
1160,1379
1160,1108
1160,1189
1160,1123
1160,1148
1160,1136
1160,1048
1160,1194
1160,1157
1122,1380
1122,1381
1122,1153
1122,1144
1122,1382
1103,1383
1103,1384
1103,1030
1103,1385
1103,1386
1103,1077
1103,1387
1103,1388
1103,1318
1103,1217
1103,1154
1103,1093
1103,1389
1103,1159
1103,1194
1103,1317
1103,1107
1103,1390
1103,1172
1103,1195
1103,1333
1103,1391
1103,1156
1103,1171
1103,1011
1103,1392
1103,1157
1103,1393
1103,1015
1103,1394
1103,1395
1103,1396
1103,1397
1103,1086
1103,1085
1103,1221
1103,1219
1103,1398
1103,1144
1103,1189
1103,1123
1103,1338
1103,1183
1103,1138
1103,1344
1103,1017
1103,1328
1103,1329
1103,1399
1103,1400
1103,1096
1155,1152
1155,1096
1155,1393
1145,1401
1076,1354
1076,1030
1076,1402
1076,1084
1076,1196
1076,1014
1076,1403
1076,1404
1145,1360
1076,1405
1076,1386
1076,1393
1076,1406
1076,1390
1076,1103
1076,1407
1076,1408
1076,1409
1076,1410
1076,1094
1145,1411
1145,1196
1412,1413
1086,1162
1086,1017
1086,1219
1086,1138
1086,1344
1086,1333
1086,1332
1086,1317
1086,1221
1086,1103
1086,1321
1086,1414
1086,1328
1086,1329
1086,1155
1328,1415
1328,1017
1328,1181
1328,1183
1328,1185
1328,1416
1076,1417
1076,1145
1076,1048
1076,1073
1124,1418
1124,1086
1124,1419
1124,1358
1124,1420
1124,1297
1124,1096
1124,1115
1124,1164
1124,1421
1124,1422
1124,1423
1124,1424
1124,1021
1124,1425
1124,1426
1124,1427
1124,1428
1124,1429
1124,1430
1124,1431
1124,1432
1086,1433
1124,1434
1124,1435
1371,1017
1084,1096
1152,1153
1152,1144
1152,1147
1152,1151
1152,1103
1152,1123
1152,1048
1124,1436
1124,1437
1124,1438
1124,1439
1124,1095
1124,1097
1124,1440
1124,1441
1124,1442
1124,1443
1124,1444
1124,1445
1124,1446
1086,1358
1017,1447
1017,1448
1138,1344
1138,1256
1317,1017
1330,1017
1017,1015
1017,1138
1017,1110
1017,1449
1017,1174
1017,1181
1017,1183
1017,1093
1017,1328
1017,1177
1017,1330
1017,1219
1017,1185
1017,1416
1017,1321
1017,1450
1017,1451
1138,1185
1017,1221
1138,1183
1183,1452
1155,1392
1155,1386
1155,1371
1155,1077
1155,1387
1155,1373
1155,1453
1155,1454
1155,1455
1155,1456
1155,1457
1155,1458
1155,1459
1155,1460
1155,1461
1183,1138
1183,1185
1183,1257
1183,1256
1183,1017
1183,1155
1138,1017
1124,1462
1017,1463
1017,1344
1017,1464
1017,1465
1017,1097
1017,1107
1017,1466
1017,1078
1017,1467
1017,1468
1017,1360
1017,1469
1017,1470
1017,1471
1017,1137
1017,1193
1017,1472
1017,1473
1017,1108
1017,1474
1017,1475
1017,1217
1017,1476
1017,1390
1017,1338
1017,1477
1017,1478
1017,1155
1017,1479
1017,1480
1017,1481
1017,1334
1017,1333
1017,1332
1017,1317
1017,1103
1017,1365
1017,1086
1017,1348
1017,1329
1017,1120
1017,1482
1017,1483
1017,1101
1017,1484
1017,1098
1017,1485
1017,1486
1017,1487
1217,1329
1014,1006
1217,1217
1488,1489
1488,1490
1488,1491
1488,1492
1488,1493
1488,1494
1488,1495
1488,1496
1488,1497
1488,1498
1488,1499
1488,1500
1488,1501
1488,1502
1488,1503
1488,1504
1488,1505
1488,1506
1488,1507
1488,1508
1488,1509
1488,1510
1488,1511
1488,1512
1488,1513
1488,1514
1488,1515
1488,1516
1488,1517
1488,1518
1488,1519
1488,1520
1488,1521
1488,1522
1488,1523
1488,1524
1488,1488
1488,1525
1488,1526
1488,1527
1488,1528
1488,1529
1488,1530
1488,1531
1488,1532
1488,1533
1488,1534
1488,1535
1488,1536
1488,1537
1488,1538
1488,1539
1488,1540
1488,1541
1488,1542
1488,1543
1488,1544
1488,1545
1488,1546
1488,1547
1488,1548
1488,1549
1488,1550
1488,1551
1488,1552
1488,1553
1488,1554
1488,1555
1488,1556
1488,1557
1488,1558
1488,1559
1488,1560
1488,1561
1488,1562
1491,1563
1491,1564
1491,1565
1491,1566
1488,1567
1488,1568
1491,1569
1488,1570
1488,1571
1488,1572
1488,1573
1488,1574
1488,1575
1488,1576
1488,1577
1491,1578
1491,1579
1491,1580
1491,1581
1491,1582
1491,1583
1491,1584
1491,1585
1491,1586
1491,1587
1491,1588
1491,1589
1491,1590
1491,1591
1491,1592
1491,1593
1491,1594
1491,1595
1488,1596
1488,1597
1488,1598
1488,1599
1488,1600
1488,1601
1488,1602
1488,1603
1488,1604
1488,1605
1488,1606
1488,1607
1488,1608
1488,1609
1488,1610
1488,1611
1488,1612
1488,1613
1488,1614
1488,1615
1488,1616
1488,1617
1488,1618
1488,1619
1488,1620
1488,1621
1488,1622
1488,1623
1488,1624
1488,1625
1488,1626
1488,1627
1488,1628
1488,1629
1488,1630
1488,1631
1488,1632
1488,1633
1488,1634
1491,1635
1488,1636
1488,1637
1638,1568
1638,1577
1638,1639
1638,1571
1638,1640
1638,1572
1638,1641
1638,1573
1638,1642
1638,1574
1638,1575
1638,1643
1638,1576
1638,1597
1638,1644
1638,1314
1638,1645
1646,1647
1488,1590
1488,1648
1488,1649
1488,1592
1488,1650
1488,1595
1488,1651
1488,1580
1488,1579
1488,1578
1488,1569
1488,1564
1488,1566
1646,1652
1646,1653
1638,1654
1638,1655
1638,1599
1638,1619
1638,1656
1638,1657
1638,1607
1638,1608
1638,1610
1638,1611
1638,1612
1638,1614
1638,1562
1638,1658
1638,1616
1638,1508
1638,1509
1638,1510
1638,1512
1638,1604
1488,1589
1638,1603
1638,1659
1638,1660
1638,1622
1638,1623
1638,1624
1638,1625
1638,1628
1638,1661
1638,1630
1638,1662
1638,1632
1638,1633
1638,1663
1638,1617
1638,1664
1638,1601
1638,1665
1488,1666
1488,1587
1488,1667
1488,1668
1488,1669
1488,1670
1488,1671
1488,1672
1488,1673
1488,1674
1488,1675
1488,1676
1488,1677
1488,1678
1488,1679
1488,1680
1488,1681
1488,1682
1488,1683
1488,1684
1488,1685
1488,1686
1488,1687
1488,1688
1488,1689
1488,1690
1488,1691
1488,1692
1488,1693
1488,1694
1488,1695
1488,1696
1488,1697
1488,1698
1488,1699
1488,1700
1488,1701
1488,1702
1488,1703
1488,1704
1488,1705
1488,1706
1488,1707
1488,1708
1488,1709
1488,1710
1488,1711
1488,1712
1488,1713
1488,1714
1488,1715
1488,1716
1488,1717
1488,1581
1488,1583
1488,1718
1488,1584
1488,1719
1488,1720
1488,1721
1488,1722
1488,1723
1488,1724
1488,1725
1488,1726
1488,1727
1488,1728
1488,1729
1488,1730
1488,1731
1488,1732
1488,1733
1488,1734
1488,1735
1488,1736
1491,1717
1491,1715
1491,1714
1612,1689
1612,1647
1612,1737
1612,1738
1612,1739
1612,1685
1612,1740
1612,1668
1612,1679
1612,1741
1612,1735
1612,1711
1612,1717
1612,1584
1612,1670
1612,1536
1612,1742
1612,1529
1743,1744
1612,1642
1612,1617
1612,1601
1612,1656
1612,1607
1612,1612
1612,1509
1612,1515
1612,1745
1612,1491
1612,1497
1612,1550
1612,1552
1612,1746
1612,1592
1491,1568
1491,1577
1491,1639
1491,1624
1491,1625
1491,1628
1491,1661
1491,1630
1491,1662
1491,1632
1491,1633
1491,1663
1491,1617
1491,1664
1491,1601
1491,1659
1491,1665
1491,1603
1491,1623
1747,1647
1491,1622
1491,1660
1491,1571
1491,1640
1491,1572
1491,1573
1491,1644
1491,1642
1491,1574
1491,1575
1491,1643
1491,1576
1491,1597
1491,1654
1491,1655
1491,1599
1491,1619
1491,1645
1491,1604
1747,1748
1747,1749
1750,1646
1750,1696
1750,1652
1750,1653
1750,1751
1750,1752
1750,1753
1750,1754
1750,1647
1750,1715
1401,1196
1401,1360
1401,1411
1401,1145
1750,1755
1750,1756
1750,1757
1758,1759
1217,1093
1757,1647
1760,1208
1760,1078
1760,1073
1760,1760
1760,1103
1760,1030
1760,1761
1760,1098
1760,1048
1760,1084
1760,1123
1760,1145
1762,1763
1764,1765
1764,1766
1764,1767
1764,1768
1752,1769
1752,1770
1652,1771
1652,1772
1652,1773
1652,1753
1652,1751
1652,1750
1652,1647
1774,1239
1747,1775
1747,1776
1747,1777
1747,1778
1747,1779
1752,1780
1747,1781
1752,1782
1764,1783
1764,1784
1764,1785
1764,1786
1764,1647
1764,1787
1764,1788
1764,1764
1764,1789
1764,1790
1764,1791
1764,1792
1764,1793
1764,1794
1764,1795
1764,1796
1752,1001
1491,1656
1491,1657
1491,1607
1491,1797
1491,1798
1491,1799
1491,1800
1491,1739
1491,1801
1491,1698
1491,1685
1491,1674
1491,1668
1491,1669
1491,1670
1491,1671
1491,1672
1491,1802
1491,1697
1491,1696
1491,1737
1491,1560
1491,1636
1491,1637
1491,1803
1491,1687
1491,1688
1491,1804
1491,1805
1491,1689
1491,1806
1491,1693
1491,1807
1491,1314
1491,1647
1491,1641
1491,1673
1491,1808
1491,1675
1491,1682
1491,1732
1491,1733
1491,1735
1491,1809
1491,1736
1491,1719
1491,1810
1491,1705
1491,1706
1491,1707
1491,1708
1491,1710
1491,1711
1491,1712
1491,1713
1491,1811
1491,1812
1491,1638
1491,1727
1491,1676
1491,1677
1491,1678
1491,1679
1491,1680
1491,1681
1491,1701
1491,1703
1491,1704
1491,1721
1491,1813
1491,1741
1491,1724
1491,1814
1491,1725
1491,1729
1491,1539
1491,1815
1491,1538
1491,1520
1491,1521
1491,1506
1491,1816
1491,1505
1491,1817
1491,1489
1491,1490
1491,1491
1491,1492
1491,1493
1491,1494
1491,1496
1491,1503
1491,1497
1491,1745
1491,1498
1491,1818
1491,1515
1491,1608
1491,1610
1491,1612
1491,1614
1491,1562
1491,1658
1491,1616
1491,1508
1491,1509
1491,1510
1491,1512
1491,1819
1491,1820
1491,1513
1491,1821
1491,1822
1638,1819
1491,1499
1491,1523
1491,1540
1491,1527
1491,1823
1491,1528
1491,1529
1491,1530
1491,1824
1491,1531
1491,1533
1491,1742
1491,1825
1491,1826
1491,1536
1491,1827
1491,1537
1491,1746
1491,1501
1491,1828
1491,1829
1491,1488
1491,1545
1491,1646
1491,1830
1491,1547
1491,1548
1491,1549
1491,1550
1491,1551
1491,1552
1491,1553
1491,1554
1491,1556
1491,1558
1491,1831
1491,1543
1638,1820
1491,1611
1638,1821
1832,1833
1832,1834
1832,1835
1832,1836
1832,1837
1832,1838
1832,1839
1832,1840
1832,1841
1832,1842
1832,1843
1832,1844
1832,1845
1832,1846
1832,1847
1832,1848
1832,1849
1832,1850
1832,1851
1832,1852
1832,1853
1832,1854
1832,1855
1832,1856
1832,1857
1832,1858
1832,1859
1832,1860
1832,1861
1832,1862
1832,1863
1832,1864
1832,1865
1866,1647
1867,1868
1867,1869
1867,1870
1871,1872
1871,1873
1874,1210
1874,1239
1874,1231
1875,1017
1876,1196
1876,1877
1877,1878
1877,1027
1877,1196
1877,1876
1011,1879
1011,1880
1011,1001
1871,1103
1832,1881
1882,1103
1883,1870
1867,1884
1867,1885
1886,1887
1886,1647
1869,1868
1869,1870
1869,1884
1869,1885
1870,1884
1870,1868
1870,1883
1870,1647
1870,1885
1883,1868
1883,1647
1883,1885
1011,1103
1832,1870
1832,1888
1832,1889
1832,1890
1832,1891
1832,1892
1832,1893
1832,1894
1832,1895
1832,1896
1832,1897
1832,1898
1832,1899
1832,1900
1832,1901
1832,1902
1832,1903
1832,1904
1832,1905
1832,1906
1832,1907
1832,1908
1832,1909
1832,1910
1832,1911
1832,1912
1832,1913
1832,1914
1832,1915
1832,1916
1832,1917
1832,1918
1832,1919
1832,1920
1832,1921
1832,1922
1832,1923
1832,1924
1832,1925
1832,1926
1832,1927
1832,1928
1832,1929
1832,1930
1832,1931
1832,1932
1832,1933
1832,1934
1832,1935
1832,1936
1832,1647
1832,1937
1832,1938
1832,1939
1832,1940
1832,1941
1832,1942
1832,1943
1832,1944
1832,1945
1832,1946
1832,1947
1832,1948
1832,1949
1832,1883
1832,1950
1832,1951
1832,1952
1832,1953
1832,1832
1832,1954
1832,1955
1832,1956
1832,1957
1832,1958
1011,1030
1154,1103
1433,1124
1433,1386
1433,1959
1433,1220
1433,1076
1433,1407
1433,1149
1433,1960
1433,1433
1433,1393
1433,1961
1433,1096
1433,1203
1433,1962
1433,1392
1433,1398
1433,1371
1433,1084
1433,1221
1433,1362
1433,1963
1433,1363
1433,1287
1433,1964
1433,1965
1433,1966
1433,1967
1433,1174
1433,1968
1433,1485
1433,1315
1433,1969
1433,1112
1433,1970
1433,1219
1433,1354
1433,1971
1131,1129
1131,1096
1451,1972
1451,1017
1451,1973
1231,1260
1231,1239
1974,1975
1281,1239
1976,1977
1283,1030
1283,1485
1638,1513
1283,1027
1217,1155
1131,1130
1433,1030
1014,1978
1014,1076
1433,1218
1433,1015
1433,1085
1433,1979
1433,1145
1014,1980
1014,1752
1014,1025
1014,1981
1014,1027
1014,1094
1014,1001
1014,1982
1014,1983
1014,1984
1014,1005
1011,1022
1433,1103
1433,1985
1170,1116
1170,1096
1986,1017
1120,1017
1987,1017
1988,1103
1170,1084
1989,1016
1989,1203
1989,1990
1989,1991
1989,1015
1967,1017
1967,1992
1989,1017
1477,1017
1993,1096
1993,1129
1154,1152
1154,1994
1154,1155
1154,1172
1154,1144
1154,1153
1008,1995
1008,1996
1008,1997
1008,1998
1008,1999
1008,2000
2001,1017
2002,1229
1993,2003
2004,1096
1433,1217
1433,1429
1433,1406
1433,1092
1433,2005
1433,1086
1433,1017
1433,1462
1433,2006
1433,2007
1433,1196
1433,2008
1433,2009
1433,1297
1433,1387
1433,1077
1433,1992
1433,2010
1433,1403
1433,2011
1433,1097
1433,2012
1433,2013
1433,1439
1433,1989
1433,1412
1433,2014
1433,1373
1433,1283
1433,2015
1433,2016
1433,1155
1433,2017
1433,1093
1433,1329
1433,1328
1433,2018
1433,1091
1832,2019
1433,1372
1832,2020
1638,1675
1638,1682
1638,1676
1638,1677
1638,1678
1638,1679
1638,1808
1638,1680
1638,1701
1638,1703
1638,1704
1638,1721
1638,1813
1638,1741
1638,1681
1638,1673
1638,1672
1638,1671
1638,1696
1638,1697
1638,1698
1638,1797
1638,1798
1638,1799
1638,1800
1638,1739
1638,1801
1638,1685
1638,1802
1638,1674
1638,1668
1638,1669
1638,1670
1638,1724
1638,1814
1638,1725
1638,1727
1638,1717
1638,1635
1638,1581
1638,1582
1638,1583
1638,1584
1638,1585
1638,1586
1638,1587
1638,1588
1638,1589
1638,1590
1638,1591
1638,1592
1638,1593
1638,1715
1638,1737
1638,1714
1638,1712
1638,1729
1638,1811
1638,1732
1638,1733
1638,1735
1638,1809
1638,1736
1638,1719
1638,1810
1638,1705
1638,1706
1638,1707
1638,1708
1638,1710
1638,1711
1638,1713
1638,1594
1638,1647
1638,1693
1638,1497
1638,1498
1638,1499
1638,1501
1638,1523
1638,1488
1638,1503
1638,1545
1638,1830
1638,1547
1638,1548
1638,1549
1638,1550
1638,1551
1638,1646
1638,1496
1638,1494
1638,1493
1638,1822
1638,1818
1638,1515
1832,2021
1638,1745
1638,1520
1638,1521
1638,1506
1638,1816
1638,1505
1638,1817
1638,1489
1638,1490
1638,1491
1638,1492
1638,1552
1638,1553
1638,1554
1638,1556
1638,1537
1638,1538
1638,1815
1638,1539
1638,1812
1638,1560
1638,1636
1638,1637
1638,1803
1638,1687
1638,1688
1638,1804
1638,1805
1638,1689
1638,1806
1638,1827
1638,1807
1638,1536
1638,1825
1638,1558
1638,1831
1638,1829
1638,1828
1638,1746
1638,1540
1638,1527
1638,1823
1638,1528
1638,1529
1638,1530
1638,1824
1638,1531
1638,1533
1638,1742
1638,1826
1638,1595
1638,1543
1638,1579
1902,1928
1902,1929
1902,1930
1902,1931
1902,1932
1902,1933
1902,1934
1902,1935
1902,1936
1902,1647
1902,1937
1902,1938
1902,1939
1902,1888
1902,1941
1902,1927
1902,1870
1902,1926
1902,1942
1902,1945
1902,1946
1902,1947
1902,1948
1902,1949
1902,1883
1902,1950
1902,1951
1902,1952
1902,1953
1902,1954
1902,1955
1902,1956
1902,1943
1902,1957
1902,1940
1902,1944
1902,1881
1902,1852
1902,1836
1902,1837
1902,2022
1902,1838
1902,1840
1902,1847
1902,1841
1902,1842
1902,1843
1902,1844
1832,2023
1638,1580
1832,2024
1902,1846
1902,1845
1902,1835
1902,1851
1902,1834
1902,1839
1902,1853
1902,1854
1902,1855
1902,1856
1902,1857
1902,1858
1902,1859
1902,1860
1902,1861
1902,1862
1902,1863
1902,1865
1902,1850
1902,1849
1902,1848
1902,1833
1902,1925
1902,1864
1902,1923
2025,2026
2025,2027
2028,1290
2028,1001
2028,1030
2028,2029
2028,2030
2031,1076
1410,1076
1902,2032
1902,2020
1902,2033
1902,2021
1902,2019
1902,1958
2034,1408
1902,1907
2035,1885
2036,2037
1638,1563
1638,1569
1638,1564
1638,1578
1902,1924
1638,1565
1638,1566
1780,1752
1780,1782
1780,1769
1780,1770
1780,1022
1780,1001
1696,1647
1389,1103
2036,1096
1902,1908
1389,2038
1902,1910
1902,1890
1902,2023
1902,1891
1902,1892
1902,1893
1902,1894
1902,1903
1902,1897
1902,1898
1902,1899
1902,1909
1902,1922
1902,1902
1902,1900
1902,1901
1902,1889
1902,1895
1902,1896
1902,1905
1902,1912
1902,2039
1902,1904
1902,1914
1902,1915
1902,1917
1902,1918
1902,1916
1902,1920
1902,1911
1902,1921
1902,1906
1902,1919
1902,1913
