128851,128852
128851,128853
128851,128854
128851,128855
128851,128856
128851,128857
128851,128858
128851,128859
128851,128860
128851,128861
128851,128862
128863,128864
128851,128865
128866,128867
128866,128868
128866,128869
128866,128870
128866,128871
128866,128872
128863,128873
128863,128874
128863,128875
128863,128876
128851,128877
128863,128878
128851,128879
128851,128880
128851,128881
128851,128882
128851,128883
128851,128884
128851,128885
128851,128886
128851,128887
128851,128888
128851,128889
128851,128890
128851,128891
128851,128892
128851,128893
128851,128894
128851,128895
128851,128896
128851,128897
128851,128898
128851,128899
128851,128900
128851,128901
128851,128902
128851,128903
128851,128904
128851,128905
128851,128906
128851,128907
128851,128908
128851,128909
128851,128910
128851,128911
128863,128912
128913,128914
128863,128915
128916,128917
128916,128918
128916,128919
128916,128920
128921,128922
128921,128916
128921,128917
128923,128924
128923,128925
128923,128926
128923,128927
128923,128928
128923,128929
128923,128930
128923,128931
128923,128932
128923,128933
128923,128934
128923,128935
128851,128936
128937,128938
128937,128939
128940,128941
128942,128914
128942,128943
128942,128944
128867,128868
128867,128869
128945,128946
128916,128922
128863,128947
128916,128948
128916,128921
128863,128949
128950,128864
128950,128878
128951,128925
128952,128953
128954,128955
128954,128956
128954,128957
128954,128953
128954,128958
128954,128959
128954,128960
128954,128961
128954,128943
128962,128963
128962,128964
128962,128965
128962,128966
128967,128968
128969,128970
128939,128938
128971,128914
128944,128938
128913,128972
128913,128973
128913,128971
128913,128943
128913,128944
128974,128975
128916,128976
128851,128977
128894,128880
128851,128978
128894,128979
128894,128980
128894,128981
128894,128982
128894,128983
128894,128984
128894,128985
128894,128986
128894,128987
128894,128988
128894,128989
128894,128990
128894,128991
128894,128992
128894,128993
128894,128994
128894,128995
128894,128996
128894,128997
128894,128998
128894,128999
128894,129000
128894,128851
128993,128877
128993,128880
128993,128907
128993,128898
128993,129001
128894,129002
128993,129003
128894,129004
128894,128978
128894,128906
128945,128925
128894,128905
128894,128904
128894,128903
128894,128902
128894,128901
128894,128900
128894,128899
128894,128898
128894,128911
128894,128897
128894,128895
128894,129005
128894,128894
128894,128892
128894,128891
128894,128890
128894,128889
128894,128888
128894,128887
128894,128886
128894,128885
128894,128884
128894,128883
128894,128936
128894,128977
128894,129006
128894,128893
128993,128889
128993,129004
128993,128984
128877,128898
128877,128907
128877,128880
128852,128892
128852,128857
128851,128851
128851,129000
128851,128999
128851,128997
128851,128996
128851,128995
128851,128994
128851,129002
128877,129001
128851,128993
128851,128990
128851,128989
128851,128988
128851,128987
128851,128986
128851,128985
128851,128984
128851,128982
128851,128981
128851,128979
128851,128992
128851,129004
128851,129005
128851,128991
128877,129003
128877,128889
128877,129004
128993,128995
128894,128907
128894,128908
128894,128909
128894,129007
128894,128910
128894,128882
128894,128896
128894,128877
128894,128857
128894,128854
128894,128852
128894,128855
128894,128856
128894,128858
128894,128859
128894,128860
128894,128862
128894,128853
128894,128879
128894,128865
128899,129008
128899,128883
128899,128892
128899,129009
128877,129010
128877,128995
128877,128993
128877,128984
128851,129006
128945,129011
129012,129013
128945,129014
129012,129015
129012,129016
129012,129017
129012,129018
129019,129020
129019,129021
129019,129022
129019,129023
129019,129024
129025,129026
129027,129020
129027,129018
129027,129028
129012,129029
129027,128937
129030,128995
129030,129031
129032,129033
129032,129034
129032,129035
129032,129036
129032,129037
129032,129038
129032,129030
129039,129040
129039,129041
129039,128938
128993,129010
129027,129042
129039,129043
129012,129044
129012,129045
129012,129046
129012,129047
129012,129048
129012,129049
129012,129050
129012,129051
129012,129052
129012,129053
129012,129054
129012,129055
129012,129056
129012,129057
129012,129058
129012,129059
129012,129027
129012,129060
129012,129061
129012,129062
129012,129063
129012,129064
129012,129065
129012,129066
129012,129067
129012,129068
129012,129069
129012,129070
129012,129071
129012,129072
129012,129073
129012,129074
129039,129075
129039,128914
129076,129077
129076,129078
129076,129079
129076,129080
129076,129081
129082,129082
129082,129083
129082,129084
129082,128938
129082,129085
129082,129086
129082,129087
129082,129077
129076,129087
129082,129078
129082,129080
129082,129081
129082,129076
129088,129089
129088,129090
129088,129091
129088,129092
129088,129093
129094,129095
129094,129096
129094,129097
129094,129098
129094,129099
129082,129079
129039,128959
129076,129086
129076,128938
129039,129100
129101,128995
129101,129102
129101,129103
129101,129104
129101,129105
129101,128907
129101,128880
129106,128975
129107,128868
129107,129108
129107,129109
129110,128878
129076,129085
129110,129111
129112,129095
129113,129114
129113,129115
129113,129116
129113,129117
129113,129118
129113,129119
129080,129120
129080,129079
129080,128938
129076,129082
129076,129083
129076,129084
129118,129113
129012,129121
129012,129122
129012,129123
129124,129125
129124,129126
128893,129127
128893,129128
128893,129019
128893,129125
128893,128864
128893,129129
128893,129130
128893,129131
128893,129132
128893,129133
128893,129134
129124,129135
128893,129136
128893,129032
128893,129137
128893,129035
128893,129027
128893,129138
128893,129139
128893,129140
128893,129141
128893,128857
128893,129142
128893,129143
128893,129144
128893,129145
128893,129146
128893,129147
129124,129148
129041,129149
129150,128953
129150,129151
129150,128914
129150,129152
128943,128942
128943,128914
129153,128938
129154,129153
129154,129155
129154,129156
129154,129157
129158,129153
129158,129154
129124,128938
129158,129155
129158,129157
129159,129160
129159,129161
129162,128968
129162,129163
129162,129164
129162,129165
129162,129166
129162,129167
129041,128938
129041,129168
129041,129039
129041,129169
129158,129156
128893,129018
129146,129170
129146,129143
129059,128965
129012,129171
129012,129172
129012,129173
129012,129174
129012,129175
129012,129176
129012,129095
129012,129177
129012,129178
129012,129179
129012,128990
129012,129180
129059,129059
129012,128925
129012,129181
129012,128985
129012,129182
129012,129183
129012,129184
129012,129185
129012,129186
129012,129187
129012,129188
129012,129189
129012,129190
129012,129191
129012,129192
129012,129193
129059,129194
129059,129195
129059,129196
129146,129197
129146,129198
129146,129199
129146,129028
129146,129042
129146,129011
129146,128945
129146,129200
129146,129201
129202,129203
129204,128938
129204,129205
129204,129206
129204,129207
129208,128938
129208,129209
129208,129210
129211,129212
129211,129213
129211,128995
129211,129214
129211,129215
129211,129216
129211,129217
129184,129218
129065,129219
129065,129220
129059,129221
129059,129222
128945,129146
129000,128978
129223,129224
129000,128995
129225,129226
129225,129227
129225,129228
129225,129229
129225,129230
129225,129231
129225,128917
129232,129233
129232,129234
129232,129235
129236,129237
129236,129238
129236,129239
129240,129241
129236,129242
129236,129243
129236,129244
129236,129245
129236,129246
129236,129247
129236,129248
129236,129249
129236,129250
129251,129252
129253,128925
129253,129254
129253,129045
129255,129256
129236,129257
129258,129259
129240,128870
129260,128965
129261,129262
129261,129263
129261,129264
129261,129265
129261,129266
129267,129268
129269,128892
129269,129270
129269,129271
129272,129256
129273,129212
129274,129237
129274,129238
129240,128868
129274,129239
129274,129275
129274,129257
129274,129243
129274,129244
129274,129245
129274,129246
129274,129236
129274,129247
129274,129248
129274,129249
129274,129250
129276,129233
129276,129277
129274,129242
129258,129278
129258,129279
129258,129280
129281,129282
129281,129283
129281,129228
129281,128917
129284,129285
129286,129286
129287,129233
129288,129289
129288,128914
129288,129290
129291,129292
129291,129293
129294,128868
129281,129295
129294,129296
129297,129233
129297,129298
129297,129299
129300,129301
129302,128892
129303,129304
129305,129306
129305,128892
129307,129308
129307,129309
129307,129310
129307,129311
129307,129312
129297,129313
129281,129281
129314,128938
129315,129095
129258,129316
129258,129317
129258,129318
129258,129319
129258,129320
129258,129321
129258,129322
129258,129323
129258,129324
129258,129325
129258,129326
129258,129327
129258,129328
129258,129329
129258,129330
129258,129331
129258,129332
129258,129333
129258,129334
129258,129335
129258,129336
129258,129337
129258,128965
129258,129338
129339,129113
129223,129212
129094,129340
129223,129341
129223,129342
129261,129343
129307,129344
129261,129345
129261,129346
129347,129170
129347,129348
129347,129349
129347,129350
129347,129351
129347,129352
129347,129353
129261,129354
129261,129355
129261,129356
129261,129357
129261,129358
129261,129359
129347,129360
129261,129361
129261,129362
129261,129363
129261,129364
129261,129365
129261,129366
129261,129367
129261,129368
129261,129369
129261,129370
129261,129371
129261,129372
129261,129373
129261,129374
129261,129375
129261,129376
129347,129377
129347,129378
129347,129193
129347,129379
129347,129380
129347,129381
129347,129125
129347,129382
129347,129115
129347,129383
129347,129384
129347,129385
129347,129386
129347,128887
129347,129387
129347,129388
129347,129133
129347,129389
129347,129390
129347,129136
129347,129391
129347,129032
129347,129392
129347,129036
129347,129028
129347,129137
129347,129393
129347,129027
129347,129394
129347,129139
129347,129347
129261,129395
129261,129396
129261,129397
129261,129398
129261,129399
129261,129400
129261,129401
129261,129402
129261,129403
129261,129404
129261,129405
129261,129406
129261,129407
129261,129408
129261,129409
129261,129410
129261,129411
129261,129412
129261,129413
129261,129414
129261,129415
129261,129416
129261,129417
129261,129418
129261,129419
129261,129420
129261,129421
129261,129422
129261,129423
129261,129424
129261,129425
129261,129426
129261,129427
129261,129428
129261,129429
129261,129430
129261,129431
129261,129432
129261,129433
129261,129434
129261,129435
129261,129436
129261,129437
129261,129438
129261,129439
129261,129440
129261,129441
129261,129442
129261,129443
129261,129444
129261,129445
129261,129446
129261,129447
129261,129448
129261,129449
129261,129450
129261,129451
129261,129452
129261,129453
129261,129454
129261,129455
129261,129456
129261,129457
129261,129458
129261,129459
129000,128987
129307,128987
129307,129460
129461,129233
129461,129462
129463,129464
129463,129465
129463,129466
129463,129467
129463,129468
129463,129469
129463,128975
129463,129470
129463,129471
129463,129472
129463,129473
129299,129474
129463,129475
129463,129476
129463,129477
129463,129478
129463,129479
129463,129480
129463,129481
129463,129482
129241,128868
129241,129483
129241,129484
129241,129485
129486,128914
129487,128995
129463,129488
129489,128868
129299,128941
129490,129161
129491,129492
129491,129493
129491,129494
129491,129215
129491,129495
129491,129216
129491,129496
129491,129212
129491,129497
129491,129498
129491,129217
129491,129499
129491,129500
129490,129501
129491,129502
128946,128925
129503,128953
129490,129504
129490,129505
129490,129506
129490,129507
129490,129508
129490,129160
129490,129509
129490,129159
129490,129510
129490,129511
129490,129512
129491,129513
129514,129022
129514,129515
129514,129516
129517,129518
129517,129519
129517,129520
129517,129214
129517,129521
129517,129522
129517,129523
129517,129217
129517,129524
129517,129525
129517,129526
129517,129527
129517,129500
129517,129528
129517,129513
129529,129530
129529,128938
129529,128914
129529,129531
129532,128995
129533,128995
129533,129534
129533,129535
129533,129031
129533,129536
129533,129537
129533,129538
129533,129532
129517,129539
129517,128995
129517,129540
129541,128965
129514,129542
129514,129543
129391,128868
128963,128965
129544,129545
129546,129547
129546,129285
129548,129549
129550,129551
129550,128914
129550,129552
129550,129553
129554,129541
129554,128964
129554,128965
129554,129555
128964,129505
128964,129556
128964,129557
128964,129558
128964,129559
128964,129560
128964,128965
129541,129561
129541,129554
129541,129562
129541,129563
129541,128964
129541,129564
129491,129565
129307,129566
129491,129567
129491,129568
129569,129570
129569,129125
129569,129571
129569,129385
129569,129390
129569,129572
129569,129126
129569,129573
129569,129574
129575,128938
129576,129148
129576,129577
129576,129578
129569,129579
129576,128995
129576,129580
129576,128925
129576,129197
129576,129581
129576,129011
129576,129582
129576,129583
129576,129584
129576,129585
129576,129004
129576,129586
129576,129587
129576,129031
129576,128956
129576,128936
129569,129588
129589,129212
129307,129590
129307,129591
129307,129592
129307,128892
129307,129593
129307,129594
129307,129595
129307,129596
129307,129597
129307,129598
129307,129599
129307,129600
129307,129307
129601,129601
129602,129603
129602,129604
129602,129605
129602,129212
129602,129606
129602,129607
129608,128938
129608,128953
129609,129610
129611,129612
129613,129614
129613,129004
129613,128858
129589,129615
129602,129616
129576,129152
129576,128883
129576,129575
129493,129617
129493,129618
129493,129619
129493,129568
129493,128995
129493,129528
129493,129567
129493,129565
129493,129492
129493,129214
129493,129494
129493,129215
129493,129031
129493,129620
129493,129216
129493,129212
129493,129497
129493,129498
129493,129217
129493,129499
129493,129500
129493,129502
129493,129513
129491,129621
129491,129620
129491,129617
129491,129618
129491,129619
129493,129496
129493,129621
129576,129622
129576,129623
129576,128887
129576,129133
129576,128892
129576,129624
129576,129625
129576,128898
129576,129626
129576,128899
129576,129627
129576,129628
129576,129629
129576,129630
129576,128902
129576,129028
129576,128904
129576,129631
129576,128909
129576,129614
129576,129632
129576,128971
129576,129075
129576,129633
129576,128854
129576,129071
129576,129634
129576,129635
129576,129636
129576,129637
129576,129638
129491,129528
129094,129639
129206,128939
129094,129640
128917,129387
129641,128917
129642,128917
129021,129643
129021,129644
129021,129645
129646,129531
128917,129647
129646,128925
129028,129648
129028,129649
129028,129650
129028,129042
129028,129036
129028,129651
129028,129652
129646,129530
129028,129653
128917,129283
128917,129295
129654,129655
129570,129656
129570,129657
129570,129658
129570,129659
129570,129126
129126,129660
128917,129281
129126,129661
128917,129282
128917,129662
128917,129641
128917,129663
128917,129642
128917,129664
128917,129665
129126,129666
129028,129667
129028,129668
129028,129669
129649,128868
129670,128995
129670,129000
128995,128978
128995,129671
128995,129672
128995,129673
129649,129674
128995,129393
128995,129532
129664,128917
129675,129676
129675,129677
129675,128892
129675,129678
129675,128999
128995,129679
129649,129680
129649,129681
129028,129682
129028,129627
129028,129027
129028,129045
129028,129683
129028,129684
129028,129685
129028,129686
129028,129636
129028,129687
129028,128899
129028,129688
129028,129689
129028,129690
129028,129004
129028,129578
129028,129146
129028,129691
129654,128975
129675,129692
129654,129693
129212,129694
128925,129695
128925,129014
128925,129686
128925,128946
128925,129696
128925,129697
128925,128951
128925,129012
128925,129698
128925,128857
128925,129699
128925,129700
128925,129146
128925,129133
128925,129701
128925,129702
128925,129703
128925,129646
128925,129704
128925,129229
129705,129502
129705,129513
129706,129285
129707,128965
129347,129128
129347,129708
129347,129019
128925,128893
129347,129022
129224,129285
129224,129341
129313,129709
129313,129233
129710,129711
129710,128925
129710,129712
129713,129714
128925,128923
128925,128902
128925,128991
129212,129715
129212,129716
129212,129494
129212,129214
129212,129717
129212,129567
129212,129718
129212,129215
129212,129619
129212,129719
129212,129720
129212,129721
129212,129223
129212,128874
129212,129722
129212,129723
129212,129724
129212,129537
129212,129216
129212,129217
128925,129148
128925,129530
128925,128985
128925,128990
128925,129725
128925,129011
128925,129184
128925,129726
128925,129727
128925,129687
128925,129728
128925,129729
128925,129730
128925,128956
128925,129731
129577,129212
129212,129577
129212,129732
129705,129500
129678,128868
129733,129734
129735,129736
129735,129737
129735,129738
129735,129739
129735,129740
129735,129741
129735,129742
129735,129743
129735,129744
129735,129745
129735,129746
129735,129747
129735,129748
129749,129750
129749,129751
129749,129752
129735,129753
129749,129754
129735,129755
129735,129756
129757,129758
129757,129759
129385,129760
129385,129761
129385,129762
129385,129763
129385,129764
129735,129765
129385,129115
129385,129766
129385,129767
129385,129768
129385,129769
129385,129572
129385,129389
129385,129770
129385,129771
129749,128938
129749,129772
129749,129773
128938,129774
128938,129775
128938,129776
128938,128943
128938,129202
128938,129749
128938,129150
128938,129204
128938,129207
128938,129206
128938,129205
128938,129158
128938,129154
128938,129777
128938,129124
128938,128937
128938,128953
128938,129039
128938,129778
128938,129779
129749,129780
129749,128953
129749,129207
129749,129205
129751,129749
129751,129207
129751,129205
129751,128938
128938,129553
128938,128914
128938,129781
128938,129782
128938,129151
128938,129208
128938,129783
128938,129784
128938,129219
129757,129785
129733,129783
129757,129786
129757,129787
129099,129788
129099,129096
129099,129789
129099,129790
129099,129791
129099,129792
129099,129793
129733,129215
129099,129097
129099,129794
129099,129795
129099,129519
129099,129002
129099,129796
129099,129797
129099,129798
129099,129799
129099,129800
129733,129801
129733,129164
129733,129152
129733,129151
129733,129802
129733,129553
129733,129803
129733,129804
129733,129805
129733,129163
129733,129806
129733,129393
129733,129301
129733,129165
129733,129807
129733,129162
129733,129167
129733,129166
129733,128857
129808,129220
129808,129809
129808,129810
129217,129811
129757,129812
129757,129813
129757,129014
129757,129389
129757,129046
129757,129385
129217,129577
129757,129814
129757,129815
129757,129816
129757,129817
129757,129818
129757,129819
129757,129820
129757,129821
129757,129766
129217,129619
129217,129567
129217,129717
129808,129135
129808,129148
129220,129822
129220,129823
129220,129733
129217,129537
129217,128883
129217,128936
129217,129031
129217,129214
129217,128995
129217,129733
129217,129212
129217,129216
129217,129215
129217,129715
129217,129494
129757,129824
129705,129825
129705,129499
129705,129826
129827,129828
129827,129774
129827,129733
129827,129829
129827,129830
129827,129831
129827,129832
129827,129833
129827,129834
129827,129835
129827,129836
129827,129837
129827,129838
129827,129839
129827,129840
129827,129801
129827,129841
129827,129842
129827,129843
129827,129844
129827,129845
129827,129846
129827,129505
129827,129847
129827,129848
129827,129849
129827,129776
129827,129803
129827,129850
129827,129851
129827,129158
129827,129852
129827,129775
129827,129853
129827,128953
129827,129854
129827,129855
129827,129856
129827,129857
129827,129858
129827,129859
129827,129860
129827,129861
129827,129862
129827,129863
129827,129864
129827,129509
129827,129865
129827,129866
129827,129867
129827,129779
129827,129868
129827,129869
129827,129870
129827,129098
129827,129871
129827,129641
129827,129872
129827,129873
129827,129874
129827,129875
129827,129749
129827,129876
129827,129552
129827,129152
129827,129204
129827,129096
129827,129877
129827,129878
129827,129879
129827,129880
129827,129881
129827,129809
129827,129882
129827,129807
129827,129039
129827,129097
129827,129883
129827,129884
129827,129792
129827,129885
129886,129887
129886,129888
129886,129865
129886,129889
129886,129212
129886,129890
129886,129891
129886,129487
129886,129217
129886,129892
129886,129893
129886,129894
129886,129895
129886,129896
129897,129256
129898,128986
129886,129899
129900,129095
129886,129901
129886,129214
129902,129903
129902,129904
129905,128892
129906,128965
129117,129113
129907,129160
129907,129908
129886,129909
129907,129910
129907,129911
129886,129912
129886,129913
129886,129914
129886,129723
129886,129915
129886,129916
129907,129917
129900,129900
129900,129315
129114,129113
129918,129919
129918,129532
129920,128922
129920,128916
129920,128917
129920,128918
129920,129703
129918,129217
129920,129921
129920,129113
129722,129212
129827,129922
129827,129923
129827,129924
129827,129925
129827,129926
129920,129927
129918,129928
129918,129212
129918,129216
129918,129619
129918,128995
129918,129519
129918,129717
129918,129929
129918,129214
129918,129930
129918,129931
129918,129494
129918,129670
129918,129715
129918,129909
129918,129487
129918,129031
129918,129720
129918,129932
129918,129537
129827,129933
129827,129934
129827,129219
129827,129935
129936,128902
129937,128914
129938,129256
129939,129940
129941,129942
129941,128892
129943,129504
129936,128892
129943,129944
129943,129945
129943,129946
129943,129947
129943,129948
129943,129160
129943,129911
129647,129245
129943,129851
129949,129950
129170,129609
129170,129256
129170,129951
129170,129022
129170,129125
129170,129023
129170,129569
129170,129952
129170,129953
129170,129021
129170,129390
129170,129954
129170,129146
129170,129027
129170,129955
129170,129956
129170,129024
129170,129515
129170,129957
129958,129959
129958,128953
129958,129960
129705,129961
129705,129962
129705,129963
129705,129214
129705,129493
129705,129494
129705,129215
129705,129964
129705,129965
129705,129966
129705,129216
129705,129967
129705,129498
129705,129217
129705,129968
129705,129532
129705,129969
129705,129567
129705,129519
129705,129718
129958,129831
129958,129970
129958,128914
129958,129971
129958,129972
129958,129973
129958,129974
129958,129975
129958,129976
129958,129977
129958,129978
129720,129212
129720,129217
129705,129979
129705,129980
129705,129619
129705,129528
129170,129019
129170,129128
129981,129982
129981,129160
129827,129983
129827,129984
129827,129985
129827,129910
129827,128918
129827,129986
129827,129220
129827,129987
129827,129511
129827,129124
129827,129513
129827,129988
129827,129989
129827,129202
129827,129990
129827,129991
129827,129992
129827,129993
129827,129994
129827,129995
129827,129996
129827,129997
129827,129300
129827,129998
129827,129999
129827,130000
129827,129783
129827,130001
129827,130002
129827,129827
129827,130003
129827,130004
129827,130005
129827,129301
129827,129532
129827,130006
129827,130007
129827,129802
128938,129314
129827,130008
129827,130009
130010,130011
130012,129241
130012,128868
130013,129095
130014,128953
130014,130015
130016,128914
130010,129241
130017,130018
129387,128917
130019,130020
130021,130022
130021,130019
130021,129112
130021,129225
130023,128941
130024,129220
130010,128868
130025,129100
130025,130026
129827,130027
129827,129823
129827,130028
129827,129512
129827,130029
129827,130030
129827,130031
129827,130032
129827,129921
129827,130033
129827,130034
129827,129151
130025,128868
130025,130035
130025,129296
130025,129690
130025,129391
129827,128943
128938,129486
128938,130036
128938,129575
130015,129749
130015,128938
130015,128953
130015,130037
130038,130039
130038,130040
130040,130039
130041,128953
130040,128968
130042,130018
130043,128975
130044,130045
130044,129249
130044,130046
130044,130047
130044,130048
130040,130038
130044,130049
130041,130015
130041,130050
129256,130051
129256,129954
129256,130052
130053,130054
130055,129952
130056,130057
130056,130058
130041,130059
130056,130060
130056,129422
130056,130061
130056,129395
130056,130062
130063,128892
129680,128941
130064,130018
130056,130065
130044,130066
130044,130067
130044,130068
129206,130069
129206,128954
129206,129808
129206,130070
129206,130071
129206,130072
129206,130073
129206,130074
129206,129751
129206,130075
129206,129268
129206,130076
129206,129996
129206,130077
129206,129078
129206,130078
129206,129079
129206,129202
129206,130079
129206,128943
130080,130081
129579,130082
130083,130078
130083,130020
130083,129207
130083,129206
130083,129205
130083,128938
129206,129076
129206,130084
129206,130085
129206,130086
129206,130087
129206,130088
129206,130089
129206,129081
129206,130083
129256,130090
129206,130020
129256,130091
129256,129272
129824,129787
129824,129757
129824,130092
129824,130093
128874,128863
128874,129589
128874,129212
129824,130094
128874,128876
128874,129715
128874,129494
128874,130095
128874,129717
128874,129619
128874,129577
128978,129671
128874,130096
128991,128868
129824,130097
129824,130098
129801,130099
129801,130100
129801,130101
129801,130102
129801,130103
129801,130104
129801,130105
129824,130106
130107,130108
130107,128968
130108,128968
129839,129999
129839,130108
129839,129733
129824,130109
129824,130110
130107,130111
128991,130112
128868,129391
128868,128868
128868,130113
130114,129256
130114,130115
130114,130116
130114,130117
130114,130118
129256,130119
128868,130120
129256,130121
129256,129656
129256,130122
129256,129951
129256,130123
129256,130124
129256,130125
129256,129255
129256,130126
128868,130012
128868,130127
128868,130011
128868,128940
128868,128991
128868,129241
128868,129313
128868,130128
128868,129028
128868,128867
128868,130129
128868,130130
128868,130131
128868,130132
128868,129461
128868,129296
128868,128869
128868,129107
128868,130133
128868,129678
129256,130134
129206,128952
129206,130135
129206,129704
129094,130136
129094,130137
129094,130138
129094,130139
129094,130140
129094,130141
129094,130142
129094,130143
129094,130144
129094,129966
129094,130145
129094,130146
129094,130147
129094,130148
129094,130149
129094,130150
129094,130151
129094,130152
129094,130153
129094,130154
129993,129776
129993,130155
129993,130156
129993,130157
129993,130158
129993,129113
129094,130159
129094,130160
129094,130161
129094,130162
129094,130163
129094,130164
129094,130165
129094,130166
129094,130167
129094,130168
129094,130169
129094,130170
129094,130171
129094,129088
129094,130172
129094,130173
129094,130174
129094,130175
129094,130176
129094,130177
129094,130178
129094,130179
129094,130180
129094,130181
129094,130182
129094,130183
129094,130184
129094,130185
129094,130186
129094,130187
129094,130188
129094,130189
129094,130190
129094,130191
129094,129793
129094,130192
129094,130193
129094,129872
129094,130194
129094,130195
129094,130196
129094,130197
129094,130198
129094,130199
129094,129799
129094,130200
129094,130201
129094,130202
129094,130203
129094,130204
129094,130205
129993,129662
129993,130092
130206,128965
130207,130208
129206,130209
129206,130210
129206,130211
129206,129148
129781,129553
129781,129782
129781,128938
129206,129083
129226,128917
129226,130212
129226,130213
130214,130215
130214,130216
130214,129214
130217,130102
130217,129649
129226,129283
129206,129084
129206,128938
129206,129205
129206,130218
129206,130219
129206,128914
129206,129749
129206,129077
129206,128951
129206,130220
129206,130221
129206,130222
129206,129087
129206,129150
129206,129135
129206,129207
129206,129086
129206,128953
129206,130223
129206,129085
130217,128855
129801,130224
130217,129676
130217,128857
130217,129925
130217,129687
129964,129964
129229,128917
129229,130036
129229,129392
129229,129347
130217,130225
129229,130226
128986,128925
128986,129530
128986,129148
130207,129342
130207,129965
130207,130227
130207,130228
128986,129181
130217,130229
130217,130230
130217,129964
130217,130231
130217,130232
130217,130233
130217,130234
130217,130235
130217,129393
130217,129628
130217,129105
130217,128890
130217,130236
130217,129678
130217,130237
130217,129583
130217,129011
130217,130238
130217,129214
130217,129844
130217,129795
129094,130239
129801,130240
129801,130241
129151,129779
129151,130242
129151,129150
129151,128953
129802,130243
129802,130244
129802,130245
129151,129784
129802,129733
128965,129194
128965,130206
128965,130246
128965,128962
128965,130247
128965,130248
128965,130249
130250,128965
128965,130251
129151,128914
129151,130252
130253,130254
130253,129285
130253,129215
130253,130255
130253,129694
130253,130256
130253,130257
129151,130244
130253,130258
129553,129552
129553,128914
129553,129550
129553,129551
129553,130259
129152,129859
129152,129933
129553,128938
128965,129707
128965,128964
130260,128965
128961,130261
128961,130262
128961,128955
129301,129731
129301,130263
129301,129921
129301,129805
128961,128956
129301,130264
129301,130265
129301,129751
129301,130266
129301,129300
129301,130267
129301,130209
130268,130269
129301,129152
128961,128957
128961,128953
128961,128958
128914,129151
128914,128961
128914,129219
128914,129553
128914,128938
128914,130264
128914,128943
128914,130270
128914,130271
128914,130252
128914,128953
128914,130272
128961,128943
128961,128954
128961,130273
128961,128960
128961,128959
130274,130275
130268,128917
130274,130276
129095,130277
128938,130278
128938,130279
128938,130280
129538,129733
130281,128878
128878,129511
128878,130282
128938,130283
128878,128950
128878,130284
128878,129589
128953,130285
128953,128938
128953,130015
128953,129150
128953,128914
128878,130286
129784,128938
128938,130287
128938,130288
128938,129153
128938,129751
128938,129078
128938,130289
128938,130221
128938,129083
128938,130290
128938,130291
128938,130292
128938,130293
128938,130294
128938,130295
128938,130296
128938,130297
128938,129031
128938,130298
128938,130299
129784,129151
129784,130300
129784,129779
129215,130301
129215,129513
129215,129499
129215,129717
129215,129694
129215,128874
129215,129885
129215,129577
129215,130302
129215,130303
129095,130304
129095,130305
129095,129112
129095,130306
129095,130199
129095,130307
129215,130308
129215,129619
129215,130309
129215,129567
129784,130242
129784,128914
129215,129733
129215,129988
129215,129811
129215,130107
129215,129524
129215,129999
129215,129217
129215,130310
129215,130311
129215,130108
129215,129839
129215,129715
129215,129494
129215,129214
129215,130095
130274,130312
130268,130313
130268,130314
130268,130315
130316,130317
130316,130318
130316,130319
130316,130320
130316,130321
130316,129070
130316,129014
130316,130322
130316,130323
130316,130324
130316,130325
130316,130326
130316,130327
130316,130328
130316,130329
130330,130018
130316,130331
130018,130330
130316,129824
130316,130332
128857,129146
128857,130333
128857,130334
128857,130335
128857,130336
128857,129687
128857,130337
130316,130338
128857,130339
128857,130340
130341,130342
130341,129952
130316,130343
130316,130344
130316,129701
130316,130345
128857,130346
130018,130064
130018,130042
130018,130347
130348,130349
130348,130350
130348,129527
130348,130351
130348,129393
130348,129219
130348,130352
130348,129885
130353,129004
129004,129028
130252,129151
130252,128914
129801,130354
129801,130355
129801,130356
129801,130357
129004,130353
130348,128995
130348,130358
130348,129214
130348,130359
130348,130360
130348,129988
130348,130361
130348,130362
130348,129538
130348,130107
130348,129217
130348,130264
130348,129212
130348,128874
130348,129152
130348,129031
130348,129215
130348,128978
130348,130108
130348,130363
128857,130364
128857,129137
128857,129393
128857,130365
130268,129656
130268,130366
130268,129657
130268,130268
130268,130367
130268,130368
130268,130369
130268,130370
130268,130371
130268,130372
130268,130373
130268,130374
130268,130375
130268,130376
130268,130377
130268,130378
130268,130077
130268,130379
130268,130380
130268,130381
130268,129927
130268,129283
130268,130382
130268,129658
130268,130383
130268,130384
130268,130385
130268,130119
130268,130090
130268,129703
130268,129282
130268,130386
130268,130387
130268,130051
130268,130388
130268,130389
130268,130390
130268,130391
129801,130392
130268,129227
130268,130393
130268,130394
130268,130395
130268,130124
130268,129659
130268,130396
130268,130397
129125,130398
130268,130399
129125,129020
128857,130400
128857,130401
128857,129677
128857,128898
128857,129678
128857,130350
128857,129589
129125,129636
130268,130402
130268,130403
130268,130404
130268,129226
130268,130405
130268,129281
130268,130406
130268,130082
130268,129570
130268,130407
130268,130121
130268,130408
130268,129381
130268,130409
130268,130410
130268,130411
130268,130412
130268,130413
130268,130212
130268,130123
130268,130414
130268,130122
