141175,141176
141175,141177
141175,141178
141175,141179
141175,141180
141175,141181
141175,141182
141175,141183
141175,141184
141175,141185
141186,141187
141175,141188
141175,141189
141175,141190
141175,141191
141175,141192
141175,141193
141175,141194
141175,141195
141186,141196
141175,141197
141186,141198
141175,141199
141175,141200
141201,141202
141175,141203
141186,141204
141205,141206
141207,141208
141209,141210
141210,141211
141210,141212
141210,141213
141210,141214
141210,141215
141210,141216
141210,141217
141175,141218
141210,141219
141210,141220
141210,141221
141210,141222
141210,141223
141175,141224
141175,141225
141175,141226
141175,141227
141175,141228
141175,141229
141175,141230
141210,141231
141186,141232
141233,141234
141186,141235
141236,141237
141236,141238
141236,141239
141236,141240
141236,141241
141236,141242
141236,141243
141236,141244
141236,141245
141236,141246
141236,141247
141236,141248
141236,141236
141236,141249
141236,141250
141236,141251
141236,141252
141253,141234
141253,141254
141253,141255
141253,141256
141253,141257
141253,141220
141253,141258
141236,141259
141253,141260
141236,141261
141236,141262
141205,141263
141205,141264
141265,141266
141265,141205
141265,141267
141265,141268
141265,141269
141265,141270
141265,141271
141265,141272
141265,141273
141236,141274
141275,141276
141275,141277
141275,141278
141275,141279
141280,141281
141280,141282
141283,141284
141283,141285
141283,141286
141236,141287
141236,141288
141236,141289
141275,141290
141253,141291
141253,141292
141253,141293
141294,141295
141296,141297
141296,141298
141296,141299
141296,141300
141296,141301
141302,141303
141304,141305
141304,141233
141304,141234
141304,141306
141307,141308
141186,141309
141186,141310
141186,141311
141186,141312
141186,141313
141186,141314
141186,141315
141186,141316
141186,141317
141186,141318
141186,141319
141186,141320
141186,141321
141322,141322
141322,141323
141322,141324
141253,141325
141253,141326
141253,141327
141326,141253
141175,141328
141175,141329
141175,141330
141175,141331
141175,141332
141175,141333
141175,141334
141175,141335
141175,141336
141175,141337
141175,141338
141339,141324
141339,141340
141339,141307
141339,141341
141308,141307
141308,141342
141308,141322
141308,141343
141322,141308
141322,141339
141186,141344
141205,141273
141345,141346
141205,141347
141256,141348
141256,141349
141256,141350
141256,141351
141256,141352
141256,141234
141256,141255
141256,141353
141256,141354
141256,141253
141256,141355
141256,141356
141256,141357
141256,141358
141256,141359
141256,141360
141256,141361
141256,141362
141256,141363
141256,141292
141256,141220
141256,141364
141256,141257
141256,141365
141234,141366
141234,141367
141368,141369
141234,141370
141234,141220
141234,141371
141234,141372
141234,141233
141234,141373
141234,141374
141234,141375
141234,141305
141234,141376
141234,141377
141234,141378
141234,141379
141234,141258
141234,141380
141234,141381
141234,141256
141234,141382
141234,141351
141234,141383
141234,141304
141234,141384
141256,141371
141256,141385
141256,141386
141256,141387
141256,141388
141256,141389
141256,141390
141256,141391
141358,141234
141358,141254
141358,141242
141358,141255
141358,141256
141256,141392
141358,141253
141358,141292
141358,141220
141358,141258
141358,141393
141358,141394
141358,141260
141358,141291
141358,141395
141358,141396
141292,141234
141358,141257
141256,141397
141256,141383
141256,141398
141256,141399
141256,141400
141256,141401
141256,141402
141256,141403
141256,141404
141256,141405
141256,141406
141256,141407
141256,141372
141256,141408
141256,141409
141256,141410
141256,141411
141256,141412
141256,141413
141256,141414
141256,141415
141256,141416
141256,141260
141256,141417
141256,141418
141256,141291
141419,141420
141419,141421
141211,141210
141260,141422
141423,141424
141423,141425
141423,141423
141423,141426
141423,141427
141423,141428
141423,141429
141423,141430
141423,141431
141423,141432
141423,141433
141423,141434
141423,141435
141423,141436
141423,141437
141423,141438
141423,141439
141423,141440
141423,141441
141423,141442
141423,141443
141423,141444
141423,141445
141423,141446
141423,141447
141423,141448
141339,141449
141339,141322
141339,141450
141339,141451
141339,141452
141339,141453
141339,141454
141339,141455
141339,141313
141339,141308
141339,141456
141339,141457
141339,141458
141339,141459
141212,141217
141212,141214
141212,141213
141212,141210
141214,141212
141214,141210
141214,141215
141423,141460
141423,141461
141423,141462
141292,141242
141423,141463
141423,141464
141465,141253
141465,141466
141465,141467
141468,141469
141468,141470
141468,141471
141468,141246
141468,141472
141468,141473
141468,141474
141475,141476
141468,141477
141468,141478
141468,141479
141258,141234
141258,141480
141258,141366
141258,141396
141260,141242
141260,141253
141260,141292
141260,141481
141468,141482
141475,141483
141475,141484
141475,141485
141423,141208
141423,141486
141423,141487
141423,141488
141423,141489
141423,141490
141423,141491
141423,141492
141423,141493
141423,141494
141423,141495
141423,141496
141423,141497
141423,141498
141423,141499
141423,141500
141423,141501
141423,141502
141423,141503
141423,141504
141423,141505
141423,141506
141423,141507
141423,141508
141205,141509
141292,141255
141292,141257
141510,141511
141512,141513
141512,141514
141512,141301
141512,141515
141512,141300
141512,141299
141512,141516
141512,141517
141512,141518
141510,141519
141512,141520
141512,141521
141512,141522
141512,141208
141512,141523
141512,141524
141512,141525
141512,141526
141512,141527
141512,141528
141512,141529
141512,141530
141512,141531
141510,141532
141510,141533
141510,141534
141510,141535
141510,141536
141510,141537
141510,141538
141510,141280
141510,141282
141510,141539
141510,141540
141510,141541
141510,141542
141510,141543
141510,141544
141510,141545
141510,141546
141510,141547
141510,141548
141510,141549
141510,141550
141510,141551
141510,141552
141510,141553
141510,141554
141512,141555
141512,141556
141512,141557
141205,141558
141205,141559
141205,141560
141205,141561
141205,141562
141205,141267
141205,141563
141205,141564
141205,141565
141205,141566
141205,141567
141205,141568
141205,141569
141205,141265
141205,141570
141205,141368
141205,141269
141205,141571
141205,141572
141205,141573
141205,141205
141205,141574
141205,141266
141266,141575
141266,141265
141266,141269
141512,141576
141512,141577
141512,141578
141512,141579
141512,141580
141512,141581
141512,141297
141512,141582
141512,141583
141512,141584
141512,141585
141345,141586
141345,141475
141345,141587
141345,141588
141345,141589
141345,141590
141345,141591
141345,141592
141345,141593
141345,141594
141352,141253
141266,141205
141510,141595
141510,141596
141510,141597
141510,141598
141254,141220
141254,141291
141599,141275
141600,141275
141600,141601
141600,141602
141600,141599
141600,141603
141600,141604
141600,141605
141254,141292
141600,141606
141600,141607
141600,141608
141609,141610
141609,141611
141609,141612
141609,141613
141609,141614
141609,141615
141609,141616
141609,141617
141600,141618
141254,141358
141254,141257
141254,141253
141292,141358
141292,141292
141292,141220
141292,141258
141292,141619
141292,141394
141292,141260
141292,141291
141292,141395
141292,141396
141220,141620
141220,141621
141220,141622
141220,141623
141220,141624
141220,141481
141220,141625
141220,141626
141220,141253
141220,141327
141220,141627
141254,141234
141254,141256
141609,141628
141292,141253
141609,141629
141630,141631
141510,141632
141510,141633
141510,141634
141510,141635
141510,141636
141510,141637
141510,141638
141510,141639
141510,141640
141510,141641
141542,141547
141510,141642
141510,141643
141510,141644
141510,141645
141510,141646
141510,141647
141510,141648
141510,141649
141510,141650
141510,141651
141510,141652
141510,141653
141542,141540
141542,141597
141542,141598
141630,141654
141630,141355
141630,141655
141630,141656
141630,141657
141630,141305
141630,141658
141630,141233
141630,141659
141630,141660
141630,141258
141630,141661
141630,141384
141630,141396
141658,141630
141549,141662
141542,141633
141542,141663
141542,141640
141542,141642
141542,141643
141542,141648
141542,141651
141609,141664
141220,141665
141666,141667
141349,141668
141669,141670
141669,141671
141669,141672
141669,141673
141669,141674
141669,141675
141669,141676
141669,141677
141669,141678
141669,141679
141669,141680
141669,141681
141669,141682
141669,141683
141669,141684
141669,141685
141669,141686
141669,141687
141669,141587
141669,141688
141669,141689
141669,141690
141669,141691
141669,141692
141669,141693
141669,141694
141669,141695
141696,141697
141698,141699
141261,141624
141261,141621
141261,141481
141700,141701
141669,141702
141669,141586
141669,141703
141669,141704
141669,141705
141669,141706
141669,141707
141669,141708
141669,141475
141669,141709
141669,141275
141669,141710
141669,141711
141669,141712
141669,141713
141669,141714
141669,141715
141669,141716
141669,141717
141696,141718
141669,141594
141669,141719
141669,141720
141669,141721
141669,141722
141669,141723
141669,141607
141669,141724
141669,141725
141669,141345
141669,141726
141669,141727
141669,141728
141669,141729
141669,141730
141669,141731
141669,141732
141186,141733
141186,141734
141186,141735
141186,141736
141186,141737
141186,141738
141186,141739
141186,141740
141669,141741
141669,141742
141669,141743
141669,141744
141669,141745
141669,141746
141669,141747
141669,141748
141669,141749
141669,141750
141669,141346
141669,141751
141669,141752
141669,141753
141669,141628
141669,141754
141669,141755
141669,141756
141669,141567
141669,141757
141669,141758
141669,141759
141669,141760
141669,141589
141669,141761
141669,141290
141669,141762
141669,141763
141669,141588
141696,141764
141696,141765
141696,141766
141767,141768
141767,141769
141767,141770
141767,141771
141767,141772
141767,141773
141767,141774
141767,141775
141767,141776
141767,141777
141767,141778
141767,141779
141696,141780
141696,141781
141696,141782
141696,141783
141696,141426
141696,141784
141696,141785
141696,141786
141696,141787
141696,141788
141696,141789
141767,141790
141767,141791
141767,141792
141767,141793
141794,141795
141794,141796
141794,141620
141794,141278
141794,141797
141794,141798
141799,141586
141799,141475
141799,141711
141799,141800
141799,141714
141696,141801
141799,141692
141799,141684
141799,141689
141799,141802
141799,141757
141799,141803
141799,141804
141799,141345
141799,141805
141799,141806
141799,141807
141767,141808
141799,141809
141696,141810
141696,141811
141696,141812
141696,141813
141696,141208
141696,141814
141696,141815
141696,141816
141696,141817
141696,141818
141696,141819
141696,141820
141669,141590
141485,141821
141696,141822
141696,141823
141696,141824
141696,141825
141696,141826
141696,141827
141696,141828
141696,141829
141696,141830
141696,141831
141696,141832
141696,141833
141696,141834
141696,141835
141186,141342
141696,141836
141696,141837
141696,141838
141696,141839
141696,141840
141696,141841
141696,141842
141696,141843
141696,141844
141696,141845
141696,141846
141696,141847
141696,141848
141696,141849
141696,141850
141696,141851
141696,141852
141696,141853
141696,141854
141696,141855
141696,141856
141696,141857
141696,141858
141696,141859
141696,141444
141696,141860
141696,141861
141794,141862
141309,141186
141377,141382
141863,141864
141863,141865
141863,141866
141863,141867
141863,141868
141863,141323
141863,141869
141863,141870
141863,141871
141863,141872
141873,141874
141873,141690
141690,141874
141690,141663
141690,141875
141690,141876
141690,141743
141690,141877
141690,141878
141690,141709
141320,141879
141320,141287
141320,141880
141863,141881
141863,141882
141863,141883
141863,141884
141863,141885
141863,141886
141863,141887
141863,141888
141863,141889
141863,141890
141863,141891
141863,141892
141863,141893
141863,141894
141863,141895
141320,141312
141863,141896
141863,141897
141863,141898
141863,141899
141863,141900
141863,141901
141863,141902
141863,141903
141863,141904
141863,141905
141863,141873
141863,141221
141863,141906
141863,141907
141320,141908
141320,141909
141747,141910
141747,141911
141747,141912
141747,141913
141747,141914
141747,141805
141747,141915
141747,141727
141747,141916
141747,141724
141747,141917
141747,141918
141747,141919
141747,141803
141747,141920
141747,141921
141747,141757
141747,141922
141747,141923
141747,141924
141747,141925
141747,141926
141747,141927
141747,141928
141747,141929
141747,141930
141747,141931
141320,141932
141320,141933
141320,141934
141320,141935
141320,141936
141320,141320
141320,141937
141320,141938
141320,141939
141320,141940
141320,141941
141320,141942
141320,141943
141320,141944
141204,141945
141204,141946
141204,141947
141204,141948
141204,141949
141204,141950
141204,141951
141952,141345
141952,141594
141747,141953
141320,141954
141863,141955
141863,141956
141863,141957
141863,141958
141863,141959
141863,141960
141863,141961
141863,141962
141863,141963
141863,141964
141863,141965
141863,141966
141863,141454
141863,141967
141863,141968
141863,141969
141863,141970
141863,141971
141863,141972
141863,141973
141863,141315
141863,141974
141863,141975
141863,141210
141863,141976
141863,141977
141863,141978
141863,141979
141863,141980
141863,141981
141377,141234
141382,141377
141382,141234
141982,141468
141983,141984
141985,141986
141985,141987
141985,141988
141985,141989
141985,141990
141863,141991
141863,141992
141863,141993
141863,141994
141863,141995
141863,141996
141863,141997
141863,141216
141863,141998
141863,141999
141863,142000
141863,142001
141863,142002
141863,142003
141863,141278
141863,142004
141863,142005
141863,142006
141863,142007
141863,142008
141863,142009
141863,142010
141863,142011
141863,142012
141863,141863
141863,142013
141863,142014
141863,142015
141863,142016
141863,142017
141863,141211
141863,142018
141863,142019
141863,142020
141863,142021
141863,142022
141863,142023
141863,142024
141863,142025
141863,142026
141863,142027
141863,142028
141863,142029
141377,141379
141863,142030
141863,142031
141863,142032
141863,142033
141863,142034
141863,142035
141863,142036
141863,142037
141863,142038
141863,142039
141863,142040
141863,142041
141863,142042
141863,142043
141863,142044
141863,142045
141863,142046
141863,142047
141863,142048
141863,142049
141863,142050
141863,142051
141863,142052
141863,142053
141863,142054
141863,142055
141863,142056
141794,142057
141794,142058
141794,142059
142060,142061
142060,142062
142060,142063
142060,142064
142060,142065
142060,142066
142060,142067
142060,142068
142060,142069
142060,142070
142060,142071
142060,142072
142060,142073
142060,142074
142060,142075
142060,142076
142060,142077
142060,142078
142060,142079
142060,142080
142060,142081
142060,142082
142060,141504
142060,142083
142060,142084
142060,142085
142060,142086
142060,142087
142060,142088
142060,142089
142060,142090
142060,142060
142060,142091
142060,142092
142060,142093
142060,142094
142060,142095
142060,142096
142060,142097
142060,141493
142060,142098
142060,142099
142060,142100
142060,142101
142060,142102
142060,142103
142060,142104
142060,142105
142060,142106
142060,142107
142060,142108
142060,142109
142060,142110
142060,142111
142060,142112
142113,142114
142113,142115
142113,142116
142113,142117
142113,141349
142113,141323
142113,142118
142113,141350
142113,142119
142113,142120
142113,142121
142113,142122
142113,141234
142113,142123
142113,142124
142113,142125
142113,142126
142113,141883
142113,142127
142113,142128
142113,141370
142113,141256
142113,141233
142129,142130
142060,142131
142060,141507
142060,142132
142060,142133
142060,142134
142060,142135
142060,142136
142060,142137
142060,142138
142060,142139
142060,142140
142060,142141
142060,142142
142060,142143
142060,142144
142060,141226
142060,142145
142060,142146
142060,142147
142060,142148
142060,142149
142060,142150
142060,142151
142060,142152
142060,142153
142060,142154
142060,142155
142060,142156
142060,142157
142060,142158
142060,142159
142060,142160
142060,142161
142060,142162
142060,142163
142060,142164
142060,142165
142060,142166
142060,142167
142060,142168
142060,142169
142060,142170
142060,142171
142060,142172
142060,142173
142060,142174
142060,142175
142060,142176
142060,142177
142060,142178
142060,142179
142060,142180
142060,142181
142060,142182
142060,142183
142060,142184
142060,142185
142060,142186
142060,142187
142060,142188
142060,142189
142060,142190
142060,142191
142060,142192
142060,142193
142060,142194
142060,142195
142060,142196
142060,142197
142060,142198
142060,142199
142060,142200
142060,142201
142060,142202
142060,142203
142060,142204
142060,142205
142060,142206
142060,142207
142060,142208
142060,142209
142060,142210
142060,142211
142060,142212
142060,142213
142060,142214
142060,142215
142060,142216
142060,142217
142060,142218
142060,142219
142060,142220
142060,141208
142060,142221
142060,142222
142060,142223
142060,142224
142060,142225
142060,142226
142060,142227
142060,142228
142060,142229
142060,141178
142060,142230
142060,142231
142060,141489
142060,142232
142060,142233
142060,142234
142060,142235
142060,141179
142113,141353
142060,142236
142060,142237
142060,142238
142060,142239
142060,142240
142060,142241
142060,142242
142060,142243
142060,142244
142060,142245
142060,142246
142060,142247
142060,142248
142060,142249
142060,142250
142060,142251
142060,142252
142060,142253
142060,142254
142060,142255
142060,142256
142060,142257
142060,142258
142060,142259
142060,142260
142060,142261
142060,142262
142113,142263
142113,142264
142113,141905
142113,142265
142113,141458
142113,142266
142113,141417
142113,142267
142113,141418
142113,142268
142113,142269
142113,141398
142113,142270
142113,141383
142113,142271
142113,142272
142113,141397
142113,141392
142113,141387
142113,142273
142113,141388
142113,142274
142113,142275
142113,142276
142113,141389
142113,142277
142113,141416
142113,142278
142113,142279
142113,142280
142113,142281
142113,142282
142113,142283
142113,142284
142113,141966
142113,141409
142113,141410
142113,142285
142113,142286
142113,141413
142113,142287
142113,142288
142113,141308
142113,142289
142113,142290
142113,142291
142113,142292
142113,142293
142113,141456
142113,142294
142113,142295
142113,142296
142113,142297
142113,141879
142113,141414
142298,141988
142298,142299
142298,142300
141794,142301
141794,142302
141794,141275
141794,142303
141794,142304
141794,142305
141794,142306
141794,142307
141794,142308
141794,142309
141794,142310
141794,142311
141794,142312
141794,142055
141794,142313
141794,142314
141794,142315
141794,142316
141794,142317
141794,142318
141794,142319
141794,142320
141794,142321
141794,142322
141794,142323
142113,142324
141794,142325
142326,141481
142327,142328
142327,142329
142327,142330
142327,142331
142327,142332
142327,142333
142327,142334
142327,142335
142327,142336
142327,142337
142327,142338
142326,141625
142327,142339
142327,141308
142327,142340
142327,142341
142327,142342
142327,142343
142327,141458
142327,142344
142327,141459
142345,142346
142345,142347
142326,141623
142327,142348
141747,142349
142113,142350
142113,142351
142113,141339
142113,142352
142113,141232
142113,142353
142113,141360
142113,142354
142113,142028
142113,142355
142113,141647
142113,142356
142113,142357
142113,142023
142113,142358
142113,142020
142113,142359
142113,142360
142113,141362
142113,142361
142113,141363
142113,142362
142113,142363
142113,142364
142113,141364
142113,142365
142113,142366
142113,142367
142113,142368
142113,142369
142113,142370
142113,141904
142113,141641
142113,142371
142113,142372
142113,142373
142113,141356
142113,142374
142113,141357
142113,142375
142113,141365
142113,142376
142113,141324
142113,142377
142113,141449
142113,142378
142113,142379
142113,142380
142113,141306
142113,142381
142113,142382
142113,142383
142113,142384
142113,142385
142113,142386
142113,141371
142113,142387
142113,142388
142113,142389
142113,142390
142113,141404
142113,142391
142113,142392
142113,142393
142113,142394
142113,142395
142113,142396
142113,142397
142113,142398
142113,142399
142113,142400
142113,142401
142113,142402
142113,141315
142113,142403
142113,142404
142113,141372
142113,142405
142113,142406
142113,142407
142113,142408
142113,141974
142113,142409
142113,142410
142113,141212
142113,142411
142113,142412
142113,141385
142113,141386
142113,141451
142113,141399
142113,142413
142113,141400
142113,142414
142113,142415
142113,142416
142113,142417
142113,142418
142113,142419
142113,142420
142113,142421
142113,141402
142113,142422
142113,141343
142113,142423
142113,142424
142113,142425
142113,142426
142113,141572
142113,142427
142060,142428
141747,141952
141747,141628
142429,142430
142429,142431
142429,141608
142429,142432
142429,142433
142429,142434
142429,141729
142429,142435
142429,142436
142429,141607
142429,141723
142429,142437
142429,142438
142429,142439
142429,142429
142429,142440
142429,142441
142429,142442
142429,141876
142429,142443
142429,141743
142429,142444
142429,142445
142429,142446
142429,142447
142429,142448
142429,142449
142450,142451
142450,141624
142452,142453
142452,142454
142455,142456
142455,142457
142455,142458
142455,142459
142458,142456
142458,142457
142458,142459
142429,142460
142461,141234
142429,142462
142429,141277
142429,142463
142429,142464
142429,142465
142429,142466
142429,142467
142429,142468
142429,142469
142429,142470
142429,142471
141223,141210
142450,142472
142429,142473
142429,141290
142429,141690
142429,142474
142429,141276
142429,142475
142429,141878
142429,142476
142429,142477
142429,142478
142429,142479
142429,142480
142429,142481
142429,141677
142429,141675
142429,142482
142429,142483
142429,141671
142429,142484
142429,142485
142429,142486
142429,142487
142429,142488
142429,141693
142429,142489
142429,142490
142429,142491
142429,142492
142429,142493
142429,142494
142429,142495
142429,142496
142429,142497
142429,141759
142429,142498
142429,142499
142429,142500
142429,142501
142429,142502
142429,142503
142429,142504
142429,142505
142429,142506
142429,142507
142429,142508
142429,141750
142429,142509
142429,142510
142429,142511
142429,142512
142429,142513
142429,142514
142429,142515
142429,142516
142450,142517
142518,142346
142518,142519
142520,142383
142520,142521
142520,141284
142520,142522
142520,141701
142520,142523
142520,142524
142525,142526
142527,142528
142527,142529
142527,142530
142531,142359
142365,142532
142346,142518
142533,142534
142533,142535
142536,142537
142538,141234
142538,142539
142538,141777
142538,142504
142538,142540
142538,142541
142520,141294
142520,142542
142520,142543
142520,141476
141481,141395
141481,142544
141481,142545
141481,141260
141481,142546
141481,141625
141481,141624
141481,141621
141481,142401
141481,141623
141481,142547
142538,141286
142520,142548
142520,141286
142520,142549
142520,142525
142520,142550
142520,142551
142520,142552
142520,141736
142520,142553
142520,142554
142520,141320
142520,142531
142520,142555
142538,141598
142538,142556
142538,142557
142558,142559
142558,141269
142558,141205
142559,142560
142559,142558
142559,141269
142559,141205
142561,141275
142561,142562
142563,142564
141624,141621
142565,142565
141624,141481
141623,141624
141623,142566
141623,142567
142568,142569
142568,141253
142568,142570
142568,141234
142569,141253
142569,141257
141477,141468
142518,142571
141624,141379
142429,142572
142573,141253
142574,142490
142538,141236
142538,141210
142538,142575
142538,142576
142538,142346
141560,141561
141560,141559
141560,141205
142577,141253
142577,141234
142578,141253
142574,142489
142490,142434
142490,142506
142490,142515
142490,142489
142490,142574
142490,142579
142490,142580
142490,142581
142574,142582
142574,142504
142574,142506
142574,142515
142490,142504
142285,142583
142429,142584
142429,142585
142586,142346
142586,141217
142586,142587
142586,142588
142586,141626
142586,141864
142586,141663
142586,142589
142586,142590
142586,141658
142586,142591
142586,142592
142586,142527
142586,142593
142586,142561
142587,142594
142587,142595
142596,142597
142596,141205
141367,141234
142598,142599
142598,142600
142598,142601
142586,142602
142586,142603
142586,141294
142586,142604
142586,142282
142586,142605
142586,142606
142586,141380
142586,142607
142586,141419
142586,141743
142586,142608
142586,142034
142586,142609
142586,142610
142598,142611
142586,142612
142586,142613
142586,142614
142586,142615
142586,142616
142586,142617
142586,142618
142586,141624
142586,142619
142586,142620
142586,141648
142586,142621
142586,142622
142586,141421
142598,141590
142598,141728
142623,142624
142623,142306
142623,142625
142623,142626
142623,142627
142623,142628
142623,142629
142623,142630
142623,142287
142162,141208
142631,141692
142632,142633
142634,142634
141669,142635
141669,142636
141669,142637
141669,142638
141669,141807
141669,142639
141669,142446
141669,142640
141669,142431
141669,142432
142623,142641
142623,142642
142623,142643
142623,142644
142598,141345
142598,141720
142598,141589
142598,142645
142598,141755
142598,141754
142598,141594
142598,141691
142598,141689
142598,141687
142598,141686
142598,141731
142598,141682
142598,142646
142598,141679
142598,142647
142598,141302
142598,141475
142598,141703
142629,142623
142623,142648
142623,142649
142623,142650
142623,141572
142598,142651
142586,142652
142586,142653
142586,142529
141276,141663
141276,142563
142475,141607
142475,142654
142475,141743
142475,141606
142475,142504
142475,141759
142475,141605
142475,142491
142475,141599
142475,141593
142475,142655
142475,141878
142475,142656
142475,142478
142475,142657
142475,142658
142475,141677
142475,141675
142475,142488
142475,141716
142475,141275
141276,141709
141276,141677
141276,142478
141276,141690
142429,142659
142429,141275
142429,142660
142429,142574
142429,142579
142429,141709
142429,142661
142429,142662
142429,142663
142429,142664
142429,142665
142475,141709
142429,142666
142429,142667
142429,142668
142429,142581
141759,142504
141759,142514
141759,142478
141759,141275
141276,142669
141276,141743
141276,142504
141276,141759
142429,142580
142670,141212
142670,142344
142670,142671
142272,142672
142272,142673
142272,141204
142272,142674
142675,141208
142675,141878
142675,142676
142269,142296
142269,142677
142269,142346
142269,142678
142272,142679
142680,142681
142680,142682
142680,142683
142684,142684
142685,142686
142685,142457
142586,142687
142586,142002
142586,142688
142586,142689
142586,142690
142586,141777
142680,142691
142429,142692
142272,141948
142693,142694
142670,142116
142670,142338
142670,142695
142670,142696
142670,142697
142670,142698
142670,142699
142670,142700
142670,142701
142670,142543
142670,142702
142272,141947
142670,142327
142703,141591
142703,141345
142703,141756
142703,141689
142703,141587
142704,141205
142705,141208
142706,142707
142706,141246
142693,142708
142693,142709
142670,142362
142285,142401
142285,141349
142285,141357
141349,142710
141349,142711
141349,142712
141349,142713
141349,142714
141349,142276
141349,142715
141349,141994
141349,142716
141349,141216
141349,142717
141349,142718
141349,142719
141349,142687
141349,142720
141349,141397
141349,142721
141349,142722
141349,142271
141349,142723
141349,142724
141349,142268
141349,141862
141349,142725
141371,141234
141402,141351
141402,141234
141383,142726
141383,142287
141383,141413
141383,142351
141383,142408
141383,142727
141383,142728
141383,141402
141383,141386
141383,141371
141383,141220
141349,142003
141383,141363
141383,141356
141383,141353
141383,141370
141383,141234
141383,141351
141383,142729
141383,141355
141402,141383
141402,141372
141402,141371
141402,142730
141383,142731
141383,142294
141349,141311
141349,141260
141349,142606
141349,141380
141349,141973
141349,141315
141349,142401
141349,142400
141349,142549
141349,142732
141349,142339
141349,141975
141349,141210
141349,141977
141349,141992
141349,142733
141349,142607
141349,142004
141349,141316
141669,142734
141349,141419
141349,142520
141349,142735
141349,142005
141349,142736
141349,141968
141349,141481
141349,141454
141349,142282
141349,142278
141349,142555
141349,141978
141349,141658
141349,141625
141349,141962
141349,142293
141349,142737
141349,142738
141349,141777
141349,142739
141349,141980
141349,142740
141349,142741
141349,142742
141349,142743
141349,141413
141349,142285
141349,141875
141349,142744
141349,142745
141349,142746
141349,141966
141349,142747
141349,142748
141383,141398
141383,141383
141383,141387
141747,141710
141747,142749
141747,142750
141747,141707
141747,142751
141747,142752
141747,142753
141747,142754
141747,141592
141747,142755
141747,142756
141747,142611
141747,142757
141747,142758
141747,142759
141747,142760
141747,142761
141747,142762
141747,141731
141747,141728
141747,142763
141747,141345
141747,142764
141747,141800
141747,142765
141747,142766
141747,141695
141747,142767
141747,142768
141747,141751
141747,141802
141747,142769
141747,142770
141747,142771
141747,142772
141747,141719
141747,141706
141747,142773
141747,142774
141747,142775
141747,142776
141747,142777
141747,142778
141747,142779
141747,142780
141747,142781
141747,142782
141747,141676
141747,142783
141747,142784
141747,142785
141747,142557
141747,141720
141747,141567
141747,142645
141747,142786
141747,141346
141747,141475
142557,141628
142787,142788
142787,142789
142787,142790
142787,142791
142787,142792
142787,142793
142787,142794
141747,141703
142787,142795
142787,142796
141621,142797
141231,141219
141231,141210
141231,141220
141231,141221
142798,142799
141570,141265
141570,141205
141388,141234
141383,141391
142787,142800
141349,142801
141747,142802
141747,142803
141747,142804
141747,141756
141747,142805
141747,141755
141747,142806
141747,142807
141747,142808
141747,141748
141747,141691
141747,141689
141747,142809
141747,141711
141747,141686
141747,141684
141747,142646
141747,142810
141747,141679
141747,142647
141747,142811
141747,142812
141747,142813
141747,142814
141747,142815
141747,142816
141747,141685
141349,142817
141349,142391
141349,142818
142819,142518
141947,142274
141947,142820
141947,142821
141947,142822
141947,142672
141947,142823
141947,142824
141947,142825
141947,141948
141947,142826
141947,142827
141947,142828
141947,142829
141947,142830
141947,142831
141947,142832
141947,142833
141947,142834
141473,141468
141473,142835
141473,142836
141473,142837
142819,142346
142819,142838
142819,142839
142819,142704
141349,142840
141349,142841
142383,142842
142843,142539
142844,142845
141689,142703
141689,141591
141689,141345
141689,141756
141689,141691
141689,141587
141473,142846
142810,141913
142810,142847
142810,141927
142810,142848
142810,142808
142810,142772
142810,142557
142810,142849
142810,142752
142810,142850
142819,142851
142819,142852
142810,141914
141473,141472
141473,141469
141473,142853
142854,142854
142854,141594
142854,141689
142854,141685
142854,141684
142854,142855
142854,141680
142854,141676
142854,142856
142854,142784
142854,141692
142854,141745
142854,142814
142854,141695
142854,142857
142854,142766
142854,141800
142854,142858
142854,142859
142854,141711
142854,142860
141566,141205
141777,142861
142285,142389
142854,141302
141349,141355
142854,142769
142854,142862
142737,141630
142737,141305
142863,141205
142864,142865
142854,141953
142854,142755
142854,141914
142854,141591
142854,141805
142854,142866
142854,142867
142854,142808
142854,142762
142854,142868
142854,142869
142854,142870
142854,141757
142854,141922
142854,142871
142854,141756
142854,142872
142854,142805
142854,142873
142854,141952
142854,141345
141747,142862
141349,141323
141349,141351
141349,142416
141349,142874
141349,142875
141349,142876
141349,142877
141349,142878
141349,141451
141349,142011
141349,141385
141349,142879
141349,142880
141349,142387
141349,141656
141349,142553
141349,142881
141349,142882
141349,142310
141349,141220
141349,142883
141349,141292
141349,141480
141349,142361
141349,142884
141349,142885
141349,142418
141349,141951
141349,142043
141349,142608
141349,142525
141349,142886
141349,142390
141349,142035
141349,142643
141349,142389
141349,142887
141349,142041
141349,142888
141349,142044
141349,142889
141349,142612
141349,142527
141349,142699
141349,142890
141349,142891
141349,142051
141349,142892
141349,142893
141349,142313
141349,142894
141349,142552
141349,142895
141349,142047
141349,142020
141349,141361
141349,142896
141349,142897
141349,142898
141349,141905
141349,142899
141349,141233
141349,141221
141349,142900
141349,142522
141349,141884
141349,142901
141349,142902
141349,141904
141349,142536
141349,142125
141349,142123
141349,142903
141349,141234
141349,142904
141349,142905
141349,141864
141349,142906
141349,142907
141349,142908
141349,142540
141349,141883
141349,141350
141349,141253
141349,142533
141349,142531
141349,142909
141349,142910
141349,142028
141349,141957
141349,142911
141349,142912
141349,142365
141349,142913
141349,142914
141349,142542
141349,142915
141349,142916
141349,141294
141349,142917
141349,142918
141349,142382
141349,141324
141349,142919
141349,142385
141349,141894
141349,141357
141349,142346
141349,141899
141349,142920
142060,142921
141669,142922
142060,142923
142924,142925
142924,142370
142924,141275
142924,142926
142924,141663
142924,141355
142924,142927
142060,142928
142924,142929
142924,141620
142924,142930
142924,142931
142924,142269
142924,142932
142924,142002
142924,141311
142924,142933
142924,142934
142924,142278
142924,142737
142924,142739
142924,142586
142924,142529
142924,142935
142924,142282
142924,142346
142924,142936
142924,142384
142924,142937
142924,142844
142924,142938
142924,142939
142924,142643
142924,142593
142924,142940
142924,142625
142924,142941
142924,141572
142924,142425
142924,142942
142924,142943
142924,142944
142924,142945
142924,142946
142924,142947
142924,142948
142924,142618
142924,141624
142924,142949
142924,141599
142924,142950
142924,142951
142924,142623
142924,142952
142924,142953
142924,142954
142924,141607
142924,142955
142924,142956
142924,142957
142924,142958
142924,141220
142924,142959
142924,142619
142924,141601
142924,142960
142924,142961
142924,142962
142924,141285
142924,142963
142924,142964
142924,141371
142924,142965
142924,142966
142924,141675
142924,142967
142924,141873
142924,142901
142924,142968
142924,142969
142924,142970
142924,142971
142972,142973
142974,142975
142974,142976
142924,141677
142924,142977
142924,142978
142924,142979
142924,141618
142924,141380
142924,142732
142924,142980
142924,142981
142924,142982
142924,142607
142924,142004
142924,142983
142924,142984
142924,142985
142924,142986
142924,142987
142924,142988
142924,142989
142924,142990
142924,141606
142924,142991
142924,142992
142924,142993
142924,142994
142924,142995
142924,142996
142924,142997
142924,142893
142924,141605
142924,142608
142924,142998
142924,142999
142924,143000
142060,143001
142060,143002
142060,143003
142060,143004
142060,143005
142060,143006
142060,143007
142060,143008
142060,143009
142060,143010
142060,141431
142060,143011
142060,143012
142060,143013
142060,143014
142060,143015
142060,143016
142060,143017
142060,143018
142060,143019
142060,143020
142060,143021
142060,143022
142060,143023
142060,141435
142060,143024
142060,143025
142060,143026
142060,143027
142060,143028
142060,143029
142060,143030
142060,143031
142060,143032
142060,143033
142060,143034
142060,143035
142060,143036
142060,143037
142060,143038
142060,143039
142060,143040
142060,143041
142060,143042
142060,143043
142060,143044
142060,143045
142060,143046
142060,143047
142060,143048
142060,143049
142060,143050
142060,143051
143052,141468
143052,141477
142060,143053
142060,143054
142060,143055
142060,143056
142060,143057
142060,143058
142060,143059
142060,141336
142060,143060
142060,143061
142060,143062
142060,141329
142060,143063
142060,143064
142060,143065
142060,141425
142060,143066
142060,143067
142060,141475
142060,143068
142060,143069
142924,141622
142060,143070
142924,143071
143072,143073
143072,143074
143072,143075
143076,142971
143077,143078
143077,142950
143077,141220
143077,143079
143077,143080
143081,142954
143072,142480
143081,142593
141471,141477
141471,141468
143082,141275
143082,141716
143082,141670
143082,142498
143082,142431
143083,141236
143083,143084
143052,141471
141471,143052
143072,143085
143076,142346
143072,143086
143072,143087
142924,142740
142924,143088
142924,143089
142924,143077
142924,143080
142924,143090
142924,142277
142924,143091
143072,143092
143072,143093
143072,143094
