155415,155416
155415,155417
155415,155418
155415,155419
155415,155420
155415,155421
155415,155422
155415,155423
155415,155424
155415,155425
155415,155426
155415,155427
155415,155428
155429,155430
155415,155431
155415,155432
155415,155433
155415,155434
155415,155435
155415,155436
155415,155437
155415,155438
155415,155439
155415,155440
155415,155441
155415,155442
155415,155443
155415,155444
155415,155445
155415,155446
155415,155447
155415,155448
155415,155449
155415,155450
155415,155451
155415,155452
155415,155453
155415,155454
155415,155455
155415,155456
155415,155457
155415,155458
155415,155459
155415,155460
155415,155461
155415,155462
155415,155463
155415,155464
155415,155465
155415,155466
155415,155467
155415,155468
155415,155469
155415,155470
155415,155471
155415,155472
155415,155473
155415,155474
155415,155475
155415,155476
155415,155477
155415,155478
155415,155479
155415,155480
155415,155481
155415,155482
155415,155483
155415,155484
155415,155485
155415,155486
155415,155487
155415,155488
155415,155489
155415,155490
155415,155491
155415,155492
155415,155493
155415,155494
155415,155495
155415,155496
155415,155497
155415,155498
155415,155499
155415,155500
155415,155501
155415,155502
155415,155503
155415,155504
155415,155505
155415,155506
155415,155507
155415,155508
155429,155509
155415,155510
155429,155511
155429,155512
155429,155513
155429,155514
155429,155515
155429,155516
155429,155517
155429,155518
155429,155519
155429,155520
155429,155521
155429,155522
155429,155523
155429,155524
155429,155525
155429,155526
155429,155527
155429,155528
155429,155529
155429,155530
155429,155531
155429,155532
155429,155533
155429,155534
155429,155535
155429,155536
155415,155537
155429,155538
155429,155539
155429,155540
155429,155541
155429,155542
155429,155543
155429,155544
155429,155545
155429,155546
155429,155547
155429,155548
155429,155549
155429,155550
155429,155551
155429,155552
155429,155553
155429,155554
155429,155555
155429,155556
155429,155557
155429,155558
155415,155559
155415,155560
155415,155561
155415,155562
155415,155563
155415,155564
155415,155565
155415,155566
155415,155567
155415,155568
155415,155569
155415,155570
155415,155571
155415,155572
155415,155573
155415,155574
155415,155575
155415,155576
155415,155577
155415,155578
155415,155579
155415,155580
155415,155581
155415,155582
155583,155584
155583,155585
155583,155586
155583,155587
155583,155588
155583,155589
155583,155590
155415,155591
155415,155592
155415,155593
155415,155594
155415,155595
155415,155596
155415,155597
155415,155598
155415,155599
155415,155600
155415,155601
155415,155602
155415,155603
155415,155604
155415,155605
155415,155606
155607,155608
155415,155609
155607,155610
155607,155611
155607,155612
155607,155613
155607,155614
155607,155615
155607,155616
155607,155617
155607,155618
155607,155619
155607,155620
155607,155621
155607,155622
155607,155623
155607,155624
155607,155625
155607,155626
155607,155627
155607,155628
155607,155629
155607,155630
155607,155631
155607,155632
155607,155633
155539,155634
155635,155636
155635,155637
155635,155638
155638,155636
155638,155637
155638,155635
155639,155640
155641,155642
155607,155643
155641,155644
155645,155646
155645,155647
155645,155648
155645,155649
155645,155650
155645,155651
155645,155652
155607,155653
155607,155654
155641,155618
155607,155655
155607,155656
155657,155658
155659,155660
155659,155661
155659,155662
155659,155663
155659,155664
155659,155665
155659,155666
155659,155667
155659,155668
155659,155669
155659,155670
155659,155671
155659,155672
155659,155673
155659,155674
155659,155675
155429,155676
155659,155677
155659,155620
155659,155678
155659,155679
155659,155680
155659,155681
155659,155682
155657,155683
155684,155685
155628,155686
155687,155688
155687,155689
155687,155690
155687,155691
155687,155692
155687,155693
155687,155694
155687,155695
155687,155696
155687,155697
155687,155698
155687,155687
155699,155700
155699,155701
155659,155655
155659,155702
155659,155703
155659,155704
155539,155586
155415,155650
155415,155705
155415,155706
155415,155707
155415,155708
155415,155709
155415,155710
155415,155711
155415,155712
155415,155713
155415,155714
155415,155715
155415,155716
155415,155717
155415,155718
155415,155719
155415,155720
155415,155721
155415,155722
155415,155723
155415,155724
155415,155725
155415,155726
155415,155727
155415,155728
155415,155729
155415,155730
155415,155731
155415,155732
155415,155733
155415,155734
155415,155735
155415,155736
155415,155737
155415,155738
155415,155739
155415,155740
155415,155741
155415,155742
155415,155743
155415,155744
155415,155745
155415,155746
155415,155747
155415,155748
155415,155749
155415,155750
155415,155751
155415,155752
155415,155753
155415,155754
155415,155755
155415,155756
155415,155757
155415,155758
155415,155759
155415,155760
155415,155761
155415,155762
155415,155763
155415,155764
155415,155765
155415,155766
155415,155767
155415,155768
155415,155769
155415,155770
155415,155771
155415,155772
155415,155773
155415,155774
155415,155775
155415,155776
155415,155777
155415,155778
155415,155779
155415,155780
155415,155781
155415,155782
155415,155783
155415,155784
155415,155785
155415,155786
155415,155787
155415,155788
155415,155789
155415,155790
155415,155791
155415,155792
155415,155793
155415,155794
155415,155795
155415,155796
155415,155797
155415,155798
155415,155799
155415,155800
155429,155801
155429,155802
155429,155803
155429,155804
155429,155805
155429,155806
155429,155807
155429,155808
155429,155809
155429,155810
155429,155811
155429,155812
155429,155813
155429,155814
155429,155815
155429,155816
155429,155817
155429,155818
155429,155819
155429,155820
155429,155821
155429,155822
155429,155823
155429,155824
155429,155825
155429,155826
155429,155827
155828,155829
155828,155830
155828,155828
155828,155831
155828,155832
155828,155833
155834,155503
155835,155611
155429,155836
155429,155837
155429,155838
155429,155839
155429,155840
155429,155841
155429,155842
155429,155584
155429,155843
155429,155844
155429,155845
155429,155846
155429,155847
155848,155848
155429,155849
155429,155850
155429,155851
155429,155852
155429,155853
155429,155854
155429,155855
155429,155856
155429,155857
155429,155858
155429,155859
155429,155860
155429,155861
155429,155862
155429,155863
155429,155864
155429,155865
155429,155866
155429,155867
155429,155415
155429,155868
155429,155869
155429,155870
155429,155871
155429,155872
155429,155873
155429,155874
155429,155583
155429,155875
155429,155876
155429,155877
155429,155878
155429,155879
155429,155880
155429,155881
155429,155882
155429,155883
155429,155884
155429,155885
155429,155886
155429,155887
155429,155888
155429,155889
155429,155890
155429,155891
155429,155892
155429,155893
155894,155895
155896,155833
155897,155898
155899,155900
155901,155902
155901,155903
155901,155904
155901,155905
155901,155906
155901,155907
155901,155908
155901,155909
155899,155910
155901,155911
155901,155912
155901,155913
155901,155914
155901,155915
155901,155916
155901,155917
155901,155918
155901,155919
155901,155920
155901,155921
155901,155922
155899,155923
155899,155924
155925,155926
155927,155928
155659,155929
155927,155930
155927,155931
155927,155932
155933,155934
155935,155936
155937,155938
155899,155939
155940,155691
155941,155647
155899,155942
155899,155943
155899,155944
155899,155945
155899,155946
155899,155947
155899,155948
155899,155949
155950,155951
155901,155901
155901,155952
155901,155953
155901,155954
155901,155955
155901,155956
155901,155957
155901,155958
155901,155959
155901,155960
155901,155961
155901,155962
155901,155963
155901,155964
155901,155965
155901,155966
155901,155967
155901,155968
155901,155969
155901,155970
155901,155971
155913,155972
155973,155691
155901,155974
155901,155975
155901,155976
155901,155977
155901,155978
155901,155979
155901,155980
155901,155981
155901,155982
155901,155983
155901,155984
155901,155985
155901,155986
155901,155987
155901,155988
155901,155989
155901,155990
155901,155972
155901,155991
155901,155992
155901,155993
155901,155994
155901,155995
155901,155996
155901,155997
155429,155998
155429,155999
155429,155585
155429,156000
155429,156001
155429,156002
155429,156003
155429,156004
155429,156005
155429,156006
155429,156007
155429,156008
155429,156009
155429,156010
155429,156011
155429,156012
155429,156013
155429,156014
155429,156015
155429,156016
155429,156017
155429,156018
155429,156019
155429,156020
155429,156021
155429,156022
155429,156023
155429,156024
155429,156025
155429,156026
155429,156027
155429,156028
155429,156029
155429,156030
155429,156031
155429,155589
155429,156032
155429,156033
155429,156034
155429,156035
155429,156036
155429,156037
155429,156038
155429,156039
155429,156040
155429,156041
155429,156042
155429,156043
155429,156044
155429,156045
155429,156046
155429,156047
155429,156048
155429,156049
155429,156050
155429,156051
155429,156052
155429,156053
155429,156054
155429,156055
155429,156056
155429,156057
155429,156058
155429,156059
155429,156060
155429,156061
155429,156062
155429,156063
155429,156064
155429,156065
155429,156066
155429,156067
155429,156068
155429,156069
155429,156070
155429,156071
155429,156072
155429,156073
155429,156074
155429,156075
155429,156076
155429,156077
155429,156078
155429,156079
155429,156080
155429,156081
155429,156082
155429,156083
155429,156084
155429,156085
155429,156086
155429,156087
155429,156088
155429,156089
155429,156090
155429,156091
155429,156092
155429,156093
155429,156094
155429,156095
155429,156096
155429,156097
155429,156098
155429,156099
155429,156100
155429,156101
155429,156102
155429,156103
155429,156104
155429,156105
155429,156106
155429,156107
155429,155587
155429,156108
155429,156109
155429,156110
155429,156111
155429,156112
155429,156113
155429,156114
155429,156115
155429,156116
155429,156117
155429,156118
155429,156119
155429,156120
155429,156121
155429,156122
155429,156123
155429,156124
155429,156125
155429,156126
155429,156127
155429,156128
155429,156129
155429,156130
155429,156131
155429,156132
155429,156133
155429,156134
155429,156135
155429,156136
155429,156137
155429,156138
155429,156139
155429,156140
155429,156141
155429,156142
155429,156143
155429,156144
155429,156145
155429,156146
155429,156147
155429,156148
155429,156149
155429,156150
155429,156151
155429,156152
155429,156153
155429,156154
155429,156155
155429,156156
155429,156157
155429,156158
155429,156159
155429,156160
155429,156161
155429,156162
155429,156163
155429,156164
155429,156165
155429,156166
155429,156167
155429,156168
155429,156169
155429,156170
155429,156171
155429,156172
155429,156173
155429,156174
155429,156175
155429,155460
155429,156176
155429,156177
155429,156178
155429,156179
155429,156180
155429,156181
155429,156182
155429,156183
155429,156184
155429,156185
155429,156186
155429,156187
155659,156188
156189,156190
155659,156191
156189,156192
156189,156193
156189,156194
156189,156195
156189,156196
156189,156197
156189,156198
156189,156199
156189,156200
156189,156201
156189,156202
156189,156203
156189,156204
156189,156205
156189,156206
156189,156207
156189,156208
156189,156209
156189,156210
156189,156211
156189,156212
156189,156213
156189,156214
156189,156215
156216,155691
156217,156218
156189,156219
156189,156220
156189,156221
156189,156222
156189,156223
156189,156224
156189,156225
156189,156226
156189,156227
156189,156228
156189,156229
156189,156230
156189,156231
156189,156232
156189,156233
156189,156234
156189,156235
156189,156236
156189,156237
156238,156239
156189,156240
156189,156241
156242,156243
156242,156244
156242,156245
156242,156246
156242,156247
156242,156248
156242,156249
156242,155643
156242,156250
156251,156252
156242,155829
156242,156253
156242,156254
156242,156255
156242,156256
156242,155612
156242,156257
156242,155614
156242,156258
156242,156259
156242,156260
156189,156261
155785,155761
155785,156262
156263,156264
156263,156265
156263,156266
156263,156267
156268,156269
156268,156270
156268,156271
156268,156272
156268,156273
155785,156274
156268,156275
156268,156276
156268,156277
156268,156278
156268,156279
156268,156280
156268,156281
156268,156282
156283,156284
155785,155591
156268,156285
156238,155926
156238,156286
156238,156287
156288,156289
156288,155948
156288,156290
156288,156291
156288,156292
156288,156293
156288,156294
156288,156295
156288,156296
156288,156297
156288,155505
156288,156298
156288,156299
156288,156300
156288,156301
156288,156302
156288,156303
156288,156304
156288,156305
156288,156306
156288,156307
156288,156308
156288,156309
156288,156310
156288,156311
156288,156312
156288,155571
156288,156313
156288,156314
156288,156315
156288,156316
156288,156317
156288,156318
156288,156319
156288,156320
156288,156321
156288,156322
156288,156323
156288,156324
156288,156325
156288,156326
156288,156327
156288,156328
156288,156329
156288,156330
156288,156331
156288,156332
156288,156333
156288,156334
156288,156335
156288,156336
156288,156337
156288,156338
156288,156339
156288,156340
156288,156341
156288,156342
156288,156343
156288,156344
156288,156345
156288,156346
156288,156347
156331,156348
156349,156349
156238,156284
156238,156350
156238,156351
156238,156352
156288,156353
156288,156354
156288,155683
156288,156355
156288,156356
156288,156357
156288,156358
156288,156359
156288,155736
156288,156360
156288,156361
156288,156362
156288,156363
156288,156364
156288,156365
156288,156366
156288,156367
156288,156052
156288,155658
156288,156368
156288,156369
156288,156370
156288,156371
156288,156372
156288,156373
156242,156374
156288,156375
156242,156376
156242,156377
156378,156379
156378,156380
156378,156381
156378,156382
156378,156383
156378,156384
156385,155948
156386,156252
156387,156388
156378,156389
156387,156390
156387,156391
156387,156392
156387,156393
156387,156394
156387,156395
156387,156396
156387,156397
156387,156398
156387,156399
156387,156400
156387,156401
156378,156402
156378,156403
156404,156405
156404,156406
156407,156407
156408,156409
156410,155463
156410,156411
156412,156413
156412,156414
156412,155586
156378,156415
156412,156142
156378,156416
156378,156417
156378,156418
156378,156419
156378,156420
156378,156421
156378,156422
156378,156423
156378,156424
156412,155589
156404,156425
156387,156426
156387,156427
156387,156428
156387,156429
156387,156430
156387,156431
156387,156432
156387,156433
156387,156434
156387,156435
156436,156437
156387,156438
156436,155895
156439,155895
156440,156441
156440,156442
156440,156443
156440,156444
156440,156445
156440,156446
155925,155931
156378,156447
156436,155658
156387,156448
156387,156449
156387,156450
156387,156451
156387,156452
156387,156453
156387,156454
156387,155895
156387,156455
156387,156456
156387,156457
156387,156458
156387,156459
156387,156460
156387,156461
156387,156462
156387,156463
156387,156464
156387,156465
156387,156466
156387,156467
156387,156468
156387,156469
156387,156470
156404,156471
156404,156472
156404,156473
156242,156474
156242,156475
156242,156476
156477,156478
156479,156284
156479,156480
156481,156482
156481,156483
156481,156484
156242,155655
156481,156485
156486,156350
156486,156487
156486,156488
156486,156489
156486,156490
156486,156442
156404,156491
156404,156492
156404,156493
156494,156495
156404,156496
156242,156355
156242,155658
156242,155498
156242,156497
156242,155618
156242,155463
156242,155607
156242,156498
156242,155622
156242,156348
156242,155623
156242,156499
156242,156500
156242,156501
156242,156502
156242,155624
156242,156503
156242,156504
156242,156505
156242,156506
156242,156507
156242,156508
156242,156509
156404,156510
156404,156511
156404,156512
156404,156513
156404,156514
156404,156515
156404,156516
156404,156517
156404,156518
156404,156519
156404,156520
156404,156521
156404,156522
156404,156523
156404,156524
156404,156525
156404,156526
156404,156527
156404,156528
156404,156529
156404,156530
156404,156531
156404,156532
156404,156533
156404,156534
156404,156535
156404,156536
156404,156537
156404,156538
156404,156539
156404,156540
156404,156541
156404,156542
156404,156543
156404,156544
156404,156545
156404,156546
156404,156547
156404,156548
156404,156549
156404,156550
156404,156551
156404,156552
156404,156553
156404,156554
156404,156555
156404,156556
156404,156557
156242,155617
155659,156558
156288,156559
156288,156560
156561,156562
156563,155611
156564,156565
156564,156566
156567,156568
156569,156284
156569,156373
156570,156571
156570,156572
156573,155938
156570,156574
156570,156575
156576,156568
156577,156578
156577,156442
156577,156579
156580,156581
156580,156582
156580,156583
156580,156584
156570,156585
156580,156586
156587,156588
156587,155607
156589,155622
156589,155623
156589,156590
156589,155624
156589,156591
156589,156592
156589,155626
156589,156593
156589,156594
156587,156595
156589,155629
156589,156596
156589,155656
156589,156597
156598,156599
156600,155972
156587,155643
156587,156601
156587,156255
156587,155620
156589,155659
156589,156602
156580,156603
156580,156604
155572,156605
155572,156606
155572,155503
155572,156607
155572,156608
155572,156609
156610,156611
156610,156612
156610,156613
155572,156614
156610,156615
156610,156616
156610,156617
156610,156618
156610,156619
156610,156620
156610,156621
156610,156622
156610,156623
156610,156624
156610,156625
156580,156348
155572,156626
156627,156628
156580,156629
156581,156630
156581,156631
156581,156632
156581,156582
156581,156348
156581,156633
156581,156634
156581,156635
155572,155804
156636,155951
156636,156314
156636,156637
156636,156638
156636,156639
156636,156640
156636,156641
156636,156642
156636,156643
156627,156644
156636,156645
156589,156646
156589,156647
156589,155607
156648,156348
156634,156583
156634,156649
156634,155833
156650,156250
156650,156315
156650,156651
156650,156652
156650,156653
156648,155444
156650,156254
156650,156654
156650,156376
156650,156298
156650,156655
156650,156656
156650,155624
156650,155627
156650,156657
156650,155658
156650,156257
156650,156370
156658,156648
156658,156379
155659,156659
155659,156660
155659,156661
155659,156662
155659,156663
155659,156664
155659,156665
155659,156666
155659,156667
156658,156668
155659,156669
155659,156670
155659,156671
155659,156589
155659,156672
156673,156674
156675,155833
156658,155444
156658,156676
156658,156677
155659,156678
156650,156373
156679,156680
156679,156681
156589,156682
156589,156683
156589,156684
156589,156685
156589,156686
156589,155633
156589,155619
156589,155608
156589,156687
156589,156688
156589,156255
156589,155610
156589,156689
156589,155617
156589,156690
156589,156691
156589,155618
156589,155630
156589,155621
156589,156692
156589,156693
156589,156694
156589,155654
156695,156696
156679,156697
156679,156698
156679,155691
156679,156699
156679,156700
156679,156701
156679,156500
156679,156702
156679,156703
156679,155694
156679,156704
156679,156705
156679,156706
156679,156707
156679,156708
156679,156709
156679,156710
156679,156711
156679,156712
156679,155655
156679,156713
156610,156714
156288,156715
156610,156716
156610,156717
156610,156718
156610,156719
156610,156720
156610,156721
156610,156722
156610,156723
156610,156724
156610,156725
156610,156726
156610,156727
156610,156728
156610,156729
156610,156730
156610,156731
156610,156732
156610,156733
156610,155628
156610,156734
156610,156735
156610,156736
156610,156737
156610,156738
156610,156739
156610,156740
156610,156379
156610,156741
156610,156742
156610,156743
156610,156744
156610,156745
156610,156746
156610,156747
156610,156748
156610,156749
156610,156750
156610,156751
156610,156752
156610,156753
156610,156754
156610,156755
156610,156756
156610,156757
156610,156758
156610,156759
156610,156760
156610,156761
156610,156762
156610,156763
156610,156764
156610,156765
156610,156766
156610,156767
156610,156768
156288,155839
156288,156769
156288,156770
156288,156771
156610,156772
156288,156773
156288,156774
156288,156775
156288,156776
156288,156777
156288,156778
156288,156779
156288,156780
156288,156781
156288,156650
156288,156782
156610,156783
156610,156784
156610,156785
156610,156786
156610,156787
156610,156788
156610,156789
156610,156790
156610,156791
156610,156792
156610,156793
156610,156794
156610,156795
156610,156796
156610,156797
156610,156798
156610,156799
156610,156800
156610,156801
156610,156802
156610,156803
156610,156804
156610,156805
156610,156806
156610,156807
156610,156808
156610,156809
156610,156810
156610,156811
156610,156812
156610,156813
156610,156814
156610,156815
156610,156816
156610,156817
156610,156818
156610,156819
156610,156820
156610,156821
156610,156822
156610,156823
156610,156824
156610,156825
156610,156826
156610,156827
156610,156828
156610,156829
156610,156830
156610,156831
156610,156832
156610,156833
156610,156834
156610,156835
156610,156836
156610,156837
156610,156838
156610,156839
156610,156840
156610,156841
156610,156842
156610,156843
156610,156844
156610,156845
156610,156846
156610,156847
156610,156848
156610,156849
156610,156850
156610,156851
156610,156852
156610,156853
156610,156854
156610,156855
156610,156856
156610,156857
156610,156858
156610,156859
156610,156860
156610,156861
156610,156862
156610,156863
156610,156864
156610,156865
156610,156866
156610,156867
156610,156868
156610,156869
156610,156870
156610,156871
156610,156872
156610,156873
156610,156874
156610,156875
156610,156876
156610,156877
156610,156603
156610,156878
156610,156879
156610,156880
156610,156881
156610,156882
156610,156883
156610,156884
156610,156885
156610,156886
156610,156887
156610,156888
156610,156889
156610,156890
156610,156891
156610,156892
156610,155588
156610,156893
156610,156894
156610,156895
156610,156896
156610,156897
156610,156898
156610,156899
156610,156900
156610,156901
155925,156902
156903,155951
155925,156904
156024,156905
156024,156906
156024,156907
156024,156908
156024,156909
156024,156910
156024,156911
156024,156912
156913,156314
156024,156914
156913,156915
156913,156293
156913,156916
156917,156918
156919,156411
156920,156921
156920,156922
156920,156923
156920,156924
156920,156925
156913,156346
156925,156926
156024,156927
156024,156928
155877,155586
155877,156929
155877,156930
155877,156024
155877,156931
155877,156932
156314,156933
156314,155869
156314,155586
156024,156934
156314,156935
156314,156931
156314,156932
156314,156936
155586,156937
155586,156938
155586,156939
156637,155574
156637,156637
156940,155586
156314,156181
155877,156314
156925,156921
156925,156941
156942,156943
156942,156944
156942,156324
156942,156945
156942,156946
156942,156947
156942,156948
156942,156949
156942,156950
156942,156951
156942,156262
156942,155616
156942,156952
156942,156953
156942,156954
156942,156955
156942,156956
156942,156274
156942,155761
156942,156957
156942,156958
156925,156487
156942,156959
156942,155632
156903,156645
156903,156960
156903,156961
156903,156962
156903,156963
156645,155951
156645,156963
155951,156964
155951,156965
156942,155585
155951,156966
156967,156968
156967,156969
156967,156970
156971,156972
156942,156973
156942,155591
156942,156974
156942,155934
156942,156975
156970,156967
155877,156976
156936,156336
156936,156913
156977,155683
156977,156978
156977,156979
156977,156411
156977,156980
156981,156982
156981,156977
156981,156983
156981,156984
156977,155658
156981,155658
156981,156978
156981,156979
156981,156985
156981,156980
155658,155633
155658,156986
155658,156978
155658,156650
155658,156779
156981,155683
155683,156982
156977,156984
156977,156985
156987,156348
156987,156988
156348,156350
156348,156649
156348,156989
156348,156990
156991,156992
156993,156994
155761,156995
156977,156983
156995,156996
155934,156997
155934,156998
155934,156999
155934,157000
155934,157001
155934,157002
155934,155933
156977,156981
156977,156982
157003,155972
155683,156977
155683,156985
155683,156983
156487,156923
156487,157004
156487,157005
156487,157006
156487,157007
156487,157008
156923,157009
156923,155741
156923,157010
156487,157011
156923,156925
156936,156314
156936,155586
156936,156637
156936,156103
156936,156940
156936,157012
156936,156024
156936,156931
156936,156932
156936,155877
156487,157013
156487,157014
156487,157015
155683,155658
155683,156978
155683,156981
155683,156984
155683,156979
155683,157016
156979,156981
156979,156982
156979,156977
156979,156985
156979,156980
156979,156983
156979,156984
156979,155658
156979,155683
156979,156978
156442,157017
156442,156917
156442,157018
156442,156284
156487,157019
156942,155463
156987,155470
156942,157020
156942,155622
157021,155972
157022,155618
156247,155833
155876,157023
155876,157024
155876,157025
155876,157026
155876,157027
155876,157028
157029,155701
155876,157030
155876,157031
155876,156989
155876,157032
155876,157033
155876,157034
155876,157035
155876,157036
155876,157037
155876,157038
155876,157039
155876,157040
157029,155700
156712,157041
157042,157043
157042,157044
157042,156923
157042,157045
157042,157046
157042,157006
157042,157047
157042,157048
157042,157007
157049,157050
157042,157051
157042,156712
156712,157052
156712,157053
156712,156923
156712,157054
156712,157055
156712,157056
156712,157057
156712,157010
157042,157058
157042,157059
155876,157060
155876,157061
155503,157062
155503,157063
155503,157064
155503,157065
155503,157066
155503,156442
155503,157067
155503,156626
155503,156583
155503,157068
157069,157070
157069,157071
157069,157072
157073,155503
157074,156574
157074,155640
157000,155934
157000,157001
157000,157002
157075,157076
157069,155503
155876,156284
155503,157077
155503,156795
155876,157078
155876,157079
155876,157080
155876,157081
155503,157082
155503,157083
155503,157084
155503,157070
155503,157085
155503,157086
155503,157069
155503,157087
155503,157071
155503,157073
155503,157088
155503,157089
155503,157090
155503,157091
155503,157092
155503,156609
155503,155503
157042,157093
157042,157094
155647,157095
155632,155578
155632,156812
155632,157096
155632,156348
155632,155658
155632,157097
155632,157098
155632,156411
155632,157099
155632,156955
156945,156973
156958,157100
155463,156605
155463,156475
155463,156635
155463,157101
157102,157103
157104,157105
157106,157107
157106,157108
156945,156938
157106,156286
155632,157109
155591,157110
156942,155765
156942,156024
156942,157111
156942,157112
156942,155651
156942,157102
156942,157113
156942,157104
156942,157114
155632,157115
156942,157116
156942,156066
156942,157117
156942,157118
156942,157119
156942,157120
156942,157121
156942,157122
156942,157123
156973,155765
156942,157124
157106,157125
157106,156990
157106,157126
156286,155926
156286,157127
156286,156582
157128,155700
157128,155701
155701,157129
156710,157130
156710,155619
156710,157131
156286,155931
156710,155618
155647,157132
155647,157133
155647,155585
155647,157134
155647,155636
155647,155941
155647,155638
155647,155635
155647,157135
157135,155647
156286,156902
156286,156505
156286,156904
157106,156284
157106,157136
157106,155833
157106,157137
157106,157138
157107,157139
157107,157140
157107,156286
157107,157125
157107,156990
157107,157126
157107,156284
157107,157106
157107,157136
157107,157141
157107,155833
156286,157142
156286,157143
156286,155925
156286,157144
156286,157145
156942,157146
157075,157147
156987,155633
157148,155833
157149,157150
157149,157151
157149,157152
157149,157153
157149,157154
157149,157155
157149,157156
157149,157157
157149,157158
157149,157159
157149,157160
157149,156463
157149,157161
157149,156152
157149,157162
157149,156461
157149,156145
157149,157163
157149,156154
157149,156470
157149,156464
157149,157164
157149,157165
157149,156099
157149,157166
157149,157167
157149,157168
157149,157169
157149,157170
157149,157171
157149,157172
157149,157173
157149,157174
157149,157175
157149,157176
157149,157177
157149,157178
157149,156632
157149,156137
157149,157179
157149,157180
157149,156128
157149,157181
157149,157182
157149,157183
157149,156430
157149,156460
157149,157184
157149,157185
157149,156081
157149,157186
157149,156399
157149,157187
157149,157188
157149,155714
157149,157189
157149,156397
157149,157190
157149,156053
157149,157149
157149,157191
157149,157192
157149,157193
157149,157194
157149,157195
157149,156388
157149,157196
157197,156631
157149,157198
157149,157199
157149,155730
157149,157200
157149,157201
157149,156093
157149,156456
157149,157202
157149,157203
157149,157204
157149,157205
157149,157206
157149,157207
157149,157208
157149,157209
157149,157210
157149,157211
157149,157212
157149,157213
157149,157214
157149,157215
157149,156452
157149,157216
157149,157217
157149,157218
157149,157219
157149,156972
157149,155892
157038,157079
157038,157080
157038,157081
157024,156284
156989,157023
156989,157024
156989,157025
156989,157220
156989,157039
157038,157078
156989,157221
156989,157038
156989,157222
156989,157060
156989,156284
156989,157061
156989,157080
156989,157081
157036,157023
157036,157024
156989,157032
157036,157025
157038,157061
157038,157060
156378,157223
157224,157225
157038,157023
157038,157024
157038,157025
157038,157026
157038,157027
157038,157028
157038,157030
157038,156284
157038,157039
157038,156989
157038,157032
157038,157033
157038,157034
157038,157035
157038,157036
157038,157037
157038,157038
157038,157040
157038,157031
157036,157027
157036,157030
157036,157039
156411,157226
156411,157227
156411,156411
156411,157228
156411,156686
156411,157229
156411,157230
156411,156255
156411,157231
157232,156411
156411,157233
157149,155844
157149,157234
157149,157235
157149,157236
157149,157237
157149,156431
157149,157238
157149,157239
157149,157197
156411,157240
157241,156696
156049,157242
156049,157243
157036,157031
157036,156989
157036,157032
157036,157038
157036,157060
157036,156284
157036,157061
157036,157078
157036,157080
157036,157081
156284,157244
156284,157245
156284,157246
156284,157024
156284,157247
156284,157248
156284,157249
156284,157250
156284,156283
156049,157251
156049,157252
157197,157184
156987,157253
157197,157206
157178,155844
156452,157173
156452,157175
156452,157153
156452,157157
156452,156464
156452,156463
156452,156461
156452,156470
156452,156460
156452,157171
156452,156093
156452,157212
156452,156399
156452,156397
156452,156053
156452,156388
156452,155503
156774,157254
156774,157255
156774,157256
156452,157204
156774,157257
156452,157169
156452,156431
157178,157191
157178,157192
157178,157193
157178,157194
157178,157195
157178,156388
157178,157196
156093,157258
156093,157259
156452,156430
156093,157260
156093,157202
156093,157261
156093,157211
156093,157262
156093,157200
156093,157263
156093,157264
156093,157265
156093,157266
156093,156470
157178,157149
156774,157267
156774,157148
155833,156245
155833,157268
155833,155829
155833,156260
155833,157269
155833,156148
155833,155498
155833,156498
155833,157270
155833,155896
155833,156507
155833,157136
155833,156634
155833,156675
157148,156774
157148,157254
157148,157255
157148,157256
157148,157257
157148,157267
155833,157271
156774,155833
155833,156917
155833,157272
157257,156774
157257,157254
157257,157255
157257,157256
157257,157267
157257,155833
157257,157148
157257,156336
155833,156774
155833,155830
155833,157256
155833,157267
155833,157273
155833,157148
155833,156480
155833,156247
155833,157274
155833,157275
155833,156277
155833,157276
155833,157257
157178,157198
157178,156053
157178,156397
157178,157178
157178,156632
157178,156137
157178,157179
157178,157180
157178,156128
157178,157181
157178,157182
157178,156099
157178,157177
157178,157175
157178,157159
157178,157150
157178,157151
157178,157152
157178,157153
157178,157154
157178,157155
157178,157277
157178,157156
157178,157165
157178,157157
157178,157183
157178,157174
157178,157234
157178,157235
157178,157236
157178,157237
157178,156431
157178,157238
157178,157239
157178,157197
157178,155892
157178,157176
157178,156972
157178,156430
157178,157166
157178,157167
157178,157168
157178,157169
157178,157170
157178,157171
157178,157172
157178,157173
157178,157219
157178,157158
157178,157160
157178,156464
157178,157211
157178,157212
157178,157213
157178,157214
157178,157215
157178,156452
157178,157216
157178,157217
157178,157200
157178,157210
157178,157208
157178,157190
157178,157185
157178,156081
157178,157186
157178,156399
157178,157187
157178,157188
157178,155714
157178,157189
157178,155730
157178,157218
157178,157209
157178,157207
157178,156463
157178,157161
157178,156152
157178,157162
157178,156461
157178,156145
157178,157163
157178,156154
157178,156470
157178,157164
157178,156460
157178,157199
157178,157184
157178,157201
157178,156093
157178,156456
157178,157202
157178,157203
157178,157204
157178,157205
157178,157206
157178,157278
155925,156505
157075,157279
157075,157280
157281,157282
157281,157283
157281,157284
157281,157285
157281,157286
157281,157115
157281,157287
157281,157288
157281,157289
157281,157290
157281,157291
157281,157292
157281,157293
157281,157294
157281,157295
157281,157296
157281,155867
157281,157297
157281,157298
157281,157299
157281,157300
157281,156937
157281,157301
157281,157302
157303,157304
157303,157305
157303,157306
157303,157307
157303,156955
157303,157184
157303,157308
157303,157309
157303,156452
157281,155809
157303,157087
157303,157073
157303,157310
157303,157311
157312,157313
157312,157314
157312,157315
157281,157316
157281,157317
157281,157318
157303,157319
157303,157320
157281,155449
157281,156122
157281,157321
157281,157322
157281,157323
157281,157324
157281,157325
157281,157326
157281,157327
157281,157328
157281,157329
157281,156179
157281,157330
157281,157331
157281,157332
157281,157333
157281,157334
157281,157335
157281,157336
157281,157337
157281,156095
157281,157338
157281,157339
157281,155636
157281,157340
157281,157341
157281,157342
157281,157343
157281,157344
157281,157345
157281,156637
157281,157346
157281,157347
157281,155647
157281,157348
157281,157349
157281,157350
157281,157351
157281,157352
157281,157353
157281,157354
157281,157355
157281,155431
157281,157356
157281,157357
157281,157358
157281,156935
157303,157178
157303,156938
157303,155632
157105,156653
157105,156411
157359,155765
157360,157361
157360,157362
157360,157363
157360,156960
157360,157364
157360,157365
157366,157367
157360,157368
157360,157369
157370,157023
157370,157024
157370,157025
157370,157026
157370,157027
157370,157028
157370,157030
157370,157039
157360,157371
157370,157031
157366,157372
157366,157122
155691,157373
155691,157374
155691,155697
155691,157375
155691,157376
155691,157377
155691,156695
155691,156216
155691,156697
157366,155830
155691,156700
155691,157378
155691,156704
155691,157379
155691,156711
155691,155640
155691,156713
156142,157380
157129,155700
157129,155701
155691,156703
157370,156989
157370,157032
157370,157033
156277,156286
156277,156356
156277,156355
156277,157276
156277,156336
156277,155833
156277,157381
156277,156344
156277,157382
156277,156304
156277,157383
156277,157384
156277,157385
156277,157386
156277,157387
157388,157389
157388,156286
157303,156626
157303,157380
157303,157390
156277,157391
156277,157392
156277,157393
156277,156294
157370,157034
157370,157035
157370,157036
157370,157037
157370,157038
157370,157040
157370,157060
157370,156284
157370,157061
157370,157078
157370,157079
157370,157080
157370,157081
156926,156926
157275,155833
156277,157394
156277,157395
156277,157396
156277,157397
156277,157398
156277,156319
157281,157399
155691,156513
157281,156641
157281,157400
157401,155647
157402,157403
157402,155691
157402,157404
157402,157405
157402,157406
157402,156704
157402,156706
157402,156713
156713,157407
155624,156506
156579,157408
156579,156442
157409,155691
157410,157411
157410,157412
157410,157413
157410,157414
157410,157415
157410,157416
155624,157417
157410,156777
156713,157418
156713,155691
157404,156697
157404,155691
157404,156699
157404,156700
157404,157405
157404,157419
157404,156500
157404,156703
157404,157378
156713,156704
157404,156704
157404,156709
157404,157420
157404,157407
157404,156711
157404,157421
157404,155655
157404,156713
157404,156475
157404,157406
157404,156706
157404,157422
157410,157423
157410,157424
157425,157426
157425,156937
157425,157427
157425,155586
157425,156962
157272,155830
157272,156917
157272,155833
157428,157143
157425,156933
157428,155925
157428,157145
157428,156904
157428,156505
157428,156902
157428,155931
157428,155926
155925,157143
155925,157144
155925,157145
157428,157144
157410,157429
157430,157431
157410,157432
157410,157433
157410,157434
157410,157435
157410,157436
157410,157437
157410,157438
157410,155948
157410,157439
157410,157440
157441,155647
157410,157442
157410,156674
157410,157443
157410,157444
157410,157445
157410,157446
157410,157447
157410,157448
157410,157449
157410,157450
157410,157451
157404,157452
157404,156605
157453,157453
157281,157454
157281,157455
157281,157456
157281,157457
157281,157458
157281,157459
157281,157460
157281,157461
157281,157462
157281,157463
157281,156056
157281,157464
157281,155803
157281,157465
157281,157466
157281,155535
157281,157467
157281,157095
157281,157468
157281,157469
157281,157470
157281,157471
157281,156076
157281,156073
157281,157472
157281,157473
157281,156035
157281,155649
157281,156964
157281,157474
157281,157475
157281,157476
157281,155650
157281,157477
157281,157478
157281,156012
157281,157479
157281,157480
157281,157481
157281,157482
157281,157483
157281,157484
157281,155652
157281,157485
157281,157486
157281,157487
157281,157488
157281,157489
157490,157491
157490,157492
157490,157493
157490,157494
157490,157495
157490,157496
157490,157497
157490,157498
157490,156547
157490,157499
157490,156696
157490,156554
157490,157500
157490,157501
157490,156536
157490,156515
157490,156525
157490,156531
157490,157502
157490,157503
157490,157504
156350,156286
156350,157505
157506,155691
157281,156939
157281,157507
157281,157508
157281,157509
157281,157510
157281,157511
157281,157512
157281,157513
157281,157514
157281,157515
155636,155647
155636,155638
155636,155635
157350,155636
157350,155647
157350,156641
157350,157484
157350,157471
157323,156250
157323,156255
157323,157355
157281,157281
157075,157516
155691,155973
155691,156699
157517,156350
157517,155492
157517,157518
157517,156286
156480,155833
157519,157380
157380,156142
157380,157520
157521,157522
157517,156284
157521,157523
157521,157524
157521,157525
157521,157526
157521,157527
157521,157528
157529,156284
157505,157530
157505,156286
157505,157531
157521,157532
157531,157530
157533,157534
157533,155586
156703,156442
156703,156709
156703,157420
156703,157421
156703,157535
156703,157536
156703,156713
156703,156475
156703,157537
157533,156940
157421,155691
157421,156702
155655,155854
155655,157378
155655,156705
155655,155691
155655,156500
155655,156711
155655,157538
155655,156709
157421,156699
156703,156706
157531,157505
157531,157531
157539,156257
157539,157540
157539,156259
157539,155616
157539,155618
157539,155621
157539,156498
157539,157541
157539,157542
157539,157543
157539,157544
157539,156737
157539,156478
157539,157545
157539,157546
157539,155619
156257,157547
156257,157548
156257,157549
156257,157550
157539,156506
157531,156286
157539,157551
157539,157552
157553,157554
157553,156284
157553,157064
157134,157132
157134,157133
157134,155647
157063,155503
156968,156967
157555,156970
157539,155608
157555,156968
157555,157556
157556,157557
155574,157558
155574,157559
155574,157366
155574,155761
157539,156688
157539,155861
157539,157560
157555,156967
156703,156704
156703,155651
156703,157561
157141,157553
157141,157562
157141,157244
157141,156286
157141,157125
157141,156990
157141,157126
157141,156284
157141,157106
157141,157108
157141,157136
157141,157141
157141,155833
157375,156696
157375,157563
157564,156284
157564,155833
155830,155833
155830,156917
155830,156245
157141,157064
155830,156286
157141,157565
155948,156332
157075,157566
157075,157567
157075,157568
157075,157569
157075,157570
157075,157571
157075,157572
157075,157573
157075,157574
157141,157140
157075,157575
157075,157576
155948,156771
155948,156773
155948,156317
155948,156321
155948,156301
155948,156364
155948,157577
155948,156715
157075,157578
155830,156355
157579,157580
157579,156970
157581,156709
157581,157582
157581,157460
157581,157421
157581,155655
157581,157583
157581,157584
157581,157585
157581,157586
157581,157200
157587,156631
156703,156216
156703,157588
156703,157017
156703,157589
156703,157590
156703,157591
156703,157592
156703,156697
156703,157593
157587,156348
157581,157217
157581,157215
157581,157211
157579,157594
157579,157595
157579,156967
157579,157010
157579,156969
157581,157197
157581,157596
157581,157166
157581,157587
157581,157174
157581,157176
157581,156137
157581,156697
157581,157597
157581,157598
157581,157599
157581,157154
157581,156699
157581,157600
157581,157206
157581,156703
156257,157601
155691,157421
156257,156650
156593,156647
157602,155780
157602,157603
157602,157604
157602,157605
157602,157606
157602,157607
157602,157608
157602,157556
157602,157609
157602,157610
155534,155691
157611,155618
157443,157612
157443,156284
157443,156973
157443,157613
157443,155948
157443,156301
157443,157440
157443,157614
155534,156573
156964,155951
157602,157615
157602,157616
157602,155741
157602,157617
157602,157618
157602,157619
157602,157620
157602,157621
157602,157622
157602,157623
157602,157624
157602,157625
157602,157626
157602,157627
157602,157628
157602,157629
157602,157630
157602,157631
157602,157632
157602,157633
157602,156712
157602,157634
157602,157635
157602,157636
155790,155632
155790,155622
155691,157637
155691,157638
155691,156528
155691,157639
155691,157580
155691,155534
155691,157506
155691,156712
155691,156680
155691,157640
155691,157409
155691,156701
155691,157404
155691,157641
155691,157642
155691,157643
155691,155940
155691,156702
155691,157422
155691,156709
155691,157490
155790,156584
155691,157644
155691,157645
155790,156348
155790,156669
155790,157310
155790,157302
155790,155636
156669,155611
157646,156922
157646,156923
157646,157647
155691,157648
157646,157055
157246,157649
157246,156284
157650,157651
157652,155833
157639,155691
155691,156706
155691,157653
155691,157654
155691,157655
157646,157621
157602,157656
157602,157657
157602,157658
157602,157595
157602,156967
157602,157010
157602,155534
157602,156969
157602,157659
157602,157660
157602,157661
157602,155604
157602,157594
157602,157662
157602,157663
157602,157664
157602,157665
157602,157666
157602,157667
157602,155579
157602,155570
157602,157668
157602,157560
157602,157669
157602,156922
157602,157670
157602,157580
157671,156982
157671,157672
157671,156919
157671,157673
157671,157229
157671,156411
157227,157229
157227,156411
155511,155877
157602,156970
155511,155881
155511,155866
155511,155586
155511,156024
155511,156001
155511,156928
155511,157674
155511,157675
157602,157579
157602,156923
155511,155862
157602,157676
157602,157677
157602,155866
157602,157678
157602,157647
157602,157679
157602,157680
157602,157681
157602,157557
157602,157682
157602,157683
157602,157684
157602,157685
157602,157686
157602,157687
157602,157688
157602,157689
157602,157047
157602,157690
157602,157691
157602,157055
157602,157692
157602,157693
157602,157694
157602,157695
157602,157696
157602,157697
157602,157646
157602,157698
157602,157699
157602,157700
157602,157701
157602,157702
157602,157703
157602,157704
157602,157705
157602,157706
157602,157707
157602,157708
157602,156924
157602,157709
157602,157054
157602,157710
157602,157711
157602,157712
157602,157713
157602,157714
157602,157715
156257,156651
156378,157716
155687,157717
