159734,159735
159734,159736
159734,159737
159734,159738
159734,159739
159734,159740
159734,159741
159734,159742
159734,159743
159734,159744
159734,159745
159734,159746
159734,159747
159734,159748
159734,159749
159734,159750
159734,159751
159734,159752
159734,159753
159734,159754
159734,159755
159734,159756
159734,159757
159734,159758
159734,159759
159734,159760
159734,159761
159734,159762
159734,159763
159734,159764
159734,159765
159734,159766
159734,159767
159734,159768
159734,159769
159734,159770
159734,159771
159734,159772
159734,159773
159734,159774
159734,159775
159734,159776
159734,159777
159734,159778
159734,159779
159734,159780
159734,159781
159734,159782
159734,159783
159734,159784
159734,159785
159734,159786
159734,159787
159734,159788
159734,159789
159734,159790
159734,159791
159734,159792
159734,159793
159734,159794
159734,159795
159734,159796
159734,159797
159734,159798
159734,159799
159734,159800
159734,159801
159734,159802
159734,159803
159734,159804
159734,159805
159734,159806
159734,159807
159734,159808
159734,159809
159734,159810
159734,159811
159734,159812
159734,159813
159734,159814
159734,159815
159734,159816
159734,159817
159734,159818
159734,159819
159734,159820
159734,159821
159734,159822
159734,159823
159734,159824
159734,159825
159734,159826
159734,159827
159734,159828
159734,159829
159734,159830
159734,159831
159734,159832
159734,159833
159734,159834
159734,159835
159734,159836
159734,159837
159734,159838
159734,159839
159734,159840
159734,159841
159734,159842
159734,159843
159734,159844
159734,159845
159734,159846
159734,159847
159734,159848
159734,159849
159734,159850
159734,159851
159734,159852
159734,159853
159734,159854
159734,159855
159734,159856
159734,159857
159734,159858
159734,159859
159734,159860
159734,159861
159734,159862
159734,159863
159734,159864
159734,159865
159734,159866
159734,159867
159734,159868
159734,159869
159734,159870
159734,159871
159734,159872
159734,159873
159734,159874
159734,159875
159734,159876
159734,159877
159734,159878
159734,159879
159734,159880
159734,159881
159734,159882
159734,159883
159734,159884
159734,159885
159734,159886
159734,159887
159734,159888
159734,159889
159734,159890
159734,159891
159734,159892
159734,159893
159734,159894
159734,159895
159734,159896
159734,159897
159734,159898
159734,159899
159734,159900
159734,159901
159734,159902
159734,159903
159734,159904
159905,159906
159734,159907
159905,159908
159905,159909
159905,159910
159905,159911
159905,159912
159905,159913
159905,159914
159905,159915
159905,159916
159905,159917
159905,159918
159905,159905
159905,159919
159905,159920
159905,159921
159905,159922
159905,159923
159905,159924
159905,159925
159905,159926
159905,159927
159905,159928
159905,159929
159905,159930
159905,159931
159905,159932
159905,159933
159905,159934
159905,159935
159905,159936
159905,159937
159905,159938
159905,159939
159905,159940
159905,159941
159905,159942
159905,159943
159905,159944
159905,159945
159905,159946
159905,159947
159905,159948
159905,159949
159905,159950
159905,159951
159905,159952
159905,159953
159905,159954
159841,159955
159841,159956
159841,159957
159841,159958
159841,159959
159841,159960
159841,159961
159841,159962
159841,159963
159841,159964
159841,159965
159734,159966
159905,159967
159905,159968
159905,159969
159905,159970
159905,159971
159905,159972
159905,159973
159905,159974
159905,159975
159905,159976
159905,159977
159905,159978
159905,159979
159905,159980
159905,159981
159905,159982
159905,159983
159905,159984
159905,159985
159905,159986
159905,159987
159905,159988
159905,159989
159905,159990
159905,159991
159905,159992
159734,159993
159734,159994
159995,159959
159995,159996
159995,159903
159995,159997
159995,159998
159995,159999
159995,160000
159995,160001
159995,159765
159995,160002
159995,160003
159995,160004
159995,160005
159995,160006
159995,160007
159734,160008
159734,160009
159734,160010
159734,160011
159734,160012
159734,160013
159734,160014
159734,160015
159734,160016
159734,160017
159734,160018
159734,160019
159995,160020
159734,160021
159734,160022
159734,160023
159734,160024
159734,160025
159734,160026
159734,160027
159734,160028
159734,160029
159734,160030
159995,159791
159995,160031
159995,159858
159880,160032
159880,160033
159813,160034
159813,159842
159813,160035
159785,160036
159785,160037
159785,159785
159899,160038
159783,160039
159794,160040
159794,160041
159794,160042
159905,160043
159905,160044
159905,160045
159905,160046
159905,160047
159783,160048
159734,160049
159899,160050
159899,160051
160052,160053
160052,160054
160055,159734
160055,160056
160055,160057
160055,160058
159855,160040
159857,160059
159899,160040
159857,160060
159829,160061
159888,159856
159888,160062
159888,159821
159899,160063
159899,160064
159899,160065
159899,159870
159829,160066
159734,160067
159841,160068
159734,160069
159849,160070
159849,159841
159849,160071
159849,160072
159805,159856
160073,159856
160073,160074
160073,160075
160073,160076
160073,160052
160073,160077
160073,160078
160073,160038
160073,159849
160073,159805
160073,160079
160073,160080
159849,160081
159849,160082
159849,160083
159849,160084
160074,159958
160074,160085
160074,159849
160074,159805
160074,160073
160074,160079
160074,159856
160074,160080
160073,160086
160074,160086
160085,160087
160085,160088
160085,159854
160085,160089
159849,160090
159849,160091
159849,159957
159849,160092
160074,159841
159854,159848
160073,160054
160073,159841
160093,160094
160093,159952
160093,160095
160096,160097
160097,160098
160097,160099
160097,160100
160101,160102
160101,160103
160102,160104
160105,159849
160105,160090
160105,160091
160105,159957
160105,160092
160105,160084
160105,160083
160093,160106
160093,159908
160093,160107
160108,160109
160110,160111
160110,160112
160110,160113
160110,160114
160110,160115
160110,160116
160110,160117
160118,159841
160073,160071
160007,159903
160007,160003
160007,160000
160007,160119
160007,159929
160120,159912
160109,160108
160109,160121
160108,160122
160007,160123
160105,160082
159854,160124
159854,160125
159841,160126
159841,160127
159841,160128
159841,160129
159841,160130
159841,160131
159841,160132
159841,160133
159841,160076
159841,160134
159841,160052
159841,160135
159841,160136
159841,160091
159841,160137
159841,160138
159841,160139
159841,160140
159841,160141
159841,160142
159841,160143
159841,159856
159841,160050
159841,160144
159841,160145
159841,160125
159841,160014
159841,160146
159841,160147
159841,160148
159841,160149
159841,160150
159841,160151
159841,160152
159841,160153
159841,160154
159841,160155
159841,160156
159841,160157
159841,160158
159854,159822
159841,160159
159841,160160
159841,160161
159841,160080
159841,160086
159841,160162
159841,160163
159841,159838
159841,159821
159841,159734
159841,160164
159841,159822
159854,160085
159854,160087
159854,160088
159854,160089
159854,159864
159854,159960
159854,160050
159841,160165
159841,160166
159841,160079
159841,159855
159841,160167
159841,159758
159841,160168
159841,160169
159841,160170
159841,159747
159841,160171
159841,160172
159841,160173
159841,160174
159841,160175
159841,160176
159841,159805
159841,160177
159841,159811
159841,160178
159841,160179
159841,160073
159841,159796
160180,160181
160180,160182
160180,160183
160184,160185
160184,160186
160184,160187
160184,160188
160184,159833
160184,160189
160184,160190
160184,160191
160184,160192
160184,160193
160184,160087
160184,160194
160184,160088
160184,160195
160184,160196
160184,160197
160184,160198
160184,160199
160184,160200
160184,160201
160184,160202
160203,160202
160203,160204
160203,160205
160203,160206
160203,160207
160208,159841
160209,160210
160211,160212
160184,160213
160211,160214
160211,160215
160211,160216
160211,160217
160211,160218
160211,160219
160211,160220
160184,160221
160184,160222
160211,160223
160224,160225
160184,160206
160188,160226
159734,160227
159734,160228
159734,160137
159734,160229
159734,160159
159734,160230
159734,160231
159734,160232
159734,159960
159734,160233
159734,160234
159734,160235
159734,160236
159734,160237
159734,160238
159734,160050
159734,160239
159734,160158
159734,160240
159734,160241
159734,160242
160243,160244
160245,160183
160245,160246
159734,160247
159734,160112
159734,160248
159734,160249
159734,160132
160184,160250
159734,160251
159734,160252
159734,159995
159734,160253
159734,160052
159734,160254
159734,160255
159734,160055
159734,160256
159734,160149
160224,160209
160224,160257
160224,160258
160259,160227
160259,160260
160259,160261
160259,160262
160259,160263
160259,159882
160259,159864
160259,160264
160259,159908
160259,159763
160259,160265
160259,160266
160259,160267
160259,160088
160259,160268
160259,160269
160259,160270
160259,159835
160227,159857
160227,160113
160227,160271
160180,160272
160181,160183
160272,160183
160273,160274
160273,160054
160275,160276
160275,160277
160275,160278
160259,160279
160227,159908
160227,159760
160227,159836
160227,159763
160227,160280
160227,159791
160227,160281
160227,160282
160227,160259
160227,160110
160259,160283
160259,160284
160259,160285
160286,160287
160040,160288
160040,160065
160040,160289
160040,160290
160040,160014
160040,159869
160291,160292
160286,160293
160291,160294
160291,160295
160291,160296
160291,160297
160291,160298
160291,160299
160291,160300
160224,160301
160224,160302
160291,160303
159734,160304
160286,160274
160305,159841
160259,160306
160259,160278
159864,160307
159864,160242
159864,160308
159864,160309
159864,160310
159763,159854
160286,160311
159763,159819
159763,159760
159763,160312
159763,160313
159763,160314
159763,160315
159763,160271
160305,159849
160305,159856
159763,160227
159841,160316
160317,160318
159841,160105
160319,160320
160319,160321
160319,160322
160319,160323
160319,160324
160319,160325
160319,160326
160320,160257
160320,160185
160319,160327
160095,159986
160095,160328
160095,160094
160095,160329
160095,160330
160095,159952
160095,160331
160095,160332
160095,160333
160095,160107
160095,160334
160319,160335
160319,160336
160319,160337
160338,160339
160338,160340
160338,159881
160338,160341
160338,160183
160338,159869
160338,159876
160338,160342
160338,159769
160338,159757
160338,160299
160338,160343
160338,160026
160319,160344
160319,160345
160319,160346
160319,160347
160319,160348
160319,160349
160319,160350
160319,160351
160095,159908
160095,160106
160095,160093
160352,160353
160328,160354
160328,160355
160328,160356
160328,160357
160328,160358
160328,160359
160328,160360
160328,160361
160328,160362
160328,160363
160328,160364
160328,160365
160328,160366
160328,160367
160328,160368
160328,160369
160328,160370
160328,160371
160328,160372
160328,160373
160328,160374
160328,160375
160338,160034
160328,160376
160328,160377
160352,159971
160378,160353
160378,160379
160378,160267
160378,160380
160267,160088
160381,159912
160381,160382
160381,160383
160328,160095
160328,159908
160328,159905
160328,160384
160328,160330
160328,160332
160328,160385
160328,160329
160328,160386
160328,160387
160328,160388
160328,160389
160328,160390
160328,160391
160340,160392
159881,160338
160393,159779
160393,159797
160393,160394
160393,160395
160393,160396
160393,159874
160393,160397
160398,160399
160398,160400
160393,160401
160398,160402
160398,160403
160404,159874
160405,160406
160405,160407
160405,160328
160405,160408
160409,160410
160409,160411
160409,160280
160398,160412
160393,160413
160393,160414
160415,159849
160416,160417
160418,160419
160418,160420
160418,159858
160418,160421
160418,159791
160418,159853
160418,160422
160418,159796
160418,160004
160418,160423
160418,159997
160418,159995
160418,160424
160418,160425
160310,159870
160310,159864
160415,160306
160415,160426
160415,160427
160415,160428
160409,160429
160430,159772
160431,160432
160433,160434
159765,160435
159765,159998
159765,159999
159765,159767
159765,160005
159765,160007
159765,160020
159765,160436
159765,160437
159765,159843
159765,160001
159765,160438
159765,160439
159765,160227
159765,159763
159765,159912
159765,160440
159765,160441
159765,160442
159765,160443
159881,160340
159765,160444
159881,160445
159765,160446
160447,160448
160449,160450
160451,160452
160451,160453
160451,160454
160451,160455
160451,160456
160451,160457
160451,160458
160451,160459
160460,160461
160462,160223
160462,160463
160462,160464
160462,160214
160462,160465
160462,160466
160462,160467
160462,160468
160462,160469
160223,160211
160447,160470
160471,160472
160328,160473
160328,160474
160328,160475
160270,160125
160270,160162
160270,159822
160270,160306
160183,160476
160183,160181
160183,160246
160183,160245
160183,160477
160270,160478
160183,160253
160183,159769
160183,160479
160183,160480
160183,160481
160183,160482
160342,160483
160342,159739
160342,160484
160342,160485
160183,160486
160270,160487
160270,160488
160270,160489
160277,160276
160277,160278
160277,160490
160277,160491
159791,160193
159791,160492
160493,160494
160493,159791
160493,160328
160493,160010
160493,160495
160493,160244
160493,160496
160493,160470
160493,160497
160493,160498
160499,160202
160499,160500
160202,160501
160502,160277
160270,160503
160299,160300
160299,160294
160299,160295
160299,160296
160504,160505
160504,160135
160504,160506
160504,160507
160504,160508
160504,160509
160504,160510
160504,160511
160504,160512
160504,160513
160504,160514
160504,160515
160504,160516
160504,160517
160504,160518
160504,160519
160504,160520
160504,160521
160504,160522
160504,160523
160504,160524
160504,160253
160277,160275
160504,160525
160504,160526
160504,160126
160504,160527
160504,160528
160504,160529
160504,160530
160504,160531
160504,160532
160504,160533
160504,160534
160504,160535
160504,160536
160504,160537
160504,160538
160504,160539
160504,160540
160504,160541
160504,160542
160504,160543
160504,160544
160504,160545
160504,160546
160504,160477
160277,160547
160277,160548
160277,160447
160331,160549
160331,160094
160331,160550
160331,159763
160331,160551
160331,160265
160331,160552
160331,160553
160331,160329
160331,160554
160331,160555
160331,160556
160331,160557
160331,160057
160331,159952
160331,160558
160331,160559
160331,160560
160331,160095
160331,160561
160331,160562
160331,160563
160331,160564
160331,160565
160331,159758
160328,160566
160328,160567
160328,160568
160330,160569
160330,160385
160330,159908
160330,160328
160330,160329
160330,160384
160330,159952
160330,160332
160331,160055
160331,160570
160331,160571
160331,160227
160331,160572
160331,160334
160331,160573
160331,160574
160331,160575
160331,159908
160331,159760
160416,160576
160332,160328
160577,160578
160274,160579
160274,160580
160274,160581
160274,160582
160274,160583
160274,160584
160274,160273
160274,160585
160274,160586
160274,160587
160274,160588
160274,160589
160274,160590
160277,160591
160277,160277
160277,160592
160277,160593
160277,160594
160277,160502
160277,160595
160277,160596
160274,160597
160598,160599
160274,160600
160274,160601
160577,160274
160577,160602
160577,160603
160577,160604
160577,160605
160274,160606
160274,160286
160274,160054
160274,160607
160274,160608
160274,160609
160274,160610
160274,160611
160274,160612
160274,160613
160274,160614
160274,160615
160274,160604
160274,160616
160274,160617
160274,160618
160274,160619
160504,160620
160416,160621
160416,160622
160623,160624
160623,160625
160626,160626
160627,160434
160628,160629
160630,160631
160632,160497
160633,160461
160634,160223
160623,160635
160636,160637
160636,160638
160636,159877
160636,160639
160636,159874
160636,160640
160636,160641
160636,159881
160636,160642
160636,160295
160636,160643
160623,160644
160623,160645
160623,160328
160646,160647
160646,160648
160646,160649
160646,160650
160646,160651
160646,160652
160646,160653
160646,160654
160646,159856
160646,160655
160646,160656
160646,160657
160646,160658
160646,160659
160623,160660
160623,160661
160623,160662
160623,160663
160623,160664
160623,160665
160623,160666
160636,160636
160636,160667
160636,160340
160636,159895
160668,160669
160668,160670
160668,160671
160668,160672
160668,160673
160668,160674
160675,159971
160676,160470
160677,160678
160677,160679
160677,160680
160677,160681
160677,160682
160677,160683
160677,160684
160677,160685
160677,160686
160677,160687
160677,160688
160677,160689
160677,160690
160691,160691
160646,160692
160693,160694
160693,160206
160636,160695
160636,160123
160636,159862
160636,159850
160636,160696
160636,160540
160636,160697
160636,160698
160636,160699
160636,160700
160636,160701
160702,160703
160702,160704
160702,160705
160702,160328
160702,160706
160707,160470
160707,160708
160709,159912
160710,160710
160693,160207
160693,160711
160677,160712
160646,160713
160646,160714
160636,160715
160636,159857
160636,160716
160636,160717
160636,160718
160636,160719
160636,160720
160636,160721
160636,160722
160636,159788
160654,160723
160654,160724
160654,160725
160654,160726
160654,160727
160654,160728
160654,160714
160654,160692
160654,160647
160654,160648
160654,160729
160636,160730
160636,160731
160636,159784
160636,160732
160636,160733
160636,160734
160636,160735
160636,160736
160636,160737
160636,160738
160636,159757
160636,160739
160636,160740
160636,160741
160636,160742
160636,159808
160636,160743
160636,160744
160636,160745
160636,160007
160636,160746
160636,160747
160636,159798
160636,160748
160654,160649
160654,160650
160654,160651
160654,160652
160749,159874
160749,159849
160749,160750
160749,160142
160751,160752
160753,160754
160753,160755
160756,160757
160756,160758
160756,160759
160760,160761
160760,160277
160762,160762
160763,160497
160646,160723
160646,160729
160646,160724
160646,160725
160646,160726
160646,160727
160646,160728
160749,159901
160646,160764
160749,160105
160749,159891
160654,160653
160654,159856
160654,160655
160654,160656
160654,160657
160654,160659
160765,160088
160765,160766
160767,160768
160767,160769
160767,160770
160767,160428
160767,159856
160767,160771
160767,159858
160767,160772
160773,160773
160774,160494
160775,160776
160749,160777
160749,160778
160749,160091
160677,160779
160677,160780
160677,160781
160782,160783
160782,160784
160782,160785
160782,160786
160782,160787
160782,160551
160782,160550
160782,160549
160782,160585
160782,160788
160782,159758
160782,160789
160782,160573
160782,160790
160782,160791
160782,160792
160782,160793
160782,160055
160782,160794
160795,159841
160782,160796
160782,160797
160782,160558
160782,160798
160799,160207
160800,160089
160800,160601
160800,159849
160800,160801
160800,160087
160800,160050
160800,159864
160800,159959
160800,160802
160803,159841
160121,160109
160479,160481
160479,160486
160479,160183
160479,160477
160804,160805
160782,160806
160782,160564
160782,160561
160782,160807
160795,160795
160795,160808
160795,159963
160808,159841
160416,160809
160416,160810
160416,160811
160416,160812
160416,160813
160416,160814
160416,160815
160416,160816
160416,160817
160416,160818
160416,160819
160416,160820
160416,160821
160416,160822
160416,160823
160416,160824
160416,160825
160416,160826
160416,160827
160416,160828
160416,160829
160317,160830
160831,160207
160416,160832
160416,160833
160808,160795
160808,159963
160581,160226
160416,160834
160416,160835
160416,160836
160416,160837
160416,160838
160416,160839
160416,160840
160416,160841
160416,160842
160416,160843
160416,160844
160416,160845
160416,160846
160416,160847
160416,160848
160416,160849
160416,160850
160416,160851
160416,160852
160853,160854
160853,160855
160853,160207
160856,160857
160856,160858
160856,160859
160856,160860
160856,160861
160856,160862
160856,160863
160856,160864
160856,160223
160856,160865
160856,160866
160856,160867
160856,160868
160856,160869
160856,160870
160856,160871
160856,160130
160856,160128
160856,160872
160856,160873
160856,160874
160856,160875
160856,160700
160856,160876
160856,160877
160677,160878
160677,160879
160677,160754
160677,160880
160677,160881
160677,160882
160677,160883
160677,160884
160677,160885
160677,160886
160887,160888
160889,160448
160889,160890
160891,159971
160891,159912
160891,160892
160891,160893
160891,160894
160856,160895
160856,160896
160856,160897
160856,160898
160416,160899
160856,160900
160062,159821
160901,160902
160901,159806
160901,159805
160901,160903
160901,159874
160901,160077
160901,160074
160901,159833
160904,160905
160904,160223
160904,160214
160904,160906
160907,160434
160908,160754
160909,160910
160911,160095
160911,159986
160140,159841
160912,160913
160912,160226
160912,160914
160901,159789
160915,160916
160901,160049
160901,160015
160062,159856
160062,160917
160918,160244
160918,160919
160918,160920
160918,160921
160922,160923
160922,160924
160922,160925
160922,160926
160922,160097
160922,160927
160133,160171
160133,160170
160133,160168
160133,160138
160133,159841
160133,160086
160133,160080
160133,160079
160928,160754
160901,160012
160504,160929
160504,160930
160504,160931
160038,160590
160038,160932
160038,159864
160038,159865
160038,159874
160038,160933
160038,160609
160038,160934
160038,160935
160038,160936
160038,160937
160038,160050
160038,160144
160038,160938
160038,160087
160038,160274
160038,160801
160038,160939
160038,159963
160038,160940
160038,160941
160317,160942
160317,160943
160317,160944
160317,160945
160317,160946
160317,160947
160317,160948
160317,160949
160317,160950
160317,160951
160317,160952
160317,160953
160317,160954
160317,160955
160317,160956
160317,160957
160317,160958
160317,160959
160317,160960
160317,160961
160317,160962
160317,160963
160317,160964
160317,160965
160038,159800
160038,160966
160038,160145
160038,160967
160038,160968
160481,160183
160481,160477
160481,160486
160481,160479
160207,160504
160207,160224
160207,160203
160207,160831
160969,160970
160969,160971
160969,160462
160969,160972
160969,160973
160969,160974
160969,160975
160969,160210
160969,160976
160969,160977
160969,160978
160969,160979
160038,160980
160981,160982
160038,160089
160038,160015
160038,160088
160038,159849
160038,159805
160038,160983
160038,160984
160038,160985
160038,160986
160038,160987
160038,160988
160038,160989
160038,160198
160038,159789
160038,160079
160038,160990
160038,159794
160038,159856
160038,160049
160038,160601
160038,160012
160038,160014
160038,160080
160038,160606
160969,160991
160981,160992
160981,160993
160994,160995
160994,160996
160994,160328
160994,160997
160994,160998
160994,160999
160994,161000
160994,161001
161002,161003
160994,160994
160981,161004
160981,161005
160981,161006
160981,161007
160981,161008
160981,161009
160981,161010
160981,161011
160981,161012
160981,161013
160981,161014
160994,161015
160994,161016
160994,161017
161018,161019
161018,160371
161018,160330
161018,161020
161018,160329
161018,161021
161018,161022
161018,161023
161018,160705
161018,161024
161018,160792
161018,160569
161025,160478
161025,159791
161026,161027
161026,160478
161026,159791
161026,161025
161026,161028
161026,161029
161000,160461
160981,161030
160981,161031
160981,160960
160981,161032
160981,161033
160981,161034
160981,161035
160981,161036
160981,161037
160981,161038
160981,161039
160981,161040
160981,161041
160981,161042
160981,161043
160981,161044
160981,161045
160981,161046
160981,161047
160981,161048
160981,161049
160981,161050
160981,161051
160981,161052
160981,161053
160981,161054
160981,161055
160981,161056
160981,161057
160981,161058
160981,161059
160981,160963
160981,161060
160981,161061
160981,161062
160981,161063
160981,161064
160981,161065
160981,161066
160981,161067
160981,161068
160981,160830
160981,161069
160981,161070
160981,160495
160981,161071
160981,161072
160981,161073
160981,161074
160981,161075
160981,161076
160969,161077
160969,161078
160969,161079
161080,160198
160198,160018
160198,161081
160198,160800
161082,161083
161082,161084
161082,161085
161082,161086
161082,161087
161080,160704
161082,161088
160453,160040
160453,160041
160453,159769
160453,160042
160453,159794
160453,160026
161089,161089
161090,161091
161090,160340
161082,161092
161080,161093
160141,159838
160141,161094
160969,161095
160969,161096
160969,161097
160969,161098
160141,161099
160141,160157
160141,161100
160141,161101
160141,160160
160141,161102
160141,161103
160141,160169
160141,161104
160141,161105
160141,161106
160141,159849
160141,160177
160141,160420
160141,160142
160141,161107
160141,159841
161090,159881
161090,160643
161090,160445
161108,159874
161109,161110
161109,161111
161109,159796
161109,160422
161109,160492
161109,159853
161109,159791
161109,160421
161109,160420
161109,160478
161109,161112
161109,161107
159841,161113
159841,159854
159841,160854
159841,159772
159841,161114
159841,161106
159841,160118
159841,159849
159841,160624
161109,160423
160969,161115
161109,161116
160276,160277
159874,161117
159874,160394
159874,159779
159874,160404
159874,160744
160550,161118
160550,161119
161120,161121
161122,159971
161123,160594
161123,161124
161123,161125
161123,161126
161123,161127
161123,161128
161123,160548
161123,160596
161123,161129
161123,160276
161123,161130
160276,161131
161109,160425
160969,161132
160969,161133
160969,161134
160969,161135
160969,161136
160969,161137
160969,161138
160969,161139
160969,161140
160969,161141
160969,161142
160969,161143
160969,161144
160969,161145
160969,161146
160969,161147
160969,161148
160969,161149
160969,161150
160969,160938
160969,161151
160969,161152
160969,161153
160969,160223
160969,161154
160969,161155
160969,161156
160969,161157
160969,161158
160969,161159
160969,161160
160969,161161
160969,161162
160969,161163
160969,161164
160969,161165
160969,161166
160969,161167
160969,161168
160969,161169
160969,161170
160969,160464
160969,161171
160969,161172
160969,161173
160969,161174
160969,161175
160969,161176
160969,161177
160969,161178
161018,161179
160969,161180
160969,161181
160969,161182
160969,161183
160969,161184
160969,161185
160969,161186
160969,161187
160969,161188
160969,161189
160969,161190
160969,161191
160969,161192
160969,161193
160969,161194
160969,161195
160969,161196
160969,161197
160969,161198
160969,161199
160969,161200
160969,161201
160969,161202
160969,160988
160969,161203
160969,161204
160969,161205
160969,161206
160969,161207
160969,161208
160969,161209
160969,161210
160969,160141
160969,161211
160969,161212
160969,161213
160969,160395
160969,161214
160969,161215
160969,160969
160969,161216
160969,161217
160969,161218
160969,161219
160969,161220
160969,161221
160969,161222
160969,161223
160969,161224
161018,160315
161018,160385
160041,159893
160504,161225
160504,159907
160504,161226
160504,161227
160504,161228
160504,160497
160504,161229
160504,161230
160504,160560
160504,161231
160504,161232
160504,161233
160504,161234
160504,161235
160504,161236
160504,161237
160504,161238
160504,161239
160504,161240
160504,161241
160504,161242
160504,161243
160504,161244
160504,161245
160504,161246
160504,161247
160504,161248
160504,161249
160504,161250
160504,161251
160504,161252
160504,161253
160504,161254
160504,161255
160504,160451
160504,161256
160504,161257
160504,161258
160504,161259
160504,161260
160504,161261
160504,161262
160504,161263
160504,159843
160504,161264
160504,161265
160504,161266
160504,161267
160504,161268
161269,160147
161269,161270
161269,160149
161269,161271
161269,159947
161269,161272
161269,159903
161269,160150
161269,160105
161269,161273
161269,160001
161269,160353
161269,161274
161269,161275
161269,159765
161269,159912
161269,161276
161269,160352
161269,161277
161269,160003
161269,160441
161269,160090
160504,161278
161269,161279
160486,160481
160504,161280
160504,161281
160504,159993
160504,161282
160504,161283
160504,161284
160504,161285
160504,161286
160504,160806
160504,161287
160477,160183
160477,160486
160477,160479
160477,160481
160253,160183
160253,160480
160253,160482
159905,161288
160486,160477
160486,160183
160486,160479
161289,160040
160504,161290
160504,161291
160504,161292
160504,161293
160504,160233
160504,159945
160504,160486
160504,160234
160504,161294
160504,161295
160504,161296
160504,161297
160504,161298
160504,161299
160504,161300
160504,161301
160504,161302
160504,161303
160504,161304
160504,161305
160504,161306
160504,161307
160504,161308
160504,161309
160504,161310
160504,161311
160504,161312
160504,161313
160504,161314
160504,161315
160504,161316
160504,161317
160504,161318
160504,161319
160504,161320
160504,161321
160504,160183
160504,161322
160504,161323
160504,161324
160504,161325
160504,161326
160504,161327
160504,161328
160504,161329
160504,161330
160504,160790
160504,161331
160504,161332
160504,161333
161269,161334
160504,160549
160504,161335
160504,159847
160504,161336
160504,161337
160504,161338
160504,160395
160504,161339
160504,161340
160504,161341
160504,160480
160504,161342
160504,161343
160504,161344
160504,161345
160504,161346
160504,160246
160504,161347
160504,161348
160504,161349
160504,161350
160504,161351
160504,161352
160504,161353
160504,161354
160504,161355
160504,161269
160504,161356
160504,161357
160504,161358
160504,161359
160504,161360
160504,160099
160504,161361
160504,161362
160504,160032
160504,161363
160504,159966
160504,161364
160504,161365
160504,161128
160504,161366
160504,161367
160504,161368
160504,161369
160504,161289
160504,161370
160504,161371
160504,161372
159841,160089
161269,160152
161269,159971
160409,160353
160409,161373
160409,161374
160409,161375
161376,160207
161376,161377
161376,161378
161376,161379
161376,161380
160409,160382
161376,161381
161382,161383
161382,161384
161382,161385
161382,161386
161382,161387
161382,161388
161382,161389
161382,161390
161382,161391
161392,161393
160409,161394
160409,160381
160409,161395
159856,160304
159856,160038
159856,160729
159856,161396
159856,159805
159856,161397
159856,161398
159856,161399
159856,160692
159856,161400
159856,161401
159856,161043
159856,161402
160038,159959
160038,160085
160038,161403
160038,160077
160038,161404
160038,161405
160038,160261
160409,161406
161382,161407
161382,161408
161382,161409
161382,161410
161382,161411
161382,161412
161382,161413
161382,161414
161382,161415
161382,161416
161382,161417
161382,161418
161382,161419
161382,161420
161421,160223
161422,160754
160041,160049
160041,159794
160041,159789
160041,160042
160041,159751
160041,161423
160041,159881
160041,160453
160041,160040
161382,161424
161425,161426
161382,161427
161382,161428
161382,161429
161382,161430
161382,161431
161382,161432
161382,161433
161382,161434
161382,161435
161382,160494
161382,161436
161382,161437
161382,161438
161382,161439
161382,161440
161382,161441
161382,161442
161382,161443
161382,161444
161382,161445
161382,161446
161382,161447
161382,161448
161382,161449
161425,161450
161425,161451
161425,161452
160480,160522
160480,160151
160480,160253
160480,160508
160480,160183
160480,161453
160480,161369
160480,159779
160480,161454
160480,160482
160480,159813
160480,161455
160480,161456
160480,161457
160480,161458
160480,161459
160480,161460
160480,161461
160246,160515
160246,160183
160246,160245
160480,161462
160246,160556
161269,159822
161269,161463
161269,161464
161269,160379
161269,160153
161269,160267
161269,160088
161269,159984
161269,159985
161269,161465
161269,161466
161269,161467
161269,160007
161269,159967
161269,161468
161269,161469
161269,160280
161269,160155
161269,160426
161269,159791
161269,161470
161269,160420
161269,160095
161269,160315
161269,159922
160246,161471
161290,160775
161454,161460
161472,161473
161472,161405
161472,161474
161472,161475
161472,161476
161472,161477
161425,161478
161425,161479
161425,161480
161425,161481
161425,161454
161425,160457
161425,161482
161425,161483
161425,161484
161425,161485
161425,160516
161425,161460
161425,161305
161425,161486
161454,161425
160246,161487
161454,161488
161454,161489
160560,160274
160444,161490
160444,160007
161454,161491
161454,161492
161454,161493
161454,161494
161454,161495
161454,161496
161454,161497
161454,161498
161454,161499
161454,161500
161454,161501
161454,161502
161454,161503
161454,161504
161454,161505
161454,161506
161454,160183
161454,161507
161454,159744
160636,161508
160636,161509
161510,161511
159943,161022
159943,161512
159943,161513
159943,161514
159943,161515
159943,160053
159943,161516
159943,161517
159943,160645
159943,161518
159943,161519
159943,161520
159943,161521
159943,160705
159943,161522
159943,160094
159943,161523
159943,159946
159943,161524
159943,161525
159943,159943
159943,161526
159943,160385
159943,161527
159943,160574
159943,161528
159943,161529
159943,160106
159943,160328
159943,161530
159943,161531
159943,159908
159943,161532
159943,161021
159943,160329
159943,160095
159943,160093
159943,160625
159943,161533
159943,160332
159943,161534
159943,161535
159943,161536
159943,161537
159943,161538
159943,160562
159943,161539
159943,161540
159943,161541
159943,161542
159943,160664
159943,161543
159943,160331
159943,159986
159943,160384
159943,161544
159943,161545
159943,161546
159943,159952
159943,161547
159943,161548
159943,161549
159943,160279
159943,160284
159943,161550
159943,161551
159943,161019
159943,161552
159977,160611
159943,161553
159943,160571
161510,161554
161510,160721
161510,161555
161510,161556
161510,160500
161510,161557
161510,161558
161510,161559
161510,161560
161510,160206
161510,161561
161510,161562
161510,161563
161510,161564
161510,161565
161510,161566
161510,161567
161510,161568
161510,160209
161510,161569
161510,161570
161510,160499
161510,161571
161510,160207
161510,161572
161510,161573
161510,161574
161510,161575
161510,161576
161510,161577
161510,161578
161510,161579
161510,161580
161510,161581
161510,160225
159943,160569
159943,161582
159943,161583
159943,161584
159943,161585
159943,161586
159938,159985
159943,161587
159943,160107
159943,161588
159943,161589
159943,160570
159943,161590
159943,160620
159943,161591
159943,161592
159938,160088
159938,159922
161510,161593
161510,161594
161510,161595
161510,161596
161510,161597
160206,160202
159938,160267
160206,160204
160206,160203
160206,160207
159938,160227
159938,161598
159938,159763
159938,159905
160206,160205
161510,161599
161600,160095
161601,161289
161602,159891
161602,159836
161602,161279
161603,161604
161603,160500
161603,161605
161603,161602
161603,161558
161603,161560
161603,161606
161603,161561
161603,161607
161603,161608
161603,160244
161603,161566
161603,161609
161603,161576
161603,161610
161603,161611
161603,161612
161603,160302
161603,161613
161603,160258
161602,161614
161603,160185
161603,161615
161603,160203
161603,161569
161603,160499
161603,161616
161603,161617
161603,161603
161602,161618
161602,161619
161602,161620
161621,160134
161621,161622
161621,161623
161621,161624
161621,161482
161621,161625
161621,160906
161621,161626
161621,161173
161621,161627
161621,160214
161621,161628
161621,159872
161621,161629
161621,160464
161603,161630
161621,160131
161621,161631
161602,161632
161602,160280
161602,161633
161602,159791
161602,161634
161602,161595
161621,160130
161621,160126
161621,160127
161621,160462
161621,160463
161621,161635
161621,160129
161621,161636
161621,161637
161601,161638
161603,161639
161603,161640
161641,160174
161641,159747
161641,160109
161641,159966
161641,161642
161641,161643
161641,161644
161641,160937
161641,160934
161641,160234
161641,160233
161641,159877
161641,160232
161641,159870
161641,159864
161641,160173
161641,160663
161641,160247
161641,160248
161641,160251
161641,160149
161641,159850
161641,160253
161641,159963
161641,160122
161641,160242
161641,161482
161641,160158
161641,159895
161641,160261
161641,161645
161641,161646
161641,159847
161641,159801
161641,161647
161603,161648
161603,160210
161603,161649
161603,161650
161603,161618
161603,161651
159963,160795
161603,161652
161603,161653
161603,160202
161603,161654
161603,161655
161603,161656
161603,161657
161603,161658
161603,161659
159963,160808
159963,159841
161641,160177
161641,161660
161641,161661
161641,161662
161641,160797
161641,159788
159963,159961
161641,160125
161641,160306
161641,159840
161641,159821
161641,161663
161641,161664
159963,161662
161641,161665
161510,161666
161510,160203
161510,161667
160468,161668
160468,161669
160468,161670
160468,161671
160468,160469
160468,161672
160468,161673
160468,161674
160468,161675
160468,161676
160468,160905
160468,161621
160468,160465
160468,160223
160468,161677
160468,160214
160468,160464
160905,161675
160905,161678
160905,161679
160905,161680
160905,160904
161622,160223
160468,161681
160468,161637
160468,160462
160468,160129
160468,161682
160468,161683
160468,160130
160468,161684
160468,160127
160468,161685
160468,161686
160468,160906
160469,160466
160469,161675
160469,161687
160469,160468
160469,161688
160469,161671
160469,160905
160469,161689
160469,161690
160125,160242
160125,159864
160125,161691
160125,161692
160125,159747
160469,161693
160905,160172
160469,161621
160469,160223
160468,161694
160469,160462
160469,160463
160469,161631
160469,160906
160469,161622
160469,160465
160469,161482
160469,160464
160469,161627
160469,160214
160469,159872
160469,161695
160469,161696
160469,161625
160125,159811
160905,160171
160905,161691
160384,160359
160384,160358
160384,160328
160384,160357
160384,160356
160384,160385
160384,160355
160384,160354
160384,160375
160384,160376
160384,160390
160384,160377
160384,160389
160384,160388
160384,160387
159905,161285
159905,161697
159905,161698
159905,161193
159905,161699
159905,161600
159905,161700
159905,160095
160384,160360
159905,161701
159905,161702
159905,161703
159905,161704
159905,161705
159905,161706
159905,161707
159905,161708
160384,160361
160384,160362
160384,160363
160905,160463
160905,161622
160905,160464
160905,160214
160905,159872
160905,160223
160905,160462
160905,160465
160905,160858
160905,160468
160905,160469
160905,160906
160905,161709
160905,161710
160905,160863
160905,159747
160476,160183
160316,159841
160384,160364
160384,160365
160384,160366
160384,160367
160384,160368
160384,160369
160316,159856
160384,160370
160384,160372
160384,160373
160384,160374
160384,160391
160547,161130
160316,161711
160384,160371
160125,161662
160125,161712
160125,160904
161510,161713
161510,161714
161510,161715
161510,161716
161510,160202
161510,161717
161510,161718
161510,161719
161510,161720
161510,161721
161510,161651
161510,160694
161510,161618
161510,161650
161510,161722
161510,161723
161510,161724
161725,161726
161725,160188
161725,161727
161725,161728
161725,161729
161510,161648
161510,161730
161510,161731
161510,161732
161510,161733
161510,161734
161510,161735
161510,161736
161510,160301
161510,161737
161510,161738
161510,160224
161510,161739
161510,161740
161510,161741
161510,161742
161510,161743
161510,161619
161510,161744
161510,161745
161510,160258
161510,161746
161510,161747
161510,160257
161510,161748
161510,161749
161510,161750
161510,161751
161725,161752
161510,160302
161510,161753
161510,160200
161510,161754
161510,161657
161510,161640
161510,160890
161510,161755
161510,161612
161510,161756
161510,161757
161510,161639
161510,161610
161510,161758
161510,161759
161510,161760
161510,161761
161725,160213
161725,161762
161725,160198
161732,161763
161732,161764
161732,161765
161732,160209
161732,161766
161732,161767
161732,161768
161732,161769
161764,161732
161764,161763
161764,161765
161764,160209
161764,161766
161764,161767
161764,161768
161764,161769
161766,161769
161766,160209
160125,160075
160125,160261
160125,159870
160125,160934
160125,160937
160125,159963
161766,161767
160003,159765
161770,159849
161766,161768
161766,161732
161766,161763
161766,161764
161766,161765
160003,160007
161621,161771
161764,161772
161063,161397
161725,161773
161725,160191
161725,161398
161725,160192
161725,160611
161725,160193
161725,161774
161725,160194
161725,160088
161725,160196
161725,161775
161725,161776
161725,161777
161725,160197
161725,161778
161063,161055
161725,161779
161725,160202
161063,161063
161063,161780
161063,159856
161397,159856
161781,160095
160607,160274
161725,160190
160607,159814
160607,161782
160607,161783
161725,161784
161725,161785
161725,161786
161725,161787
160607,161788
161621,160068
159943,160330
161621,161695
161789,161790
161789,161791
161789,161792
161789,161793
161789,161794
161789,161795
161789,161796
161789,161797
161789,161798
161789,161799
161789,161800
161789,161801
161789,161802
161789,161803
161789,161804
161789,161805
161789,161806
161789,161807
161789,161808
161789,160309
161789,161809
161789,161810
161789,161811
161789,161812
161789,161813
161789,161814
161789,161815
161789,161816
161789,161817
161789,161818
161789,161819
161789,161820
161789,161821
161789,161822
161789,161823
161789,161824
161789,161825
161789,161826
161789,161827
161789,161828
161789,161829
161789,161830
161789,161831
161789,161832
161789,161833
161789,161834
161789,161835
161789,161836
161789,161837
161789,161838
161789,161839
161789,161840
161789,161841
161789,161842
161789,161843
161789,161844
161789,161845
161789,161846
161789,161847
161789,161848
161789,161849
161789,161850
161789,161851
161789,161852
161789,161853
161789,161854
161789,161855
161789,161856
161789,161857
161789,161858
161789,161859
161789,161860
161789,161861
160935,159849
160935,160050
160935,159864
160153,161862
160153,161863
160153,161864
160153,161469
160153,161865
160153,161866
160153,160145
160153,161867
160153,160153
160153,161334
160153,161868
160153,159955
161869,161869
161869,161870
161869,160153
161869,161871
161869,160119
160153,161872
161789,161873
160153,160353
160153,161874
160153,161875
160153,160147
160153,161876
160153,161877
160153,161878
160153,160379
161789,161879
161789,161880
161789,161881
161789,161882
161789,161883
161789,161884
161789,161885
161789,161886
161789,161887
161789,161888
161789,161889
161789,161890
161789,161891
161789,161892
161789,161893
161789,161894
161789,161895
161789,161896
161789,161897
161789,161898
161789,161899
161789,161900
161789,161901
161789,161902
161789,161903
161789,161904
161789,161905
161789,161906
161789,161907
161789,161908
161789,161909
161789,161910
161789,161911
161789,161912
161789,161913
161789,161914
161789,161915
161789,161916
161789,161917
161918,161919
161918,161920
161918,161921
161918,161922
161918,161923
161918,161924
161918,160461
161918,161925
161918,161926
161918,161927
161918,161928
161918,161929
161918,161930
161918,161931
161918,161932
161918,161933
161918,161934
161935,161936
161935,161937
161935,160223
161935,161938
161935,160863
161935,161939
161918,161940
161935,161941
161935,161942
161935,160858
161943,160207
161918,161944
161918,161945
161918,161946
161935,161947
160317,161948
160317,161949
160317,161950
160317,161951
160317,161952
160317,161953
160317,161954
160317,161955
160317,161956
160317,161957
160317,160981
160317,161958
160317,161071
160317,161959
160317,160495
160317,161960
160317,161961
160317,161962
161935,161963
160317,161964
160317,161965
160317,161966
160317,161967
160317,161968
160317,161969
160317,161970
160317,161971
160317,161972
160317,161973
160317,161974
160317,161975
160317,161976
160317,161977
160317,161978
160317,161979
160317,161980
161981,161982
160942,160954
160942,160960
161789,161983
161789,161984
161789,161985
161789,161986
161789,161987
161789,161988
161789,159781
161789,161989
161789,161990
161621,161991
161789,161992
161789,161993
161789,161994
161789,161995
161789,161996
161789,161997
161789,161998
161789,161999
161789,160495
161789,162000
161789,162001
161789,162002
161789,162003
161789,162004
161789,162005
161789,162006
161789,162007
161789,162008
161789,162009
161789,162010
161789,162011
161789,162012
161789,162013
161869,161274
161789,162014
161789,162015
161789,162016
161789,162017
161789,162018
161789,162019
161789,162020
161789,162021
161789,162022
161789,162023
161789,162024
162025,162025
160942,162026
160942,162027
160942,162028
160942,160963
161789,162029
161789,162030
161789,160207
161789,162031
161789,162032
161789,162033
161789,162034
161789,162035
161789,162036
161789,162037
161789,162038
161789,162039
161789,162040
161789,162041
161789,162042
161789,162043
161789,162044
161789,162045
161789,162046
161869,160353
161789,162047
161869,160147
162048,162049
162048,160207
162048,160095
162048,161556
162048,160500
162048,162050
162048,161602
162048,162051
162048,162052
162048,162053
162048,160206
162048,161561
162048,161607
162048,162054
162048,160244
162048,161566
162048,162055
162048,161620
162048,161748
162048,161750
162048,161615
162048,160203
162048,160196
162048,162056
162048,160499
162048,162057
162048,162058
162048,162059
162048,161576
162048,161609
162048,162060
162048,162061
162048,162062
162048,162063
162048,162064
162065,160570
162065,162066
162065,161590
162065,160571
162065,160694
162065,159932
162065,162067
162065,162068
162065,162069
162065,162070
162065,160334
162065,162071
162065,161719
162065,160222
162065,162072
162048,161613
162065,162073
162065,162074
162048,162017
162048,162075
162048,162076
161590,160094
161590,161522
161590,161515
162065,161649
161590,159952
161590,160095
161590,161542
162065,160207
162065,162077
162065,162078
162065,162079
161590,160331
162048,161742
162048,161612
162048,162080
161621,161687
161621,162081
161621,160468
161621,162082
161621,161688
161621,162083
161621,162084
161621,160166
161621,162085
161621,160161
161621,162086
161621,161107
161621,162087
161621,162088
161621,160469
161621,162089
161621,162090
161621,162091
161869,162092
161621,161696
161621,160223
161621,160465
161621,160169
161621,162093
161621,160177
161621,162094
161621,160905
161621,162095
161621,162096
161621,160176
161621,161675
161621,162097
161621,162098
162065,160202
161621,162099
161621,161693
162048,161653
162048,161719
162048,160222
162048,160184
162048,160711
162048,159942
162048,159932
162048,160204
162048,162065
162048,162100
162048,160191
162048,161657
162048,160890
162048,161639
162048,162101
161621,161689
162048,161651
162048,161590
161621,161690
161621,162102
161621,162103
160906,160214
160906,160223
160906,160905
162048,160694
160906,160468
160566,160475
160566,160567
160566,160568
162048,162104
162048,162079
162048,162105
160566,160474
162065,162106
162048,160202
162065,159946
160625,161585
161552,162107
161552,160315
161552,162108
161552,159985
161552,159763
161552,159938
161552,160095
161552,159819
161552,159952
161552,159854
161552,162109
161552,160229
161552,161582
161021,161940
161021,161019
161021,160330
162065,160095
162065,160332
162065,162049
162065,162056
162065,161580
162065,162063
160625,162110
162065,162064
162065,162076
162052,160353
162111,161425
161021,160328
161021,160329
161021,160384
162065,162017
160625,160328
160625,160645
160625,161515
162112,162113
162112,162114
162112,162115
162112,162116
162112,162117
162112,162118
162112,162119
160084,159841
162120,159856
160701,160340
162121,162122
160065,160040
162065,161716
161869,161279
162120,162123
162065,161556
162112,162124
162112,162125
160625,161527
160625,162126
160625,162127
160625,159952
160625,161547
160625,161533
162112,162128
160625,161539
162112,160805
162112,162129
162112,162130
162112,162131
162112,162132
162112,162133
160625,162134
162065,160500
160625,160384
162065,162051
162065,161639
162065,160199
162065,162080
162065,161745
162065,162135
162065,162136
162065,160890
162065,161742
162065,162137
162065,161620
162065,161746
162065,161510
162065,162138
162065,160185
162065,161744
162065,161748
162065,162139
162065,162140
162065,160201
162065,160711
162065,162050
162065,162141
162065,160204
162065,162142
162065,160094
162065,160921
162065,162101
162065,160191
162065,162143
162065,161530
162065,162144
162065,160200
162065,159908
162065,161750
162065,161657
162065,161667
162065,161576
162065,162145
162065,162146
162065,162147
162065,161549
162065,160187
162065,159952
162065,160244
162065,162148
162065,161561
162065,162052
162065,161615
162065,160206
162065,162053
162065,160331
162065,162059
162065,162055
162065,160329
162065,161617
162065,162057
162065,162061
162065,161080
162065,160499
162065,160205
162065,161569
162065,162149
162065,160203
162065,162150
162065,160196
162065,162151
162065,162152
