169032,169033
169034,169035
169036,169037
169036,169038
169036,169039
169040,169041
169042,169043
169044,169045
169034,169046
169034,169047
169034,169048
169032,169049
169034,169050
169034,169051
169034,169052
169034,169053
169034,169054
169034,169055
169034,169056
169034,169057
169034,169058
169034,169059
169034,169060
169034,169061
169034,169062
169034,169063
169034,169064
169034,169065
169034,169066
169036,169067
169034,169068
169032,169069
169032,169040
169032,169070
169032,169071
169032,169072
169032,169032
169032,169073
169032,169074
169032,169075
169032,169076
169032,169077
169032,169078
169032,169079
169032,169036
169032,169080
169032,169081
169032,169082
169032,169083
169032,169084
169032,169085
169032,169086
169032,169087
169032,169088
169032,169089
169032,169090
169032,169091
169032,169092
169032,169093
169032,169094
169032,169095
169032,169096
169034,169097
169034,169098
169032,169099
169032,169100
169032,169101
169032,169102
169032,169103
169032,169104
169032,169105
169032,169106
169032,169107
169032,169039
169032,169108
169032,169109
169032,169110
169032,169111
169032,169112
169032,169113
169032,169114
169032,169115
169032,169116
169032,169117
169032,169118
169032,169119
169034,169120
169034,169121
169034,169122
169034,169123
169034,169124
169032,169125
169034,169126
169032,169127
169032,169128
169034,169129
169034,169130
169034,169131
169034,169132
169034,169133
169034,169134
169034,169135
169034,169136
169034,169137
169034,169138
169034,169139
169034,169140
169034,169141
169034,169142
169034,169143
169034,169144
169032,169145
169032,169146
169032,169147
169032,169148
169032,169149
169032,169150
169032,169151
169032,169152
169032,169153
169032,169154
169032,169155
169032,169156
169034,169157
169158,169159
169032,169160
169161,169162
169161,169163
169161,169164
169161,169165
169161,169166
169161,169167
169161,169168
169161,169169
169161,169170
169161,169171
169161,169172
169161,169173
169161,169174
169161,169175
169161,169176
169161,169177
169161,169178
169161,169179
169161,169180
169161,169181
169161,169182
169161,169183
169161,169184
169161,169185
169161,169186
169161,169187
169188,169189
169190,169191
169192,169192
169192,169193
169161,169194
169192,169195
169161,169196
169161,169197
169198,169199
169198,169200
169201,169136
169202,169079
169161,169191
169161,169203
169161,169204
169161,169205
169161,169188
169161,169206
169161,169207
169161,169208
169161,169209
169161,169210
169161,169211
169161,169212
169161,169213
169161,169190
169161,169214
169161,169189
169161,169215
169161,169216
169161,169217
169161,169218
169161,169219
169161,169220
169161,169221
169161,169222
169161,169223
169161,169224
169161,169225
169198,169226
169192,169227
169192,169228
169229,169230
169229,169231
169229,169232
169229,169233
169229,169234
169229,169235
169229,169236
169229,169237
169238,169079
169238,169239
169238,169240
169241,169242
169241,169079
169241,169243
169237,169244
169241,169245
169241,169246
169241,169247
169241,169239
169241,169248
169241,169238
169241,169249
169241,169250
169239,169251
169239,169252
169239,169253
169239,169254
169239,169079
169239,169255
169239,169256
169241,169257
169192,169258
169237,169259
169237,169233
169227,169260
169227,169192
169261,169262
169261,169263
169261,169264
169261,169265
169261,169266
169261,169267
169261,169268
169261,169269
169261,169270
169271,169272
169271,169273
169271,169274
169237,169234
169271,169275
169271,169276
169277,169278
169277,169260
169277,169279
169277,169280
169277,169086
169277,169281
169277,169227
169277,169249
169277,169282
169277,169283
169284,169285
169284,169286
169284,169287
169271,169288
169198,169289
169198,169290
169198,169291
169292,169089
169292,169293
169292,169294
169292,169295
169292,169296
169292,169297
169298,169035
169298,169299
169055,169300
169054,169301
169054,169302
169054,169142
169054,169303
169054,169304
169305,169284
169054,169306
169307,169308
169309,169310
169309,169311
169309,169312
169309,169313
169309,169314
169309,169315
169309,169316
169309,169317
169309,169318
169309,169319
169309,169320
169321,169322
169323,169324
169034,169325
169324,169324
169305,169326
169305,169327
169328,169329
169328,169089
169328,169330
169328,169331
169328,169096
169328,169332
169328,169333
169328,169334
169328,169335
169328,169336
169328,169337
169328,169338
169328,169339
169328,169340
169305,169341
169342,169343
169342,169344
169342,169345
169342,169346
169342,169347
169342,169348
169342,169349
169342,169350
169351,169201
169352,169353
169354,169355
169354,169356
169037,169104
169305,169357
169305,169358
169342,169359
169360,169361
169360,169362
169360,169363
169364,169365
169364,169366
169364,169367
169364,169368
169369,169364
169370,169279
169198,169371
169198,169372
169198,169373
169198,169374
169198,169375
169198,169376
169198,169377
169198,169378
169364,169379
169198,169380
169198,169381
169198,169382
169198,169383
169198,169384
169198,169385
169198,169386
169198,169201
169198,169387
169198,169388
169198,169389
169198,169390
169198,169391
169198,169392
169198,169393
169198,169394
169364,169395
169364,169396
169364,169397
169360,169157
169360,169398
169268,169089
169399,169279
169279,169277
169279,169400
169279,169401
169279,169281
169279,169402
169279,169403
169279,169404
169279,169405
169279,169406
169279,169407
169279,169408
169279,169409
169279,169410
169364,169369
169411,169284
169411,169412
169411,169413
169414,169415
169414,169416
169239,169417
169414,169418
169414,169411
169414,169419
169420,169104
169421,169422
169279,169423
169279,169424
169414,169425
169426,169427
169239,169428
169239,169241
169043,169429
169043,169430
169043,169431
169043,169432
169043,169042
169043,169433
169043,169089
169043,169331
169043,169295
169043,169434
169043,169418
169043,169435
169436,169437
169437,169438
169043,169439
169437,169440
169437,169441
169437,169442
169437,169443
169437,169444
169437,169436
169445,169233
169445,169446
169233,169117
169233,169160
169233,169234
169233,169229
169233,169447
169233,169259
169233,169233
169437,169448
169233,169449
169043,169450
169043,169451
169452,169453
169452,169454
169452,169455
169452,169456
169452,169457
169452,169458
169452,169459
169452,169452
169452,169460
169434,169433
169434,169430
169434,169331
169434,169042
169434,169431
169043,169461
169434,169043
169043,169462
169043,169463
169043,169438
169043,169464
169043,169465
169043,169466
169043,169440
169043,169467
169043,169468
169043,169469
169043,169422
169043,169470
169043,169471
169043,169472
169434,169418
169452,169473
169233,169474
169233,169078
169418,169466
169418,169475
169418,169440
169418,169433
169418,169089
169418,169331
169418,169295
169418,169434
169418,169043
169418,169435
169476,169477
169476,169478
169476,169479
169189,169188
169418,169429
169190,169221
169190,169220
169190,169219
169190,169480
169190,169216
169190,169189
169190,169214
169190,169213
169190,169225
169190,169212
169190,169210
169190,169208
169190,169206
169190,169205
169190,169161
169190,169481
169233,169482
169418,169464
169483,169484
169233,169446
169233,169485
169233,169237
169233,169445
169415,169486
169415,169416
169487,169488
169487,169414
169487,169415
169487,169489
169353,169490
169353,169491
169353,169492
169493,169494
169418,169414
169493,169353
169495,169496
169495,169497
169495,169498
169495,169035
169495,169499
169495,169500
169496,169495
169496,169501
169496,169497
169484,169502
169484,169503
169483,169504
169483,169505
169483,169506
169495,169501
169452,169507
169452,169508
169452,169509
169510,169511
169510,169512
169510,169513
169510,169514
169510,169515
169510,169516
169510,169517
169510,169518
169510,169519
169510,169520
169510,169521
169510,169522
169523,169079
169523,169524
169510,169525
169523,169526
169086,169086
169086,169527
169086,169528
169086,169282
169086,169529
169086,169039
169086,169530
169086,169531
169086,169532
169086,169533
169086,169534
169035,169535
169035,169380
169035,169500
169086,169536
169035,169537
169510,169538
169510,169539
169239,169540
169239,169541
169492,169494
169492,169353
169542,169543
169542,169544
169542,169545
169542,169546
169542,169547
169542,169548
169542,169549
169542,169550
169542,169551
169542,169552
169510,169553
169542,169554
169510,169555
169510,169556
169510,169557
169510,169558
169510,169559
169510,169560
169510,169561
169510,169562
169510,169563
169510,169564
169510,169565
169510,169566
169510,169567
169510,169568
169569,169570
169035,169299
169035,169571
169035,169093
169464,169466
169464,169043
169464,169418
169464,169572
169464,169573
169464,169574
169464,169575
169464,169440
169509,169576
169509,169577
169509,169578
169509,169579
169509,169580
169509,169508
169464,169434
169509,169507
169509,169453
169509,169454
169509,169455
169509,169456
169509,169457
169509,169458
169509,169459
169509,169452
169509,169460
169452,169576
169452,169577
169452,169578
169452,169579
169452,169580
169509,169473
169464,169429
169464,169431
169464,169439
169035,169581
169035,169083
169035,169077
169035,169155
169035,169133
169035,169100
169035,169582
169035,169113
169035,169066
169035,169064
169035,169583
169035,169584
169429,169464
169429,169440
169574,169585
169574,169089
169574,169464
169464,169331
169464,169430
169464,169464
169464,169089
169464,169433
169464,169585
169239,169238
169574,169586
169574,169418
169574,169466
169574,169587
169574,169588
169574,169589
169574,169331
169574,169572
169032,169590
169426,169591
169426,169592
169039,169249
169039,169593
169039,169594
169039,169595
169039,169596
169039,169597
169039,169598
169039,169599
169039,169600
169039,169601
169039,169602
169039,169603
169039,169604
169039,169605
169039,169606
169039,169607
169608,169079
169609,169285
169609,169501
169610,169192
169527,169079
169527,169106
169527,169611
169240,169079
169240,169239
169240,169238
169612,169613
169613,169614
169613,169615
169613,169616
169039,169617
169613,169618
169039,169584
169039,169619
169039,169106
169039,169107
169039,169039
169039,169108
169039,169109
169039,169110
169039,169111
169039,169112
169039,169113
169039,169114
169039,169115
169039,169116
169039,169117
169039,169118
169039,169620
169039,169119
169039,169160
169039,169621
169039,169622
169039,169623
169039,169624
169039,169625
169039,169626
169039,169627
169039,169628
169039,169629
169039,169630
169039,169631
169039,169632
169039,169633
169039,169590
169039,169105
169613,169634
169613,169635
169636,169637
169636,169638
169636,169639
169636,169640
169636,169641
169636,169642
169636,169643
169636,169644
169636,169645
169636,169646
169636,169647
169636,169648
169636,169649
169636,169650
169636,169636
169636,169651
169636,169652
169636,169653
169654,169655
169654,169656
169654,169542
169654,169657
169658,169478
169659,169320
169659,169319
169659,169318
169659,169317
169659,169316
169659,169309
169659,169315
169636,169660
169613,169613
169636,169661
169636,169662
169613,169663
169613,169664
169613,169665
169613,169666
169613,169667
169613,169668
169613,169669
169613,169670
169613,169671
169613,169672
169613,169612
169636,169673
169636,169674
169636,169451
169636,169675
169636,169676
169636,169677
169636,169678
169636,169679
169636,169680
169636,169681
169636,169682
169636,169683
169636,169684
169636,169685
169636,169422
169636,169686
169636,169687
169636,169688
169636,169689
169636,169690
169039,169582
169039,169104
169039,169103
169096,169691
169096,169692
169096,169693
169096,169331
169096,169694
169096,169695
169096,169696
169096,169697
169096,169698
169096,169699
169096,169700
169096,169587
169096,169701
169096,169418
169096,169702
169096,169435
169096,169337
169096,169703
169156,169704
169156,169705
169115,169101
169115,169103
169624,169706
169624,169707
169624,169708
169584,169535
169584,169709
169584,169418
169584,169710
169584,169711
169096,169712
169584,169713
169032,169617
169032,169605
169032,169621
169032,169622
169032,169623
169032,169624
169032,169625
169032,169626
169032,169627
169032,169628
169032,169629
169032,169630
169032,169631
169032,169632
169032,169633
169032,169619
169032,169607
169032,169620
169032,169606
169032,169249
169032,169593
169032,169594
169032,169595
169032,169596
169032,169597
169032,169598
169032,169599
169032,169600
169032,169601
169032,169602
169032,169603
169032,169604
169032,169584
169584,169575
169584,169504
169584,169582
169039,169075
169039,169074
169039,169073
169039,169714
169039,169032
169039,169072
169039,169071
169039,169070
169039,169033
169039,169096
169039,169049
169039,169145
169039,169146
169039,169147
169039,169076
169039,169148
169039,169150
169039,169151
169039,169152
169039,169153
169039,169154
169039,169155
169039,169128
169039,169156
169039,169127
169039,169125
169039,169099
169039,169100
169039,169101
169039,169102
169039,169149
169039,169077
169039,169078
169039,169079
169596,169715
169596,169282
169596,169079
169596,169716
169596,169717
169596,169247
169596,169718
169596,169719
169596,169249
169596,169596
169599,169416
169039,169720
169039,169069
169039,169095
169039,169040
169039,169094
169039,169093
169039,169036
169039,169080
169039,169081
169039,169082
169039,169083
169039,169084
169659,169314
169039,169085
169039,169087
169039,169088
169039,169089
169039,169090
169039,169091
169039,169092
169039,169086
169426,169721
169659,169313
169659,169311
169722,169723
169722,169411
169722,169724
169722,169615
169722,169725
169722,169672
169722,169414
169722,169726
169722,169727
169722,169284
169722,169728
169722,169729
169722,169671
169722,169730
169731,169732
169722,169733
169722,169489
169722,169734
169722,169735
169722,169736
169722,169459
169722,169731
169737,169738
169034,169739
169158,169740
169158,169155
169158,169741
169158,169158
169158,169742
169158,169628
169722,169743
169158,169744
169731,169284
169743,169745
169746,169747
169746,169748
169746,169749
169746,169750
169746,169751
169746,169752
169746,169753
169746,169754
169746,169755
169746,169756
169746,169757
169746,169758
169746,169759
169746,169760
169743,169457
169746,169761
169746,169762
169746,169763
169669,169764
169669,169672
169669,169765
169669,169766
169669,169613
169669,169767
169669,169768
169669,169769
169743,169770
169743,169414
169743,169504
169743,169665
169746,169771
169746,169772
169158,169773
169774,169775
169775,169501
169775,169774
169776,169776
169776,169777
169776,169775
169776,169285
169776,169778
169776,169779
169776,169780
169776,169781
169776,169138
169776,169782
169776,169062
169776,169783
169784,169104
169776,169785
169786,169787
169786,169788
169786,169789
169786,169790
169786,169791
169786,169792
169786,169201
169786,169793
169426,169794
169426,169795
169426,169104
169426,169796
169426,169426
169426,169797
169776,169798
169158,169799
169784,169119
169467,169648
169774,169501
169774,169285
169800,169800
169692,169089
169692,169331
169699,169801
169699,169089
169699,169331
169699,169802
169699,169699
169699,169589
169699,169587
169699,169803
169699,169804
169423,169279
169699,169805
169699,169806
169807,169273
169807,169808
169409,169809
169773,169155
169773,169628
169446,169233
169446,169810
169811,169812
169811,169813
169467,169451
169467,169690
169467,169677
169467,169814
169699,169815
169746,169816
169746,169817
169746,169818
169810,169819
169810,169820
169810,169821
169810,169822
169810,169823
169810,169824
169810,169825
169810,169826
169810,169827
169406,169809
169406,169407
169406,169405
169406,169404
169406,169403
169810,169828
169403,169322
169403,169407
169403,169406
169403,169405
169403,169404
169405,169809
169405,169829
169405,169407
169405,169406
169405,169404
169405,169403
169192,169757
169192,169610
169192,169260
169192,169280
169403,169809
169192,169830
169810,169831
169810,169832
169659,169310
169365,169833
169365,169369
169834,169835
169834,169836
169834,169837
169834,169838
169258,169279
169810,169446
169810,169233
169810,169839
169810,169840
169810,169841
169810,169842
169810,169843
169810,169844
169810,169845
169810,169846
169810,169847
169810,169848
169810,169849
169810,169850
169810,169851
169810,169852
169810,169853
169810,169854
169810,169810
169810,169855
169810,169363
169810,169856
169810,169857
169746,169858
169746,169859
169746,169860
169746,169861
169746,169862
169746,169863
169746,169864
169746,169865
169746,169866
169746,169867
169746,169868
169746,169869
169746,169870
169746,169871
169746,169872
169746,169041
169746,169873
169746,169874
169746,169875
169746,169876
169746,169877
169746,169878
169746,169879
169746,169880
169746,169881
169746,169882
169746,169883
169746,169884
169746,169885
169746,169886
169746,169887
169746,169888
169746,169889
169746,169890
169746,169891
169746,169892
169746,169893
169746,169894
169746,169895
169746,169896
169746,169897
169746,169898
169746,169899
169746,169900
169746,169901
169746,169746
169746,169902
169746,169903
169746,169508
169746,169904
169746,169905
169746,169906
169746,169907
169746,169908
169746,169909
169746,169730
169746,169910
169746,169911
169746,169912
169746,169201
169659,169312
169746,169913
169746,169914
169746,169915
169746,169916
169746,169917
169746,169918
169746,169919
169746,169109
169034,169920
169032,169582
169034,169778
169921,169922
169921,169235
169921,169923
169921,169924
169921,169846
169921,169925
169921,169441
169921,169926
169921,169927
169921,169138
169921,169928
169921,169929
169921,169930
169921,169931
169921,169932
169921,169130
169921,169437
169921,169933
169921,169934
169921,169935
169921,169936
169921,169937
169921,169938
169921,169939
169921,169940
169921,169941
169942,169943
169944,169613
169944,169945
169944,169946
169944,169768
169947,169948
169947,169949
169947,169233
169950,169279
169951,169952
169951,169953
169951,169954
169951,169054
169955,169956
169955,169942
169955,169957
169955,169577
169955,169501
169955,169943
169942,169956
169942,169957
169942,169577
169942,169955
169942,169501
169921,169958
169921,169959
169921,169843
169921,169960
169961,169962
169961,169369
169961,169963
169961,169964
169961,169965
169961,169966
169967,169968
169967,169969
169967,169970
169967,169971
169967,169104
169967,169972
169967,169973
169967,169974
169967,169975
169967,169976
169967,169977
169967,169978
169979,169980
169979,169324
169981,169982
169981,169983
169981,169984
169961,169985
169961,169986
169961,169987
169961,169988
169921,169989
169921,169489
169921,169990
169921,169991
169921,169992
169921,169993
169921,169994
169921,169995
169921,169052
169921,169475
169921,169996
169944,169766
169921,169997
169921,169826
169921,169998
169921,169999
169921,170000
169921,170001
170002,170003
169961,170004
169961,170005
169961,170006
169961,170007
169961,170008
169921,170009
170010,169882
170010,170011
170010,169201
170012,169781
170012,169391
170012,170013
170012,169138
170012,169284
170012,170014
170012,170015
170012,169932
170012,170016
170012,169098
170012,170017
170012,169782
170012,170018
170012,170019
170012,170020
170012,170021
170012,169065
170012,170022
170012,169062
170012,170023
170012,170024
170012,170025
170012,170026
170012,170027
170012,170028
170012,169122
170012,170029
170012,170030
170012,170031
170012,170032
170012,170033
170012,169047
170012,170034
170012,170035
170012,170036
170012,170037
170012,170038
170012,169376
170012,170039
170012,170040
170012,169956
170012,170041
170012,170042
170012,169777
170012,170043
170012,169285
170012,170044
170012,169778
170012,170045
170012,170046
170012,169920
170012,170047
169981,170048
170012,170049
170012,170050
170051,170052
170051,169283
170051,170053
170051,169227
170051,170054
170051,170055
170051,169258
170051,170056
170051,170057
170051,170058
170051,170059
170051,170060
170051,169228
170051,170061
170051,170062
170051,170063
170051,169610
170051,170064
170051,169757
170010,170065
170010,170066
170010,170067
170010,170068
170051,169195
170051,170069
170051,169193
170051,170070
170012,169382
170012,170071
170012,169785
170012,169377
170012,169798
170051,170072
170051,170073
170051,169260
170051,170074
170051,170075
170051,170076
170012,169053
170051,170077
170051,170078
170051,170079
170051,170080
170051,170081
170051,170082
170051,170083
170051,170084
170051,170085
170051,170086
170051,170087
170051,170088
170051,169280
169981,169087
169981,170089
169981,170090
170091,170092
170091,170093
170094,170095
169443,169437
170096,169433
170096,169089
170096,169282
170096,169430
170096,169292
170096,169331
170096,170097
170096,170098
170096,169042
170096,169696
170096,169431
170096,170099
170096,169429
170096,169697
170096,169295
170096,170100
170096,169434
170096,169466
170096,169043
170101,170102
170103,170104
170103,170105
170103,169732
170106,170107
170106,170108
170106,170109
170110,170111
170110,169438
170110,170112
170110,169089
170110,170113
170110,169535
170110,169331
170110,170114
170096,170115
170110,170116
170110,169113
170110,170117
170110,170118
170110,170119
170110,170120
170110,170121
170122,169104
170123,170124
170123,170125
170123,169189
170103,169414
170110,170126
170127,169501
170096,169418
170096,170128
170129,170130
170129,170131
170129,170132
170129,170133
170129,170134
170129,170135
170129,170136
170129,170137
170129,170138
170129,170139
170129,170140
170129,170141
170129,169144
170129,170142
170129,170143
170129,170144
170129,170145
170129,170146
170129,170147
170129,170148
170129,170149
170129,170150
170129,170151
170129,170152
170129,170153
170129,170154
170129,170155
170156,170157
170156,170158
170156,170159
170156,170160
170156,170161
170156,169218
170156,170162
170156,170163
170156,170164
170156,169709
170156,170165
170096,170166
170156,170167
170156,170168
170156,170169
170156,170170
170171,170172
170171,170173
169491,169353
170129,170174
170129,170175
170129,170176
170129,170177
170129,170178
170156,170179
170012,170180
170127,169358
169472,169471
169981,170181
169981,170182
169981,170183
169981,170184
169981,170185
169981,170103
169981,169269
169981,170186
169981,170187
169981,170188
169981,170189
170190,170190
169448,169437
170191,169478
170192,170193
170194,170195
170194,169089
170194,169331
170194,169293
170194,169294
170194,169295
170194,170196
170194,170197
169981,170198
169981,169277
169981,170199
169981,170200
169981,170201
169981,170202
169981,170203
169981,170204
169981,169414
169981,170205
169981,170206
169981,170207
169981,170208
169981,169717
169981,169415
170194,169333
169981,170209
169981,170210
169981,170211
169981,169486
169981,170212
169981,170213
169981,170214
169981,170215
169981,170216
169981,170217
169981,170218
169981,170219
169981,170220
170221,170221
170194,169434
170194,170115
170222,170223
170222,170224
170222,170225
170222,170222
170222,170226
169441,169927
169441,169437
170227,169446
170227,169447
170227,170101
170227,169438
170227,170228
170227,169709
170227,170167
170227,169233
170227,169234
170227,170229
170227,170230
170227,169237
169472,169469
169472,169422
169472,169470
169472,169432
170222,169104
170222,170231
170222,170232
170222,170233
170194,169418
170194,169336
170194,170117
170194,170128
170194,170234
169927,169437
169490,169663
169490,169672
169490,169612
169490,170235
169490,170163
170194,170236
169490,170237
169490,170238
169490,169492
169490,170239
169490,169937
169490,170240
169490,169489
169490,170241
169490,169353
169490,169669
170242,170243
170222,170244
169490,169931
170012,169500
170012,170245
170012,170246
170247,170248
170247,169773
170247,170040
170247,169799
170249,170250
170249,169273
170249,170251
170249,170252
170249,170253
170249,169705
170249,170254
170249,170255
170256,169273
170256,169463
170257,169076
170257,170258
170257,169623
170259,170124
170259,170260
170259,170261
170259,170262
170259,170163
170259,170263
170247,169998
170247,170264
170247,170265
170247,169595
170247,169415
170247,169151
170247,169155
170247,169156
170247,169100
170247,169104
170247,170266
170247,170267
170247,170268
170247,169112
170247,170269
170259,170270
170247,170271
170247,170272
170247,169119
170247,169160
170247,169621
170247,169742
170247,169628
170247,170253
170247,170273
170247,169413
170247,170274
170247,169705
170247,169115
170247,169150
170259,170156
170259,170275
170276,170277
170276,170278
170276,170279
170276,170280
170276,170281
170276,170282
170276,170283
170276,170284
170276,170285
170276,170286
170276,170287
170276,170288
170276,170289
170276,170290
170276,170291
170276,169043
170276,170292
170276,170293
170276,170294
170276,170295
170276,170296
170276,170297
170276,170298
170276,170299
170276,170300
170276,170301
170276,170302
170259,169213
170259,170303
170259,170304
170259,169993
170259,170305
170259,170306
170259,170307
170308,169233
170308,169855
170309,169144
170276,170310
170259,170227
170276,170311
170276,170312
170276,170313
170276,170314
170276,170315
170276,170316
170276,170317
170276,170318
170276,170319
170276,170320
170276,170321
170276,170322
170276,170323
170276,170324
170247,169295
170247,170325
170247,170326
170247,170327
170247,169284
170247,170328
170247,170015
170247,170329
170247,170330
170247,169333
170247,170331
170247,169434
170247,169933
170247,169334
170247,169412
170247,170332
170247,170333
170247,170334
170247,170236
170247,170335
170247,170336
170247,170337
170247,170338
170247,170115
170247,170339
170247,169293
170247,170340
170247,170341
170247,170342
170343,169809
170344,170345
170346,170346
170347,170347
170348,170349
169398,169360
170350,170351
170352,169812
170247,169329
170247,170353
170247,170354
170247,170355
170247,169093
170247,170356
170247,169845
170247,170357
170247,169292
170247,169078
170247,169331
170247,170358
170247,170359
170247,170360
170247,169850
170247,170361
170247,170362
170247,170363
170247,169504
170247,170364
170247,169457
170247,170365
170247,170180
170247,170366
170247,170367
170247,170368
170247,170369
170247,170370
170247,169956
170247,169438
170247,170371
170247,169089
170247,169920
170247,170372
170247,169035
170247,170228
170247,170373
170247,169074
170247,170374
170247,170375
170247,170376
170247,169071
170247,170377
170247,170378
170247,170009
170247,170379
170247,170380
170247,169335
170247,169336
170247,170381
170247,170382
170247,170383
170247,170384
170247,170385
170247,170386
170247,170387
170247,169960
170247,170388
170247,170389
170247,169338
170247,170390
170247,170391
170247,170128
170247,170392
170247,170393
170247,170394
170247,170395
170247,169584
170247,169995
170247,170396
170247,169822
170247,170117
170129,170397
170276,170398
170276,170399
170012,169136
170012,170400
170012,170401
170012,170402
170012,169930
170012,170403
170012,169134
170012,169133
170012,170404
170012,169132
170012,170405
170012,169131
170012,170406
170012,169362
170012,169130
170012,170407
170012,170408
170012,169126
170012,170409
170012,169306
170012,170410
170012,169112
170012,170411
170012,170412
170012,169139
170012,170413
170012,170414
170012,169121
170012,170415
170012,170416
170012,169120
170012,169441
170012,170417
170012,170418
170012,169144
170012,170373
170012,170419
170012,170420
170012,170269
170012,170145
170012,170421
170012,170422
170012,170423
170012,170424
170012,170425
170012,170426
170012,169927
170012,170427
170012,170428
170012,170429
170012,169141
170012,169142
170012,170430
170012,169473
170012,170431
170012,170432
170012,170433
170012,170434
170012,170435
170012,170436
170012,169054
170012,169203
170012,170437
170012,170438
170012,169052
170012,170439
170012,170440
170012,170441
170012,170442
170012,170443
170012,170444
170012,170445
170012,169822
170012,170446
170012,169051
170012,170447
170012,170448
170012,169783
170012,170449
170012,169059
170012,170393
170012,169060
170012,170450
170012,170451
170012,170452
170012,170453
170012,170454
170012,169063
170012,170455
170012,170456
170012,170457
170012,170458
170012,170459
170012,170460
170012,170461
170012,170462
170012,170463
170012,169989
170012,170464
170012,169502
170012,170465
170012,170466
170012,170467
170012,170468
170012,170469
170012,170470
170012,170471
170276,170472
170012,170473
170012,170474
170475,170476
170475,170477
170475,170478
170475,170479
170475,170480
170475,170481
170475,170482
170475,170483
170475,170484
170475,170485
170475,170486
170475,170487
170475,170488
170475,170489
170475,170490
170475,170491
170475,170492
170475,170493
170475,170494
170475,170495
170475,170496
170475,170497
170475,170498
170475,170499
170475,170500
170475,170501
170475,170502
170276,170503
170276,170504
170276,170505
170276,170506
169710,169089
169710,169464
169710,169331
169710,170163
169710,169429
169710,170156
169710,169709
170475,170507
169710,169466
169710,169572
169710,169574
170508,170508
170508,169324
170509,170509
170475,170510
170475,170511
170475,170512
170475,170513
170475,170514
170475,170515
169710,169418
170012,170516
170475,170517
170475,170518
170012,170519
170012,170520
170012,169939
170012,170521
170012,170522
170012,170130
170012,170523
170012,170524
170012,170525
170012,170526
170012,170527
170012,170528
170012,169358
170012,170529
170012,170530
170012,170531
170012,170532
170012,170533
170012,170534
170012,170535
170012,170536
170012,169779
170012,170537
170012,170538
170012,170539
170012,169546
170012,170540
170475,170541
170475,169422
170475,170542
170475,170543
170475,169712
170475,170544
170475,170545
170475,170546
170475,170547
170475,170548
170475,170549
170475,170550
170475,170551
170475,170552
170475,170553
170475,170554
170475,170555
170475,170556
170475,170557
170475,170558
170475,170559
170475,170560
170561,170562
170012,170563
170475,170564
169034,169581
170129,170565
170129,169359
170538,170474
170538,169535
170538,170114
170538,170420
170538,170566
170538,170424
170538,170567
170538,169284
170538,170568
170538,169930
170538,170569
170538,170570
170538,170571
170538,170572
170538,169933
170538,169363
170538,170573
170538,169743
170538,170574
170538,170452
170538,170575
170538,170576
170538,169940
170538,169501
170538,169959
170538,170134
170538,170577
170538,170578
170538,169826
170538,170579
170538,170580
170538,170581
170538,170582
170538,169459
170538,170583
170538,170584
170538,170585
170538,170038
170538,170586
170538,170587
170538,170588
170538,170589
170538,170590
170538,170591
170538,169956
170538,169939
170538,169777
170538,170592
170538,169922
170538,169285
170538,169495
170538,170593
170538,169960
170538,170463
169327,170594
169327,169775
169327,169285
169327,169357
169327,169778
169327,169920
169327,170595
169327,170596
169327,169779
169327,169327
169327,170474
169327,170597
169327,169341
169327,169780
169327,170423
169327,169943
169327,170598
169327,169140
169327,169138
169327,169326
169327,169284
169327,170400
169327,170401
169327,169939
169327,170538
169327,169921
169327,169942
170538,170599
170538,170433
170538,170119
170538,170039
170538,170049
170538,169584
170538,169995
170538,170600
170538,170601
170538,169475
170538,170602
170538,170603
170538,170445
170538,170604
170538,170009
170538,169500
170538,170031
170538,169998
170538,170033
170538,170605
170538,170000
170538,169571
170538,170001
169327,169956
170538,170606
170538,170607
170538,169822
170538,170608
170538,170404
170538,170609
170538,170610
170538,170611
170538,170612
170538,170613
170538,169130
170538,169129
170538,170407
170538,170614
170538,170615
170538,170616
170538,169304
170538,170617
170538,170618
170538,169412
170538,170619
170538,170620
170538,170621
170538,169113
170538,170622
170538,170623
170538,170624
170538,170625
170538,169133
170538,170626
170538,169135
170538,170144
170538,170627
170538,169218
170538,170145
170538,170628
170538,170629
170538,170425
170538,170630
170538,170631
170538,170632
170538,170149
170538,170633
170538,170634
170538,170414
170538,170635
170538,170636
170538,169139
170538,170637
170538,169326
170538,170638
170538,170639
170538,170640
170538,169929
170538,170641
170538,170598
169327,170015
170538,170642
170538,170643
170538,170168
170538,170644
170538,169489
170538,170645
170538,170393
170538,170646
170538,170432
170538,170647
170538,170648
170538,169462
170538,170435
170538,169573
170538,169745
170538,170649
170538,169994
170538,169705
170538,170650
170538,170396
170538,170439
170538,170651
170538,170652
170538,169503
170538,170653
170538,170388
170538,170654
170538,169502
170538,169989
170538,170451
170538,169160
170538,170655
170538,170656
170538,170657
170538,170658
170538,169504
170538,170659
170538,170454
170538,170660
170538,170661
170538,170662
170538,170663
170538,170664
170538,170665
170538,170666
170538,170384
170538,169843
170538,170667
170538,170668
170538,169454
170538,170669
170538,170670
170538,170671
170538,170672
169327,169134
169327,169133
169327,169932
169910,169879
169910,169880
169910,169881
169910,169882
169910,169883
169910,169884
169910,169885
169910,169886
169910,169887
169910,169888
169910,169889
169910,169818
169910,169817
169910,169816
169910,169772
169910,169747
169910,169748
169910,169749
169910,169750
169910,169751
169910,169752
169910,169753
169910,169754
169910,169878
169910,169877
169910,169876
169910,169890
169910,169912
169910,169911
169910,169910
169910,169730
169910,169909
169910,169893
169910,169892
169910,169891
169910,169874
169910,169861
169910,169862
169910,169755
169910,169863
169910,169865
169910,169866
169910,169867
169910,169868
169910,169869
169910,169870
169910,169871
169910,169872
169910,169041
169910,169873
169910,169875
169910,169864
169910,169201
169910,169756
169910,169758
169746,170673
169746,170674
169746,170675
169746,170676
169746,170677
169746,170678
169746,170679
169746,170680
169746,170681
169746,170682
169746,170683
169746,170684
169746,170685
169746,170686
169746,170687
169746,170688
169034,169546
169034,169298
169034,170042
169034,170124
169034,170523
169034,170689
169034,170690
169746,170691
169746,170692
169746,170693
169746,170694
169910,169759
169910,169760
169910,169761
169910,169771
169910,169762
169910,169763
169882,170066
169882,170695
169882,170068
169882,169201
169882,170696
169910,169757
169882,169771
169746,170697
169746,170698
169746,170699
169746,170700
169746,170701
169746,170702
169746,170703
169746,170704
169746,170705
169746,170706
169746,170707
169882,170708
170538,170709
169910,169913
169910,169914
169327,169047
169327,169377
169327,170035
169327,169376
169327,170710
169327,169798
169327,169358
169327,169501
169327,170711
169327,170712
170643,170713
170643,170130
170643,170714
170643,170136
170643,170145
170643,170715
170643,170658
170071,169285
170071,169357
170071,169358
170071,169327
170071,170643
169910,170698
169327,170033
169327,170071
169327,169305
169327,170245
169327,169132
169327,170716
169327,169131
169327,169130
169327,170717
169327,169782
169327,170410
169327,170718
169327,170453
169327,170719
169327,170720
169910,170699
169327,170721
169327,170722
169327,169062
169327,169990
169327,170433
169327,170434
169327,170723
169327,170724
169327,170039
169327,170725
169327,170446
169327,170604
169327,170726
169910,169109
169910,170700
169910,170702
169910,169894
169910,169895
169910,169896
169910,169897
169910,169898
169910,169899
169190,169204
169910,169900
169910,169901
169910,169746
169910,169902
169910,169903
169910,169508
169910,169904
169910,169905
169910,169906
169910,169907
169910,169908
169910,169919
169910,169918
169910,169917
169910,169916
169910,169915
169910,169860
169910,169859
169910,169858
169910,170688
169910,170703
169910,170704
169910,170705
169910,170706
169910,170707
169910,170694
169910,170693
169910,170692
169910,170691
169910,170673
169910,170674
169910,170701
169910,170675
169910,170677
169910,170678
169910,170679
169910,170680
169910,170681
169910,170682
169910,170683
169910,170684
169910,170685
169910,170686
169910,170687
169910,170676
170538,170727
170538,170143
170538,170142
170728,170729
170728,170730
170728,170731
170728,170732
170728,170733
170728,170734
170728,170735
170728,170736
170728,170737
170728,170738
170728,170739
170728,170740
170741,170742
170741,170743
170741,170480
170741,170482
170741,170744
170741,170488
170741,170745
170741,170746
170741,169422
170741,170747
170741,170542
170728,170748
170749,169324
170749,169365
170749,170750
170751,170752
170751,170578
170751,169047
170751,170038
170751,170588
170751,170753
170751,170754
170397,170755
170756,170757
170756,170758
170756,170154
170741,170544
170756,170759
170756,170760
170756,170761
170756,170762
170756,170763
170756,170670
169424,169279
170762,170146
170762,170764
170762,170154
170749,169833
170749,169369
170756,170765
170751,170180
170741,170766
170741,170767
170768,170769
170768,170770
170768,170771
170768,170772
170768,169463
170768,170773
170768,170774
170768,170775
170768,170776
170768,170777
170768,170497
170768,170778
170768,170779
170768,170780
170768,169814
170768,170781
170768,170782
170768,170783
170768,170784
170768,170544
170768,170785
170768,170786
170768,170787
170768,170788
170768,170789
170768,170790
170768,170791
170741,170792
170741,170553
170741,170793
170741,170555
170741,170794
170741,170795
170741,170796
170768,170797
170768,170798
170768,170799
170768,170800
170741,170801
170768,170802
170768,170803
170768,170500
170768,170804
170768,170805
170768,170806
170768,170807
170768,170808
170768,170809
170768,170484
170768,170810
170768,170811
170768,170812
170768,170741
170751,169157
170751,170448
170129,170813
170129,169054
170129,170814
170129,170815
170129,170396
170129,170816
170129,170817
170129,170818
170129,170608
170129,170448
170129,170578
170129,170819
170129,170038
170129,170588
170129,170820
170129,170821
170150,170822
170150,170823
170150,170824
170751,169546
170751,170825
170751,170154
170751,170826
170129,170648
170129,170645
170129,169369
170129,170753
170129,170827
170129,170828
170129,170829
170129,170830
170129,170831
170129,170832
170129,170763
170129,170572
170129,170620
170129,170623
170129,170833
170751,170131
170129,170642
170129,170715
170129,170834
170129,170718
170129,170835
170129,170658
170129,170665
170129,170666
170129,170667
170129,170671
170129,170463
170129,170388
170129,170836
170751,170603
170751,170689
170751,169920
170751,169126
170751,170617
170751,170837
170751,170838
170751,170431
170751,169066
170751,169064
170751,170452
170751,170835
170751,170667
170751,170462
170751,170839
170751,170463
170751,169502
170751,170840
170751,170645
170751,170841
170751,169057
170751,170842
170751,169054
170751,169052
170751,170608
170751,169051
170751,170843
170751,170763
170751,170831
170751,169129
170751,170136
170751,169124
170751,170141
170751,169123
170751,170844
170751,169120
170751,169144
170751,170143
170751,170628
170751,170425
170751,170845
170751,170846
170751,170429
170751,170567
170751,170414
170751,170635
170751,169140
170751,169139
170751,169138
170751,170397
170751,169137
170751,170625
170751,169854
170751,170569
170751,169141
170129,169929
170768,170847
170768,170848
170849,170650
170850,170851
170850,169655
170850,170209
170850,170852
170850,169654
170850,170648
170850,169542
170850,170853
170430,169054
170145,170854
170145,170154
170623,170855
170623,170856
169705,169628
170583,170857
170583,169097
170583,170470
170583,170858
170583,169542
170588,170859
170860,170860
170642,169369
170022,170019
170022,169285
170861,169054
170462,169459
169341,169724
169341,169615
169341,169357
169341,169358
169341,169501
169341,169327
169341,169326
169341,169284
169341,170862
169341,170863
169341,170864
170133,170153
169341,170604
169341,169736
169341,170865
170866,169279
170867,169484
170462,170868
170462,170869
170462,170414
170462,170615
170462,170870
170462,169952
170462,169484
169341,169305
169341,169285
170133,170142
170133,169113
170538,169857
170538,170356
170538,170871
170538,170846
170538,170872
170538,170873
170538,170529
170538,170874
170538,170531
170538,170875
170538,170533
170538,170876
170538,170714
170538,170136
170538,170868
170538,169035
170538,170877
170538,170473
170538,169846
170538,170430
170538,170765
170538,170418
170538,169849
170538,170131
170538,170526
170538,170524
170538,170130
170133,170642
170133,170666
170133,170818
170133,170578
170727,170878
170727,169743
170727,169459
170727,169414
170727,169415
170879,170880
169956,169489
170133,170149
170134,170142
170538,170881
170538,170882
170538,170883
170538,170519
170538,170154
170538,170884
170538,170850
170538,170885
170538,170124
170538,170153
170538,170886
170134,170149
170768,170887
169550,170861
169550,170447
170828,170469
170828,170645
170828,169346
170828,169056
170828,169054
170828,170888
170828,170448
170855,169156
170855,169628
170889,169233
170889,170890
170889,170891
170889,170892
170889,170893
170889,169578
170889,169035
170889,170894
170889,170895
170889,169299
170889,170326
170889,169147
170889,169929
170889,170828
170828,169369
170828,169954
170828,169502
170828,170667
170768,170896
170768,170897
170768,170898
170768,170899
170768,170900
170768,170795
170768,170901
170768,170902
170768,170903
170768,170904
170905,170871
170889,170906
170905,170425
170905,170672
170905,169454
170828,170153
170828,170132
170828,169142
170828,169359
170828,170625
170828,170404
170828,170642
170828,170835
170828,169953
170905,170907
169550,169657
170889,170266
170889,170269
169447,169233
169447,169446
169259,170908
169259,170909
169259,169233
169259,169113
169550,170910
169550,170911
169550,170912
169550,169143
169550,170913
169550,170857
169550,170762
169550,170914
169550,170915
169550,170916
169550,170917
169550,170670
169550,170918
169550,169054
169550,170919
169550,170920
169550,170921
170922,169382
170922,170923
170922,169931
170922,169284
170889,170924
170889,170336
170889,170643
170889,169160
170889,170925
170889,170926
170889,169504
170889,170927
170889,170253
170889,170928
170889,169499
170889,170855
170889,170929
170889,170930
170889,170931
170889,170932
170889,169599
170889,169500
170889,170580
170889,169731
170889,170821
169931,170933
169931,170325
169931,169285
170889,169705
169190,169203
