173933,173934
173935,173936
173935,173937
173935,173938
173935,173939
173935,173940
173935,173941
173935,173942
173935,173943
173935,173944
173935,173945
173946,173946
173946,173947
173946,173948
173935,173949
173935,173950
173935,173951
173935,173952
173953,173954
173949,173951
173949,173950
173949,173936
173949,173937
173949,173938
173946,173955
173949,173939
173949,173940
173949,173941
173949,173942
173949,173943
173949,173944
173949,173945
173949,173935
173946,173956
173946,173957
173946,173958
173959,173960
173959,173961
173959,173962
173959,173963
173959,173956
173964,173965
173959,173966
173964,173967
173964,173968
173964,173969
173964,173970
173964,173971
173964,173972
173973,173973
173964,173974
173953,173975
173959,173976
173948,173977
173946,173978
173946,173959
173946,173979
173948,173947
173948,173955
173948,173957
173959,173980
173948,173958
173948,173959
173948,173979
173948,173981
173948,173982
173948,173980
173948,173983
173948,173978
173973,173984
173953,173985
173953,173986
173987,173988
173987,173989
173987,173990
173987,173991
173987,173992
173987,173993
173987,173994
173987,173995
173987,173996
173997,173998
173997,173999
173997,174000
173997,174001
173997,174002
173987,174003
174004,174005
173987,174006
173987,174007
173987,174008
173987,174009
173987,174010
173987,174011
173987,174012
173987,174013
173987,174014
173987,174015
173987,174016
173987,174017
173987,174018
173987,174019
173987,174020
173987,174021
173987,174022
173953,174023
174024,174005
174025,174026
174027,174028
174027,174029
173953,174030
173953,174028
173953,174027
173953,174031
174027,173953
173953,174032
173953,174033
173953,174034
173953,174035
173953,174029
173953,174036
173953,174037
173953,174038
173976,173959
174039,174040
174039,174041
174025,174042
174025,174043
174025,174044
174025,174045
174025,174006
174025,174046
174039,174047
174025,174048
174039,174049
174039,174050
174039,174051
174039,174052
174039,174053
174039,174054
174025,174055
173987,174056
173973,174057
174058,174059
174060,174061
174060,174062
174063,174064
174063,174065
174063,174066
174063,174067
174060,174068
174063,174069
174063,174070
174063,173997
174063,174071
174063,174072
174063,173962
174063,174073
174063,174074
174063,174075
174060,174076
174060,174077
174078,174079
174078,174080
174078,173972
174081,174082
174060,174083
174060,174084
174060,174085
174060,174086
174060,174087
174060,174088
174060,174089
174060,174090
174060,174091
174060,174092
174060,174093
174078,173971
174063,174094
174063,174095
174063,174096
174063,174097
174063,174098
174063,174099
174063,174100
174063,174101
174063,174102
174063,174103
174063,174104
174063,174105
174063,174106
174063,174107
174063,174108
174063,174109
174063,174110
174063,174111
174063,174112
174063,174113
174063,174114
174063,174115
174063,174116
174063,174117
174063,174118
174063,174119
174063,174120
174063,174121
174063,174122
174063,174123
174063,174124
174063,174125
174063,174126
174063,174127
174063,174128
173973,174129
174078,173970
174078,173969
174103,174104
174103,174130
174103,174131
174122,174132
174122,174133
174122,174134
174103,174110
174122,174135
174136,174122
174136,174137
174136,174138
174136,174139
174136,174134
174140,174141
174122,174142
174140,174057
174103,174096
174103,174143
174058,174144
174058,174145
174058,174146
174058,174147
174058,174148
174058,174149
174103,174150
174103,174118
174103,174122
174103,174124
174103,174125
174103,174005
174103,174126
174103,174113
174103,174128
174078,174057
174133,174142
174133,174151
174152,174057
174152,173970
174152,173971
174152,174080
174152,173972
174078,174152
174152,173969
174078,174153
174078,174154
174078,174155
174078,174156
174078,174157
174078,174012
174078,174158
174078,174159
174133,174160
174152,174078
174152,174012
174133,174122
174133,174161
174133,174162
174133,174150
174133,174110
174133,174163
174152,174158
174133,174133
174133,174136
174133,174164
174133,174165
174133,174135
174152,174166
174152,174167
174133,174134
173987,174168
173987,174169
173987,174170
174171,174172
174171,174173
174171,174174
174171,174175
174171,174176
174171,174177
174171,174178
174171,174179
174171,174180
174171,174181
174171,174182
174171,174183
174171,174184
174171,174185
174171,174186
174171,174187
174171,174188
174171,174189
174171,174190
174171,174191
174171,174019
174171,173941
174171,174192
174171,174193
174171,174024
174171,174194
174171,174195
174171,174196
174171,174197
174171,174198
174171,174199
174171,174200
174171,174201
174171,174202
174171,174203
174171,174204
174171,174205
174171,174206
174171,174207
174171,174208
174171,174209
174171,174210
174171,174211
174171,174212
174171,174213
174171,174214
174171,174215
174216,174217
174216,174119
174171,174218
174171,174219
174171,174220
174171,174221
174171,174222
174171,174223
174171,174224
174171,174225
174171,174226
174171,174227
174171,174228
174171,174229
174171,173976
174171,174230
174171,174231
174171,174232
174171,174233
174171,174234
174171,174235
174171,174236
174171,174237
174171,174238
174171,174239
174171,174240
174171,174241
174171,174242
174171,174243
174171,174244
174171,174245
174171,174246
174171,174247
174171,174248
174171,174249
174171,174250
174171,174251
174171,174252
174171,174253
174171,174254
174171,174255
174171,174256
174171,174257
174171,174258
174171,174259
174171,174260
174171,174261
174171,174262
174171,174263
174171,174264
174171,174265
174171,174266
174171,174267
174171,174268
174171,174269
174171,174270
174171,174271
174216,174108
174171,174272
174171,174273
174171,174274
174171,174275
174171,174276
174171,174277
174171,174278
174171,174279
174171,174280
174171,174281
174171,174282
174171,174283
174171,174284
174171,174285
174171,174286
174171,174004
174171,173997
174171,174287
174171,174288
174171,174289
174171,174290
174171,174291
174171,174170
174171,174292
174171,174293
174171,174294
174171,174295
174171,174296
174171,174297
174171,174074
174171,174100
174171,174298
174171,174299
174171,173987
174171,174300
174216,174301
174216,174302
174303,174005
173987,174304
173987,174305
173987,174306
173987,174307
173987,174308
173987,174309
173987,174310
173987,174311
173987,174312
173987,174313
173987,174314
173987,174315
173987,174316
173987,174317
173987,174318
173987,174319
173987,174320
173987,173945
173987,174321
173987,174322
173987,174323
173987,174324
173987,174325
173987,174326
173987,174327
173987,174328
173987,174329
173987,174330
173987,174331
173987,174332
173987,174055
173987,174333
173987,174334
173987,174335
173987,174336
173987,174337
173987,174338
173987,174256
173987,174339
173987,174340
173987,174341
173987,174342
173987,174269
173987,174343
173987,174344
173987,174345
173987,174346
173987,174347
173987,174348
173987,174349
173987,174350
173987,174351
173987,174352
173987,174353
173987,174354
173987,174355
173987,174356
173987,174042
173987,174357
173987,174358
173987,174359
173987,174360
173987,174361
173987,174362
173987,174363
173987,174364
173987,174261
173987,174365
173987,174366
174063,174301
173987,174043
173987,174367
174170,174368
174170,174159
174170,174369
174170,174370
174170,174316
174170,174371
174170,174372
174170,174270
174170,174373
174170,174374
174170,173987
174170,174010
174170,174375
174170,174012
174170,174376
174170,174321
174170,174377
174378,174379
174303,174264
174303,174380
174318,174381
174318,174005
174318,173997
174318,174138
174170,174382
174318,174139
174378,174059
174378,174058
174378,174146
174378,174149
174378,174383
174378,174384
174318,174385
173987,174386
174170,174387
174170,174331
173987,174388
173987,174389
173987,174390
173987,174391
173987,174392
173987,174393
173987,174394
173987,174395
173987,174396
173987,174397
173987,174398
173987,174399
173987,174375
173987,174400
173987,174374
174170,174401
173987,174402
173987,174403
174170,174332
173987,174404
173987,174382
173987,174377
173987,174405
173987,174368
173987,174406
173987,174407
173987,174408
173987,174409
173987,174410
173987,174371
173987,174411
173987,174412
173987,174413
174171,174414
174063,174415
174063,174416
173933,174417
173933,174418
173933,174419
173933,174012
173933,174420
173933,174280
173933,174421
173933,174422
173933,174423
173933,174069
173933,174170
173933,174424
173933,174425
173933,174426
173933,174427
173933,174428
173933,174429
173933,174430
173933,174316
173933,174317
173933,174431
173933,174432
173933,174433
173933,174434
173933,174435
173933,174127
173933,174360
173933,174436
173933,174260
173933,174271
173933,174437
173933,174438
173933,174044
173933,174048
173933,174439
173933,174440
173933,174441
173933,174442
173933,174443
173933,174444
173933,174445
173933,174446
173933,174447
173933,174117
173933,174448
173933,174449
173933,174314
173933,174450
173933,174451
173933,174452
173933,174453
173933,174116
173933,174454
173933,174057
173933,174415
173933,174129
173933,174455
173933,173972
173933,174456
173933,174457
173933,174458
173933,174459
173933,174327
173933,174460
173933,174461
173933,174462
173933,174115
173933,174463
173933,174464
173933,174465
173933,174466
174467,174468
174467,174469
174467,174470
174471,174012
174472,174473
174472,174474
174467,174475
174472,174476
174472,174477
174472,174478
174472,174479
174472,174169
174472,174480
174472,174481
174472,174482
174472,174483
174467,174484
174467,174485
174486,174057
174487,174488
174467,174489
174467,174490
174467,174491
174467,174492
174467,174493
174467,174494
174467,174495
174467,174496
174467,174497
174467,174498
174467,174499
174467,174500
174467,174501
173933,174502
174503,174084
174503,174504
174505,174146
174505,174506
174505,174507
173933,174508
173933,174509
173933,174510
174505,174511
173933,174512
173933,174368
173933,174513
173933,174514
173933,174318
173933,174154
173933,174515
173933,174516
174503,174517
174518,174519
174520,174503
174503,174520
174503,174521
174503,174522
174503,174523
174503,174104
174503,174524
174518,174525
174503,174526
174520,174504
174520,174521
174520,174522
174520,174523
174520,174526
174520,174104
174520,174517
173933,174527
173933,174528
173933,174529
173933,174071
173933,174506
173933,174530
173933,174531
173933,174532
173933,174533
173933,174534
173933,174535
173933,174536
173933,174537
173933,174073
173933,174538
173933,174539
173933,174107
173933,174106
173933,174075
173933,174540
173933,174541
173933,174110
173933,174542
173933,174543
173933,174544
173933,174545
173933,174546
173933,174547
173933,174548
173933,174549
173933,174550
173933,174158
173933,174551
173933,174552
173933,174553
173933,174554
173933,174555
173933,174556
173933,174557
173933,173991
173933,174558
173933,174416
173933,174559
173933,174560
173933,174561
173933,174562
173933,174563
173933,174564
173933,174565
173933,174566
173933,174567
173933,174568
173933,174569
173933,174131
173933,174570
173933,174111
173933,174571
173933,174136
173933,174572
173933,174573
173933,174574
173933,174330
173933,174575
173933,174576
173933,174109
173933,174577
173933,174578
173933,174201
173933,174579
173933,174580
173933,174581
173933,174177
174486,174582
173933,174583
173933,174584
173933,174358
173933,174585
173933,174126
173933,174586
173933,174587
173933,174588
173933,174589
173933,174590
173933,174591
173933,174113
173933,174592
173933,174363
173933,174120
173933,174063
173933,174593
173933,174594
173933,174595
173933,174124
173933,174315
173933,174028
173933,174409
173933,174596
173933,174597
173933,174598
173933,174599
173933,174600
173933,174601
173933,174123
173933,174602
173933,174603
173933,174604
173933,174351
173933,174605
173933,174606
173933,174607
173933,174608
173933,174609
173933,174097
173933,174610
173933,174348
173933,174611
173933,174612
173933,174613
173933,174614
173933,174615
173933,174616
173933,174617
173933,174618
173933,174619
173933,174620
173933,174621
173933,174622
173933,174623
173933,174624
173933,174625
173933,174626
173933,174627
173933,174338
173933,174065
173933,174628
173933,174067
173933,174629
173933,174394
173933,174630
173933,174631
173933,174632
173933,174096
173933,174633
173933,174634
174635,174636
174637,174636
174637,174313
174638,174639
174638,174378
174638,174640
174638,174641
174638,174642
174638,174643
174638,174644
174638,174645
174638,174646
174638,174647
174638,174648
174638,174649
174638,174650
174638,174651
174638,174652
174638,174653
174638,174654
174638,174655
174638,174656
174638,174657
174638,174658
174638,174659
174638,174216
174638,174660
174638,174661
174638,174662
174638,174663
174638,174664
174638,174665
174638,174666
174638,174667
174638,174668
174638,174669
174638,174670
174638,174671
174638,174672
174638,174673
174638,174674
174638,174675
174638,174676
174638,174414
174638,174677
174638,174678
174638,174257
174638,174679
174638,174259
174638,174261
174638,174680
174638,174264
174638,174265
174638,174258
174638,174681
174638,174682
174638,174683
174638,174684
174638,174685
174638,174686
174638,174687
174638,174688
174638,174689
174638,174690
174638,174691
174638,174692
174638,174005
174638,174693
174638,174694
174638,174695
174638,174696
174638,174697
174638,174698
174638,174699
174638,174700
174701,174497
174702,174223
173980,174703
173980,174704
173980,173981
173980,174705
174706,173972
173980,174707
173980,173983
173980,174708
173980,174709
174710,174711
174710,174712
174713,174142
173980,173960
174713,174089
174714,174715
174716,174717
174063,174561
174063,174563
174063,174131
174063,174568
174065,174718
174065,174719
174716,174082
174065,174720
174095,174721
174716,174722
174716,174723
174716,174724
174716,174725
174716,174726
174095,174727
174638,174728
174713,174729
174317,174730
174731,174732
174731,174733
174119,174734
174119,174735
174119,174736
174119,174737
174731,174738
174119,174739
174119,174740
174119,174741
174119,174742
174119,174743
174119,174302
174638,174744
174119,174745
174713,174746
173975,173954
173975,174037
174747,174748
174747,173972
174747,174749
174747,174159
174747,174750
174747,174751
173975,174023
174747,174057
173975,174662
173975,174028
173975,174032
173975,174038
173975,174033
173975,174034
174752,174753
174063,174130
174638,174268
174638,174255
174638,174180
174638,174179
174638,174754
174638,174178
174638,174177
174638,174176
174638,174181
174638,174755
174638,174174
174638,174173
174638,174172
174638,174756
174638,174193
174638,174201
174638,174175
174638,174202
174638,174182
174638,174757
174638,174758
174638,174197
174638,174759
174638,174198
174638,174199
174638,174188
174638,174183
174638,174760
174638,174761
174638,174762
174638,174763
174638,174186
174638,174185
174638,174469
174638,174764
174638,174196
174638,174203
174638,174222
174638,174765
174638,174205
174638,174206
174638,174766
174638,174767
174638,174213
174638,174768
174638,174215
174120,174114
174120,174769
174770,174771
174770,174637
174770,174636
174770,174635
174772,174057
174638,174773
174638,174204
174638,174210
174638,174774
174638,174224
174638,174226
174638,174229
174638,174775
174638,173975
174638,174776
174638,173959
174638,174230
174638,174777
174638,174233
174638,174228
174638,174778
174638,174220
174638,174235
174638,174263
174638,174194
174638,174200
174638,174272
174638,174287
174638,174779
174638,174772
174638,174780
174638,174292
174638,174252
174638,174781
174638,174294
174638,174782
174638,174296
174638,174300
174638,174297
174638,174074
174638,174293
174638,174783
174638,174250
174638,174249
174638,174784
174638,174785
174638,174786
174638,174240
174638,174241
174638,174243
174638,174787
174638,174636
174638,174244
174638,174788
174638,174246
174638,174253
174638,174247
174638,174248
174638,174389
174638,174789
174638,174298
174638,174790
174638,174791
174638,174792
174638,174282
174638,174283
174638,174285
174638,174793
174638,173997
174638,174004
174638,174237
174638,174219
174638,174189
174638,174191
174638,173941
174638,174192
174638,174794
174638,174795
174638,174281
174638,174279
174638,174796
174638,174797
174638,174295
174638,174798
174638,173998
174638,174799
174638,174800
174638,174274
174638,174275
174638,174277
174638,174801
174638,174278
174638,174802
174638,174803
174638,174804
173933,174805
174171,174676
174171,174674
174806,174403
174806,174807
174806,174808
174806,174809
174806,174810
174806,174811
174806,174812
174806,174317
174806,174813
174806,174814
174806,174815
174806,174816
174806,174408
174806,174817
174806,174818
174806,174819
174806,174820
174396,174324
174396,174821
174396,174822
174396,174823
174396,174824
174806,174825
174806,174826
174806,174827
174806,174828
174806,174829
174806,174830
174806,174831
174806,174832
174806,174833
174806,174834
174806,174835
174806,174836
174806,174837
174806,174838
174806,174839
174806,174840
174806,174841
174806,174397
174806,174842
174806,174806
174806,174843
174806,174398
174806,174844
174806,174845
174806,174846
174806,174399
174806,174847
174806,174848
174396,174386
174806,174849
174806,174850
174806,174851
174806,174852
174806,174402
174806,174394
174806,174853
174806,174388
174806,174854
174806,174786
174806,174855
174806,174390
174806,174856
174806,174613
174806,174393
174806,174857
174806,174858
174396,174859
174396,174397
174396,174396
174860,174861
174860,174862
174860,174863
174860,174864
174860,174865
174860,174866
174860,174867
174860,174868
174869,174870
174869,174871
174005,174872
174005,174381
174005,174024
174005,174004
174869,174005
174005,174401
174860,174873
174860,174874
174860,174875
174860,174876
174860,174877
174860,174473
174860,174878
174860,174879
174860,174880
174860,174881
174860,174882
174860,174883
174860,174884
174860,174885
174860,174886
174860,174887
174860,174888
174806,174375
174889,174890
174891,174892
174893,174894
174893,174895
174893,174896
174893,174057
174897,174893
174897,174898
174893,174012
174897,174894
174897,174395
174897,174012
174396,174413
174396,174388
174396,174856
174396,174806
174897,174899
174891,174900
174894,174057
174894,174897
174891,174901
174891,174902
174891,174903
174891,174904
174891,174905
174906,174907
174894,174012
174907,174908
174907,174534
174909,174223
174894,174893
174894,174898
174894,174899
174894,174395
174907,174910
174806,174911
174806,174912
174806,174913
174055,174914
174055,174915
174055,174916
174055,174917
174055,174918
174055,174478
174045,174919
174055,174600
174055,174920
174055,174169
174055,174480
174055,174474
174055,174921
174055,174481
174055,174473
174055,174006
174045,174922
174923,174924
174146,174059
174146,174925
174146,174926
174146,174927
174146,174928
174146,174929
174045,174367
174146,174079
174148,174146
174148,174384
174148,174149
174148,174930
174931,174931
174932,173940
174146,174933
174146,174934
174055,174477
174055,174472
174935,174936
174935,174937
174935,174938
174935,174939
174935,174940
174935,174941
174935,174089
174935,174942
174935,174943
174935,174944
174935,174945
174935,174946
174935,174947
174935,174948
174935,174949
174055,174950
174935,174951
174935,174952
174055,173945
174953,174924
174954,174924
174955,174924
174956,174957
174958,174665
174935,174959
174665,174960
174961,174055
174935,174962
174935,174963
174935,174964
174935,174965
174935,174966
174665,174967
174860,174968
174146,174969
174146,174970
174806,174971
174806,174972
174806,174973
174806,173994
174806,174082
174806,174821
174806,174328
174806,174974
174806,174975
174806,174976
174806,174823
174806,174977
174806,174978
174806,174979
174806,174980
174806,174981
174806,174982
174806,174638
174806,174400
174806,174386
174806,174983
174806,174984
174806,174985
174806,174986
174806,174987
174806,174988
174806,174989
174806,174990
174806,174991
174806,174323
174806,174992
174806,174993
174806,174994
174146,174995
174806,174055
174806,174996
174146,174507
174146,174378
174146,174058
174146,174148
174146,174149
174146,174384
174146,174997
174146,174998
174146,174379
174146,174999
174146,174518
174146,174505
174146,175000
174146,175001
174146,175002
174806,175003
174379,174384
174379,174059
174806,175004
174806,173993
174806,175005
174806,175006
174806,175007
174806,175008
174379,175009
174821,175010
174379,174146
174379,175011
174379,174927
174379,174148
174379,174149
174379,174929
174823,174980
174860,175012
174860,175013
174860,175014
175015,174367
175015,174006
175015,174026
175015,174433
175015,175016
175015,174043
175015,174613
175015,174044
175015,174048
175015,174055
175015,175017
175015,175018
175015,174435
175015,175019
175015,174045
175015,174420
175015,175020
175021,175022
175023,174223
175024,175025
175024,175026
175024,175027
175024,175028
175024,175023
175015,174042
175024,175029
175026,175025
175026,175027
175026,175028
175026,175023
175026,175029
175030,175030
175026,175024
175023,175031
174042,174045
174613,174067
175032,174921
175032,175033
175032,175034
175032,174046
175032,174048
175032,175035
175032,175016
175032,174916
175032,175036
175032,175037
175032,175017
174026,174473
174067,175038
174067,175039
175032,175018
174613,175040
175032,175041
175032,174042
174613,175042
174613,174317
174613,175043
174613,175044
174613,174509
174613,174445
175032,175045
174613,175046
174613,175047
174613,175048
174367,174078
174367,174442
175032,175049
175032,174026
174613,175050
174067,174072
175023,175028
175023,175027
174312,175051
174312,174342
174312,174393
174312,174991
174312,175052
174312,174973
174312,175053
174312,175054
174312,174330
174312,174129
174312,175055
175052,174514
175052,175053
175052,174330
174312,173994
175054,175056
174312,175057
174312,174514
175058,175059
175008,175060
175008,175061
175062,175063
175064,175065
175066,175067
174312,174312
175067,175067
175068,175029
175068,175069
175068,175070
175068,175071
175068,174223
175068,175072
175073,175067
175023,175074
175054,175075
175054,174057
174330,175076
174330,174317
174330,174841
174330,175077
174330,174973
174330,174976
174330,175078
174330,173993
174129,174514
174129,175051
174129,174330
175023,175024
175023,175025
175023,175026
174330,175079
175054,173972
174330,174398
174330,175080
173994,174052
173994,174312
173994,174393
173994,175081
173994,175082
173994,175055
174330,174613
173994,174327
174330,175083
174330,175084
174330,174400
174330,174375
174330,175052
174330,175053
174330,174733
174054,175085
174067,175086
175087,174599
175043,174317
175043,174613
175043,175088
174012,175089
174012,175090
174012,174158
175043,174012
174012,174057
174478,174479
174478,174473
174478,174920
174478,174480
174478,174481
174478,175091
174478,175092
174478,175093
175043,174166
174509,175094
175095,175096
175097,175097
175098,175098
175099,175100
175101,175102
175103,174924
174509,175104
174509,175105
174509,174348
174509,174044
174509,173990
174509,175106
174509,175107
174509,174561
174509,174438
175095,175108
174478,174950
174478,174864
174480,174006
174480,175109
174480,174950
174480,175110
174480,174472
174480,173945
174480,174045
174480,175111
175112,175113
174373,174382
174373,174377
174373,174407
175114,174900
175115,175116
175117,175118
174478,175119
174480,175120
174480,175121
174478,173945
174478,175111
174480,174478
174480,175122
174480,174464
174480,174601
174480,174481
174480,175123
174480,175124
174480,174479
174480,174473
174480,175125
174480,175126
174480,175127
174480,175128
175087,174026
175095,175129
173972,174044
174436,175130
174436,175087
174436,174433
174436,174435
174436,174599
174436,175019
174599,175131
174436,174367
174436,174434
174436,174044
174436,174046
174436,174048
174436,174327
174044,175132
174436,174420
174044,173972
174599,175133
174599,174327
175087,175134
175087,174436
175087,174367
175087,174417
175087,174044
174599,174464
174599,175135
174599,175136
174599,174586
174599,175137
174599,175138
174599,174747
174599,175139
174599,174459
174599,175140
173972,174373
175141,175142
175141,175143
173972,175144
173972,174893
173972,174166
173972,174898
173972,174894
173972,174426
173972,175054
173972,175145
173972,175146
173972,175139
173972,174581
173972,174436
173972,174420
173972,175147
173972,175148
175141,175149
173972,174057
173972,175150
175075,173972
173972,175151
173972,175152
173972,174377
173972,174368
173972,174316
173972,174012
173972,174410
173972,174376
173972,174374
173972,174747
173972,174375
173972,174016
173972,174334
173972,174371
174171,174675
174054,175153
174054,175154
175155,175156
175155,175157
175155,175158
175155,175159
175155,175160
175155,175161
175155,175162
175155,175163
175155,175164
175155,175165
175155,175166
175155,175167
175155,175168
175155,175169
175155,175170
175155,175171
175155,175172
175155,175173
175155,175174
175155,175175
175155,175176
175155,175177
175155,175178
175155,175179
175155,175180
175155,175181
175155,175182
175155,175183
175155,175184
175155,175185
175155,175186
175155,175187
175155,175188
175155,175189
175155,175190
175191,175192
175191,175193
175191,175194
175191,175195
175191,174900
175191,175196
175191,175197
175191,175198
175191,175199
175191,175200
175191,175201
175191,175202
175191,175203
175191,175204
175191,175205
175155,175206
175191,175207
175191,175208
175155,175209
175155,175210
175155,175211
175155,175212
175155,175213
175155,175214
175191,175215
175191,175216
175191,175217
175191,175218
175191,175219
175191,175220
175191,175221
175191,175222
175191,175223
175155,175224
175155,173994
175155,175225
175155,175226
175155,175227
175155,175228
175155,175229
175155,175230
175155,175231
175155,175232
175155,175233
175155,175234
175155,175235
175155,175236
175155,175237
175155,175238
175155,175239
175155,175240
175155,175241
175155,175242
175155,175243
175155,175244
175155,175245
175155,175246
175155,175247
175155,175248
175155,175249
175155,175250
175155,175251
175155,175252
175155,175253
175155,175254
175155,175255
175155,175256
175155,175257
175155,175258
175191,175259
175155,175260
175155,175261
175155,175262
175155,175263
175155,175264
175155,175265
175155,175266
175155,175267
175155,175268
175155,175269
175155,174971
175155,175270
175155,175271
175155,175272
175155,175273
175155,175274
175155,175275
175155,175276
175155,175277
175155,175278
175155,175279
175155,175280
175155,175281
175155,175282
175155,175283
175155,175284
175155,175285
175155,175286
175155,175287
175155,175288
175155,175289
175155,175290
175155,175291
175155,175292
175155,175293
175191,175294
175191,175295
175191,175296
174171,175297
174171,175298
174171,174654
174171,174303
174171,175299
174171,174318
174171,174661
174171,175300
174171,174378
174171,175301
174171,174640
174171,175302
174171,174643
174171,175303
174171,174639
174171,175304
174171,174655
174171,174666
174171,174728
174171,175305
174171,175306
174171,175307
174171,174670
174171,175308
174171,174668
174171,174659
174171,174216
174171,174660
174171,175309
174171,174669
174171,174663
174171,174664
174171,175310
174171,174700
174171,175311
174171,174646
174171,174691
174171,174692
174171,174356
174171,174005
174171,174693
174171,174694
174171,175312
174171,175313
174171,174683
174171,174690
174171,174682
174171,175314
174171,175315
174171,174673
174171,174695
174171,175316
174171,174689
174171,175317
174171,174648
174171,174649
174171,174650
174171,175318
174171,174651
174171,175319
174171,174686
174171,175320
174171,174653
174171,175321
174171,175322
174171,174681
174171,175323
174171,174672
174171,175324
175155,175325
175326,175327
175326,175328
175329,175330
175329,175331
175329,175332
175329,174186
175333,175334
175333,175335
175329,174381
175333,175336
175333,174648
174381,174005
175337,174082
175338,174057
174154,175339
174158,175340
175333,175341
174158,174012
175329,175333
174733,175342
175343,175344
175343,174733
174733,175112
174733,174732
174733,174731
174733,175345
174733,175346
174733,175347
174733,174733
174733,175348
174733,175349
174733,175350
174733,175351
174733,175352
174733,175344
175326,175353
174158,175354
174158,175355
174080,174057
174080,173970
174080,173971
174080,174079
174080,174080
174080,173972
174080,173969
174080,175089
175356,175357
175356,175358
175356,175359
175326,175360
175326,175361
175326,174900
175356,175362
174158,174057
174080,174078
174080,174012
173970,175363
173970,175364
173970,174057
174080,174167
174080,175365
174080,174159
174080,174158
174080,174154
174080,174155
174080,175366
174080,175367
174080,175368
174080,174157
174080,175369
174080,175370
175155,175371
175155,175372
175155,175373
175374,175375
175374,175376
175374,175377
175374,175378
175374,175379
175374,175380
175374,175381
175374,174397
175374,175382
175374,175383
175374,175384
175374,175385
175374,174821
175374,175386
175374,175387
175374,175388
175374,175389
175374,175390
174817,175391
174817,175392
174817,173982
174817,175393
174817,175394
174817,175395
175374,175396
174817,174082
174817,175397
174978,175398
174978,175399
174499,174484
175374,175400
175374,175401
174817,175402
174817,174814
175374,175403
175374,175404
173936,174537
173936,175405
173936,175406
173936,175407
175408,175409
175408,175410
173936,175411
175408,173938
175408,173940
175408,175412
175408,175413
175408,175414
175408,175405
175408,175109
175408,175415
175374,175416
173936,173938
173936,175304
175374,175417
175418,175419
174094,175420
175421,175422
175421,174055
175422,174055
173936,174363
175423,174012
174394,174412
174394,175051
174394,175424
174394,175425
174394,174333
173936,175408
174394,175426
175408,175427
174817,175428
174817,174821
175429,175430
175429,175431
175429,175432
175429,175433
175429,175434
175429,175435
175429,175436
175429,175437
175429,175438
175429,175439
175429,175440
175429,175441
175429,175442
175429,175443
175429,175444
175445,175067
175429,175446
175429,175447
174054,174051
174054,175448
174054,174047
174054,175449
175450,174309
175450,174598
175429,175451
175450,174058
175450,175452
175450,175453
175429,175454
175429,175455
175429,175456
175429,175457
175450,174426
174817,175458
175459,175460
175459,175461
175459,175462
175459,175463
175459,175464
174186,175465
174186,174682
174186,175466
175459,175467
175395,174817
175395,174082
175395,174978
174817,175468
174817,174400
174817,174638
174817,174397
175395,174814
175459,175469
175459,175470
175459,175471
175459,175472
175459,175473
175459,175474
175459,175475
175459,175476
175459,175477
175459,175478
175459,175479
175459,175480
175459,175481
175459,175482
175459,175483
175459,175484
175459,175485
175459,174924
174054,175450
175408,173945
175486,175487
175155,175488
175155,175489
175155,175490
175155,174042
175155,175491
175155,175492
175155,175493
175155,175494
175155,175495
175155,175496
175155,175497
175155,175498
175155,175499
175155,175500
175155,175501
175155,175502
175155,175503
175155,175504
175155,175505
175155,175506
175155,175507
175155,175508
175155,175509
175155,175510
175155,175511
175155,175512
175155,175513
175155,175514
175155,175515
175155,175516
175155,175517
175155,175518
175155,175519
175155,175520
175155,175521
175155,175522
175155,175523
175155,175524
175155,175525
175155,175526
175155,175527
175155,175528
175155,175529
175155,175530
175155,175531
175155,175532
175155,175533
175155,175534
175155,175535
175155,175536
175155,175537
175155,175538
175155,175539
175155,175540
175155,175541
175155,175542
175155,175543
175155,175544
175155,175545
175155,175546
175155,175547
175155,175548
175155,175549
175155,175550
175155,175551
175155,175552
175155,175553
175155,175554
175155,175555
175408,175556
175155,175557
175155,175558
174057,173971
174057,174080
174057,173972
174057,175559
174057,174140
174057,174894
174057,173970
174057,174895
174057,175560
174057,175561
174057,173945
174057,174009
174057,175562
174057,175563
174057,175564
174057,175565
174057,173969
174057,174012
175486,175566
175486,175567
175486,175344
175486,175568
175486,175569
175486,175570
174057,174158
175342,175391
175355,174057
174057,175338
174057,175090
174057,174159
174057,174154
174057,174157
175342,174082
175155,175571
174057,175054
173939,175406
175155,175572
175155,175573
175155,175574
175155,175575
175155,175576
175155,175577
175155,175578
175155,175579
175155,175580
175155,175581
175155,175582
175155,175583
175155,175584
175155,175585
175155,175586
175566,175587
175155,175588
175155,175589
175344,175590
175344,174733
175344,175591
175344,174732
175344,175592
175593,174497
175155,175594
175569,175587
175155,175595
175155,175596
175155,175597
175155,175598
175155,175599
175155,175600
175155,175601
173933,174208
175602,175603
175604,174480
175605,175606
175605,174316
175605,174596
175605,175136
175605,174582
175605,175607
175605,174464
175605,175140
175605,174586
175605,174360
175605,174592
175605,174260
175605,174271
175605,175137
175605,174599
175605,175608
175605,175408
175605,174318
175609,175610
175609,175611
175609,175612
175609,175613
175609,175614
175609,175615
175609,175402
175609,175616
175609,175617
175605,174320
175605,174508
175605,174510
175605,175618
175605,174368
175605,174452
175605,175138
175609,175619
175605,173938
175605,175125
175605,174459
175605,175620
175605,175621
175622,175623
175622,175624
175622,175625
175605,174463
175622,175626
175622,175419
175622,175126
175622,175627
175622,175628
175622,175629
175339,174488
175622,175630
175605,174456
175605,175055
175605,175631
175605,174170
175605,175409
175605,174619
175605,175632
175605,174747
175605,174280
175605,174548
175605,175415
175605,175633
175605,175414
175605,175634
175605,174749
175605,175635
175605,174572
175605,175139
175605,175636
175637,174673
175609,175638
175609,175639
175640,175641
175640,175642
175640,175643
175640,175644
175640,175645
175646,174095
175640,175647
175648,175649
175650,175651
175650,175652
175650,174473
175650,175653
175650,175654
175650,174474
175648,174385
175640,175655
175640,175656
175640,175657
175658,174726
175658,174082
175659,174054
175640,175660
175640,175661
175640,175662
175640,175663
175640,174303
175640,175664
175640,175067
175640,175665
175640,175666
175640,175667
175640,175668
175640,175669
175650,175670
175609,175671
175650,175672
175650,175673
175616,175612
175616,175613
175616,175609
175616,175402
175616,175617
175609,175674
175616,175611
175609,175675
175609,175676
175609,175677
175609,175678
175609,175679
175609,175680
175609,175681
175609,175682
175616,175638
175616,175671
175616,175639
175650,175683
175650,175684
175650,175685
175686,174051
175686,175687
175686,175448
175686,174055
175688,175689
175688,174119
175688,175690
175691,175409
175692,174834
175692,175088
175616,175679
175616,175680
175650,175693
175658,175694
175637,174485
175637,174564
175602,175695
175602,175696
175602,175697
175602,175698
175602,175699
175602,175700
175602,175701
175602,175702
175602,175703
175602,175704
175602,174876
175602,175705
175602,175706
175602,175707
175602,175708
175602,175709
175602,175710
175602,175711
175602,175712
175602,175713
175602,175714
175602,175715
175602,175716
175602,175717
175602,175718
175602,175719
175602,175720
175602,175721
175602,175722
175602,175723
175602,175724
175602,175725
175602,175726
175602,175727
175602,175728
175602,175729
175602,175730
175602,175731
175602,175732
175602,175733
175602,175734
175602,175735
175602,175736
175602,175737
175602,175738
175602,175739
175602,175740
175602,175741
175602,175742
175602,175743
175602,175744
175602,175745
175602,175746
175602,175747
175602,175748
175602,175749
175602,175750
175602,175751
175602,175752
175602,175753
175602,175754
175602,175755
175602,175756
175602,175757
175602,175758
175602,175759
175602,175760
175602,175761
175602,175419
175602,175762
175602,175763
175637,175764
175602,175765
175602,175766
175602,175767
175602,175768
175602,175769
175602,175770
175602,175771
175602,175772
175602,175773
175602,175774
175602,175775
175602,175776
175602,175777
175602,175778
175602,175779
175602,175780
175602,175781
175602,175782
175602,175783
175602,175784
175637,175785
175786,174045
175602,175014
175602,175787
175602,175788
175602,175789
175602,175790
175602,175791
175602,175792
175602,175793
175602,175794
175602,175795
175602,175796
175602,175797
175602,175798
175602,175799
175602,175800
175602,175105
175602,175623
175602,175625
175602,175801
175602,175802
175602,175803
175602,175804
175602,175805
175602,175806
175602,175807
175602,175808
175602,175809
175602,175810
175602,175811
175602,175812
175602,175813
175602,175814
175602,175815
175602,175816
175602,175817
175602,175818
175602,175819
175602,175012
175602,175820
175602,175821
175602,175822
175602,175823
175602,175824
175602,175825
175602,175826
175602,175827
175602,175828
175602,175829
175602,175830
175602,175831
175602,175832
175833,175834
175833,175835
175833,175836
175837,175674
175837,175838
175837,175839
175837,174703
175837,175840
175837,174725
175837,175841
175837,175842
175837,175843
175837,175844
175837,175845
175837,175846
175837,173981
175837,175847
175837,175848
175837,175849
175837,175850
175837,175694
175851,175852
175851,174146
175851,175853
175854,175694
175854,174082
175854,175855
175694,175854
175694,174726
175694,174082
175694,175855
175837,174478
175837,175856
175837,175857
175837,175458
175837,175858
175837,175859
175851,175860
175837,174354
175837,175861
175837,175862
175837,175863
175837,175864
175837,175865
175837,175866
175837,175867
175837,175868
175837,175869
175837,175870
175837,175871
175837,175872
175837,175873
175837,173963
175837,175874
175837,175875
175837,175876
175837,173982
175837,175342
175837,175877
175837,173966
175837,175878
175837,174726
175837,174479
175837,175879
175837,175880
175837,175422
175837,175681
175837,175881
175837,175882
175837,175883
175837,174920
175837,175884
175837,175885
175837,175886
175837,175887
175851,175888
175851,175889
175890,174883
175890,175891
175890,175892
175890,175893
175890,175894
175890,175895
175890,175896
175890,175897
175890,175898
175890,175899
175890,175900
175890,175901
175890,175902
175890,175903
175890,175904
175890,175905
175890,174860
175890,175906
175890,175907
175890,175908
175890,175909
175890,175419
175890,175910
175890,175911
175890,174878
175890,174879
175890,175912
175890,175913
175890,175914
175890,175915
175890,175916
175890,175917
175890,175918
175890,175919
175851,175920
175890,175921
175890,175922
175890,175923
175890,175924
175890,175925
175890,175926
175890,175927
175890,175928
175890,175929
175890,175930
175931,175932
175931,175933
175931,175934
175931,175935
175931,175936
175931,175937
175931,175938
175890,175939
175890,175940
175890,175941
175890,175942
175890,175943
175890,175944
175890,175945
175890,175946
175890,175947
175890,175948
175890,175949
175890,175628
175890,175950
175890,175951
175890,175952
175890,175953
175890,174864
175890,174865
175890,175954
175837,173960
175837,174480
175837,173980
175955,174477
175955,175956
175955,175128
175955,175604
175957,175409
175958,175409
175955,174481
175959,174478
175959,174464
175959,174601
175959,175123
175959,175128
175959,175124
175959,174479
175959,175122
175955,174480
175955,175960
175955,175961
175962,175963
175962,175964
175962,175965
175962,175419
175962,175966
175962,175967
175962,175968
175962,175969
175970,175971
175970,175970
175970,174082
175970,175972
175955,174478
175955,175973
175955,174483
175959,174473
175962,175816
175959,175125
175959,175126
175833,175974
175833,175975
175833,175976
175833,175977
175833,174588
175833,175978
175833,175979
175833,174900
175833,175980
175833,175981
175833,175982
175833,175983
175833,175984
175833,175985
175833,175986
175833,175987
175833,175988
175833,175989
175959,175127
175959,175121
175959,174481
175959,175120
175959,174045
175959,174006
175959,175109
175959,174950
175959,175110
175959,174472
175959,173945
175959,175111
175833,175990
175833,175991
175833,175992
175959,174480
175993,174067
175131,174599
175352,174733
175837,175395
175837,174082
175837,174950
175837,175994
175837,175995
175837,175402
175837,175996
175837,175997
175837,175998
175837,175999
175837,173978
175837,174709
175837,174055
175837,174472
175837,174978
175837,176000
175837,176001
175837,176002
175837,176003
175837,175393
175837,176004
175837,176005
175837,176006
175837,176007
175837,175127
175837,176008
175837,176009
175837,175394
175837,174708
175837,176010
175837,174006
175837,176011
175837,173988
175837,173959
175837,176012
175837,176013
175837,176014
176008,175861
176008,173966
176008,175837
176008,175880
176008,174920
176008,173963
176008,173980
176008,176004
176008,176005
176008,176010
176008,174720
176008,176000
176008,174950
176008,175402
176008,176013
176008,173981
175602,176015
176008,175846
176008,174703
175837,176016
175837,176017
175837,176018
175837,176019
175846,176020
173981,176021
173981,174703
173981,176022
173981,176023
173981,173980
173981,173978
173981,173959
175876,173981
175876,173959
176008,175857
176008,175843
175890,176024
175602,176025
175602,176026
176027,176028
176027,176029
176027,175684
176027,176030
176027,176031
176027,175685
176027,176032
176033,176034
176033,176035
176033,176036
176033,175681
176033,176037
176033,176038
176033,176039
176033,174652
176027,176040
176027,176041
176027,176042
176027,174950
176027,175672
176027,176043
176027,176044
176027,176045
176027,176033
176027,176046
176027,176047
176027,175693
176027,176048
176027,174055
176027,176049
176027,175673
176027,175683
176027,174472
176033,176050
176027,174477
176033,176051
176052,176053
176052,176054
176052,176055
176052,176056
176052,174184
176052,176057
176052,176058
176052,176059
176052,176060
176052,176061
176052,176062
176052,176063
176064,174397
176064,174821
176065,174055
176052,176066
176052,176067
176052,176068
176052,176069
176052,176070
176052,176071
176052,176072
176052,176073
176052,176074
176052,176075
176052,176076
176052,176077
176052,176078
176052,176079
176052,176080
176052,176081
176052,176082
176052,176083
176052,174323
176084,175406
176085,174751
176027,176086
176027,176051
176027,176087
176027,176088
176027,174473
176027,175681
176027,176089
176027,176090
176027,176091
176027,176092
176027,174920
176027,176093
176027,176094
176027,176095
176027,174483
176027,176096
176027,176097
176027,176098
176027,174479
176027,176099
176027,175652
176027,175843
176027,176100
176027,176101
176027,174354
176027,175886
176027,176102
176027,176103
176027,176104
176027,176027
176027,176105
176027,176106
176027,176107
176027,176108
176027,175128
176027,176109
176027,176110
176027,176111
176027,175653
176027,176112
176027,174474
176027,176113
176027,176039
176027,174481
176027,176114
176027,174989
176027,175670
176027,174006
176027,173988
176027,176115
176027,174046
176027,175996
176027,176050
176027,175120
176027,176116
176027,174480
176027,175650
176027,176117
176027,176037
176027,175867
176027,176118
176027,176119
176027,176120
176027,174471
176027,176121
176027,176122
176027,176123
176027,175961
176027,175654
176027,176124
176027,175960
176027,176125
176027,176126
176027,176127
176085,176128
176129,176129
176130,176131
176130,176132
176130,176133
176134,175936
176135,174012
175604,174478
176130,176136
175604,175128
175604,175961
175604,175960
175604,175955
175604,174481
175604,174477
175604,175956
175604,174483
176130,176137
176130,176138
176130,176139
176140,174020
176140,176141
176140,174733
176142,176143
176142,175423
176142,176144
176142,174012
176142,176145
176142,175055
176142,175040
176146,175113
176130,176147
176130,176148
176130,175136
176130,176035
176149,174397
176140,176150
176149,176151
176152,175393
176153,176154
176153,176155
176153,176156
176153,176157
176153,176158
176153,176159
176153,176160
176153,176161
176153,176162
176153,176163
176153,176164
176153,176165
176166,176167
176168,174223
176153,176169
176153,176170
176153,176171
176153,176172
176152,175394
176152,174082
176153,176173
176153,174665
176153,176174
176153,176175
176153,176176
176153,174967
176153,176177
176153,176178
176153,176179
176153,176180
176153,176181
176153,176182
176153,176183
176152,176184
176085,174054
176140,174788
176140,176185
176186,176187
176186,176188
176186,176189
176186,176190
176186,176191
176186,176192
176186,176193
176186,176194
176186,176195
176186,176196
176186,176197
176186,176198
176186,176199
176186,176200
176186,176201
176186,176202
176186,176203
176186,176204
176129,173959
176205,176206
176207,174989
176207,174055
176208,174057
176208,173972
175562,174057
176209,175057
176209,175144
176209,176210
176209,176211
176209,176212
176209,176213
176209,174057
176214,176215
176186,176216
176140,176217
176186,176218
176186,176219
176186,176220
176186,176221
176186,176222
176186,176223
176186,176224
176186,176225
176186,176226
176186,176227
176186,176228
176140,176229
176140,176230
176140,175085
176140,174602
176140,176231
176186,176232
176186,176233
176186,176234
176186,176235
176186,176236
176186,176237
176186,176238
176186,176239
176186,176240
176186,176241
176186,176242
176186,176243
176186,176244
176186,176245
176186,176246
176186,176247
176186,176248
176186,176249
176186,176250
176186,176251
176027,176252
176027,175839
176027,175321
175602,176253
175602,176254
175602,176255
175602,176256
175602,176257
175602,176258
175602,176259
175602,176260
175602,176261
175602,176262
175602,174880
175602,176263
175602,176264
175602,176265
175602,175946
175602,176266
175602,176267
175602,176268
175602,176269
175602,176270
175602,176271
175602,176272
175602,176273
175602,176274
175602,176275
175602,176276
175602,176277
175602,176278
175602,176279
175602,176280
175602,176281
175602,176282
175602,176283
175602,176284
175602,176285
175602,176286
175602,176287
175602,176288
175602,176289
175602,176290
175602,176291
175602,176292
175602,176293
175602,176294
175602,176295
175602,175952
175602,176296
175602,176297
175602,176298
175602,176299
175602,176300
175602,176301
175602,176302
175602,176303
175602,176304
175602,176305
175602,176306
175602,176307
175602,176308
175602,175628
175602,176309
175602,176310
175602,176311
175602,176312
175602,176313
175602,176314
175602,176315
175602,176316
175602,176317
175602,176318
175602,176319
175602,176320
175602,176321
175602,175602
175602,176322
175602,176323
175602,176324
175602,175894
175602,176325
175602,175895
175602,176326
175602,175897
175602,176327
175602,176328
175602,176329
175602,176330
175602,176331
175602,176332
175602,176333
175602,176334
175602,176335
175602,176336
175602,176337
175602,176338
175602,176339
175602,176340
175602,176341
175602,176342
175602,176343
175602,176344
175602,176345
175602,176346
175602,176347
175602,176348
175602,175918
175602,176349
175602,176350
175602,176351
175602,176352
175602,176353
175602,176354
175602,176355
175602,176356
175602,176357
175602,176358
175602,175954
175602,176359
175602,176360
175602,176361
175602,176362
175602,176363
175602,176364
175602,176365
175602,176366
175602,176367
175602,176368
175602,176369
175602,175627
175602,176370
175602,176371
175602,176372
175602,176373
175602,176374
175602,176375
175602,176376
175602,176377
175602,176378
175602,176379
175602,176380
175602,176381
175602,175126
175602,175900
175602,176382
175602,175902
175602,176383
175602,176384
175602,176385
175602,176386
176387,174122
176387,176388
176387,176389
176387,176390
176387,175392
176387,174392
176387,176391
176387,176392
176387,176393
176387,176394
176387,176395
176387,176396
176387,176397
176387,176398
176387,174542
176399,176400
176401,174064
175147,173972
176402,175409
176402,175414
176403,176404
176403,174733
175038,176405
175148,173972
176406,174665
176406,176407
176406,176408
176406,176409
176406,176410
176406,176411
176406,176412
176406,176413
176406,176414
176387,176415
176416,174055
176417,176418
176417,176419
176027,176420
176027,176421
176027,175651
176027,176422
176027,176423
176027,176424
176027,176425
176027,176426
176027,176427
176027,176428
176027,176429
176027,175841
176027,176430
176027,175838
176027,176431
176027,176432
176027,174026
176027,176433
176417,176434
176417,176435
176417,176436
176417,176437
176417,174536
176417,176050
176417,176438
176417,176439
176417,175344
176417,176049
176417,176440
176417,176141
176417,176441
176417,176442
176027,174478
176417,176443
176416,175421
176444,176445
176444,176446
175602,176447
175602,176448
175602,175622
175602,176449
175602,176450
175602,176451
175602,176452
175602,176453
175602,176454
175602,176455
175602,176456
175602,176457
175602,176458
175602,176459
175602,176460
175602,176461
175602,176462
175602,176463
175602,176464
175602,176465
175602,176466
175602,176467
175602,176468
175602,176469
175602,176470
175602,176471
175602,176472
175602,176473
175602,176474
175602,176475
175602,176476
175602,176477
175602,176478
175758,174473
175758,175126
175758,175955
175758,176479
176480,176481
176480,175384
176480,175385
176480,174821
176480,175386
176480,175388
176480,175403
176480,175416
176480,175404
176480,175417
176482,175410
176482,173939
176482,176483
176482,175406
176482,175427
176480,175383
175602,176484
176480,175382
176480,174397
175758,174477
175758,175956
176480,175400
176480,175401
176480,175390
176480,175396
176480,176485
176480,175381
176480,175375
176480,175376
176480,176486
176480,175377
176480,175378
176480,175379
176480,175380
176480,175387
175890,176487
175602,175630
175890,176488
176489,176490
176489,176491
176489,176492
176489,176493
176489,176494
176489,176495
176489,174439
176489,176496
176489,176497
176489,174573
176489,174578
176489,174136
176489,174135
176489,176498
176489,176499
176489,176500
176489,174749
176489,176501
176489,174570
176489,174094
176489,174334
176489,175405
176489,174401
176489,176502
176489,174332
176489,174579
176489,173933
176489,174569
176489,176503
176489,174459
176489,176504
176489,176505
176489,176506
176489,176507
176489,173972
176489,174561
176489,176508
176489,176509
176489,176510
176489,174559
176489,176511
176489,176512
176489,176513
176489,173970
176489,174581
176489,176514
176489,176515
176489,174222
176489,174560
176489,176516
176489,174434
176489,174106
176489,176517
176489,176518
176489,174543
176489,175632
176489,174110
176489,174141
176489,176519
176489,173968
176489,176520
176489,175465
176489,174280
176489,174619
176489,176521
176489,176522
176489,176523
176489,175409
176489,176524
176489,176525
176489,176526
176489,174897
176489,174137
176489,176527
176489,174617
176489,174010
176489,176528
176489,176529
176489,174134
176489,176530
176489,174139
176489,176531
176489,176532
176489,174418
176489,174532
176489,176533
176489,175414
176489,176534
176489,176535
176489,176536
176489,176537
176489,174547
176489,175200
176489,176538
176489,176539
176489,174552
176489,175633
176489,176540
176489,175984
176489,176541
176489,176542
176489,176543
176489,174895
176489,174302
176489,176544
176545,176545
176545,174463
176545,175355
176545,173972
176545,176514
176545,176494
176545,176546
176545,176531
176545,175633
176545,176526
176547,176548
176545,176549
176545,176550
176545,174700
174302,174578
174302,174415
174302,176551
174302,175420
174302,174547
174302,176552
174302,174907
174302,176553
176545,176554
174302,176555
176547,174670
176547,176556
176547,176557
176547,176558
176547,174351
176547,174689
176547,174494
176547,176035
176547,174492
176547,176559
176547,174491
176547,176560
176547,176561
176547,174598
176547,174490
176547,176562
176547,176563
176547,174647
176547,175841
176547,176564
176547,174645
176547,174489
176547,176565
176547,176418
176547,176127
174302,174745
174302,176566
174401,175200
176550,176567
176550,176494
176550,176568
176550,175633
176550,174012
176550,174010
176550,175632
176550,176569
176550,176525
176550,176526
176550,176514
176550,176570
176550,176571
176550,176572
176550,174432
176550,174431
176550,176573
176550,175192
176550,173964
176550,176550
176550,174700
176489,176574
176550,176575
176550,176513
176550,174080
176550,173972
174401,174005
174135,174134
174135,174133
174135,174122
175409,176576
175409,176577
175409,176578
175409,174540
175409,176402
175409,176579
175409,176580
175409,175691
175409,175958
175409,175957
174895,174057
174895,174896
174895,174894
174895,174893
176550,174327
176550,176581
176550,174463
176550,176582
176550,175355
176489,176545
176547,176547
176489,174393
176489,174392
176583,176584
176583,176585
176583,173978
176583,176586
176583,176587
176583,176588
176583,176589
176583,176590
176583,176591
176583,176592
176583,176014
176583,176593
176583,173958
176583,176594
176583,176595
176583,175887
176583,173957
176583,173956
176583,176596
176583,176597
176583,175862
176583,173955
176583,176598
176583,176599
176583,173979
176600,175321
174169,176601
174169,174481
174169,174474
174169,174043
174169,174473
176600,176602
176600,174055
176600,174006
176600,176601
176600,174022
176583,176603
176600,176604
176600,176605
176600,176606
176600,174056
176600,174169
176600,174344
176600,174340
176600,174479
176600,174353
176600,174042
176600,174354
176600,174043
176583,173948
176583,176607
176583,176608
176609,174122
174534,174907
174628,176610
174628,174119
174502,174750
174442,176611
174442,174593
174415,174119
174415,174302
174415,174578
176609,174124
174415,176551
174415,174547
174415,176552
174415,174907
174415,176553
174415,176555
174415,174745
174415,176566
174415,174910
174415,176612
175890,176613
174415,175420
176609,176555
176609,176614
176609,174143
176583,176615
176583,176616
176583,173947
176583,176617
176583,176618
176583,176619
176583,173946
176620,174057
176555,175420
176555,174745
176555,174302
176555,174578
176555,174415
176555,176551
176555,174547
176555,176552
176555,174907
176555,176553
176555,176566
176609,174569
176609,176552
176609,174110
176609,176553
174169,174006
176489,176621
174169,174477
176622,176467
176489,176549
176489,176623
176489,176624
176489,176625
176489,176571
176489,176572
176489,176626
176489,174125
176489,176627
176489,174745
176489,176628
176489,174351
176489,176629
176489,174603
176489,174435
176489,176630
176489,174605
176489,176631
176489,174432
176489,174431
176489,174122
176489,174370
176489,176632
176489,174490
176489,176633
176489,176634
176489,176635
176489,176636
176489,174734
176489,176637
176489,176638
176489,174899
176489,174630
176489,173938
176489,174428
176489,176639
176489,174126
176489,174626
176489,176640
176489,176641
176489,176642
176489,176643
176489,176644
176489,176645
176489,176646
176489,176555
176489,174127
176489,174586
176489,176647
176489,176648
176489,176649
176489,175606
176489,175222
176489,176650
176489,176651
176489,176652
176489,176653
176489,174116
176489,175220
176489,174382
176489,176654
176655,176656
176489,176657
176655,174473
176658,176655
176658,176656
176658,174473
174323,176659
174323,176660
176661,174733
176662,176663
176662,176664
176662,176665
176662,174750
176655,176658
176489,174516
176489,176666
176489,174513
176489,174529
176489,174151
176489,175192
176489,176667
176489,176668
176489,175311
176489,175304
176489,176669
176489,174466
176489,174314
176489,174639
176489,175974
176489,174160
176489,175408
176489,174118
176489,176554
176489,176670
176489,176671
176489,174514
176489,174307
176489,173964
176489,176672
176489,176550
174169,174055
176547,175134
176583,176673
176547,174673
176674,176675
176674,176676
176674,176677
176674,176678
176674,176679
176674,176680
176674,176681
176674,174741
176674,174588
176674,174745
176674,176682
176674,176683
176674,176684
176674,176685
176674,176686
176674,174160
176674,174142
174398,175040
174398,174131
174398,176687
174398,176688
174398,174415
176674,174122
174398,174330
176674,176689
176690,174397
175089,175564
175089,174080
175089,174079
175089,175972
175089,174149
175089,174045
175089,176691
175089,176692
175089,174012
175089,176693
176674,176694
175089,175256
175089,176695
175089,176696
175089,174426
175089,174599
175089,176697
175089,175370
175089,174153
175089,174442
175089,174893
176690,176698
175089,176699
174398,176700
174398,176701
174398,176702
176703,174119
176704,176705
176704,174012
176706,176707
176706,174082
176706,176708
176706,176709
176706,176710
176706,176711
176706,176712
174398,174114
175133,174599
176713,176714
176713,176715
176713,176716
176713,176717
176713,176718
176713,176719
176713,176720
176713,176721
176713,176722
176713,174599
176713,176723
174398,174116
174398,176724
174398,174444
174398,174075
174398,175077
174398,174071
174398,176725
174398,174103
174398,174101
174398,176726
174398,174069
174398,174841
174398,174424
174398,174067
174398,174096
174398,174063
174398,174120
174398,174127
174398,174358
174398,176727
174398,174589
174398,176547
174398,174351
174398,174319
174398,174028
174398,176728
175089,175450
176713,175133
176729,176729
176730,176730
175890,175798
175890,176731
175890,176732
175890,176733
174477,175956
174477,174481
174477,175955
174477,174480
174477,175960
174477,175961
175890,176734
174477,174483
174477,174478
176735,176736
176737,174045
176737,176738
176737,176739
176737,174907
176740,175113
176741,176742
176741,176743
176741,176744
174477,175973
176741,176745
175890,176746
175890,176747
175890,176748
176547,174678
175890,176749
175890,176750
175890,176751
175890,175713
175890,176752
175890,175728
175890,176753
175890,176754
175890,176755
175890,176756
175890,176757
175890,176758
175890,176759
175890,176760
175890,176761
175890,176762
175890,176763
175890,176764
175890,176765
175890,176766
175890,176767
176741,176768
176741,176769
173988,174821
176611,176770
176611,176635
176611,176771
176611,174593
176611,176772
176611,176773
176611,174309
176611,176774
176611,174442
176611,176775
176611,174277
176611,176776
174511,174149
174511,176777
174511,174747
174511,174145
174511,175138
174511,175000
174511,174599
174511,175136
174511,176778
174511,174059
174511,174507
176611,176611
176611,176779
176611,176780
173988,174397
176779,176781
176779,175559
176779,176782
176779,176780
176779,176783
176779,176784
176779,176611
176779,174277
176779,176770
176779,176635
176779,176771
176779,174593
176779,176772
176779,176773
176779,174309
176779,176774
176779,174442
176779,176775
176779,176776
176611,176781
176611,175559
176611,176782
176785,174223
176713,176786
175890,176787
176788,176789
176547,175785
176547,176440
176547,176790
176547,176791
176547,176792
176547,176688
176547,176793
176547,174469
176547,174468
176547,176700
176547,174470
176547,176794
176547,176795
176547,174475
176547,176796
176547,174761
176547,176797
176547,176798
176547,176799
176547,176800
176547,176801
176547,174536
176547,176701
176547,176802
176547,174767
175841,174920
174098,176803
176804,174733
176131,174564
176131,173944
176131,176805
176131,176051
176131,176050
176131,174505
176131,176038
176131,176806
175841,174599
176131,176436
176131,174780
176131,174499
176131,176036
176131,176035
176131,175136
176131,176563
176131,174652
176131,176034
176807,176808
176807,176809
176131,176435
176547,176810
176547,174505
176547,176811
176547,176812
176547,174498
176547,174497
176547,176807
176547,174253
176547,174496
176547,176813
176547,176814
176547,176815
176547,174495
176547,174779
176547,176816
176547,174627
176547,176817
176547,176818
176547,174501
176547,174677
176547,176819
176547,176820
176547,176821
176713,176822
176547,176419
176547,176823
176547,174772
176547,174499
176547,174780
176547,176131
176547,176725
176547,174484
176547,176824
176547,176825
176547,176826
176547,176827
176547,176806
176547,176436
176547,176828
176547,174493
176547,176829
176547,175937
176547,176830
176547,174485
176547,174606
176547,176726
176547,176831
176547,174500
176547,176832
176547,174467
176547,174293
176547,176833
176834,176835
176834,176836
176547,174734
176834,176837
176838,176839
176838,175240
176838,176840
176838,176841
176838,176842
176838,176843
176838,176844
176838,176845
176838,176846
176838,176847
176838,176848
176838,176849
176838,176850
176838,176851
176838,176852
176838,176853
176838,176854
176838,176855
176838,176856
176838,176857
176838,176858
176838,176859
176838,176860
176838,176861
176838,176862
176838,176863
176838,176864
176838,176865
176834,176866
176843,174599
176838,176867
176838,176868
176838,176869
176838,176870
176838,176871
176838,176872
176838,176873
176838,176874
176838,176875
176838,176876
176838,176788
176838,176877
176838,176878
176838,176879
176838,176880
176838,176881
176838,176882
176838,176883
176838,176884
176838,176885
176838,176886
176838,176887
175560,174057
176546,173971
176546,173970
176546,173969
176546,174012
176546,176888
176889,174539
176889,174015
176890,176576
174371,174107
175564,174057
176891,174916
175564,174427
175564,174348
175564,174371
176892,174593
175350,175113
176834,173940
176893,173959
176893,176637
176834,176894
176834,176895
176834,176896
175564,174012
175136,174599
176889,175240
175136,174540
176838,176897
176838,176898
176838,176899
176838,176900
176834,176901
176838,176902
176838,176903
176838,176904
176838,176905
176838,176906
176907,175419
175139,175127
176838,176908
176838,176909
175139,174599
175138,174599
175138,176820
175138,176910
175138,176911
175138,174338
175138,174194
175136,174749
175138,176812
