194810,194811
194810,194812
194810,194813
194810,194814
194815,194816
194810,194817
194810,194818
194810,194819
194810,194820
194810,194821
194810,194822
194810,194823
194810,194824
194810,194825
194810,194826
194810,194827
194810,194828
194829,194830
194810,194831
194832,194833
194832,194834
194832,194835
194810,194836
194810,194837
194810,194838
194815,194839
194810,194840
194810,194841
194810,194842
194810,194843
194810,194844
194810,194845
194810,194846
194810,194847
194810,194848
194810,194849
194810,194850
194810,194851
194852,194853
194815,194854
194855,194856
194857,194858
194857,194859
194857,194860
194857,194861
194857,194862
194857,194863
194855,194864
194857,194865
194866,194867
194866,194868
194866,194869
194870,194871
194870,194872
194870,194873
194870,194874
194866,194875
194815,194876
194855,194877
194855,194878
194815,194879
194815,194880
194839,194816
194839,194815
194839,194876
194881,194881
194882,194883
194855,194884
194882,194885
194882,194886
194882,194887
194888,194889
194890,194889
194891,194892
194855,194893
194855,194894
194882,194895
194832,194896
194832,194897
194898,194899
194900,194901
194900,194902
194903,194904
194903,194905
194903,194906
194903,194907
194903,194908
194903,194909
194910,194911
194910,194912
194900,194913
194910,194914
194910,194915
194916,194917
194918,194919
194918,194920
194918,194921
194918,194922
194923,194924
194925,194926
194925,194927
194925,194928
194910,194929
194925,194930
194900,194931
194900,194932
194933,194934
194870,194935
194933,194936
194933,194937
194933,194938
194933,194939
194933,194940
194933,194941
194933,194942
194933,194943
194900,194944
194933,194945
194933,194946
194933,194947
194933,194948
194933,194949
194933,194950
194933,194951
194933,194952
194933,194953
194900,194954
194900,194955
194933,194956
194832,194957
194958,194959
194960,194961
194962,194963
194962,194964
194962,194883
194962,194965
194962,194962
194962,194966
194962,194967
194962,194968
194962,194969
194962,194970
194962,194971
194962,194972
194962,194973
194962,194974
194975,194976
194975,194977
194975,194978
194975,194979
194975,194980
194975,194981
194975,194982
194983,194899
194962,194984
194958,194985
194962,194986
194962,194987
194960,194988
194960,194989
194960,194990
194960,194987
194960,194986
194960,194971
194960,194963
194960,194964
194960,194883
194960,194965
194962,194960
194960,194962
194960,194968
194960,194969
194960,194970
194960,194972
194960,194984
194960,194973
194960,194974
194962,194988
194962,194989
194962,194990
194960,194967
194870,194991
194992,194993
194870,194994
194873,194995
194873,194996
194873,194997
194873,194998
194873,194999
194873,195000
194873,195001
194873,195002
194873,195003
194873,195004
194873,195005
194873,195006
194873,195007
194873,195008
194873,195009
194873,195010
194873,195011
194873,195012
194873,195013
194873,195014
194873,195015
194873,195016
195017,194896
195018,195019
195020,195021
195020,195022
195020,195023
195020,195024
195003,194991
194895,194883
194895,195025
194895,194887
194895,195026
195017,195027
194895,195028
194895,194885
194895,194886
194895,195029
195030,195031
195030,195032
195030,194858
195030,195033
195030,195034
195030,195035
194895,195036
194873,195037
194873,195038
194873,195039
194873,194874
194873,194873
194873,195040
194873,195041
194873,195042
194873,194872
194873,195043
194873,195044
194873,195045
194873,195046
194873,195047
194873,195048
194873,195049
194873,195050
194873,195051
194873,195052
194873,195053
194873,195054
194873,195055
194873,195056
194873,195057
194873,195058
194873,195059
194873,194935
194873,195060
194873,195061
194873,195062
194873,194860
194873,195063
194873,195064
194873,195065
194873,195066
194873,195067
194873,195068
194873,195069
194873,194994
194873,195070
194873,195071
194873,195072
194873,195073
194873,195074
194873,195075
194873,195076
194873,194991
194873,194862
195077,195078
195077,195077
195077,195079
195077,195080
194998,195081
194998,195082
194998,195083
194998,195049
194998,195084
194998,195085
194998,195086
194998,195054
194998,195087
194998,195088
194998,195089
194998,195090
194998,194876
195065,195091
195065,195092
195065,195093
195065,195094
195065,195095
195065,195096
195065,195006
194998,195097
194998,194874
194998,195098
194998,195099
194998,195100
194998,195101
194998,195010
194998,195011
194998,195102
194998,195103
194998,194860
194998,195064
194998,195065
194998,195104
194998,195066
194998,195105
194998,195106
194998,195107
194998,195108
194998,195109
194998,195110
194998,195111
194998,195112
194998,195113
194998,195114
195065,195100
194873,194871
195065,195010
195065,195102
195115,195116
195115,195117
195115,195118
195115,195119
195115,195120
195121,195023
195121,195122
195123,195124
195125,194889
195115,194906
195126,195127
195126,195128
195126,195129
195130,195131
195130,195049
195130,195132
195077,195133
195077,195134
195077,195135
195077,195136
195126,194981
195137,195138
195054,195139
195054,194876
195065,195103
195065,194860
195065,195104
195065,195066
195065,195105
195065,195106
195065,195109
195065,195114
195065,195099
195065,195098
195065,195088
195065,195083
195065,195049
195065,195084
195065,195086
195065,195087
195065,195140
195065,195090
195065,194876
195054,195141
195054,195142
195065,195011
194873,195143
194873,195144
194873,194876
195145,195146
195145,195147
195145,195148
195145,195149
195145,195150
195145,195151
195145,195152
195145,195153
195145,195154
195145,195155
195145,195156
195145,195157
194920,195158
194920,195159
194920,195160
194920,195161
194920,195162
194920,194831
195163,195164
195163,195165
195145,195166
195145,195167
195145,195168
195145,195169
195170,195171
195172,195173
195172,195171
195172,195170
195174,195175
195174,195054
195174,195142
195174,194876
195176,195177
195176,195178
195176,195179
195180,195171
195181,195182
195145,195183
195145,195184
195145,195185
195145,195186
195145,195187
195145,195188
195145,195189
195145,195190
195163,195191
195170,195173
195163,195192
195163,195193
195163,195194
195163,195019
195163,195195
195163,195196
195196,195197
195196,195019
195198,195199
195200,195201
194866,195202
195163,195132
194992,195203
194992,194910
194870,195016
194870,195073
194870,194998
194870,195003
194870,195063
194870,195064
194870,195065
194870,195068
194992,195204
195163,195205
195163,195206
195163,195207
195163,195197
195163,195208
195163,195209
195163,195210
195163,195211
195163,195212
195163,195213
195163,195214
195163,195215
195163,195216
195163,195039
195163,194860
195163,195023
195163,195217
195163,195218
195163,195219
195163,195220
195163,195221
195163,195222
195163,195223
195163,195042
195163,195224
194870,195070
195170,195172
195225,195226
195227,195228
195227,195229
195227,195230
195227,195231
195227,195232
195227,195233
195227,195234
195227,195235
195227,195236
195227,195237
195227,195238
195227,195239
195227,195240
195227,195241
195227,195242
195227,195243
195227,195244
195227,195245
195227,195246
195247,195248
195227,195249
195227,195250
195227,195251
195227,195252
194873,195253
195068,195254
194994,195255
194994,195256
194994,195257
194862,195258
194862,195259
195260,195261
195260,195262
195260,195263
195260,195264
195260,195178
195260,195179
195260,195265
195260,195266
195227,195267
195227,195268
195227,195269
195227,195270
195227,195271
195227,195272
195247,195273
195225,195274
195247,194889
195247,195275
195276,195277
195276,195278
195276,195279
195276,195280
195281,194896
195281,195278
195282,195283
195284,195285
195286,195287
195276,195288
195286,195289
195286,195290
195286,195291
195286,195292
195286,195293
195286,195294
195286,195295
195286,195296
195225,195297
195225,195298
195286,195299
195276,195300
195276,194896
195276,195301
195247,195302
195247,195025
195247,195303
195304,195171
195305,195306
195305,195307
195305,195171
195308,195309
195308,195310
195311,195312
195313,195171
195314,195146
195118,194906
195315,195316
195315,195317
195318,195319
195318,194931
195319,195320
195319,194910
195276,195281
195276,195321
195247,195322
194866,195323
195324,195325
194866,195326
195327,195328
195327,195329
195327,195330
195327,195044
195327,195331
195327,195140
195332,195333
195334,195335
195334,195336
195337,195171
195338,195339
195338,195273
195338,194889
195338,195322
195334,194931
195338,195275
195332,195340
195332,195341
195332,195342
195332,195152
195332,195343
195332,195344
195332,195345
195332,195346
195332,195347
195332,195348
195332,195349
195332,195350
195332,195351
195332,195352
195332,195353
195332,195354
195332,195355
195332,195356
195338,195156
195338,195025
195357,194981
195357,194982
195357,195358
195357,195359
195357,195360
195357,195361
195357,194978
195357,195362
195363,195364
195365,195146
195365,195366
195365,195367
195368,195369
195368,195370
195357,195371
195338,195302
195372,195373
195372,195374
195338,195247
195338,195303
195338,195375
195372,195376
195372,195377
195372,195378
195372,195379
195372,195380
195372,195314
195372,195381
195372,195382
195372,195166
195372,195025
195372,195383
195372,195146
195368,195384
195332,195385
195332,195386
195332,195387
195332,195388
195332,195389
195332,195390
195332,195391
195332,195392
195332,195393
195332,195394
195332,195168
195332,195395
195332,195396
195332,195397
195332,195398
195332,195399
195332,195400
195332,195401
195332,195402
195332,195403
195332,195404
195332,195405
195332,195406
195332,195407
195332,195408
195332,195409
195332,195410
195332,195411
195332,195412
195332,195413
195332,195414
195332,195415
195332,195416
195332,195417
195332,195418
195332,195419
195332,195420
195332,195421
195332,195422
195332,195381
195332,195423
195332,195424
195332,195425
195332,195426
195332,195427
195332,195428
195332,195429
195332,195430
195332,195431
195332,195432
195332,195433
195332,195434
195332,195435
195332,195436
195332,195437
195332,195438
195332,195439
195332,195440
195332,195441
195332,195442
195332,195443
195332,195444
195332,195445
195332,195446
195332,195447
195332,195448
195332,195449
195332,195450
195332,195451
195332,195452
195332,195453
195368,195454
195368,195455
195368,195456
195457,195458
195457,195049
195457,195459
195457,195460
195457,195461
195462,194853
195457,195075
195462,195463
195464,195465
195466,195467
195468,195469
195468,195164
195468,195470
195468,195471
195462,195219
195468,195472
195457,195473
195457,195474
195475,195476
195477,195478
195479,195480
195479,195171
195481,195482
195481,195019
195457,195483
195484,194853
195457,195485
195457,195486
195457,195487
195457,195064
195457,195488
195457,195070
195457,195489
195490,195491
195468,195492
195468,195493
195468,195494
195468,195495
195468,195496
195468,195497
195468,195498
195468,195499
195468,195500
195468,195501
195468,195502
195468,195503
195468,195504
195468,195505
195468,195506
195468,195507
195468,195508
195468,195509
195468,195258
195468,195510
195468,195511
195468,195512
195468,195513
195468,195514
195468,195515
195468,195516
195468,195517
195468,195518
195468,195519
195468,195520
195468,195521
195468,195522
195468,195523
195468,195524
195468,195525
195490,195526
195490,195527
195490,194973
195474,195016
195474,195062
195474,195063
195474,195064
195474,194853
195474,195528
195474,195011
195474,195529
195474,195106
195474,195530
195474,195531
195474,195532
195474,195533
195474,195111
195474,195534
195474,195463
195474,195535
195474,195536
195368,195537
195368,195538
195368,195539
195368,195540
195541,195542
195474,195543
195474,195487
195474,195544
195474,195545
195474,195485
195474,195546
195474,195547
195474,195548
195474,195096
195474,195489
195474,195070
195474,195073
195474,195075
195474,195549
195474,195550
195551,195197
195551,195019
195551,195196
195490,195552
195474,195553
195490,194986
195490,194962
195490,195554
195490,194885
195490,195555
195490,195556
195490,195557
195490,194883
195474,195019
195474,195459
195474,195558
195474,194991
195474,194862
195474,195559
195474,195560
195474,195561
195474,195562
195474,195563
195474,194874
195474,195564
195474,195565
195474,195566
195474,195042
195474,195567
195474,195568
195474,195049
195332,195569
194866,194906
195332,195570
195571,194876
195572,195573
195574,195575
195574,195576
195574,195577
195574,195578
195574,195049
195572,195579
195574,195253
195580,195581
195582,195019
195324,195583
195324,195584
195324,195585
195324,195586
194922,194920
195324,195324
195572,195587
195572,195588
195572,195589
195572,195590
195572,195572
195572,195591
195572,195592
195572,195593
195572,195594
195572,195595
195572,195596
195572,195597
195572,195598
195572,195599
195572,195600
195572,195601
195572,195602
195572,195603
195324,195604
195324,195605
195606,195607
195606,195608
195606,195609
195606,195610
195606,195410
195606,195611
195606,195612
195606,195613
195606,195614
195606,195615
195606,195616
195606,195617
195606,195618
195606,195619
195606,195620
195324,195621
195606,195622
195606,195623
195324,195624
195324,195625
195324,195626
195324,195627
195324,195628
194998,195006
195606,195629
195324,195630
195324,195631
195324,195632
195633,195634
195635,194868
195635,194906
195606,195636
195324,195637
195606,195450
195572,195638
195572,195639
195640,195641
195640,195456
195640,195642
195640,195643
195640,195644
195640,195171
195640,195645
195646,195647
195646,194876
195648,195350
195649,195650
195651,194951
195652,195653
195652,195654
195646,195054
195655,195656
195657,195658
195657,195659
194866,195660
194866,195661
194866,195662
194866,195663
194866,195664
194866,195665
195657,195666
194866,195667
194868,194906
194868,195635
194868,195668
195657,195478
195657,195669
195657,195670
194866,195671
195572,195672
195655,195673
195674,195675
195676,195659
195676,195677
195676,195678
195676,195226
195676,195679
195676,195680
195676,195681
195682,194899
195683,194899
195683,195684
195683,195685
195683,195686
195683,195687
195572,195688
195689,195690
195655,195691
195676,195692
195676,195693
195694,195695
195696,194846
195697,195695
195698,195699
195698,195478
195698,195700
195676,195701
195698,195702
195698,195703
195704,195705
195704,195706
195704,195707
195704,195171
195676,195708
195698,195709
195606,195710
195606,195711
195606,195712
195713,195714
195713,195473
195713,195715
195713,195716
195713,195717
195713,194935
195713,195073
195713,195718
195713,195719
195713,195720
195713,195721
195713,195722
195713,195041
195713,195723
195713,195724
195713,195725
195713,195726
195713,195727
195713,195728
195713,195729
195713,195730
195713,195731
195713,195732
195713,195733
195713,195734
195713,195735
195713,195736
195713,194994
195713,195737
195713,195738
195713,195739
195713,195112
195713,195740
195713,195741
195713,195742
195713,195743
195713,194928
195713,195744
195713,195745
195746,194889
195747,195748
195747,195749
195713,195750
195747,195751
195752,195753
195752,195754
195752,195755
195752,195132
195752,195756
195571,195757
195747,195756
195713,195049
195713,195758
195713,195759
195713,195760
195713,195086
195713,195761
195713,195762
195713,195763
195713,195056
195713,195764
195713,195765
195713,195766
195713,195767
195713,195768
195713,195769
195713,195143
195713,195770
195713,195771
195713,195772
195713,195773
195713,195774
195775,195776
195713,195777
195713,195778
195713,195779
195713,195780
195713,195781
195775,195782
195713,195783
195713,195004
195713,195784
195713,195785
195713,195786
195713,195787
195713,195788
195713,195789
195713,195790
195775,195791
194905,194906
195606,195792
195606,195793
195606,195794
195606,195795
195606,195796
195606,195797
194905,194903
195606,195798
195799,195800
195799,195801
195799,195802
195803,195054
195803,194876
195804,195049
195799,195805
195713,195806
195713,195091
195713,195807
195713,195808
195713,195809
195713,195810
195713,195811
195713,195812
195713,195813
195713,195814
195713,195815
195713,195816
195713,195817
195713,195818
195713,195819
195713,195820
195713,195821
195713,195822
195713,195823
195713,195824
195713,195825
195713,195826
195713,195827
195713,195828
195713,195829
195713,195830
195713,195831
195713,195832
195713,194998
195713,195833
195713,195834
195713,195094
195713,195835
195713,195836
195713,195837
195713,195838
195332,195839
194998,195096
195840,195768
194998,195095
195841,195842
195841,195841
195841,195843
195841,195844
195841,195845
195841,194871
195841,195846
195841,195847
195841,195143
195841,195848
195841,194928
195841,195849
195841,194852
195850,195851
195841,195852
195850,195853
195841,195854
195841,195855
195841,195856
195841,195309
195841,194874
195841,195857
195841,195858
195841,194873
195841,195859
195841,195041
195841,194872
195841,195043
195841,195207
195841,195206
195841,195226
195841,194925
195841,195042
195841,195860
195850,195861
195862,195863
195864,195695
195864,194897
195864,195865
195864,194906
195864,195866
195864,195867
195864,195868
195864,195869
195864,195870
195864,195871
195864,195872
195864,195873
195864,195874
195695,195694
195864,195875
195876,194899
195864,195877
194831,194920
195862,195878
195862,195879
195862,195880
195862,195881
195862,195882
195862,195883
195884,195465
195862,195885
195862,195727
195862,195886
195862,195887
195862,195888
195161,194920
195889,194920
195862,195890
195695,195697
195841,195891
195841,195059
195841,195003
195841,195892
195841,195893
195841,195894
195841,195895
195841,195007
195841,195896
195841,195897
195841,195898
195841,195037
195841,195899
195841,195478
195841,195038
195841,195900
195841,195016
195841,195063
195841,195693
195841,195000
194899,195901
194899,195315
194899,195902
194899,195686
194899,195903
194899,195685
195841,195002
194899,195904
194899,195905
194899,194983
195876,195906
195876,195687
195841,195676
195841,195548
194899,194898
195841,195907
195841,195064
195841,194853
195841,195908
195841,195909
195841,195910
195841,195073
195841,195074
195841,195075
195841,195070
195841,195911
195841,195912
195841,194991
195841,195559
195841,195913
195841,195914
195841,194935
195841,195715
195841,195915
195841,195916
195841,195463
195841,195917
195841,195065
195841,195918
195841,195529
195841,195919
195841,195068
195841,195920
195841,195530
195841,195921
195841,195922
195841,195923
195841,195924
195841,195069
195841,194994
195841,195925
194899,195926
195695,195927
195748,195476
195928,195929
195928,195916
195928,195073
195928,194991
195928,195860
195928,194873
195928,195922
195928,195207
195928,195844
195928,195702
195928,195019
195928,195847
195930,195931
195930,195932
195928,195846
195930,195933
195928,195478
195928,195895
195934,195935
195936,195937
195936,195938
195936,195939
195936,195940
195939,195941
195928,195016
195939,195942
195073,195943
195928,195944
195928,195945
195928,195831
195928,195676
195928,195548
195073,195928
195934,195946
195930,195947
195947,195650
195948,195949
195948,195950
195948,195951
195948,195952
195948,195953
195948,195954
195948,195955
195948,195956
195948,195957
195948,195958
195948,195063
195948,195534
195948,195530
195948,195959
195948,195016
195947,195930
195948,195960
195961,195962
195947,195933
195947,195963
195947,195964
195947,195965
195947,195966
195947,195967
195948,195944
195947,195968
195947,195969
195947,195970
195947,195971
195947,195972
195947,195973
195104,195800
195947,195974
195748,195756
195934,195975
195934,195976
195977,195978
195977,195979
195977,195980
195977,195981
195977,195982
195977,195983
195984,195019
195977,195985
195986,195987
195988,195989
195988,195990
195988,195991
195988,195992
195988,195993
195994,195986
195988,195995
195984,194853
195064,194874
195748,195996
195748,195997
195748,195998
195748,195999
195748,196000
195748,196001
195984,196002
195748,196003
195748,195751
195748,195747
195064,195010
195064,195984
195064,196004
195064,195104
195748,195749
195934,195942
195988,196005
195988,196006
196007,196008
196007,196009
196007,196010
196007,196011
196007,196012
196007,196013
196007,196014
196007,195756
196007,196015
196007,196007
196016,196017
196016,194981
195934,196018
195934,196019
196007,196020
195988,196021
196007,196022
196007,196023
195988,196024
195988,196025
195988,196026
195988,196027
195988,196028
195988,196029
196007,196030
195988,196031
195988,196032
195988,196033
195988,195226
195988,196034
195988,196035
195988,196036
195988,196037
194899,195876
194899,196038
194899,195687
196039,196040
196039,195019
196039,196041
196039,196042
196039,196043
195844,196044
196039,196045
195844,195677
195844,196046
195844,196047
195844,196048
195844,196049
195844,195844
195844,196050
195844,195678
196051,196052
196039,196053
196039,196054
196039,196055
196039,196056
196039,196057
196039,196058
196039,195042
196039,196059
196039,196060
196039,196061
196039,196062
196039,196063
196039,196064
196039,196065
196039,196066
196039,196067
196039,196068
196039,196069
196051,196070
196071,195121
196071,195106
196001,196072
196001,196073
196001,196074
196001,196075
196001,196076
196071,195065
196001,195654
196001,195748
196001,195476
196077,195476
196077,194858
196077,195756
195476,196078
196001,196079
196071,195023
196071,195064
196071,196080
196071,196081
196071,195535
196071,196082
196071,196083
196071,196084
196071,196085
196071,195215
196071,196086
196071,196087
196071,196088
196071,196089
196071,196090
196071,196091
196071,195022
196071,196092
195476,196052
196039,196093
196039,196094
196017,196095
196017,194981
196017,196016
196017,196096
195371,195654
195483,196097
196017,196098
195483,196099
195483,196100
195483,196101
195483,196102
196103,195756
196104,194889
196104,195258
195483,196105
196104,196106
196017,196107
196018,194906
196108,196109
195120,196110
195120,196111
195120,194906
195120,196112
195120,196113
196017,196114
195120,196115
195120,196116
195120,196117
195120,196118
194906,195118
194906,195115
196119,195146
195120,196120
196039,196121
196104,194850
196039,196122
196039,196123
196039,196124
196039,196125
196039,196126
196039,196127
196039,196128
196039,196129
196039,196130
196039,196131
196039,196132
196039,196133
196039,196134
196039,196135
196039,196136
196039,196137
196104,196138
196039,196039
196039,196139
196039,196140
196039,196141
196039,196142
196039,196143
196039,196144
196039,196145
196039,196146
196039,196147
196039,196148
196039,196149
196039,196150
196039,196151
196039,196152
196039,196153
196039,196154
195312,196155
195312,196156
195312,196157
195841,196158
195841,196159
195841,196160
195841,195929
195841,196161
195841,196162
195841,196163
195841,196164
195841,196165
195841,196166
195841,196167
195841,196168
195841,196169
195841,196170
195841,196171
195841,196172
195841,196173
195841,196174
195841,196175
195841,195832
195841,196176
195841,196177
195841,196178
195841,196179
195841,196180
195841,196181
195841,196182
195841,196183
195841,196184
195841,196185
195841,196186
195841,196187
195841,196188
195841,196189
195841,195943
195841,196190
195841,196191
195841,195197
195162,194920
195685,195687
195685,195876
195685,195683
195841,195984
195685,196192
195685,196193
195685,194899
194899,196194
194899,196195
194899,195682
194899,195906
195685,195686
195841,196196
195841,194998
195841,195831
195841,195702
195841,195019
195841,195703
195841,195144
195841,196197
195841,196198
195841,194997
195841,196199
195841,196200
195841,195949
195841,196201
195841,196202
195841,196203
195841,195945
195841,195944
195841,196204
195841,196205
196206,195841
196207,196208
196207,196209
196207,196210
196207,196211
196207,196212
196207,196213
196207,196214
196207,196215
196207,195433
196207,195151
196207,196216
196207,195379
196207,196217
196207,196218
196207,196219
196207,196220
196207,196221
196207,196222
195312,196223
195312,196224
195312,195315
195312,196225
195312,196226
196156,195312
196207,196227
196207,195636
196207,195185
196207,196228
196207,195168
196207,195167
196207,194883
196207,196229
196207,196230
196207,196231
196232,196233
196232,196234
196232,196235
196232,195924
196232,196236
196232,196237
196232,196238
196232,196239
196232,196240
196232,196241
196232,195226
196232,196242
196232,196243
196232,195142
196232,196244
196206,194853
196232,196245
196232,196246
196232,196247
196232,196248
196232,196249
196232,196250
196232,196251
196232,196232
196232,196252
196232,196253
196232,196254
195876,195685
196232,196255
196232,196256
196232,196257
196232,196258
196232,196259
196232,196260
196232,196261
195948,196262
194998,194999
195948,196263
195948,195891
196264,196265
196264,196266
196264,195853
196264,195720
196264,196267
196264,195558
196264,195489
196264,196268
196269,196270
196269,195695
196269,195871
196269,196271
196272,196273
196272,195049
196274,194876
196272,195132
194911,194913
194911,194932
195654,196076
195654,196001
195654,196275
195654,196276
195654,196277
195654,196018
194911,194944
195654,195371
195654,194862
195654,195009
195654,196278
194911,194954
194911,194955
194911,194900
195654,196279
195654,196075
196272,195364
196280,194883
195840,196281
195840,196282
195840,196283
195840,196284
195840,196285
195840,196286
195840,196022
195840,195987
195840,196287
195840,196288
195840,195032
195840,196289
195840,196014
195840,196290
195840,196291
196292,195634
195840,196293
195840,196294
196280,194858
196295,196078
196296,195614
196296,196297
196298,196299
196298,194858
195840,196300
196298,195840
195840,195878
195840,196301
195840,196302
195840,196303
195840,196304
195840,195287
195840,196023
195840,196305
195654,195652
195654,196306
196307,196308
196307,196309
196307,196310
196307,196311
196307,196312
196307,196313
196307,196314
196307,195872
196310,196308
196310,196309
196310,196311
196310,196312
196310,196313
196310,196315
196307,196316
196310,195872
194874,194853
194874,195011
196317,196318
196317,196319
196095,196114
196095,196320
196095,196098
196095,196321
194874,195064
196095,194981
196095,196107
194874,195548
194874,196322
194874,194998
194874,194874
194874,196323
196095,196096
195654,196074
196310,196307
196324,194981
195673,196325
195673,196326
195673,196327
195673,196328
195673,196329
195673,196330
195673,196331
196332,196333
196334,196335
195654,194911
195654,194992
195654,194870
195654,195085
195654,196336
196332,195936
196324,196017
195673,196337
195673,196338
196324,196339
196324,196324
195022,195023
195673,196018
195673,196340
195673,196341
195673,196342
195673,196019
195673,196343
195673,196344
195673,196345
195673,196346
195673,196347
195673,196348
195673,196349
196317,196350
195840,196351
195840,196352
195741,196353
195741,196354
195741,196355
195741,196356
195741,196357
195741,196358
195741,196359
195741,196360
195741,196361
195741,196362
195741,195132
195741,195171
195741,195752
195741,196363
195741,196364
195741,196365
195741,196366
195741,196367
195741,196368
195741,196273
195741,196369
195741,196370
195741,196371
195741,196372
195741,196373
195741,196374
195741,195802
195741,196375
195741,196376
195741,196377
195741,196344
195741,196378
195741,196379
195741,196380
195741,196381
196382,194892
196383,196384
196383,196385
196383,195756
196386,195171
194998,196079
194998,195004
196383,195293
194998,196387
194998,195092
194998,195093
194998,196388
194998,194998
194998,195094
194998,195837
194998,195091
196382,195027
196383,196288
196286,196389
196382,196390
196382,196391
196294,196392
196294,196393
196294,195840
196294,195033
196383,195287
196294,195756
196286,196394
196286,196395
196286,195130
196286,195206
196286,195049
196286,195132
196286,195754
195840,196396
195741,196397
195741,195946
195840,196398
195840,196399
195840,196393
195840,196012
195840,194858
195840,196400
195840,196401
195840,196013
195840,195756
195840,196020
195840,195034
195840,196295
195840,196402
195840,196403
195840,195033
195840,195550
195840,196011
195840,196009
195840,196404
195840,196405
195840,196406
195840,196008
195840,196407
195840,196383
195840,196385
195840,196408
195840,195578
195840,195749
195840,196409
195840,196410
195840,195476
195840,196411
195840,196386
195741,196412
195840,196413
196414,195756
195741,196415
195741,196416
195741,196417
195741,195753
195741,195655
195741,196418
195741,196419
195741,195754
195741,196420
195741,196421
195741,196422
195741,196423
195741,195799
195741,196424
195741,196425
195840,196426
195741,196427
195741,196428
196429,195376
196429,196430
196429,195146
196429,196431
196429,196432
196429,195302
195741,196433
196429,196434
196429,196435
195741,195934
195741,196018
195741,195816
195741,195986
195741,195656
196429,195379
196317,196436
196317,196437
196317,196438
194876,195075
194876,195560
194876,196439
194876,194876
194876,196440
194876,195054
194876,196441
194876,196442
194876,195064
194876,196443
194876,196444
194876,195571
196019,195756
196019,196445
194876,196446
195743,196447
196448,195173
196448,196449
195847,195463
196450,196451
196450,196452
196450,195650
196450,196453
196450,196454
196448,195172
196450,196455
196450,196456
196457,194889
196448,196458
196448,196444
196448,194876
196448,196442
196450,196459
195847,194853
195743,196460
195743,195879
195743,196461
195890,196462
195890,196463
195890,196464
195890,196465
195890,196466
195743,196467
195890,196468
195890,196078
195890,195800
195890,196469
195890,196470
195890,196008
195890,196471
195890,195805
195743,196472
195743,196473
195743,196474
195743,196475
195743,196476
195743,195881
195743,195862
195743,195882
195743,195885
195743,196477
195743,195890
195743,195887
195743,196478
195743,196479
195743,196480
195743,196481
195743,196482
195743,195727
195890,196483
195847,195548
195800,195104
195949,195954
195949,195956
195949,195016
195949,195957
195949,195958
195949,195063
195949,195953
195949,195534
195949,195959
195949,196262
195949,196263
195949,194991
195949,195891
195949,196484
195949,195530
195949,195309
195949,195952
195949,195950
195948,196484
195948,195309
195948,196485
195948,196486
195948,195058
195948,196487
195949,195951
195948,196488
195948,196489
195948,196490
195948,196491
195949,195944
195949,195960
195949,195955
195948,195568
195800,196492
195949,196485
195949,195058
195643,196493
195643,196494
195643,196495
195645,196496
195927,195695
196497,195800
195643,195645
195800,196399
195800,196498
195800,196497
195800,196499
195800,196500
195800,196501
195800,196052
195800,196295
195949,196486
195643,196502
195568,195530
195949,195948
195949,196487
195949,196488
195949,195568
195949,196489
195949,196490
195643,196503
195949,196491
195063,196504
195063,195016
195063,194991
195063,194872
195063,196505
195568,195016
195063,195903
195890,196478
195890,195927
195890,196506
195132,196420
195132,196507
195132,195049
195132,196508
195132,196509
195132,195829
195132,195754
195132,195093
195132,196510
195132,196424
195132,196511
195132,196512
195132,195130
195132,196513
195132,196421
195132,196273
195132,196514
195075,196515
195075,195543
195075,195489
195075,196516
195075,195546
195075,196154
195075,196517
195075,196518
195075,195014
195075,195062
195075,196519
195075,196520
195075,195331
195075,195049
195075,195087
195075,195329
195494,196515
195132,196521
195132,194965
195132,196522
195132,196523
195132,196524
195132,195502
196514,195754
196514,196420
195132,196525
196514,196526
196514,195049
196514,195132
196514,196508
196527,196528
196527,196529
196317,196530
196514,196507
195132,196375
195132,196389
195132,196286
195132,195578
195132,196531
195132,196532
195132,196533
195132,196534
195132,195131
195132,195206
195132,194921
195132,196272
195132,196535
195132,196536
195132,195364
195132,196394
195132,196395
195132,196537
195494,195221
195494,195075
195494,196538
195171,196018
196279,194896
196539,194899
196078,196052
196078,195476
196078,196540
195171,196541
196078,196542
196078,196543
196078,196544
196078,196545
196078,196546
196078,196289
196078,196547
196078,196548
196078,196549
195171,196317
195171,195644
195890,196550
195890,196551
196552,196552
195171,196553
195171,195384
195171,195679
195171,195539
195171,195304
195171,196554
195171,195986
195171,196386
195171,196555
195171,195641
195171,195640
195171,195180
196078,196556
196052,196078
196052,195851
195360,194982
195360,196557
195360,196558
195360,195360
195360,195371
195360,196559
195360,196339
195360,196560
195494,195543
195494,195489
195494,196561
195494,195016
195494,195062
195494,195494
195360,196562
195360,194981
194819,194825
194819,196563
196052,195476
196052,196564
196052,195060
196052,196565
196566,195650
196566,195483
196566,196567
196566,196568
196501,195800
196569,196570
194819,195465
194819,194838
194819,195316
194819,195901
194819,196571
195948,194991
195890,196572
194873,196573
195034,196402
195717,196574
195717,196575
195717,196576
195717,196577
195717,196578
195717,196358
195717,196579
195717,196580
195717,195138
195717,196581
195717,196582
195717,196583
195717,196584
195717,195886
195717,196585
195717,195885
195717,196586
195717,195816
195717,196587
195717,196588
195717,195094
195717,196589
195717,195473
195717,196590
195886,195878
195886,196591
195886,196592
195886,196593
195886,196385
195886,195727
195886,195578
195886,196524
195886,196594
195886,195293
195886,196595
195886,194831
195886,195889
195886,195161
195886,196596
195886,195885
195886,196597
195886,195882
195886,195862
195886,195162
195886,196598
195886,196599
195886,196600
195886,196476
195886,196447
195717,195828
195717,196601
195717,196303
195717,196602
195158,196603
195158,196604
195158,194921
195158,196605
195158,196606
195158,196607
195158,196608
194981,196609
194981,196610
194981,196611
194981,196612
194981,196001
194981,196613
194981,196614
194981,196016
194981,196321
194981,196324
194981,196615
194981,196562
194981,196616
194981,196617
194981,195129
194981,196618
195158,196619
195886,195751
195158,195549
196608,194920
195717,196301
195717,196620
195717,196621
195717,196622
195717,196623
195717,195780
195717,195779
196273,196428
196273,195656
196273,195741
196273,195986
196273,195816
196273,196018
196273,195934
196273,195364
196273,195132
196273,196272
196273,195049
196273,196624
196624,196273
195099,195047
196625,196626
196603,194883
195158,196627
195886,196628
195886,196629
195886,196630
194981,196051
194981,196631
194981,195371
194981,194982
194981,196017
194981,194976
194981,196565
194981,196632
194981,196633
196321,196096
196321,194981
196321,196095
196321,196098
196321,196107
196321,196320
196321,196114
196107,196096
196107,196095
196107,196098
196107,196114
196107,194981
196107,196321
196107,196320
196108,196634
195550,195034
196108,196635
196636,196637
196638,195047
196638,194886
196639,196640
196639,195049
196639,196518
196640,195049
195049,196641
195049,195132
195049,196514
195049,195075
195049,195088
195273,194889
195273,196636
195273,195034
195273,195550
195273,194862
195273,196642
196636,195273
196636,194889
196636,196643
196636,195751
196636,195034
196636,195550
196108,196644
194981,196645
195550,196636
195550,195273
195756,196411
195756,195259
195756,196646
195756,196647
195756,195999
196648,195756
196649,196650
196651,196652
196638,194887
196638,194883
195019,195047
195019,195560
195019,196638
195019,196653
196654,195549
196654,194883
196654,195339
195886,196655
195886,195884
195886,196656
195886,196657
195886,196658
195886,196659
195756,196399
195550,194889
195756,195033
195756,195574
196643,196660
196643,195756
196643,196414
194889,196457
196661,196662
196661,195034
196661,194889
196661,195032
195034,195550
195034,195035
196638,195322
195034,196015
195034,196020
195034,195751
195034,195293
195034,196643
195034,194889
195034,195032
195034,196661
195756,195476
195756,196383
195756,196019
195756,195361
195756,196020
196638,195025
194981,196339
194981,196663
196664,196665
196664,196666
196664,196637
196664,196667
196664,196668
196669,196670
196671,195587
196672,195489
196673,195675
194981,195360
195158,196674
195158,196675
194837,196676
194837,195769
196664,196677
196678,195146
196679,196680
196681,195853
196682,196273
196682,196018
196682,196683
196682,196377
195853,195075
195853,195068
195853,195016
195853,196684
195853,196681
195853,195870
194848,194828
194848,194821
196679,196685
194848,194823
196664,196686
196664,194889
195468,196687
195468,196688
195468,196016
195468,196689
195468,196690
195468,196691
195468,196692
195468,196693
195468,195051
195468,196554
195468,196694
195468,196695
195468,196696
195468,196697
196664,196662
195468,196698
196699,195146
196700,195283
196701,195146
196702,194899
196703,194896
196704,196705
196704,196706
196704,196707
196704,194931
196708,196709
196710,195478
196664,196711
196664,196712
196664,196713
195468,194876
194848,194822
196638,194885
194848,194814
194883,194887
194883,195339
194883,195322
194887,194883
194883,195302
194883,195410
194883,196280
194883,195378
194883,195025
194883,195047
194883,196603
194883,194886
194883,196654
194883,195549
194883,196638
194883,195614
194883,196296
194883,195381
194883,196714
194883,195275
194883,194885
194883,196715
194883,196716
194883,195679
194883,194951
194883,196717
194883,194882
194883,194895
194883,196718
194848,196719
194883,196297
195339,194887
194883,196720
195339,194883
194848,194817
194848,196721
194848,194849
194848,194847
194848,196722
194848,194846
194848,196723
195339,195302
194848,196724
194848,196725
194848,194851
194848,196726
194848,196727
194848,194836
194836,196728
194848,196729
194836,194851
194836,194848
194981,196559
194981,196557
194981,196730
194981,196731
194981,196732
194981,196733
194981,195357
194981,194981
194887,196734
194887,194895
194887,194886
194981,196107
195339,195322
