15328,15329
15330,15331
15330,15332
15330,15333
15330,15334
15330,15335
15330,15336
15330,15337
15330,15338
15330,15339
15330,15340
15341,15342
15328,15343
15341,15344
15341,15345
15335,15346
15330,15347
15348,15349
15330,15350
15348,15351
15348,15352
15353,15354
15355,15356
15355,15357
15355,15358
15359,15360
15359,15361
15359,15362
15359,15363
15359,15364
15365,15346
15365,15331
15365,15366
15365,15367
15328,15368
15328,15369
15328,15364
15330,15370
15371,15372
15373,15352
15374,15357
15374,15356
15375,15376
15375,15377
15375,15351
15375,15378
15375,15379
15375,15356
15356,15380
15356,15381
15356,15382
15356,15383
15356,15384
15356,15377
15356,15385
15353,15351
15356,15386
15374,15351
15374,15358
15374,15355
15371,15387
15373,15351
15373,15353
15373,15388
15357,15389
15357,15351
15357,15373
15390,15391
15390,15378
15330,15346
15392,15393
15392,15394
15392,15395
15392,15396
15371,15397
15371,15398
15371,15399
15371,15400
15371,15371
15392,15401
15353,15402
15403,15404
15405,15406
15403,15407
15403,15408
15403,15346
15403,15353
15403,15409
15403,15410
15403,15411
15403,15412
15403,15413
15403,15414
15403,15415
15403,15416
15403,15417
15403,15418
15419,15351
15420,15332
15420,15421
15403,15422
15420,15331
15403,15423
15403,15424
15403,15425
15403,15426
15403,15427
15403,15428
15356,15429
15403,15339
15403,15430
15403,15354
15403,15431
15403,15432
15403,15433
15403,15434
15403,15435
15403,15340
15403,15436
15403,15437
15403,15438
15403,15370
15420,15334
15420,15439
15420,15346
15440,15441
15440,15442
15440,15443
15440,15444
15440,15445
15446,15447
15446,15448
15446,15449
15450,15446
15405,15451
15405,15452
15405,15453
15405,15454
15405,15455
15405,15456
15405,15457
15405,15458
15440,15459
15440,15460
15461,15364
15462,15351
15420,15463
15464,15351
15465,15466
15465,15467
15465,15468
15465,15469
15470,15471
15470,15472
15405,15473
15470,15474
15470,15346
15472,15471
15472,15474
15472,15470
15472,15475
15472,15346
15476,15421
15476,15346
15470,15475
15356,15477
15478,15479
15356,15480
15481,15482
15481,15483
15484,15485
15484,15421
15484,15486
15484,15346
15478,15487
15478,15331
15478,15488
15478,15489
15478,15490
15478,15347
15478,15491
15478,15492
15493,15467
15493,15494
15493,15468
15481,15495
15493,15496
15481,15351
15481,15497
15498,15376
15498,15499
15498,15385
15498,15500
15498,15501
15498,15502
15498,15349
15498,15503
15481,15504
15481,15505
15481,15506
15481,15507
15481,15508
15481,15509
15481,15510
15481,15388
15481,15511
15481,15389
15493,15512
15493,15513
15493,15514
15368,15515
15368,15351
15368,15516
15368,15517
15368,15518
15368,15519
15368,15520
15368,15510
15521,15368
15521,15522
15521,15519
15521,15351
15521,15517
15521,15510
15521,15518
15403,15523
15524,15525
15368,15521
15368,15522
15526,15376
15526,15527
15493,15528
15493,15469
15529,15530
15529,15525
15524,15531
15524,15532
15524,15533
15524,15534
15498,15535
15524,15536
15442,15537
15442,15538
15442,15539
15442,15540
15442,15541
15442,15542
15442,15543
15526,15544
15442,15545
15356,15546
15498,15547
15349,15348
15378,15390
15378,15548
15378,15549
15378,15550
15378,15551
15378,15552
15378,15553
15378,15554
15378,15555
15378,15556
15378,15557
15378,15558
15378,15559
15378,15384
15378,15377
15378,15560
15378,15561
15378,15562
15378,15563
15378,15564
15378,15565
15356,15378
15356,15566
15356,15567
15356,15568
15356,15569
15356,15570
15356,15390
15356,15571
15356,15549
15356,15550
15356,15572
15356,15356
15356,15573
15356,15574
15356,15575
15378,15576
15378,15577
15378,15386
15378,15578
15378,15351
15378,15374
15388,15373
15388,15579
15388,15580
15388,15349
15388,15581
15388,15582
15388,15559
15388,15437
15388,15583
15388,15520
15388,15584
15349,15585
15349,15498
15349,15373
15349,15579
15349,15586
15349,15581
15388,15402
15510,15368
15510,15519
15510,15351
15378,15480
15378,15587
15378,15588
15378,15589
15378,15590
15378,15375
15378,15570
15378,15379
15498,15381
15378,15591
15378,15356
15378,15592
15378,15593
15378,15574
15378,15575
15378,15594
15510,15522
15510,15518
15378,15572
15403,15595
15488,15596
15403,15597
15598,15371
15598,15387
15599,15600
15599,15601
15599,15533
15599,15602
15599,15603
15599,15604
15599,15605
15599,15606
15599,15607
15599,15608
15599,15609
15599,15610
15599,15553
15599,15611
15599,15612
15598,15372
15599,15613
15598,15400
15598,15398
15614,15615
15614,15616
15614,15617
15614,15618
15614,15619
15488,15476
15488,15620
15488,15421
15488,15449
15488,15621
15488,15595
15488,15622
15488,15623
15488,15346
15488,15624
15598,15625
15598,15397
15598,15399
15614,15626
15599,15627
15599,15628
15629,15630
15629,15631
15629,15632
15629,15633
15629,15634
15629,15635
15629,15636
15629,15637
15629,15638
15629,15639
15629,15640
15629,15641
15629,15642
15629,15643
15629,15644
15629,15645
15629,15646
15629,15647
15599,15478
15629,15648
15629,15649
15599,15536
15599,15650
15599,15651
15599,15652
15599,15653
15654,15655
15656,15364
15656,15360
15629,15657
15629,15658
15629,15659
15629,15660
15629,15661
15629,15662
15629,15663
15629,15664
15629,15665
15629,15666
15614,15667
15614,15668
15614,15669
15670,15671
15670,15672
15670,15346
15670,15673
15670,15674
15670,15675
15670,15676
15442,15677
15670,15678
15670,15679
15670,15680
15670,15681
15670,15420
15670,15682
15683,15684
15685,15686
15685,15687
15670,15688
15685,15689
15670,15690
15670,15691
15670,15692
15670,15693
15670,15694
15670,15695
15670,15696
15670,15415
15670,15697
15670,15698
15670,15699
15670,15700
15670,15335
15670,15701
15670,15702
15670,15703
15670,15704
15670,15705
15670,15706
15670,15707
15685,15389
15685,15351
15685,15708
15614,15709
15614,15710
15614,15711
15614,15712
15614,15713
15614,15714
15614,15715
15614,15716
15614,15717
15614,15718
15614,15719
15614,15720
15614,15721
15614,15722
15614,15723
15614,15724
15614,15725
15614,15726
15614,15727
15614,15728
15614,15729
15685,15730
15685,15731
15685,15732
15685,15733
15685,15734
15735,15736
15735,15737
15735,15738
15629,15739
15735,15740
15735,15741
15735,15376
15735,15742
15735,15743
15735,15744
15735,15745
15614,15614
15614,15746
15735,15747
15403,15748
15629,15749
15629,15750
15751,15519
15751,15522
15751,15752
15751,15753
15751,15754
15751,15755
15751,15756
15751,15757
15751,15758
15759,15478
15759,15346
15759,15492
15760,15761
15760,15762
15760,15595
15760,15759
15760,15763
15751,15437
15760,15487
15751,15764
15751,15351
15764,15538
15764,15765
15764,15437
15764,15519
15764,15522
15764,15752
15764,15753
15764,15754
15764,15755
15764,15756
15764,15757
15764,15758
15751,15766
15751,15388
15751,15767
15751,15559
15751,15768
15751,15538
15764,15351
15760,15331
15760,15491
15403,15689
15403,15769
15403,15770
15403,15771
15403,15446
15403,15772
15403,15773
15403,15338
15403,15476
15403,15774
15403,15421
15403,15775
15403,15776
15403,15777
15403,15778
15403,15621
15403,15779
15403,15559
15760,15780
15403,15781
15403,15596
15760,15346
15760,15492
15760,15415
15760,15782
15783,15346
15784,15785
15784,15786
15784,15787
15784,15469
15788,15446
15789,15790
15761,15446
15403,15791
15403,15792
15403,15793
15403,15794
15403,15795
15403,15761
15764,15751
15764,15768
15764,15559
15796,15797
15796,15798
15796,15799
15796,15535
15796,15800
15796,15801
15796,15802
15796,15803
15796,15500
15796,15502
15796,15804
15796,15805
15796,15806
15796,15807
15796,15808
15796,15809
15796,15810
15796,15811
15796,15498
15796,15381
15796,15812
15629,15813
15629,15814
15629,15815
15629,15816
15629,15469
15629,15817
15818,15819
15818,15525
15514,15513
15514,15820
15514,15493
15514,15821
15514,15822
15514,15469
15823,15469
15796,15824
15796,15825
15796,15826
15809,15827
15809,15828
15809,15381
15809,15829
15809,15807
15809,15808
15809,15830
15809,15831
15809,15832
15809,15833
15809,15834
15809,15835
15809,15836
15809,15837
15809,15838
15809,15839
15809,15840
15764,15766
15764,15388
15764,15767
15809,15841
15809,15842
15809,15501
15809,15843
15809,15844
15809,15845
15809,15846
15809,15847
15809,15848
15809,15849
15809,15382
15809,15850
15629,15851
15809,15535
15809,15801
15809,15852
15809,15853
15809,15854
15809,15855
15809,15856
15809,15857
15809,15796
15809,15499
15445,15858
15670,15859
15445,15860
15670,15861
15670,15862
15670,15863
15670,15864
15670,15865
15670,15866
15694,15867
15694,15452
15868,15869
15868,15870
15868,15871
15670,15872
15868,15873
15868,15874
15875,15876
15875,15877
15875,15878
15875,15879
15875,15880
15875,15881
15875,15882
15875,15883
15875,15884
15875,15885
15868,15886
15670,15887
15670,15471
15670,15888
15670,15405
15670,15889
15670,15890
15670,15891
15670,15892
15670,15893
15670,15894
15670,15895
15670,15896
15670,15897
15670,15898
15670,15899
15670,15900
15670,15596
15670,15901
15670,15472
15670,15902
15670,15903
15670,15904
15670,15905
15670,15600
15670,15906
15670,15907
15670,15908
15670,15909
15875,15910
15670,15911
15875,15708
15875,15454
15912,15913
15912,15914
15912,15915
15912,15916
15912,15917
15912,15918
15912,15919
15912,15920
15912,15452
15912,15921
15912,15922
15923,15924
15912,15385
15921,15914
15921,15915
15921,15916
15921,15917
15921,15918
15921,15919
15921,15920
15921,15925
15921,15912
15921,15452
15921,15922
15921,15913
15923,15926
15923,15726
15923,15927
15875,15928
15875,15446
15875,15929
15875,15930
15875,15447
15875,15931
15932,15933
15934,15525
15935,15936
15935,15937
15935,15938
15935,15939
15935,15940
15935,15941
15935,15942
15935,15943
15935,15944
15935,15945
15946,15947
15923,15948
15923,15878
15923,15949
15923,15950
15923,15951
15923,15952
15875,15953
15670,15954
15670,15955
15670,15956
15670,15957
15670,15958
15670,15959
15670,15960
15670,15961
15670,15962
15670,15963
15670,15964
15670,15965
15670,15966
15670,15967
15670,15968
15670,15969
15670,15970
15670,15971
15670,15470
15670,15972
15670,15610
15670,15973
15670,15974
15670,15975
15670,15976
15670,15977
15670,15978
15670,15979
15670,15980
15670,15981
15670,15982
15670,15983
15670,15984
15670,15985
15670,15986
15670,15987
15670,15988
15670,15989
15670,15990
15670,15991
15670,15992
15670,15993
15670,15994
15670,15439
15670,15780
15670,15995
15670,15334
15670,15996
15670,15997
15670,15998
15670,15999
15670,16000
15670,16001
15670,15611
15670,16002
15670,16003
15670,16004
15670,16005
15670,16006
15670,16007
15670,16008
15670,16009
15670,16010
15670,16011
15670,16012
15670,16013
15670,16014
15670,16015
15670,16016
15670,16017
15670,16018
15670,16019
15670,15421
15670,16020
15670,16021
15670,16022
15670,16023
15670,15455
15670,16024
15670,16025
15670,16026
15670,16027
15670,16028
15670,16029
15670,15762
15670,15474
16030,16031
15670,16032
15670,15621
15670,16033
15670,15670
15670,16034
15670,16035
15670,16036
15670,15763
15670,16037
15670,16038
15670,16039
15670,15365
15670,16040
15670,15759
15670,16041
15670,16042
15670,16043
15670,16044
15670,16045
15670,16046
15670,15484
15670,15444
15670,15443
15670,16047
15670,16048
15670,16049
15670,16050
15670,16051
15670,15475
16030,16052
16030,15447
16053,16054
16053,16055
16053,16056
16053,16057
16053,15452
16053,16058
16053,16059
16053,16060
16053,16061
16053,16062
16053,16063
16053,16064
16053,16065
16053,16066
16067,16068
16067,15469
16067,15822
16067,16069
16067,15821
16067,16070
16067,16071
16067,16072
16067,16073
16067,16074
16053,16075
16053,16076
16053,15454
16053,16077
16053,16078
16053,16079
16053,16080
16053,16081
16053,16082
16053,16083
16053,16084
16053,16085
16053,16086
16053,16087
16053,15860
16053,16088
16053,16089
16053,16090
16053,16091
16053,16092
16053,16049
16053,15858
16053,16093
16053,16094
16053,16095
16053,16096
16053,16097
16053,16098
16053,16099
16067,15493
16053,16100
16067,15820
16067,16101
16102,16103
16102,15708
16102,15953
16102,16104
16102,16105
16102,15454
16102,15446
16102,16106
16102,15447
16107,16108
16109,15570
16102,16110
16109,15477
16109,16111
16109,15446
16109,16112
16109,15788
16113,15582
16113,15349
16113,15477
16113,15351
16113,15383
16113,15388
16113,15788
16109,15527
16102,15910
16102,15885
16102,16114
16067,16115
16067,15513
16067,16116
16067,15514
16067,16117
16067,16118
16119,15481
16120,15469
16102,16121
16102,16122
16102,16123
16102,16124
16102,16125
16102,15878
16102,16126
16102,15881
16102,16127
16102,16128
16102,16129
16102,16130
16102,15882
16102,16131
16102,15884
16102,16132
16102,16133
16067,16134
16053,16135
16053,16136
16053,16137
16056,16138
16056,16088
16056,16139
16056,16140
16056,16141
16056,16090
16056,16091
16056,16142
16056,15858
16056,16143
16056,16093
16056,16144
16056,16094
16056,16145
16056,16096
16056,16097
16056,16098
16056,16077
16056,16146
16056,15454
16056,16064
16056,16054
16056,16055
16056,16056
16056,16095
16056,15860
16056,16147
16056,16148
16056,15867
16056,15452
16056,16149
16056,16150
16056,16151
16056,16152
16056,16153
16056,16154
16056,16155
16056,16156
16056,15915
16056,16157
16056,16158
16056,16159
16056,16160
16056,16137
16056,15445
16056,16161
16056,16135
16056,15916
16056,16079
16056,16081
16056,16082
16056,16083
16056,16085
16056,16057
16056,16162
16056,16163
16056,16164
16081,15381
16081,15825
16165,16166
16165,16167
16165,15831
16165,16168
16165,15807
16165,16169
16165,15719
16165,15855
16165,16170
16165,15852
16165,16171
16165,15381
16053,16149
16053,16150
16053,16151
16053,16152
16053,16153
16053,15867
16053,16172
16053,16155
16053,16157
16053,16158
16053,16159
16081,16173
16030,15446
16081,16056
16081,15849
16056,16059
16056,15381
16056,15442
16056,16060
16056,16062
16056,16063
16056,16065
16056,16174
16056,16175
16056,16075
16056,16066
16176,16177
16176,16178
16176,16179
16081,15498
16081,15810
16081,15809
16081,16180
16081,15807
16081,15806
16081,15502
16081,15501
16081,15802
16081,15800
16081,15535
16081,15811
15445,16181
15670,16182
15517,15570
16183,16184
16183,15534
16183,16185
16183,15336
16183,15533
16183,16186
16183,15602
16183,15532
16183,15338
16183,16187
16183,15339
16183,16188
16183,16189
16183,15536
16183,15525
16190,16191
15376,16192
15517,16193
15852,15845
16194,15579
16194,15548
16194,15527
16194,16195
16183,15524
16194,15376
16194,16196
16194,16170
16194,16197
16194,16198
15376,16199
15376,16200
16194,16201
15517,15577
16183,16202
16183,16203
15951,15948
15525,16204
15525,16205
15525,16184
15525,16206
15525,16207
15525,16208
15525,16209
15525,15536
15525,15336
15525,15819
15525,16210
15525,16211
15525,16212
15525,16213
15525,16214
15525,16202
16183,16215
15525,15524
15525,15529
15525,15579
15525,16189
15525,16183
16183,16183
15525,16216
15525,16217
15525,16187
15525,15534
15525,15533
15525,15337
15525,16218
15525,15339
15951,15878
15517,16219
15517,16196
15351,15517
15351,16220
15381,15852
15381,16221
15381,16170
15364,15654
15364,15369
15364,15656
15364,16222
15364,16223
15364,16224
15364,16225
15364,16226
15364,16227
15364,16228
15364,16229
15364,16230
15604,15607
15604,16231
16232,15364
15364,16233
15364,15364
15364,16234
15351,15357
15364,16235
15364,15601
15364,16232
15364,15329
15364,16236
15364,16237
15364,15363
15364,16238
15517,16112
15351,15373
15351,15353
15517,16239
15517,15565
15517,16240
15517,16241
15517,16242
15517,15546
15517,16243
15517,16244
15517,15548
15517,15881
15517,16245
15517,16246
15517,16247
15517,16248
15517,15368
15517,15520
15517,15527
15351,15519
15351,15510
15351,15354
15351,15402
15351,15507
15351,15368
15351,15389
15351,16249
15351,15522
15351,15521
15351,15518
15351,15356
15517,15477
15517,15351
15351,16250
15951,15949
16183,16251
15951,15952
15469,15468
15469,16252
15469,15785
15469,15786
15469,15784
15469,15496
15469,15465
15469,15493
15469,16253
15469,16190
15469,16254
15469,16255
16256,16257
16256,15355
16256,16258
16256,16259
16256,16260
16261,16262
16261,16263
16261,16264
16261,16265
16261,16266
16261,16256
15469,15514
16261,16267
16256,15878
16256,16268
16256,15880
16256,16269
16256,16270
16256,16271
16256,16272
16261,16273
15469,15528
16274,16275
15445,16276
15445,16079
15445,16277
15445,16278
15445,16279
15445,16280
15445,16281
15445,16282
15445,15442
16283,16284
16283,16285
16283,16179
16283,16286
16283,16287
16283,16288
16283,16289
16283,16290
15951,15950
16274,16291
16274,16292
16274,15376
16274,16293
16253,15469
15469,16294
16283,16295
16283,16296
16283,16297
16283,16298
16283,16299
16283,16300
16283,16301
16283,16302
16261,16303
16274,16304
16261,16305
16202,15525
16202,16306
16202,16203
16202,16307
16202,16308
16202,15534
16202,16309
16202,16183
16236,16224
16236,15655
16237,16310
16237,15363
16237,15364
16237,16311
16236,16238
16237,16312
16206,16313
16206,16309
16261,16314
15951,15927
15951,15726
15951,15926
15951,15924
15950,16258
16206,15525
16315,16206
16315,16202
16315,16316
16315,16317
16315,16318
16315,16319
16315,15529
16315,16320
16237,16321
16206,16322
16227,16323
16261,16324
16237,16325
16261,16326
16261,16327
16261,16328
16261,16329
16261,16330
16261,16331
16261,16332
16261,16333
16261,16334
16261,16220
16261,16335
16261,15506
16261,16336
16261,16337
16227,16338
16227,16339
16227,16340
16227,16341
16307,15536
16227,16342
16227,15364
16227,15369
16343,15346
15346,16344
15346,15598
15346,15335
15346,16345
16227,16346
16307,15525
