210682,210683
210682,210684
210682,210685
210682,210686
210682,210687
210682,210688
210682,210689
210682,210690
210682,210691
210682,210692
210682,210693
210682,210694
210682,210695
210682,210696
210682,210697
210682,210698
210682,210699
210682,210700
210682,210701
210682,210702
210682,210703
210682,210704
210682,210705
210682,210706
210707,210708
210709,210708
210682,210710
210709,210707
210711,210712
210713,210714
210715,210716
210717,210718
210719,210720
210719,210721
210719,210722
210719,210723
210719,210724
210719,210725
210719,210726
210719,210727
210719,210728
210729,210730
210731,210732
210731,210733
210682,210734
210682,210735
210682,210736
210682,210737
210719,210738
210739,210740
210682,210741
210739,210742
210739,210743
210739,210744
210739,210745
210739,210746
210739,210747
210739,210748
210739,210749
210739,210750
210739,210751
210739,210752
210739,210753
210739,210754
210739,210755
210739,210756
210739,210757
210739,210758
210739,210759
210739,210760
210739,210761
210739,210762
210739,210763
210739,210764
210682,210765
210739,210766
210739,210767
210682,210768
210682,210769
210682,210770
210682,210771
210682,210772
210682,210773
210682,210774
210682,210775
210682,210776
210682,210777
210739,210739
210682,210778
210682,210779
210682,210780
210682,210781
210682,210782
210682,210783
210682,210784
210739,210785
210739,210786
210739,210733
210739,210787
210682,210788
210707,210709
210789,210790
210791,210792
210793,210794
210793,210795
210793,210796
210793,210797
210793,210798
210793,210799
210793,210800
210789,210801
210789,210802
210789,210803
210789,210804
210789,210805
210789,210806
210789,210807
210789,210808
210789,210809
210789,210810
210789,210811
210789,210812
210789,210813
210789,210814
210793,210815
210816,210817
210816,210818
210816,210819
210820,210821
210739,210822
210823,210820
210823,210813
210823,210824
210823,210825
210823,210826
210823,210827
210823,210828
210823,210829
210789,210830
210823,210831
210823,210792
210823,210821
210832,210708
210833,210834
210833,210819
210833,210816
210833,210818
210833,210817
210816,210834
210816,210833
210823,210835
210789,210836
210789,210837
210789,210838
210839,210840
210841,210842
210843,210844
210843,210845
210843,210846
210844,210847
210844,210848
210844,210845
210844,210849
210844,210850
210839,210845
210844,210851
210791,210820
210791,210813
210791,210824
210791,210825
210791,210826
210791,210827
210791,210828
210791,210829
210791,210831
210791,210835
210791,210823
210791,210821
210789,210852
210789,210853
210789,210854
210789,210855
210789,210856
210789,210857
210789,210858
210789,210859
210789,210860
210789,210861
210789,210862
210789,210863
210789,210864
210789,210865
210789,210866
210789,210867
210789,210868
210789,210869
210789,210870
210789,210871
210789,210872
210789,210873
210789,210874
210789,210875
210789,210876
210877,210708
210878,210879
210880,210881
210882,210883
210884,210827
210885,210886
210885,210887
210885,210818
210888,210889
210888,210890
210888,210891
210888,210892
210888,210736
210893,210894
210888,210895
210888,210739
210888,210896
210888,210686
210888,210897
210888,210898
210888,210899
210888,210900
210888,210901
210888,210902
210888,210903
210888,210904
210888,210905
210893,210906
210907,210908
210909,210910
210909,210911
210909,210912
210909,210913
210914,210718
210915,210916
210915,210917
210915,210918
210915,210919
210915,210920
210893,210921
210915,210922
210915,210923
210915,210924
210915,210925
210915,210926
210915,210927
210915,210928
210915,210929
210915,210930
210907,210931
210907,210845
210915,210932
210933,210718
210888,210785
210888,210934
210888,210935
210888,210936
210888,210937
210888,210938
210888,210939
210888,210940
210888,210941
210888,210942
210888,210912
210888,210943
210888,210944
210888,210945
210888,210784
210946,210947
210946,210718
210946,210948
210946,210949
210946,210950
210946,210951
210946,210952
210953,210718
210820,210792
210888,210954
210888,210955
210888,210956
210888,210957
210888,210958
210888,210959
210888,210960
210888,210961
210888,210962
210888,210963
210888,210701
210888,210964
210888,210965
210888,210966
210888,210716
210888,210967
210888,210968
210888,210969
210888,210970
210888,210971
210888,210972
210888,210973
210888,210974
210888,210975
210888,210976
210888,210977
210888,210978
210979,210702
210980,210981
210980,210733
210982,210983
210982,210984
210982,210985
210982,210986
210982,210987
210982,210988
210982,210989
210982,210990
210982,210991
210982,210992
210982,210993
210982,210994
210995,210996
210995,210997
210995,210998
210995,210999
210995,211000
211001,210761
211002,211003
211002,210733
211002,211004
211002,210845
210995,211005
211006,211007
210982,211008
210982,211009
210880,210733
211010,211011
211012,211013
211012,211014
211015,211016
211015,211017
211015,211018
211019,211020
210822,210733
210982,211021
210982,210982
210982,211022
210982,210791
210982,210714
210982,211023
210982,211024
210982,210718
210982,211025
210982,211026
210982,211027
210982,210995
210982,210818
210982,211028
210980,211029
211006,211030
211006,211031
211032,211033
211034,210818
211035,211036
211037,211038
211037,211039
211037,211040
211037,211041
211037,211042
211037,211043
211037,211044
211032,211045
211037,211046
211037,211047
211037,211048
211037,211049
211037,211050
211037,211051
211037,211052
211037,211053
211037,211054
211037,211055
210980,211056
211037,211057
211006,211058
211032,211059
211060,211061
211006,211062
211006,211063
211006,211064
211006,211065
211006,211066
211006,211067
211006,211068
211006,210716
211006,211069
211006,211070
211071,211045
211006,211072
211006,211073
211006,210940
211006,211074
211006,211075
211006,211076
211030,211077
211030,211078
211030,211079
211080,211081
211080,210722
211006,211082
210820,210835
211083,211084
210820,210829
211085,211086
211085,211087
211085,211088
211085,211089
211085,211090
211085,211091
211085,211092
211085,211093
211085,211094
211085,211095
211085,211096
211085,211097
211085,211098
211085,211099
211085,211100
211085,211101
211085,211102
211085,211103
211085,211104
211085,211105
211085,211106
211085,211107
211085,211108
211085,211109
211085,211110
211085,211111
211085,211112
211113,211114
211113,211115
211113,211116
211113,211117
211113,211118
211113,211119
211113,211120
211113,211121
211113,211122
211113,211123
211113,211124
211085,211125
211085,211126
211085,211127
211085,211128
211085,211129
211085,211130
211085,211131
211085,211132
211085,211133
211085,211134
211085,211135
211085,211136
211085,211137
211113,211138
211085,211139
211085,211140
211085,211141
211085,211142
211085,211143
211085,211144
211085,211145
211085,211146
211085,211147
211085,211148
211085,211149
211085,211150
211085,211151
211085,211152
211085,211153
211085,211154
211085,211155
211085,211156
211085,211157
211085,211158
211159,211072
211159,211160
211159,211161
211159,211162
211159,211163
211085,211164
211085,211165
211085,211166
211085,211167
211085,211168
211085,211169
211085,211170
211085,211171
211085,211172
211085,211173
211085,211174
211085,211175
211085,211176
211085,211177
211085,211178
211085,211179
211085,211180
211085,211181
211085,211182
211085,211183
211085,211184
211085,211185
211085,211186
211085,211187
211085,211188
211085,211189
211085,211190
211085,211191
211159,211192
211113,211193
211113,211194
211195,211196
211195,211197
211195,211198
211195,211199
211195,211200
211195,211201
211195,211202
211195,211203
211195,211204
211205,211206
211205,210741
211205,211207
211205,211208
211205,210891
211205,210736
211205,210686
211205,210898
211205,210899
211205,211209
211205,211210
211205,210964
211205,210969
211205,211211
211195,211212
211205,211213
211195,211214
211195,211215
211216,211217
211216,211218
211216,211219
211216,211220
211216,211221
211216,211222
211216,211223
211216,211224
211216,211225
211216,211226
211216,211227
211216,211228
211216,211229
211216,211230
211216,211231
211216,211232
211023,211233
211023,211234
211023,210982
211023,211235
211236,211237
211236,211238
211236,210733
211195,211239
211113,211240
211205,210938
211205,211241
211242,211243
211242,211244
211242,210702
211242,211245
211246,211247
211246,211248
211246,211249
211246,211250
211246,211251
211246,210771
211246,211252
211246,211253
211246,211254
211246,211205
211246,211255
211246,211256
211246,211246
211248,210714
211257,211258
211257,211259
211257,211260
211113,211261
211113,211262
210864,211263
211205,211264
210864,211265
211266,211267
211268,211059
211268,211045
211132,211112
211132,211111
211132,211109
211132,211090
211132,211100
211132,211102
211132,211104
211132,210708
211269,210947
211269,211270
211269,211271
211269,210718
211269,211272
211269,211273
211269,211274
211269,211275
211269,211276
211274,210718
211266,211277
211266,211278
211266,211279
211266,211280
211159,211281
211282,211283
211282,211284
211285,211286
211285,211287
211285,211288
211285,211289
211285,211290
211285,211291
211285,211292
211285,211293
211285,211294
211285,211295
211285,210768
211285,210831
211285,211296
211285,210769
211285,211297
211285,211298
211285,211299
211285,211300
211285,211301
211285,211008
211285,211302
211285,211303
211285,211304
211285,211305
211285,211306
211285,210710
211285,211009
211285,211307
211285,210785
211285,211308
211285,211309
211285,211310
211285,211311
211285,211312
211285,211313
211285,211314
211285,211315
211285,211056
211285,211234
211285,211316
211285,211317
211285,211318
211285,211319
211285,210701
211285,211320
211285,211321
211285,211322
211285,211323
211285,211324
211285,211325
211285,211326
211285,211327
211285,211328
211285,211329
211285,211330
211285,210987
211285,211331
211285,211332
211285,211333
211285,210988
211285,211334
211285,210989
211285,210990
210820,210831
211285,211335
211285,211336
211285,211337
211285,211338
211285,211339
211285,211340
211285,211341
211285,211233
211285,211342
211285,211205
211285,210780
211285,211343
211285,211344
211285,211000
211285,211345
211285,211346
211285,210986
211285,211347
211285,211348
211285,211349
211285,211350
211285,211351
211285,211352
211285,211353
211285,211354
211285,211355
211285,211356
211285,211357
211285,210993
211285,211358
211285,211359
211285,211360
211285,211361
211285,211362
211285,211363
211285,210776
211285,210984
211285,211364
211285,211365
211285,210940
211285,211366
211285,211367
211285,211368
211285,211257
211285,210705
211285,211369
211285,211370
211285,211371
211285,211372
211285,211373
211285,211021
211285,211374
211285,211022
211285,211375
211285,211376
211285,210735
211285,211377
211285,211378
211285,211235
211285,211379
211285,211380
211285,210706
211285,211381
211285,211382
211285,211383
211285,210737
211285,211384
211285,211385
211285,211386
211285,211387
211388,211389
211282,211390
211282,211391
211282,211392
211282,211393
211282,211394
211282,211395
211282,210912
211396,211397
211396,211398
211396,211399
211396,211400
211396,211401
211396,211402
211396,211403
211388,211404
211388,211405
211388,211406
211388,211407
211388,211408
211388,211409
211388,211410
211388,211411
211388,211412
211285,211413
211285,211414
211285,211415
211285,211416
211285,210703
211285,211417
211285,211418
211285,210693
211285,211419
211285,211420
211285,210718
211285,211421
211285,211422
211285,210694
211285,211423
211285,210692
211285,210695
211285,211424
211285,211083
211285,211425
211285,211426
211285,211427
211285,211428
211285,211429
211285,211430
211285,211431
211285,211163
211285,211432
211285,211433
211285,211434
211285,211435
211285,211436
211285,210685
211285,211437
211285,211438
211285,211439
211285,211440
211285,211041
211285,210686
211285,210897
211285,210690
211285,211441
211216,211442
211285,211443
211285,211444
211285,211023
211285,211445
211285,211446
211285,211447
211285,211448
211285,211449
211285,211058
211285,211450
211285,210691
211285,211024
211285,211451
211216,211452
211216,211453
211454,211455
211456,211457
211456,211458
211456,211459
211456,211460
211456,211461
211456,211462
211456,211463
211456,211445
211456,211464
211456,211465
211456,211466
211456,211467
211456,211468
211456,211469
211456,211470
211456,210708
211456,211471
211456,211472
211456,211473
211456,211474
211456,211475
211456,211476
211456,211477
210732,210789
211456,211478
210732,211479
210732,211480
210733,210733
210733,211481
210733,211482
210733,211483
210733,210715
210733,210731
210733,210880
210733,211484
210733,211485
210733,211444
210733,210902
210733,211486
210733,210969
210733,211487
210733,210779
210733,210784
210733,211488
210733,211489
210733,210980
210733,211490
210733,211491
210732,211492
210732,210733
210732,211493
210733,211492
211456,211494
211456,211495
210708,211496
210708,211497
210708,210923
210708,211132
210708,211498
210708,211499
210708,211401
210708,210832
210708,211500
210708,211501
210708,211393
210708,211502
210708,210877
210708,211503
210708,211504
210708,211505
210708,211506
210708,211507
210708,211508
211509,211510
211509,211511
211509,211512
211509,211513
210708,211396
211456,211514
210708,211515
210708,211516
211456,211517
211456,211518
211456,211519
211456,211520
211456,211521
211456,211522
211456,211515
211456,211523
211456,211524
211456,211525
211456,211526
211456,211527
211456,211528
211456,211505
211456,210784
211456,211529
211456,211530
211456,211531
211456,211532
211456,211533
211456,210779
210708,211445
210708,211531
210708,211533
210733,210732
211534,210912
211402,211535
211436,211355
211436,211536
211436,211537
211538,211539
211538,210967
211538,211045
211314,211083
211314,210891
211540,211541
211540,210702
211540,210774
210702,211540
210702,211542
210702,210979
210774,211543
210774,211544
211545,210718
210718,211546
210718,210950
210718,211024
211424,211547
211424,211548
211424,211549
211436,211550
210785,211551
211436,211552
211436,211538
211056,211553
211056,210967
211056,211554
211056,210972
211056,211314
211056,211555
211056,211424
211056,211556
211056,210945
211553,211557
211553,211444
211553,211293
211553,210940
210972,211558
210972,211559
210972,210691
210972,211025
210972,211299
211560,211561
211560,211562
211560,211563
211564,211565
211564,211566
211436,211567
210785,210786
210785,210716
210785,211568
211569,211570
211000,211571
211000,211402
211000,211572
211000,211573
211000,211574
211000,211575
211000,211576
211000,211529
211000,211567
211000,211577
211000,211005
211000,211578
211000,211579
211000,211580
211000,210997
211000,210998
211000,211581
211000,211582
211402,211583
211402,211584
211402,211585
211402,211586
211569,211587
211569,211588
211569,211589
211569,211590
210785,211591
210785,211592
210785,211593
210785,211163
210785,211594
210785,211487
210785,211595
210785,210961
210785,210715
210785,211596
210785,210789
211399,211597
211598,211599
211598,211600
211598,211601
211598,211602
211598,211603
211598,211266
211598,211604
211569,211605
211569,211606
211569,211607
211569,211608
211569,211609
211598,211610
211285,211611
211399,211499
211399,211401
211082,211612
211082,211544
211082,211613
211082,211614
211082,210779
211082,211615
211082,211616
211082,211617
211082,211618
211082,210784
211082,211619
211082,211620
211130,211102
211130,211621
211130,211622
211130,211128
211130,211623
211130,211135
211130,211088
211130,211394
211130,211100
211237,211624
211237,210733
211082,211625
211626,211627
211082,210942
211082,211628
211082,211629
211082,211630
211082,211065
211082,211553
211082,210934
211082,211631
211082,211056
211082,211632
211082,211633
211082,211634
211082,211539
211082,211635
211082,210967
211082,211293
211082,210969
211082,211636
211082,210771
211082,211637
211082,211638
211082,211639
211082,211640
211082,211520
211082,211641
211082,211642
211082,211419
211626,211643
211626,211644
211645,211646
211645,211504
211645,211647
211645,211648
211645,211649
211393,211393
211650,211651
211650,211652
211650,210708
211650,211645
211650,211653
211650,211654
211650,211655
211650,211646
211650,211504
211650,211647
211650,211648
211650,211649
211454,211656
211454,211657
211454,211658
211454,211659
211454,211660
211645,211650
211626,211661
211645,211393
211645,211654
211626,211662
211626,211663
211626,211664
211626,211665
211504,211651
211504,211666
211504,210708
211504,211645
211504,211390
211504,211653
211504,211654
211504,211655
211504,211667
211504,211393
211504,211650
211504,211647
211504,211648
211504,211668
211504,211646
211645,211651
211645,211652
211645,210708
211645,211653
211645,211655
211082,211669
211082,211670
211082,211444
211671,211672
211671,211673
211671,211674
211671,211561
211671,211675
211671,211676
211671,211102
211671,211677
211671,211633
210818,211678
210818,211679
210818,211680
210818,211681
210818,211682
210818,211683
210818,210818
210818,211684
210818,211685
210818,211686
210818,211687
210818,211688
210818,211689
210818,211690
210846,210845
210818,211691
211692,211693
211399,211694
211399,211396
211399,211695
211399,211696
211399,210685
211399,211445
211399,211697
211399,211531
211399,211698
211399,211516
211399,210698
211399,210700
211399,211495
211399,211517
211399,211402
211399,211699
211399,211403
211399,211700
211399,210945
211399,211701
211399,211056
211399,211359
211399,211393
211399,211394
211399,211162
210818,211702
210818,211703
210950,210718
211704,211705
211704,211544
211704,210945
211704,211706
211704,211707
211704,211528
210902,211708
210902,211056
210902,210969
211082,211709
211082,211710
211082,211711
211082,211712
211082,211557
211082,211713
211082,211714
211082,211382
211082,211715
211082,211716
211082,211717
211082,211013
211082,211159
211082,211718
211704,211699
211704,211719
211704,210772
211704,211720
210950,211546
211084,211721
211722,210714
211722,211723
211685,211682
211685,211724
211685,211725
211685,211683
211685,210818
211685,211684
211685,211685
211399,210708
211685,211686
211685,211726
211687,211683
211687,210818
211687,211686
211704,211727
211704,211538
211704,211555
211704,210698
211704,211728
211704,210770
211704,211729
211685,211687
211285,211730
211285,211731
210820,210823
210990,211732
210986,210827
210986,211733
211365,211025
211365,210714
211359,211734
211359,211735
211359,211736
211359,211737
211356,211550
211353,211738
211024,211545
211024,210717
211024,210718
210691,211739
210691,211740
210691,210685
210691,211741
211369,211316
211285,211742
211285,211743
211285,211744
211285,210784
211285,211745
211285,210781
210990,210718
211746,211747
211746,211081
211746,211748
211749,211750
211749,211751
211749,211752
210820,210813
210820,210824
210820,210825
210820,210826
210820,210827
210820,210828
211749,211753
211749,211754
211749,211755
211285,211256
211749,211756
211081,211757
211081,211758
211081,211759
211081,211760
211081,210722
211081,211761
211081,211762
211746,211763
211746,211760
211746,211764
211746,210722
211746,211761
211749,211765
211749,211766
211285,211767
211285,211768
211285,211769
211749,211770
