211771,211772
211771,211773
211771,211774
211771,211775
211771,211776
211771,211777
211771,211778
211771,211779
211771,211780
211771,211781
211771,211782
211771,211783
211771,211784
211771,211785
211771,211786
211771,211787
211771,211788
211771,211789
211771,211790
211771,211791
211771,211792
211771,211793
211771,211794
211771,211795
211771,211796
211771,211797
211771,211798
211771,211799
211771,211800
211771,211801
211771,211802
211771,211803
211771,211804
211771,211805
211771,211806
211771,211807
211771,211808
211771,211809
211771,211810
211771,211811
211771,211812
211771,211813
211771,211814
211771,211815
211771,211816
211771,211817
211771,211818
211771,211819
211771,211820
211771,211821
211771,211822
211771,211823
211771,211824
211771,211825
211771,211826
211827,211828
211771,211829
211830,211831
211830,211832
211830,211833
211830,211834
211830,211835
211830,211836
211830,211837
211830,211838
211830,211839
211830,211840
211830,211841
211830,211842
211830,211843
211830,211844
211830,211845
211830,211846
211830,211847
211830,211848
211830,211849
211850,211851
211852,211853
211852,211854
211852,211855
211830,211856
211852,211857
211830,211858
211830,211859
211860,211861
211860,211862
211860,211863
211860,211864
211865,211866
211865,211867
211865,211868
211865,211869
211865,211870
211865,211871
211865,211872
211865,211873
211865,211874
211865,211875
211865,211876
211865,211877
211865,211878
211865,211879
211865,211880
211865,211881
211865,211882
211865,211883
211884,211885
211830,211886
211771,211887
211852,211888
211852,211889
211890,211891
211892,211893
211892,211894
211892,211895
211892,211896
211892,211897
211892,211898
211899,211871
211899,211892
211900,211885
211900,211901
211902,211903
211904,211905
211904,211906
211904,211907
211904,211908
211904,211909
211771,211910
211771,211911
211771,211912
211771,211913
211771,211914
211771,211915
211890,211916
211852,211917
211890,211918
211890,211919
211852,211920
211852,211921
211852,211922
211852,211923
211852,211924
211852,211893
211852,211897
211925,211926
211925,211927
211925,211928
211925,211840
211925,211929
211930,211931
211932,211931
211932,211933
211934,211935
211890,211936
211890,211937
211890,211938
211890,211939
211890,211940
211890,211941
211890,211942
211890,211943
211771,211944
211771,211945
211771,211946
211897,211947
211897,211948
211897,211949
211950,211951
211950,211952
211950,211953
211950,211954
211897,211955
211950,211950
211951,211956
211957,211958
211959,211960
211959,211961
211959,211962
211959,211963
211959,211964
211951,211965
211897,211898
211897,211896
211897,211966
211967,211968
211967,211969
211897,211970
211897,211971
211897,211972
211897,211973
211897,211974
211897,211975
211897,211976
211897,211977
211897,211893
211897,211978
211897,211923
211897,211979
211897,211980
211897,211892
211897,211894
211959,211981
211967,211982
211959,211983
211959,211984
211904,211985
211904,211986
211904,211987
211904,211988
211904,211989
211904,211990
211904,211991
211904,211992
211904,211993
211994,211931
211994,211995
211996,211907
211996,211997
211996,211998
211996,211999
212000,212000
211904,212001
211904,212002
211904,212003
211904,212004
211959,212005
211959,212006
211959,212007
211959,212008
211959,212009
211959,212010
211961,212011
211961,212012
211904,212013
211904,212014
211904,212015
211904,212016
211904,212017
211904,212018
211904,212019
211904,212020
211904,212021
211959,212022
211967,212023
211967,212024
211967,212025
211771,212026
211771,212027
211771,212028
211771,212029
211771,212030
211771,212031
211771,212032
211771,212033
211771,212034
211771,212035
211771,212036
211771,212037
211771,212038
211771,212039
211771,212040
211771,212041
211860,212042
211771,212043
211771,212044
211771,212045
211771,212046
211771,212047
211771,212048
211771,212049
211771,212050
211771,212051
211771,212052
211771,212053
211771,212054
211771,212055
211771,212056
211771,212057
211771,212058
211771,212059
211771,212060
211771,212061
211771,212062
211771,212063
211771,212064
211771,212065
211771,212066
211771,212067
211771,212068
211771,212069
211771,212070
211771,212071
211771,212072
211771,212073
212074,212075
212076,212077
212078,211871
211871,212079
211871,211827
211871,212080
212081,212082
212081,212083
212084,211885
212085,212086
211771,212087
211771,212088
211771,212089
211771,212090
211771,212091
211771,212092
211771,212093
211771,212094
211771,212095
211771,212096
211771,212097
211771,212098
211771,212099
211771,212100
211771,212101
211771,212102
211771,212103
211771,212104
211771,212105
211771,212106
211771,212107
211771,212108
211860,212109
212110,212111
211860,212112
212113,212114
212115,212116
212115,212117
212115,212118
212115,212119
212120,212121
212122,212123
212124,212125
212122,212126
212122,212127
212122,212128
212122,212129
212122,212130
212122,212131
212122,212132
212122,212133
212122,212134
212124,212135
212124,212136
212124,212137
212124,212138
212124,212139
212124,212140
212124,212141
212124,212142
212124,212143
212124,212144
212124,212145
212124,212146
212124,212147
212124,212148
212124,212149
212124,211834
212124,212150
212124,212151
212124,212152
212124,212153
212122,212154
212124,212155
212122,212156
212122,212157
212122,212158
212122,212159
212122,212160
212122,212161
212122,212162
212122,212163
212122,212164
212122,212165
212122,212166
212122,212167
212122,212168
212122,212169
212122,212170
212122,212171
212122,212172
212122,212173
212122,212174
212122,212175
212122,212176
212122,212177
212122,212178
212122,212179
212122,212180
212122,212181
212122,212182
212122,212183
212122,212184
212122,212185
212122,212186
212122,212187
212122,211954
212122,212188
212122,212189
212122,212190
212122,212191
212122,212192
212122,212193
212122,212194
212124,212195
212124,212196
212124,212197
212115,212198
212115,212199
212115,212200
212115,212201
212115,212202
212115,212203
212115,212204
212115,212205
212115,212206
212115,212207
212115,212208
212115,212209
212115,212210
212115,212211
212115,212212
212115,212213
212115,212214
212115,212215
212115,212216
212115,212217
212115,212218
212115,212219
212115,212220
212115,212221
212115,212222
212115,212223
212115,212224
212115,212225
212115,212226
212115,212227
212115,212228
212115,212229
212115,212230
212115,212231
212115,212232
212115,212233
212115,212143
212115,212234
212115,212003
212115,212235
212115,212236
212227,211931
212237,212238
212239,212240
212241,211871
212242,211906
212243,211935
212244,212245
212246,212247
212248,212249
212248,212250
212248,212251
212248,212077
212248,212252
212248,212253
212248,212254
212255,212085
212124,212256
212227,212215
212122,212257
212258,212259
212258,211906
212115,212260
212115,212261
212115,212262
212115,212263
212115,212264
212115,212265
212115,212266
212115,212267
212115,212268
212115,212269
212115,211906
212115,212270
212115,212271
212115,211859
212258,211989
212258,212013
212258,212272
212258,212273
211860,211935
212122,212274
212122,211950
212275,211871
212275,212276
212275,212277
212275,212278
212279,212280
212281,212282
212281,212267
212283,212284
212285,211827
212285,212286
212287,211897
212287,211972
212287,212288
212287,212289
212287,212290
212110,212291
212285,211871
212283,211840
212122,212292
212122,212293
212122,212294
212122,212295
212122,212296
212122,212297
212122,212298
212122,212299
212122,212300
212122,212301
212122,212302
212122,212303
212122,212304
212122,211863
212122,212305
212122,212306
212122,212307
212122,212308
212122,212309
212110,212121
212122,212310
212110,212311
212110,212312
212110,212313
212110,212314
212110,212315
212316,212317
212318,212319
211860,212320
211860,212321
212110,212322
211860,212323
211860,212324
211860,212325
211860,212166
211860,211934
211860,211860
211860,212326
211860,212327
211860,212328
212110,212329
212110,212330
212110,212331
212110,212332
212110,212333
212110,212334
212110,212335
212110,212336
212110,212337
212110,212338
212339,212339
212110,212340
212110,212341
212110,212342
212110,212343
212110,212344
212110,212345
212110,212346
212110,212347
212110,212348
212110,212349
212122,211962
212122,212350
212122,211963
212122,212351
212122,212352
212122,212353
212122,212354
212122,212355
212122,212356
212122,212357
212122,212358
212122,212359
212122,212360
212122,212361
212122,212362
212122,212363
212122,212364
212122,212365
212122,212366
212122,212367
212122,212368
212122,212369
212122,212370
212122,212371
212122,212372
212122,212373
212122,212374
212122,212375
212122,212376
212122,212377
212122,212378
212122,212379
212122,212380
212122,212381
212122,212382
212122,212383
212122,212384
212122,212385
212122,212386
212122,212387
212122,212388
212122,212389
212122,212390
212122,212391
212122,211952
212122,212392
212122,212393
212122,212394
212122,212395
212122,212396
212122,212397
212122,212398
212122,212399
212122,211951
212122,212400
212122,212401
212122,212402
212122,212403
212122,212404
212122,212405
212122,212406
212122,212407
212122,212408
212122,212409
212122,212410
212122,212411
212122,211981
212122,212412
212122,212413
212122,212414
212122,212415
212122,212416
212122,212417
212122,212418
212122,212419
212122,212420
212122,212421
212122,211953
212122,212422
212122,212423
212122,212424
212122,212425
212122,212426
211827,212427
212428,212429
212430,212431
212432,212433
212432,212434
212432,212435
212432,212436
212432,212437
212432,212438
212432,212439
212432,212440
212432,212441
212432,212442
212432,212443
212432,212267
212432,212444
212432,212445
212432,212446
212432,212447
212432,212448
212432,212449
212432,212152
212432,212450
212432,212451
212432,212452
211961,211984
211961,212453
211961,212454
211961,212455
211961,212456
211961,212457
211961,212458
211961,212009
212432,212459
212432,212460
212432,212461
212432,212462
212432,212463
212432,212464
212432,212142
212432,212465
212432,212466
212432,212467
212432,212468
212460,211931
211961,212469
212152,211845
212152,212470
212267,212471
212267,212461
212267,212141
212267,212472
212267,212473
212267,212474
212267,212475
212267,212476
212267,212432
212267,212477
212267,212282
212267,211940
212267,212478
212420,212479
212420,212284
212420,212109
212420,212422
212420,212356
212267,212480
212267,212481
212267,212482
212267,212483
212152,212484
212152,212477
212152,212142
212267,212485
212267,212143
212267,212216
212267,212215
212267,212205
212267,212486
212267,212202
212267,212210
212267,212212
212267,212487
212267,212261
212267,212488
212267,212151
212267,212152
212267,212446
212267,212125
212152,212489
212420,211840
211961,212490
211961,212491
212492,212446
212492,212493
212492,212494
212492,212495
212492,212496
212492,212497
212492,212498
212492,212499
212492,212500
212492,212501
212492,212502
212492,212503
212492,212504
212492,212476
212492,212505
212492,212506
212492,212507
212492,212508
212492,212509
212492,212510
212492,212511
212492,212448
212215,212512
212215,212513
212215,212514
212215,212515
212215,212516
212215,212517
212215,212518
212215,212519
212215,212261
212215,212520
212215,212481
212215,212521
212215,212201
212478,211987
212504,212511
212504,211906
212504,212016
212492,211859
212492,212478
212492,212522
211961,211964
212492,212523
212492,212524
212496,211987
212496,212525
212496,212526
212390,212527
212390,212528
212390,212529
212390,212184
212390,212412
212496,212499
212390,211951
211827,212530
211827,212531
211827,212532
211827,212533
211827,212534
211827,211827
211827,212535
211827,212536
211827,212537
212492,212538
212492,212539
212492,212540
212492,212541
212492,212542
212492,211987
212492,212543
212492,212525
212492,212544
212492,212526
212492,212545
212492,212546
212492,212547
212492,212548
212492,212549
212492,212550
212492,212551
212492,212552
212492,212553
212492,212554
212492,212555
212492,212556
212492,212557
212215,212558
212420,212559
212109,212284
212021,211989
212021,212560
212021,212561
212021,212562
212021,212563
212021,212564
212021,212565
212021,212566
212021,212567
212021,212568
212021,212569
212021,212570
212021,212017
212021,211905
212021,212271
212021,212571
212021,212572
212573,212257
212021,212574
212021,211941
212021,211916
212021,212552
212013,212575
211906,212515
211906,212576
211906,211907
211906,212577
211906,212017
211906,212013
211906,212578
211906,212579
211906,212580
211906,212581
211906,212004
211906,212242
211906,212582
211906,212583
211906,212584
211906,211989
211906,211986
211906,212585
212573,212013
212013,212586
212587,212588
212317,212589
212590,212427
212590,212590
211827,212591
211827,212592
211827,212593
211827,212277
211827,212594
211827,212595
212590,212596
211827,212597
211827,212598
211827,212599
211827,212600
211827,212601
211827,212602
211827,212603
211827,212080
211827,212604
211827,212605
212590,211827
212590,212606
212590,212607
212317,212608
212317,212609
212317,212610
212317,212271
212317,212316
212317,212611
212317,212566
212317,211936
212612,212317
211928,212613
211928,212614
211928,212615
212590,212616
212590,212603
212590,212617
212590,212618
212590,212619
212590,212620
212590,212621
212317,212612
212420,212257
212013,212622
212013,212623
211931,212624
211931,211930
212625,212626
212625,212627
212628,211948
212628,211897
211948,211948
211948,212628
211931,212629
211948,211897
212630,212603
212630,212631
212630,212376
212630,212632
211992,212569
211992,212525
211992,211989
211992,211987
212630,211971
211931,212633
211931,212634
211931,212635
212109,211840
211840,212636
211840,212637
211840,211929
211840,212284
211840,212109
211840,212638
211840,212327
211840,212639
211840,212640
211840,212641
211933,211931
211933,212642
211933,212643
211931,212644
211931,212645
211931,211931
211931,212643
211931,212646
211992,212647
212013,212515
211992,211992
211992,212017
211987,211992
211987,212515
211987,212002
211987,212021
211987,212648
211987,212578
211987,211907
211987,212649
211987,211986
211987,212650
211987,212651
212013,211906
212013,211987
212013,212652
212013,212653
212013,212654
212013,212258
212013,212655
211987,212656
211987,212657
211987,212584
211987,211947
211992,212016
211992,212013
211992,212658
211992,211908
211992,211906
211992,211905
211992,212659
211987,212660
211987,212526
211987,212525
211987,212499
211987,212496
211987,212478
211987,212552
211987,211989
211987,212661
211987,212013
211987,212662
211987,212562
211992,212003
212663,212515
212663,212013
212663,211906
212664,212665
212664,212666
212667,211907
211998,211907
211998,211996
211999,211996
211999,211907
211999,212667
212664,212668
211999,212669
211999,211998
212670,211935
212589,211885
212633,211931
212633,211933
212633,212671
212672,211951
212673,212674
211999,211997
212664,212317
212664,212675
212664,212676
212677,212678
212677,212679
212677,212680
212677,212681
212677,212682
212677,212683
212677,212684
212677,212685
212677,212686
212677,212687
212376,211935
212376,212630
212688,212689
212688,212649
212688,212690
212375,212363
212375,211953
212375,211951
212656,212247
212673,212672
212677,212691
212673,212692
212673,211951
212660,211987
212693,212694
212693,212695
212693,212696
212693,212697
212693,212698
212693,212392
212693,212699
212660,212700
212693,212701
212693,212702
212629,211931
212703,212704
212703,212705
212703,212706
212703,212707
212703,212708
212703,212709
212693,212710
212711,212712
212713,212714
212713,212715
212716,211933
212716,212717
212716,212718
212716,212719
212716,212720
212716,212721
212716,211931
212716,212439
212716,212722
212713,212723
212713,212724
212713,212725
212713,212726
212713,212727
212713,212728
212713,212729
212713,212730
212713,212731
212713,212732
212673,212733
212703,212734
212677,212735
212677,212736
212737,212245
212738,212739
212738,212740
212631,212630
212741,212742
212741,212743
212741,211987
212477,212446
212650,211987
212477,212267
212477,212235
212477,212744
212477,212745
212477,212746
212477,212722
212477,212142
212477,212747
212477,212748
212477,212152
212749,212750
212749,212461
212749,212751
212327,211840
212327,211935
212752,212753
212323,212595
212323,212630
212323,212591
212610,212317
212609,212317
212754,212319
212755,212755
212755,212756
212749,212757
212749,212758
212749,212267
212749,212759
212749,212760
212749,212761
212749,212745
212749,212762
211923,211853
212677,212763
211923,212764
212765,211840
212677,212766
212677,212767
212677,212768
212677,212769
212677,212770
212677,212771
212677,212772
212677,212773
212677,212774
212677,212775
212677,212247
212677,212776
212677,212777
212677,212778
212677,212779
212677,212780
212677,212781
212677,212782
212677,212783
212677,212784
212677,212785
212677,212786
212646,211931
212787,212788
212213,212212
212213,212143
212213,212486
212213,212485
212213,212599
212677,212789
212677,212790
212677,212791
212677,212792
212677,212793
212677,212794
212677,212795
212677,212796
212677,212797
212677,212798
212677,212799
212677,212800
211923,211897
212703,212801
212703,212703
212703,212802
212803,212530
212803,212531
212803,211839
212803,212804
212803,212805
212803,212806
212803,212807
212803,212808
212803,212809
212803,212810
212803,212549
212803,212562
212605,211827
212605,211871
212605,212286
212253,212077
212811,212812
212811,212813
212803,212814
212803,212815
212803,212816
212803,212817
212644,211931
212818,212819
212818,212820
212818,212821
212808,211859
212808,212822
212808,211871
212803,212823
212803,212824
212803,211827
212803,212825
212803,211871
212803,212826
212803,212827
212803,212828
212803,212829
212803,212830
212803,212136
212803,212831
212811,212832
212566,212611
212811,212833
212811,212834
212485,212486
212485,212835
212485,212836
212485,212837
212485,212638
212485,212838
212485,212839
212485,212632
212485,212840
212527,212184
212527,212390
212527,212412
212527,211951
212527,212841
212527,212529
212529,211950
212529,212842
212529,211951
212527,212528
212485,212843
212485,212212
212485,212844
212811,212845
212811,212846
212811,212577
212811,212847
212811,212848
212811,212849
212850,212851
212486,212485
212485,212629
212485,212852
212485,212853
212485,212854
212485,212855
212485,212152
212485,212856
212485,211845
212485,212857
212485,211926
212485,212858
212811,212649
212566,212317
212566,211936
212859,211935
212860,212861
212860,212862
212860,212863
212860,212864
212860,212865
212860,212866
212860,212867
212860,212868
212278,212869
212860,212870
212860,212871
212860,212872
212860,212873
212860,212874
212860,212875
212860,212876
212860,212877
212860,212878
212860,212879
212278,212880
212278,212881
212278,212882
212703,212883
212703,212884
212703,212885
212261,212215
212886,212887
212886,211897
212888,212805
212888,212595
212888,212630
212888,212889
212888,212890
212888,212603
212888,212422
212888,212891
212278,211859
212278,212601
212278,212213
212278,212806
212278,212563
212860,212892
212860,212893
212860,212894
212860,212895
212896,212897
212896,212898
212896,212899
212896,212900
212004,211906
212004,212487
212004,212212
212004,212202
211935,212376
211935,212630
211935,212901
211935,212389
211935,212327
211935,212328
211935,211860
211935,212326
211935,212902
211935,211934
211935,212903
212896,212904
212905,212319
212896,212906
212896,212907
212860,212908
212860,212909
212860,212910
212860,212911
212860,212649
212860,212846
212860,212912
212860,212913
212860,212914
212860,212915
212860,212812
212860,212657
212860,212916
212896,212917
212896,212918
212896,212470
212896,212919
212896,212920
212896,212921
212896,212138
212115,212922
