238486,238487
238486,238488
238486,238489
238486,238490
238486,238491
238486,238492
238486,238493
238486,238494
238486,238495
238486,238496
238486,238497
238486,238498
238486,238499
238486,238500
238486,238501
238486,238502
238486,238503
238486,238504
238486,238505
238486,238506
238486,238507
238486,238508
238486,238509
238486,238510
238486,238486
238486,238511
238486,238512
238486,238513
238486,238514
238486,238515
238486,238516
238486,238517
238486,238518
238486,238519
238486,238520
238486,238521
238486,238522
238486,238523
238486,238524
238486,238525
238486,238526
238486,238527
238486,238528
238486,238529
238486,238530
238486,238531
238486,238532
238486,238533
238486,238534
238486,238535
238486,238536
238486,238537
238486,238538
238486,238539
238486,238540
238486,238541
238486,238542
238486,238543
238486,238544
238486,238545
238486,238546
238486,238547
238486,238548
238486,238549
238486,238550
238486,238551
238486,238552
238486,238553
238486,238554
238486,238555
238486,238556
238486,238557
238486,238558
238486,238559
238486,238560
238486,238561
238486,238562
238486,238563
238486,238564
238486,238565
238486,238566
238486,238567
238486,238568
238486,238569
238486,238570
238486,238571
238486,238572
238486,238573
238486,238574
238486,238575
238486,238576
238486,238577
238486,238578
238486,238579
238486,238580
238486,238581
238486,238582
238486,238583
238486,238584
238486,238585
238486,238586
238486,238587
238486,238588
238486,238589
238486,238590
238486,238591
238486,238592
238486,238593
238486,238594
238486,238595
238486,238596
238486,238597
238486,238598
238486,238599
238486,238600
238486,238601
238486,238602
238486,238603
238486,238604
238486,238605
238486,238606
238486,238607
238486,238608
238486,238609
238486,238610
238486,238611
238486,238612
238486,238613
238486,238614
238486,238615
238486,238616
238486,238617
238486,238618
238486,238619
238486,238620
238486,238621
238486,238622
238486,238623
238486,238624
238486,238625
238486,238626
238486,238627
238486,238628
238486,238629
238486,238630
238486,238631
238486,238632
238486,238633
238486,238634
238486,238635
238486,238636
238486,238637
238486,238638
238486,238639
238486,238640
238486,238641
238486,238642
238486,238643
238486,238644
238486,238645
238486,238646
238486,238647
238486,238648
238486,238649
238486,238650
238486,238651
238486,238652
238486,238653
238486,238654
238486,238655
238486,238656
238486,238657
238486,238658
238486,238659
238486,238660
238486,238661
238486,238662
238486,238663
238486,238664
238486,238665
238486,238666
238486,238667
238486,238668
238486,238669
238486,238670
238486,238671
238486,238672
238486,238673
238486,238674
238486,238675
238486,238676
238486,238677
238486,238678
238486,238679
238486,238680
238486,238681
238486,238682
238486,238683
238486,238684
238486,238685
238486,238686
238486,238687
238486,238688
238486,238689
238486,238690
238486,238691
238486,238692
238486,238693
238486,238694
238486,238695
238486,238696
238486,238697
238486,238698
238486,238699
238486,238700
238486,238701
238486,238702
238486,238703
238486,238704
238486,238705
238486,238706
238486,238707
238486,238708
238486,238709
238486,238710
238486,238711
238486,238712
238486,238713
238486,238714
238486,238715
238486,238716
238486,238717
238486,238718
238486,238719
238486,238720
238486,238721
238486,238722
238486,238723
238486,238724
238486,238725
238486,238726
238486,238727
238486,238728
238486,238729
238486,238730
238731,238732
238486,238733
238734,238735
238736,238737
238738,238739
238740,238741
238740,238742
238740,238743
238740,238744
238740,238745
238740,238746
238740,238747
238740,238748
238740,238749
238740,238750
238740,238751
238740,238752
238740,238753
238754,238755
238756,238757
238758,238759
238757,238756
238760,238761
238760,238762
238760,238763
238760,238764
238765,238766
238765,238767
238765,238763
238734,238768
238765,238769
238734,238770
238734,238771
238772,238773
238772,238774
238772,238775
238772,238776
238772,238732
238776,238777
238776,238772
238778,238779
238780,238778
238781,238782
238781,238783
238781,238784
238781,238785
238781,238786
238781,238787
238781,238788
238781,238789
238781,238790
238781,238791
238781,238792
238793,238794
238795,238796
238731,238787
238731,238797
238798,238799
238800,238801
238734,238802
238734,238803
238772,238804
238763,238805
238763,238806
238763,238807
238763,238808
238763,238809
238763,238810
238763,238762
238763,238811
238763,238812
238763,238813
238763,238814
238763,238815
238763,238816
238763,238817
238763,238818
238763,238819
238763,238820
238763,238821
238763,238822
238763,238823
238763,238824
238763,238825
238763,238826
238763,238827
238763,238828
238763,238829
238486,238830
238763,238831
238763,238832
238763,238760
238763,238833
238763,238834
238763,238835
238763,238836
238763,238837
238763,238838
238763,238839
238763,238840
238763,238841
238763,238842
238763,238843
238763,238844
238763,238845
238763,238846
238763,238847
238763,238848
238763,238849
238763,238850
238763,238851
238763,238852
238763,238853
238763,238854
238763,238855
238763,238856
238763,238857
238763,238766
238763,238858
238763,238859
238763,238860
238763,238861
238763,238862
238486,238863
238772,238864
238772,238865
238866,238867
238868,238869
238868,238870
238868,238871
238868,238866
238868,238872
238868,238873
238868,238874
238868,238875
238868,238876
238732,238877
238732,238878
238732,238772
238732,238879
238732,238880
238732,238881
238732,238882
238883,238884
238885,238886
238885,238788
238885,238887
238885,238772
238885,238888
238885,238889
238885,238890
238885,238891
238885,238892
238866,238893
238885,238894
238866,238873
238866,238868
238486,238895
238486,238896
238486,238897
238486,238898
238486,238899
238486,238900
238486,238901
238486,238902
238486,238903
238486,238904
238905,238906
238905,238907
238908,238909
238908,238910
238908,238539
238775,238772
238911,238912
238912,238911
238912,238913
238914,238801
238915,238916
238915,238917
238915,238914
238915,238801
238866,238869
238866,238870
238866,238871
238866,238872
238772,238918
238919,238920
238919,238921
238782,238922
238782,238923
238782,238924
238925,238778
238926,238927
238926,238928
238926,238929
238926,238930
238926,238931
238926,238932
238933,238934
238935,238936
238935,238937
238935,238795
238935,238938
238935,238756
238935,238939
238935,238940
238935,238941
238935,238942
238935,238943
238935,238944
238935,238945
238772,238862
238772,238946
238772,238821
238772,238947
238782,238948
238919,238949
238782,238950
238782,238801
238919,238778
238787,238731
238787,238914
238787,238951
238787,238915
238787,238952
238787,238953
238787,238954
238787,238955
238787,238956
238787,238957
238787,238958
238787,238959
238787,238960
238787,238961
238787,238962
238787,238963
238787,238782
238801,238914
238801,238915
238801,238800
238782,238787
238782,238790
238782,238786
238782,238781
238782,238964
238782,238965
238782,238966
238486,238967
238968,238969
238486,238970
238968,238971
238968,238972
238968,238973
238968,238974
238968,238975
238968,238961
238968,238976
238968,238790
238968,238977
238968,238978
238968,238979
238968,238980
238968,238981
238968,238982
238968,238983
238968,238731
238968,238781
238968,238984
238968,238985
238968,238986
238968,238987
238968,238988
238968,238989
238968,238965
238968,238858
238968,238990
238968,238991
238992,238993
238968,238994
238992,238995
238992,238996
238997,238998
238999,239000
238999,239001
238999,239002
238999,239003
239004,239005
239004,239006
239004,239007
239004,239008
239004,238911
239009,239010
239011,239012
239011,239013
239011,239014
239015,238741
239015,239016
239017,239018
239019,239020
239021,239022
239021,239023
239021,239024
239025,238772
238992,239026
238992,239027
238992,239028
238992,239029
238992,239030
238992,239031
239032,238759
238968,239033
238968,239034
238968,239028
238968,239035
238968,239036
238968,238780
238968,239037
238968,239038
238968,238952
238968,239039
238968,238953
238968,239040
238968,239041
238968,238800
238968,239042
238968,238954
238968,239043
238968,239044
238968,238960
238968,238799
238968,238778
238968,239045
238968,238966
238968,239046
238968,238916
238968,239047
238968,239048
238968,239049
238968,239050
238968,239051
238968,238951
238968,239052
238968,239053
238968,239054
238968,238779
238968,239055
238968,239056
238968,239057
238968,239058
238968,239059
238968,239060
238968,239061
238968,239062
238968,239063
238968,238782
238968,239064
238968,239065
238968,239066
238968,238968
238968,239067
238968,239068
238968,239069
238968,239070
238968,239071
238968,239072
238968,239073
238968,239074
238968,239075
238968,238797
238968,239076
238968,239077
238968,239078
239079,239080
239079,239081
239082,239083
239082,239084
239082,239085
239082,239086
239082,239087
239082,239088
239082,239089
239082,239090
239082,239091
239082,239092
239082,239093
239082,239094
239082,239095
239082,239096
239082,239097
239082,239098
239082,239099
239082,239100
239082,239101
239082,239102
239103,238541
239103,239082
239103,239104
239103,239102
239105,239106
239105,239107
239105,239108
239082,239109
239105,239110
239082,239111
239082,239112
239113,239114
238763,239115
239116,239117
239116,238949
239116,238778
239118,239119
239118,239120
239118,238778
239118,239121
239118,239122
239121,239123
239121,239124
239121,239125
239121,238978
239121,238778
239121,239118
239126,239127
239126,239018
239126,239128
239126,239129
239126,239130
239126,239131
239132,238778
239132,239133
239082,239134
239082,239135
239082,239136
239082,239137
239079,239138
239105,239139
239105,239140
239141,239142
239141,239143
239141,239144
239141,239145
239141,239146
239141,239147
239141,239130
239141,239148
239141,239149
239141,239150
239141,239151
239141,239152
239141,239153
238773,238772
239154,239155
239154,238911
239156,239157
239156,239158
239159,239160
239159,238916
239079,239161
239079,239162
239079,239163
239079,239164
239079,239165
239079,239166
239079,239167
239141,239168
239105,239169
239141,239170
239141,238959
239105,239171
239105,239172
239105,239173
239105,239174
239105,239175
239105,239176
239105,239177
239105,239178
239105,239179
239105,239180
239105,239181
239105,239182
239105,239183
239105,239184
239105,239185
239141,238805
239141,239186
239141,239187
239141,239188
239141,239189
239141,238787
239141,239190
239141,239191
239141,239192
239141,239193
239141,239194
239141,238801
239141,239195
238486,239196
238968,239197
238968,239198
239199,239200
239199,239201
239202,239203
239028,239204
239028,239205
239028,239206
239028,238992
239028,239207
239028,239208
239028,239036
239028,239209
239028,239210
239028,238976
239028,239211
239028,239212
239213,239214
239215,239216
239215,239217
239215,238872
239218,239018
239218,239219
239220,238858
239220,239221
239220,239222
239220,239223
239018,239017
239018,239218
239199,239224
239018,239225
239199,239226
239199,239227
239199,239222
239199,239228
239199,239229
239199,239230
239199,239231
239199,239232
239199,239233
239199,239234
239199,239235
239199,239236
239199,239237
239199,238828
239199,239238
239199,239239
239199,239240
239199,239241
239199,239242
239199,239243
239199,239244
239199,239245
239199,239246
239199,239247
239199,239248
239199,239249
239199,239250
239199,239251
239199,239252
239199,239253
239199,239254
239018,239255
239256,238772
239257,239258
238486,239259
238486,239260
238486,239261
238486,239262
238486,239263
238486,239264
238486,239265
238486,239266
238486,239267
238486,239268
238486,239269
238486,239270
238486,239271
238486,239272
238486,239273
238486,239274
238486,239275
238486,239276
238486,239277
238486,239278
238486,239279
238486,239280
238486,239281
238486,239163
238486,239282
238486,239283
239257,239284
239018,239219
239257,239285
239257,239286
239287,238844
239287,238757
239287,238851
239287,238766
239287,239288
239287,239289
239287,239290
239287,239291
239287,238763
239287,238827
239287,238832
239292,239293
239292,239294
239292,239295
239292,239296
239292,239297
239292,239298
238962,239157
238962,239299
239300,239157
238774,238772
238774,238894
239257,239301
239257,239302
239257,239303
239257,239304
239257,239305
239257,239306
238968,238963
239199,239307
239199,239018
239308,239309
239308,239202
239308,238801
239308,239310
239308,239311
239308,238778
239308,239312
238977,238972
238977,238974
238977,238975
238977,238978
238977,239313
238977,238982
238977,238731
238977,239314
238977,238986
238977,238858
238977,239033
238977,239124
238977,239204
238977,239315
238977,239058
238977,238782
238977,238801
238977,238968
238977,239070
238977,239071
238968,239316
238977,239072
238968,238801
238968,238787
238968,238955
238968,239223
238968,239317
238968,239318
238968,238890
238968,239319
238968,239320
238968,239321
238968,239322
238968,238950
238968,239323
238968,238948
238968,239324
238968,238922
238968,239325
238968,239326
238968,239327
238968,239328
238968,239312
238968,239329
238968,238923
238968,239330
238968,238924
238968,239308
238968,238956
238968,239331
238968,238957
238968,239332
239199,239333
238977,239077
238977,239036
238977,239329
238977,238923
238977,238924
238977,239308
239036,239028
239334,239028
239334,239036
239335,238757
239335,239336
239337,239338
239337,239339
239337,239307
239337,239340
239337,239233
239337,239341
239342,239018
239342,239343
239342,239344
239345,239345
239127,239018
239199,238805
239199,239346
239199,239347
239199,239348
239199,239349
239199,239350
239199,239351
238977,239312
238977,239028
238977,239328
238977,239352
238977,239038
238977,239353
238977,239354
238977,239355
238977,238953
238977,239356
238977,239041
238977,239042
238977,239043
238977,239357
238977,239125
238977,238778
238977,239210
238977,239358
238977,238916
238977,239049
238977,239359
238977,239198
238977,239360
238977,239223
238977,239361
238977,239362
238977,239363
238977,238950
238977,239364
238977,239326
238977,239365
238977,239366
238763,239367
239368,238741
238763,239369
239370,239371
239370,239372
239370,239373
239370,239374
239370,239375
239370,239376
239370,239377
239370,239378
239370,239379
239370,239380
239370,239381
239370,239382
239370,239383
239370,239384
239370,239385
239370,239386
239370,239387
239370,239388
239370,239389
239370,239390
239370,239391
239370,239392
239370,239393
239370,238533
239370,238534
239370,239394
239370,239395
239370,239396
239370,238710
239370,239397
239398,239399
239400,239401
239400,239402
239400,239403
239370,239404
239370,239405
239370,239406
239370,239407
239370,239408
239370,239409
239370,239410
239370,239411
239370,239412
239370,239413
239370,239414
239370,239415
239370,239416
239370,239417
239370,239418
239370,239419
239370,239420
239370,239421
239370,239422
239370,239160
239370,239423
239370,239424
239370,239425
239370,239426
239370,239427
239370,239428
239370,239429
239370,239430
239370,239431
239370,239432
239370,239433
239434,239018
239435,239436
239435,239163
239435,239164
239435,238737
239435,239437
239435,239438
239435,239081
239435,239138
239435,239439
239440,238925
239440,238778
239441,239442
239441,238778
239443,239444
239443,239445
239443,239446
239443,239447
239443,239448
239443,239449
239443,239450
239443,239451
239443,238970
239370,239452
239453,239454
239370,239455
239370,239456
239370,239457
239370,239458
239370,239459
239370,239460
239370,239461
239370,239462
239370,239463
239370,239464
239370,239465
239370,239466
239370,239467
239370,239468
239370,239469
239370,239470
239370,239471
239370,239472
239370,239473
239370,239474
239370,239475
239370,239476
239370,239477
239370,239478
239370,239479
239370,239480
239370,239370
239370,239481
239370,239482
239370,239483
239453,239154
239453,238905
239453,239484
239485,239486
239487,239090
239487,239010
239487,239104
239487,239488
239488,239090
239488,239010
239488,239104
239489,239160
239490,239491
239490,239492
239490,239493
239494,239495
239496,239018
239496,239497
239498,239368
239498,239499
239498,238766
239498,239500
239498,239501
239502,238741
239502,239503
239502,239504
239505,239506
239505,238841
239505,239127
239505,239507
239485,239508
239505,239018
239485,239509
239485,239510
239113,239511
239113,238757
239113,238844
239113,239512
239113,239513
239514,239515
239514,239516
239514,239517
239514,239518
239514,239519
239514,239520
239514,239521
239514,239522
239514,239523
239514,239403
239514,239524
239514,239525
239514,239200
239514,239526
239514,239527
239514,239528
239514,239529
239514,239530
239514,239531
239514,239132
239532,239160
239485,239400
239485,239066
239443,239533
239505,239534
239535,239536
239537,239538
239537,239539
239537,239540
239537,238827
239537,238828
239537,239239
239537,239240
239537,238831
239537,239115
239537,239541
239537,239542
239537,238750
239537,239543
239537,239544
239537,239545
239537,239546
239537,238957
239547,238916
239548,239549
239548,239550
239548,239028
239548,239208
239453,238871
239453,239551
239453,239552
239453,239309
239453,238962
239537,238824
239535,239533
239537,239553
239537,239554
239535,238541
239537,239555
239537,239556
239537,239557
239537,239558
239537,239559
239537,239018
239537,239560
239537,239561
239537,239562
239537,239563
239537,239564
239537,239228
239537,239565
239537,239566
239537,239567
239537,239568
239537,239569
239537,239570
239537,239571
239537,239572
239537,239573
239537,239574
239537,239575
239537,239576
239537,239577
239537,239578
239537,239011
239443,239579
239443,239580
239443,239581
239514,239582
239514,239583
239514,239584
239514,239575
239514,239585
239514,239586
239514,239587
239514,239588
239514,239589
239514,239590
239514,239591
239514,239592
239514,239593
239514,239594
239514,239595
239514,239596
239514,239597
239514,239598
239514,239599
239514,239600
239514,239601
239514,239602
239514,239603
239514,239011
239514,239604
239514,239605
239514,239606
239514,239607
239514,239608
239514,239609
239514,239610
239514,239611
239514,239612
239514,239613
239514,239614
239514,239615
239514,239616
239514,239617
239514,239618
239514,239619
239514,239620
239514,239621
239514,239622
239514,239623
239514,239624
239514,239625
239514,239626
239514,239627
239514,239628
239514,239629
239514,239630
239514,239631
239514,239632
239514,239633
239514,239634
239514,239635
239514,238935
239514,239636
239514,239637
239514,239638
239514,239639
239514,239640
239514,239641
239514,239642
239514,239643
239514,239644
239514,239645
239514,239646
239514,239647
239514,239648
239514,239649
239514,239650
239514,239651
239514,239652
239514,239653
239514,239654
239514,239655
239514,239656
239514,239657
239514,239658
239514,239659
239514,239226
239514,239660
239514,239661
239514,239662
239514,239663
239514,239664
239514,239665
239113,239666
239514,239667
239514,239668
239514,239669
239514,239670
239514,239671
239514,239672
239514,239673
239514,239674
239514,239675
239514,239676
239514,239677
239514,239678
239514,239679
239514,239680
239514,239681
239514,239682
239514,239683
239514,239684
239514,239500
239514,239685
239514,239686
239514,239687
239514,239688
239514,239689
239514,239690
239514,239244
239514,239691
239514,239210
239514,239692
239514,239693
239514,239694
239514,239695
239113,239696
239514,239401
239514,239697
239443,239698
239443,239699
239443,239700
239443,239701
239443,238497
239443,239702
239443,239703
239443,239704
239443,239705
239443,239706
239443,239707
239443,239708
239443,239709
239443,239710
239443,239711
239443,239712
239443,239713
239443,239714
239443,239715
239443,239716
239443,239717
239443,239646
239443,239718
239443,239719
239443,239720
239443,239721
239443,239722
239443,239723
239443,238553
239443,238763
239443,239724
239443,239725
239443,239726
239443,239727
239443,239728
239443,239729
239443,239730
239443,239731
239443,239732
239443,239733
239443,239734
239443,239735
239443,239736
239443,239737
239443,239738
239443,239739
239443,239740
239443,239741
239443,239742
239443,239743
239443,239744
239443,239745
239443,239746
239443,239747
239443,239748
239443,239749
239443,239750
239443,239751
239443,239752
239514,239753
239443,239754
239443,239755
239514,239756
239514,239757
239514,239758
239514,239759
239514,239348
239514,239760
239514,239761
239514,239762
239514,239763
239514,239764
239514,239765
239514,239766
239514,239162
239514,239767
239514,239768
239514,239769
239514,239770
239514,239771
239514,239772
239514,239229
239514,239568
239514,239773
239514,239774
239514,239775
239514,239776
239514,239777
239514,239778
239514,239779
239443,239780
239514,238757
239514,238788
239443,239781
239443,239782
239443,238570
239443,239783
239443,239784
239443,239785
239443,238899
239443,239786
239443,239787
239443,238903
239788,239789
239514,239790
239514,239791
239514,239792
239514,238734
239514,239793
239514,238741
239514,239794
239514,239795
239514,239796
239514,239797
239514,239798
239514,239799
239514,239800
239514,239801
239514,239802
239514,239803
239514,239804
238763,239805
239113,239113
239113,238766
238741,239806
238741,239807
238741,239808
238741,238754
238743,239809
238743,239810
238743,238741
238743,238746
239811,238841
239811,239127
239811,239018
239811,239199
239811,239812
239811,239813
239811,239814
239811,239815
239811,239816
239811,239817
239811,239818
239811,239819
239811,239200
239811,239820
239811,239821
239811,239822
239197,239823
239197,239824
239197,239825
238741,239368
239318,239220
239826,239827
239826,239828
239826,239829
239826,239830
239826,239831
239826,239832
239826,239833
239826,239834
239826,239835
239826,239836
239826,239837
239826,238871
239826,239838
239826,239839
239826,239840
239826,239841
239826,239842
239826,239843
239826,239844
239826,239845
239826,239846
239826,239157
239826,239847
239826,239848
239826,239849
239826,239850
239826,239851
239826,239852
239826,239853
239826,239551
239826,239854
239318,239678
239318,238779
239855,239856
239855,238884
239855,239857
239565,239858
239565,239855
239565,239859
239639,239860
239639,239861
239639,239862
239639,239647
239639,239863
239639,239608
239639,239864
239862,239865
239862,239639
239862,239866
239867,239868
239867,239869
239867,238888
239867,239870
239867,239871
239867,239872
239867,239873
239867,238805
239867,238833
239867,238836
239867,238973
238884,238883
239318,239874
238918,239875
238918,238881
239318,239876
239318,239877
239318,239878
239318,239180
239318,239181
239318,239182
239318,239879
239318,239197
239880,239881
239880,239882
239880,239883
239880,239884
239880,239885
239880,239886
239880,239887
239880,239888
239880,239889
239880,239890
239880,239891
239880,239892
239880,239893
238918,238877
238918,239894
238918,238865
238918,238878
238918,239895
238918,239896
238918,238882
239867,238974
239551,239897
239551,239898
239868,239899
239868,239900
238827,238805
238827,238836
238827,239512
238827,238974
238827,239901
238827,238839
238827,238844
238827,239902
238827,238757
238827,239903
238827,238848
238827,238851
238827,238854
238827,239904
238827,239905
238827,238855
238827,239906
238827,238766
238827,238858
238827,239907
238827,239565
238827,238860
238827,238760
238827,239855
238827,239908
239868,239909
238827,238726
239868,238757
238916,239041
238763,239293
238763,239910
238763,239911
238763,239912
238763,239913
238763,239914
238763,239915
238763,239916
238763,239917
238763,239918
238763,239919
238763,239920
238763,239542
238763,239921
238763,239922
238763,239923
238763,239924
238763,239925
238763,239926
238763,239927
238763,239928
238763,239929
238763,239930
238763,239931
238916,238974
238916,239932
238916,239070
239818,239574
239551,239933
238827,239934
238827,238762
238871,239453
238871,239935
238871,239936
238871,239937
238871,239938
238871,239939
238871,239940
238871,238869
238871,238870
238871,238868
238871,238866
238871,238872
238871,238873
238871,239941
238871,239942
239551,239943
239551,238871
239551,239944
239551,239945
239551,239946
239551,239947
239551,239948
239551,239949
239551,239950
239551,239951
239551,239844
239551,239952
238871,239953
238827,239867
238871,239954
239955,238741
238827,238767
238827,239956
238827,238765
238827,239957
238827,239958
238827,239856
238827,238819
238827,239959
238827,239860
238827,238822
238827,238953
238827,238763
238827,238832
238827,239115
238827,239367
238827,239960
238827,239872
238827,239961
238827,238916
238827,239917
238827,239818
238827,239542
238827,239868
238827,239922
238827,239321
238827,239924
238827,239931
239955,239962
239113,238851
239867,238839
239867,238757
239963,239436
239963,238737
239963,239437
239963,239138
239963,239439
239964,238737
239964,239963
239965,239436
239965,239966
239965,239967
239965,239773
239965,238737
239161,239968
239965,239969
239965,239138
239965,239439
239965,239970
239965,239965
239967,239436
239967,239966
239967,239773
239967,238737
239967,239969
239967,239437
239967,239138
239967,239439
239965,239437
239161,239162
239161,239971
239161,239972
239973,239974
239973,239975
239973,239976
239973,239977
239973,239978
239973,238737
239973,239979
239973,239138
239973,239980
239973,239981
239973,239982
239973,239983
238865,238772
238865,239984
238865,239985
238878,238865
239986,238737
239986,239987
239986,239138
239161,239163
239161,239988
239161,239989
239161,239990
239161,239991
239161,239992
239161,239993
239161,239994
239967,239970
239967,239965
239995,239996
239997,239998
239113,239999
239113,240000
239113,239335
239113,239959
239113,240001
239113,238820
239113,240002
239113,240003
239113,240004
239113,240005
239113,240006
239113,240007
239113,239987
239113,240008
239113,240009
239113,240010
239113,238765
239113,240011
239113,240012
239113,240013
239113,240014
239113,238767
239113,240015
239113,240016
239113,240017
239113,238761
239113,240018
239113,240019
239973,240020
239113,240021
239113,240022
239997,240023
239997,240024
239138,240025
240026,238737
240026,239138
239113,240027
239113,240028
239113,240029
239113,240030
239113,240031
239113,240032
239113,240033
239113,240034
239113,240035
239113,240036
239113,240037
239113,239872
239113,240038
239113,240039
239113,239960
239113,240040
239113,240041
239113,240042
239113,240043
239113,240044
239113,238827
239113,240045
239113,238763
239867,238844
239973,239436
240046,240047
239867,239956
239867,240048
239867,240049
239867,238765
239867,238813
239867,238814
239867,239856
239867,240050
239867,239820
239867,238820
239867,240051
239867,238822
239867,238763
239867,239040
239867,238800
239867,238827
239867,238829
239867,238832
239867,239115
239867,239367
239867,239805
239867,240052
239867,240053
239867,240054
239867,240055
239867,240056
239867,240032
239867,238798
239867,239321
239867,239231
239867,238762
239867,239903
239867,240057
239867,240058
239867,240059
239867,240060
239867,238731
239867,238850
239867,238851
239867,240061
239867,240062
239867,238853
239867,238854
239867,239499
239867,238855
239867,239811
239867,238766
239867,238858
239867,239565
239867,238860
239867,238861
239867,240063
239867,238760
239867,239855
239867,239908
239867,240064
239867,238756
239867,239867
239867,238767
240065,238755
239867,239926
239867,240066
240067,239916
240067,240068
240067,239917
240067,239919
240067,239920
240067,240069
240067,239646
240067,240070
240067,239926
240067,239928
240067,240071
240067,239929
240067,240072
240073,240074
240073,239403
240047,239163
240047,239190
240047,240075
240047,240076
240047,240077
240047,240078
240047,240079
240047,240080
240047,239845
240047,240081
240047,240082
240046,240083
240067,240084
239867,240085
240067,240086
240067,240087
239867,240088
239867,239931
239646,238757
240067,240089
240067,240090
240067,240091
240067,238839
240067,238936
240067,239533
240067,240092
240067,238851
240067,240093
240067,239536
240067,240094
240067,240095
240067,239383
240067,240096
240067,238726
240067,239867
240067,240097
240067,240098
240067,238822
240067,238541
240067,240099
240067,240100
240067,240101
240067,238832
240067,238860
239113,240102
