243862,243863
243862,243864
243862,243865
243862,243866
243862,243867
243862,243868
243862,243869
243862,243870
243862,243871
243862,243872
243873,243874
243862,243875
243873,243876
243873,243877
243873,243878
243873,243879
243873,243880
243873,243881
243873,243882
243873,243883
243862,243884
243862,243885
243886,243887
243862,243888
243886,243889
243886,243890
243886,243891
243886,243892
243886,243893
243894,243895
243894,243896
243894,243897
243898,243899
243900,243901
243862,243902
243900,243903
243900,243904
243900,243905
243900,243906
243900,243907
243900,243908
243900,243909
243862,243910
243862,243911
243862,243912
243862,243913
243900,243914
243873,243915
243873,243916
243873,243917
243918,243919
243918,243864
243918,243920
243918,243921
243922,243923
243922,243924
243922,243925
243922,243926
243927,243923
243927,243928
243920,243929
243927,243924
243927,243930
243931,243932
243933,243934
243933,243935
243933,243936
243933,243937
243933,243938
243933,243871
243886,243939
243933,243940
243927,243896
243873,243941
243920,243921
243920,243918
243873,243942
243873,243943
243873,243944
243873,243945
243873,243946
243873,243936
243873,243947
243873,243948
243873,243949
243873,243940
243920,243864
243873,243950
243873,243951
243873,243952
243873,243953
243873,243954
243873,243955
243873,243956
243873,243957
243873,243958
243873,243959
243873,243960
243873,243961
243886,243962
243886,243963
243886,243964
243886,243965
243886,243966
243886,243967
243886,243968
243886,243969
243886,243970
243886,243971
243886,243972
243886,243973
243886,243974
243886,243975
243886,243976
243886,243977
243886,243978
243886,243979
243886,243980
243886,243981
243886,243982
243886,243983
243886,243984
243886,243985
243886,243986
243886,243987
243886,243988
243886,243989
243933,243864
243886,243990
243886,243991
243886,243992
243886,243993
243886,243994
243886,243995
243886,243996
243886,243997
243886,243998
243886,243999
243886,244000
243886,244001
243886,244002
243886,244003
243886,243886
243886,244004
243886,244005
243886,244006
243886,244007
243886,244008
243886,244009
243886,244010
243886,244011
243886,244012
243886,244013
243886,244014
243886,244015
243886,244016
243886,244017
243886,244018
243886,244019
243886,244020
243886,244021
243886,244022
243886,244023
243886,244024
243886,244025
243886,244026
243886,244027
243886,244028
243886,244029
243886,244030
243886,244031
243886,244032
243886,244033
243886,244034
243886,244035
243886,244036
243886,244037
243886,244038
243886,244039
243886,244040
243886,244041
243886,244042
243886,244043
243886,244044
243886,244045
243886,244046
243886,244047
243886,244048
243886,244049
243886,244050
243886,244051
243886,244052
243886,244053
243886,244054
243886,244055
243886,244056
243886,244057
243886,244058
243886,244059
243886,244060
243886,244061
243886,244062
243933,243953
244063,244064
244065,244066
244063,244067
244063,244068
244063,244069
244063,244070
244063,244071
244063,244072
244063,244073
244063,244074
244063,244075
244063,244076
244063,244077
244063,244078
244063,244079
244063,244080
244063,244081
244063,244082
244063,244083
244063,244084
244063,244085
244063,244086
244063,244087
244063,244088
244063,244089
244063,244090
244063,244091
244063,244092
244063,244093
244063,244094
244063,244095
244063,244096
244063,244097
244063,244098
244063,244099
244063,244100
244063,244101
244063,244102
244063,243907
244063,244103
244063,244104
244063,244105
244063,244106
244063,244107
244063,244108
244063,244109
244063,244110
244063,244111
244063,244112
244063,244113
244063,244114
244063,244115
244116,244117
244116,244118
244116,244119
244116,244120
244116,244121
244116,244122
244116,244123
244116,244124
244116,244125
244116,244126
244116,244127
244116,244128
244116,244129
244116,244130
244116,244131
244116,244132
244116,244133
244116,244134
244116,244135
244116,244136
244116,244137
244116,244138
244116,244139
244116,244140
244116,244141
244063,244142
244063,244143
244063,244144
244063,244145
244063,244146
244063,244147
244063,244148
244063,244149
244063,244150
244063,244151
244063,244152
244063,244153
243886,244154
244063,244155
244116,244156
244116,244157
244116,244158
244116,244159
244116,244160
244116,244161
244116,244162
244116,244163
244063,244164
244116,244165
244063,244166
244063,244167
244063,244168
244063,244169
244063,244170
244063,244171
244063,244172
244063,244173
244063,244174
244063,244175
244063,244176
244063,244177
244063,244178
244063,244179
244063,244180
244063,244181
244063,244182
244063,244183
244063,244184
244063,244185
244063,244186
244063,244187
244063,244188
244063,244189
244063,244190
244063,244191
244063,244192
244063,244193
244063,244194
244063,244159
244063,244195
244063,244196
244063,244197
244063,244198
244063,244199
244063,244200
244063,244201
244063,244202
244063,244203
244063,244204
244063,244205
244063,244206
244063,244207
244063,244208
244063,244209
244063,244210
244063,244211
244063,244212
244063,244213
244063,244214
244063,244215
244063,244124
244063,244216
244063,244217
244063,244218
244063,244219
244063,244220
244063,244221
244063,244222
244063,244223
244063,244224
244063,244225
244063,244226
244063,244227
244063,244228
244063,244229
244063,244230
244063,244231
244063,244232
244063,244233
244063,244234
244063,244235
244063,244236
244063,244237
244063,244238
244063,244239
244063,244240
244063,244241
244063,244242
244063,244243
244063,244244
244063,244245
244063,244125
244063,244246
244063,244247
244063,244127
244063,244248
244063,244249
244063,244250
244063,244251
244063,244252
244063,244253
244063,244254
244063,244255
244063,244256
244063,244257
244063,244258
244063,244259
244063,244260
244063,244261
244065,244262
244116,244263
244116,244264
244265,244266
244265,244267
244265,244268
244269,244270
244270,244269
244271,244272
244271,244273
244274,244275
244274,244276
244274,244199
244274,244277
244274,244278
244279,244280
244279,244281
244279,244282
244283,244284
244283,244285
244283,244286
244283,244287
244283,244288
244283,244289
244265,244290
244283,244291
244265,244292
244265,244293
244294,244295
244296,244297
244296,244298
244296,244217
244299,244300
244299,244301
244299,244302
244299,244303
244304,244305
244306,244307
244306,244308
244306,244309
244306,244310
244186,244311
244312,244194
244313,244314
244265,244315
244265,244316
244265,244317
244265,244318
244265,244319
244265,244320
244283,244140
244283,244321
244283,244322
244065,244323
244065,244324
244065,244325
244065,244326
244065,243915
244065,244327
244065,244328
244065,244329
244065,244330
244065,244331
244065,244332
244065,243935
244065,244333
244065,244334
244065,244335
244065,244336
244065,244337
244065,243934
244065,244338
244065,244339
244065,244340
244065,244341
244065,244342
244065,244065
244065,243936
244343,243864
244343,244324
244343,243915
244343,243911
244065,244344
244065,244345
244065,244346
244065,244347
244065,244348
244065,244349
244294,244350
244065,244351
244065,243864
244065,244352
244065,243940
244065,244353
244065,244354
244065,244343
244065,244355
244065,244356
244065,244357
244065,244358
244065,243953
244116,244359
244360,244361
244360,244296
244362,244363
244362,244364
244362,244365
244362,244366
244362,244367
244362,244368
244362,244369
244362,244370
244362,244353
244362,244371
244362,244372
244362,244373
244362,244374
244362,244375
244362,244376
244362,244377
244362,244378
244362,244379
244362,244357
244362,244380
244362,244381
244362,244382
244362,244383
244362,244384
244362,244385
244116,244386
244116,244387
244116,244388
244116,244389
244116,244390
244116,244391
244078,244104
244078,244392
244078,244393
244078,244119
244078,244394
244078,244140
244119,244078
244121,244078
244395,244095
244395,244277
244395,244110
244362,244396
244362,244397
244362,244398
244362,244399
244362,244400
244362,244401
244362,244402
244362,244403
244404,244404
244405,244406
244405,244407
244405,244137
244405,244390
244405,244083
244405,244408
244405,244128
244405,244409
244405,244410
244405,244361
244405,244411
244412,244413
244414,244415
244416,244417
244416,244418
244360,244419
244360,244410
244360,244294
244360,244420
244360,244273
244421,243925
244422,244413
244341,243864
243863,244337
244362,243915
244362,244423
244362,244424
244362,244425
244362,244426
244362,244337
244362,244427
244362,244428
244362,244429
244369,244362
244360,244430
244369,244353
244369,244357
244369,244401
244369,244431
244369,244337
244432,244433
244432,244434
243897,243896
243897,244435
243897,244123
243863,244436
244369,244379
243886,244437
244438,244439
243886,244440
243886,244441
243886,244442
243886,244443
243886,244444
243886,244445
243886,244446
243886,244447
243886,244448
243886,244449
243886,244450
243886,244451
243886,244452
243886,244453
243886,244454
243886,244455
243886,244456
243886,244457
243886,244458
243886,244459
243886,244460
243886,244461
243886,244462
243886,244463
243886,244464
243886,244465
243886,244466
243886,244467
243886,244468
243886,244469
243886,244470
243886,244471
243886,244472
243886,244473
243886,244474
243886,244475
243886,244476
243886,244477
243886,244478
243886,244479
243886,244480
243886,244481
243886,244482
243886,244483
243886,244484
243886,244485
243886,244486
243886,244487
243886,244488
243886,244489
243886,244490
243886,244491
243886,244492
243886,244493
243886,244494
243886,244495
243886,244496
243886,244497
243886,244498
243886,244499
243886,244500
243886,244501
243886,244502
243886,244503
243886,244504
243886,244505
243886,244506
243886,244507
243886,244508
243886,244509
243886,244510
243886,244511
243886,244512
243886,244513
243886,244514
243886,244515
243886,244516
243886,244517
243886,244518
244519,244520
243886,244521
243886,244522
243886,244523
243886,244524
243886,244525
243886,244526
243886,244527
243886,244528
243886,244529
243886,244530
243886,244531
243886,244532
243886,244533
243886,244534
243886,244535
244536,244537
244536,244538
244536,244539
244536,244540
244536,244541
244536,244542
244536,244543
244536,244544
244536,244545
244536,244546
244536,244547
244536,244548
244536,244549
244536,244550
244536,244551
244536,244552
244536,244553
244536,244554
244536,244555
244536,244556
244536,244557
244536,244558
244536,244559
244251,244076
244251,244560
244251,244086
244251,244561
244251,244153
244251,244562
244251,244563
244251,244564
244565,244566
244536,244567
244568,244569
244568,244570
244568,244571
244568,244572
244573,244337
244573,244436
244573,244343
244536,244574
244536,244575
244536,244576
244568,244270
244536,244577
244536,244578
244536,244579
244580,244581
244580,244582
244583,244584
244585,244586
244585,244587
243886,244588
243886,244589
243886,244590
243886,244591
244592,244593
243886,244594
243886,244595
243886,244596
243886,244597
243886,244598
243886,244599
243886,244600
243886,244601
243886,244602
243886,244603
243886,244604
243886,244605
244536,244606
244536,244607
244536,244608
244536,244609
244536,244610
244536,244611
244536,244612
244536,244613
244536,244614
244536,244615
244536,244616
244536,244617
244536,244618
244536,244619
244536,244620
244536,244621
244536,244622
244536,244623
244536,244624
244536,244625
244536,244626
244536,244627
244536,244628
244251,244629
243886,244630
243886,244631
244632,244633
244632,244634
244635,244636
244635,244469
244635,244637
244635,244282
244635,244638
244635,244639
244635,244640
244635,244632
244635,244641
244635,244635
243934,244262
243934,244066
243934,244642
243934,244340
243934,244643
243934,244644
243934,244338
244645,244194
244646,244647
244646,244648
244646,244080
244646,244649
244646,244650
244646,244651
244646,244652
244646,244582
244646,244653
244646,244654
244646,244655
244646,244656
243934,244657
244646,244609
244646,244234
244646,244658
244646,244659
244646,244660
244646,244661
244646,244662
244646,244663
244646,244664
244646,244665
244646,244666
244646,244667
243934,244668
243934,244669
243934,244670
243934,244671
243934,244341
243934,244672
243934,244065
243934,244673
243934,244674
243934,244675
243934,243936
243934,244358
243934,244676
243934,244677
243934,244343
243934,244678
243934,244679
243934,244680
243934,244681
243934,244682
243934,244683
243934,244684
243934,244685
243934,244324
243934,244325
243934,244686
243934,243934
243934,244687
243934,244584
243934,244688
243934,244689
243934,244690
243934,243935
243934,244332
243934,244691
243934,244692
243934,244330
243934,244328
243934,244693
243934,244694
243934,243915
243934,244326
243934,244695
243934,244696
243934,244697
243934,244331
244646,244698
244646,244699
244646,244700
244701,244702
244701,244703
243925,244704
243925,244705
243925,244706
243925,244421
244706,244707
244706,244708
244706,244704
244706,244705
244706,244709
244706,244710
244706,243924
244706,244706
244706,244232
244706,243925
244706,244711
244706,244712
244706,244713
243886,244714
243886,244715
243886,244716
243886,244717
243886,244718
243886,244719
243886,244720
243886,244721
243886,244722
243886,244723
243886,244724
243886,244725
243886,244726
244706,244727
243886,244728
243886,244729
243886,244730
243886,244731
243886,244732
243886,244733
243886,244734
243886,244735
243886,244736
243886,244737
243886,244738
244706,244739
244706,244740
244741,244417
244074,244742
244074,244743
244074,244744
244074,244745
244074,244746
244074,244747
244074,244237
244074,244748
244074,244560
244749,244750
244074,244751
244074,244752
244074,244753
244074,244754
244074,244755
244074,244756
244757,243864
244582,244758
244646,244759
244646,244760
244074,244761
243886,244762
244749,244763
244749,244764
243880,243911
243880,244765
243880,244766
243880,243864
243880,244767
243880,243953
243880,244741
244768,244749
244749,244769
244749,244149
244749,244122
244749,244220
244749,244770
244749,244771
244749,244411
244749,244275
244749,244772
244749,244773
244749,244774
244749,244768
244749,244775
243934,244776
244251,244777
244251,244778
244436,244320
244436,244779
244436,244780
244436,244781
244436,244782
244436,244783
244436,244784
244436,244785
244436,244786
244436,244787
244436,244788
244436,244398
244436,244789
244436,244337
244436,243864
244436,244790
244436,244791
244436,244426
244436,244792
244436,244793
244436,244794
244436,244795
244436,244379
244778,244796
244436,244797
244436,244798
244436,244799
244436,244800
244436,244801
244436,244802
244436,244803
244436,244327
244436,244424
244436,244804
244436,244805
244436,244806
244436,244807
244436,244808
244436,244809
244436,244810
244436,244358
244436,244677
244436,244356
244436,244811
244778,244434
244436,244403
244436,244378
244812,244424
244812,244813
244812,244327
244812,244401
244812,244323
244812,244814
244812,244815
244812,244816
244812,244436
244812,244817
244812,244818
244812,244819
244812,244377
244812,244820
244812,244821
244812,244822
244812,244782
244812,244823
244812,244824
244812,244825
244812,244826
244812,244827
244812,244426
244436,244828
244436,244829
244436,244830
244436,244831
244436,244374
244436,244832
244436,244833
244436,244834
244436,244365
244436,244835
244436,244836
244436,244837
244436,244838
244436,244839
244436,244840
244436,244841
244436,244842
244812,244843
244812,244340
244812,244337
244436,244382
244778,244844
244845,244194
244838,244846
244847,244848
244847,244277
244847,244275
244849,244850
244851,243953
244851,243915
244851,244337
244116,244852
244116,244778
244116,244853
244116,244854
244116,244855
244116,244856
244116,244099
244116,244857
244116,244858
244116,244859
244116,244860
244116,244068
244847,244861
244847,244862
244847,244863
244847,244864
244063,244865
244063,244866
244063,244867
244063,244868
244063,244869
244063,244870
244063,244871
244063,244390
244063,244872
244116,244873
244063,244874
244258,244277
244875,244876
244875,244877
244875,244878
244879,244277
244879,244310
244880,244434
244881,244882
244847,244883
244063,244884
244116,244772
244116,244885
244116,244078
244886,244887
244886,244888
244886,244889
244890,244891
244890,244892
244890,244104
244890,244893
244894,244277
244277,244895
244886,244896
244277,244897
244277,244095
244277,244879
244277,244898
244277,244899
244277,244900
244277,244901
244382,244902
244838,244903
244838,244793
244277,244187
244812,244904
244886,244310
244886,244905
244116,244906
244116,244907
244116,244908
244116,244084
244116,244909
244116,244910
244116,244911
244116,244912
244116,244145
244886,244913
244116,244914
244116,244915
244116,244916
244116,244116
244116,244917
244886,244918
244886,244919
244886,244808
244886,244920
244886,244921
244116,244406
244251,244922
244812,244923
244812,244924
244925,244199
244925,244926
244925,244927
244925,243948
244925,244845
244925,244194
244925,244928
244925,244929
244925,244930
244925,244931
244925,244152
244925,244932
244925,244933
244925,244934
244925,244935
244925,244936
244925,244937
244925,244938
244925,244103
244925,244205
244925,244939
244925,244210
244925,244940
244941,244417
244925,244262
244925,244942
244925,244867
244925,244943
244925,244944
244925,244668
244925,244945
244925,244946
244925,244312
244925,244947
244925,244645
244925,244948
244925,244949
244925,244243
244925,244179
244925,244432
244925,244169
244925,244950
244925,244951
244925,244333
244952,244953
244925,244954
244925,244955
244251,244870
244251,244867
244251,244943
244251,244956
244251,244957
244251,244958
244251,244251
244251,244959
244251,244960
244251,244961
244251,244962
244251,244182
244251,244963
244251,244964
244251,244965
244251,244205
244251,244966
244251,244967
244251,244229
244251,244925
244251,244872
244251,244968
244251,244969
244925,244970
244925,244971
244925,244902
244925,244082
244925,244346
244925,244972
244925,244146
244925,244973
244925,244974
244925,244975
244925,244976
244925,244977
244925,244978
244867,244336
244867,244954
244867,244346
244867,244262
244867,244326
244867,244979
244251,244262
244925,244980
244952,244405
244952,244981
244952,244078
244063,244850
244063,244982
244063,244983
244063,244984
244985,244986
244985,244987
244988,244989
244990,244988
244991,244350
244991,244992
244991,244993
244991,244994
244991,244995
244996,244891
244996,244135
244996,244140
244996,244204
244996,244997
244996,244392
244063,244998
244063,244999
244063,245000
244063,245001
244812,245002
244812,245003
244812,245004
244812,245005
244812,245006
244812,245007
245008,245009
245008,245010
245008,245011
244996,244854
245008,245008
244519,245012
244519,245013
244519,245014
244063,245015
244063,244763
244063,244899
244063,245016
244063,245017
244063,245018
244519,245019
244996,245020
244996,244104
244996,244414
244226,244917
244952,244390
244952,245021
244952,244222
244952,244238
244952,244361
244952,244124
244952,244123
244952,244138
244226,244078
244952,245022
244952,244159
244952,245023
244952,244411
244952,244226
244952,243906
244952,244858
244952,244068
244952,244076
244952,245024
244952,244195
244812,245025
244226,245024
244226,244104
244996,244088
244996,245026
244996,244078
244996,245027
244996,244147
244295,245028
244295,245029
245030,245031
245030,243903
244226,244745
245030,244408
244897,244847
244897,244277
244897,245032
244897,244863
245021,244297
244226,244246
244226,245033
244226,245034
244226,244393
245030,244410
243886,245035
243934,245036
243934,244929
245037,243948
245037,244582
245037,243947
245037,245038
245037,245039
245037,245040
245037,245041
245037,244699
245037,245042
245037,245043
245044,244270
245045,245046
245047,243864
245047,245048
245047,245049
245047,245050
245051,245052
245051,244337
245053,245054
245037,244609
245037,245055
245037,245056
245037,245057
245058,245059
245058,245060
245058,245061
245058,245062
245058,245063
245058,245064
245058,245065
245058,245066
245058,245067
244438,245068
245058,245069
245058,244827
245058,245070
245058,245071
245058,245072
245058,245073
245058,245074
245058,245075
245058,245076
245058,245077
245058,245078
245058,245079
244438,244883
244438,244899
244438,244196
244438,245080
244438,244199
244438,245081
244438,244201
244438,244203
244438,244207
244063,245082
244438,244211
244438,244189
244438,245083
244438,244169
244438,244170
244438,244879
244438,245033
244438,244175
244438,244123
244438,244124
244438,244241
244438,244159
244438,244411
244438,245084
244438,245085
244438,244953
244438,244144
244438,244863
244438,244082
244438,244079
244438,244078
244438,244985
244438,245086
244438,245024
244438,245017
244438,244772
244438,244068
244438,245087
244438,245088
244438,244107
244438,244858
244438,244095
244438,244275
244438,244249
244438,245089
244438,244873
245058,245090
245058,245091
245058,245092
245093,244846
245093,244838
245093,245094
245093,245095
245093,245096
245093,244275
245093,244668
245093,244822
245093,245097
245093,244298
245098,245099
244586,244585
245100,245101
245102,245103
245102,245104
245105,244834
245105,244809
245105,244337
245106,245107
245093,244903
244298,245108
244298,245109
244298,245110
244808,244888
244808,244918
244808,245111
244808,245112
244808,244231
244808,244378
244808,244828
244808,244886
244808,244382
245113,245114
245115,244808
245116,245117
245118,245101
245118,245116
245119,245054
245120,245121
245120,245122
244298,245123
244298,244296
244298,244297
245116,245101
245113,243925
245113,245124
245113,244640
245058,245125
245058,245126
245058,245127
245058,245128
245058,245129
245058,245130
245058,245131
245058,245132
245058,245133
245058,244786
245058,245134
245058,245135
245058,245136
245058,245137
245058,245138
245058,245139
245058,245140
245058,245141
245058,245142
245058,245143
245058,245144
244438,244246
245058,245145
245058,245146
245113,244469
245058,245147
245058,244632
245058,245148
245058,244640
245058,245149
245058,244639
245058,244638
245058,245150
245058,245151
245058,244282
245058,245152
245058,244637
245058,244469
245058,244636
245058,245153
245058,245154
245058,244641
245058,245155
245058,245156
245058,245157
244808,245158
244438,244247
244438,245159
245160,245161
245160,245162
245160,245163
245160,245164
245160,245165
245160,245166
245160,245167
245160,245168
245160,245169
245160,245170
245160,245171
245160,245172
245173,245174
245175,245176
245176,245177
245176,245178
245176,245179
245176,245180
245181,245182
245160,245183
245160,245184
245160,245185
245160,245186
245187,245188
245187,244337
245187,243878
245187,243912
245187,245189
245187,243874
245187,244428
245187,245190
245187,243862
245191,245140
245192,244194
245192,244942
245160,245193
245160,245194
245160,245195
245160,245196
245160,245197
245160,245198
245160,245199
245160,245200
245192,244179
245187,245201
245191,245202
245203,245204
243886,245205
243886,245206
243886,245207
243886,245208
243886,245209
243886,245210
243886,245211
243886,245212
243886,245213
243886,245214
243886,245215
243886,245216
243886,245217
243886,245218
243886,245219
243886,245220
243886,245221
243886,245222
243886,245223
243886,245224
243886,245225
243886,245226
243886,245227
243886,245228
243886,245229
243886,245230
243886,245231
243886,245232
243886,245233
243886,245234
243886,245235
243886,245236
245191,245237
243886,245238
243886,245239
243886,245240
243886,245241
243886,245242
243886,245243
243886,245244
243886,245245
243886,245246
243886,245247
243886,245248
245187,244425
245187,245249
245187,245250
245187,245251
245187,245252
245187,244362
245187,245253
245187,245254
245187,244399
245187,243872
245187,245255
245187,245256
245187,245257
245187,244851
245187,245258
245187,245259
245187,243870
245187,243863
245187,245260
245187,245261
245187,244351
245187,245262
245187,245263
245187,245264
245187,245265
245187,245266
244438,245267
244438,244277
244438,244258
244438,244847
244438,244238
244438,245268
244438,245269
244438,244222
244438,245270
245187,243953
244438,244866
244438,245271
244438,244390
244438,245272
245187,245273
245187,245274
245187,245187
245187,245275
245187,245276
245187,245277
244438,244389
245187,245278
245187,245279
245187,245280
245187,245281
245187,244357
245187,244380
245187,245282
245187,244436
245187,245283
245187,244381
245187,245284
245187,245285
245187,243866
245187,245286
245187,245287
245187,245288
245187,245289
245187,243915
245187,244757
245187,245290
245187,245291
245187,245292
245187,245293
245187,245294
244438,244128
245187,245295
245187,245296
245187,245297
245187,245298
245187,245299
245187,244369
245187,243865
245187,244353
245187,245300
245187,245301
245187,245302
245187,245303
245187,245304
245187,244375
245187,245305
245187,245306
245187,245307
245187,245308
245187,245309
245187,245310
245187,243868
245187,243937
245187,243867
243934,244353
244808,245115
245104,244200
243864,245311
243864,245312
243864,245313
243864,245314
243864,245315
243864,244787
243864,245316
243864,245317
243864,245318
243864,243897
243864,245319
243864,245320
243864,245321
243864,245322
243864,245323
243864,245324
243864,244344
243864,243911
243864,243880
243864,245325
243864,244777
243864,245326
243864,245327
243864,244776
243864,245036
243864,244353
243864,244929
243864,243940
243864,245328
243864,244779
243864,245329
243864,245330
243864,244765
243864,245331
243864,244351
243864,244783
243864,244349
243864,244348
243864,243863
243864,245332
243864,245333
243864,245334
243864,245335
243864,245336
243864,244683
243864,244766
243864,243953
245337,244321
245337,245338
245339,244224
245339,245340
245339,244844
245339,244216
245339,244434
245339,245341
245339,245342
245339,245343
245339,244308
245339,245344
245339,245345
245339,244796
245339,245346
245339,245347
245348,245349
245348,245350
245348,245351
245337,245352
245337,245353
245337,245354
245337,245355
243864,244741
243915,243934
243915,243878
243915,244332
243915,243936
243915,243940
243915,243864
243915,243953
243915,244344
243864,244767
244342,244469
245337,245356
245337,245357
245337,245358
245337,245359
245337,245360
245337,245361
245337,245362
245337,245363
245337,244593
245337,245364
243864,244682
243864,244681
243864,244679
243934,245325
243934,245311
243934,245365
243934,245312
243934,245313
243934,245314
243934,245315
243934,244787
243934,245316
243934,245317
243934,245318
243934,244346
243934,243897
243934,245319
243934,245320
243934,245366
243934,245321
243934,245322
243934,245323
243934,245367
243934,244777
243934,245326
243934,245327
243934,243940
243934,244352
243934,245328
243934,244779
243934,245329
243934,243864
243934,245330
243934,243953
243934,245331
243934,245324
243934,245336
243934,244783
243934,244349
243934,244348
243934,243863
243934,244979
243934,245332
243934,245333
243934,245334
243934,245335
243934,244351
243934,244344
243936,245368
243936,245369
243864,244328
243864,244693
243864,244694
243864,243915
243864,244326
243864,244695
243864,244324
243864,244685
243864,244684
243864,244330
243864,244670
243864,244341
243864,244672
243864,244673
243864,244674
243864,244675
243864,244358
243864,244676
243864,244677
243864,244678
243864,244671
244194,245370
243864,244331
243864,244332
243864,244725
243864,245371
243864,244262
243864,244066
243864,244642
243864,244340
243864,244643
243864,244644
243864,244338
243864,244692
243864,244657
243864,244691
243864,244669
243864,243934
243864,244687
243864,244584
243864,244688
243864,244689
243864,244690
243864,243935
243864,244668
244808,245372
244194,244947
244194,244645
245373,245374
245373,245375
245373,245376
245373,245377
245373,245378
245373,244664
245373,245379
245373,245380
245114,245381
244702,245382
244702,244703
244702,245383
244702,245384
244702,245385
244702,245386
244702,245387
244702,245388
244702,245389
244702,245390
245373,245391
245373,245392
245373,245393
245373,245394
244327,245395
244327,244668
244327,245396
244327,244821
244327,244897
244325,244469
244325,244342
244339,244262
244339,244327
244702,244842
244339,244326
244339,244355
244339,245397
244339,245398
244339,244954
245373,245399
245373,245400
245373,245401
245373,245402
245373,245403
244339,244325
245343,244796
244702,244422
244702,244702
244417,244418
244417,244416
244417,245404
244417,245405
244417,243941
244417,245406
244417,245407
244417,245408
244417,245409
244417,245410
244417,245411
244417,245412
244417,245413
244417,245414
244417,243881
245104,245415
245104,245416
245104,244769
245104,244110
244417,245417
244417,245418
244417,245419
244417,244941
244702,245420
244702,245421
244905,244702
245422,244110
244110,245423
244110,244275
244110,245422
244326,245424
244326,245425
244702,245426
244326,245427
244355,245428
244979,245429
244338,244326
244338,244355
244338,244979
244417,245430
244417,245431
244417,245432
244417,245433
244355,245434
245343,245345
245343,245435
245343,244308
244224,245436
244224,245398
244224,245437
244224,245438
244224,245439
244224,245345
244224,245440
244224,245434
244434,245441
244434,244224
244434,244844
244434,245343
244434,244308
244434,244306
244434,245442
244434,245443
244434,245428
244434,245444
244434,245344
244224,245445
244224,245446
244224,245447
244224,244333
243886,245448
244194,244312
244947,244194
244224,245449
244224,245450
244224,245343
244224,245451
244224,244237
244224,244306
244434,245345
244224,244796
244224,245452
244224,245453
244224,244308
244224,245454
244224,245455
244224,245456
244224,245457
244224,245458
244224,245459
244224,245460
244434,244796
244434,245346
244434,244432
245341,244796
245341,245346
245341,245339
245341,243896
245341,244434
245341,244432
245341,244433
245341,244777
245342,244434
245341,245345
245342,245461
244308,244954
244308,245434
244308,244795
245343,244224
245343,244844
245343,244434
245343,245341
245343,245342
245343,245343
244308,245398
244194,244845
245341,245344
245341,245428
244434,245341
244434,244216
244434,245342
245341,244205
245341,244201
245341,245462
245341,245463
245341,244778
245341,245464
245341,245444
245341,245465
245341,245016
245341,244982
245341,244224
245341,244844
245341,244216
245341,245341
245341,245343
245341,244308
245341,244306
245341,245466
244063,245467
