260779,260780
260779,260781
260779,260782
260779,260783
260779,260784
260779,260785
260779,260786
260787,260788
260779,260789
260779,260790
260779,260791
260779,260792
260779,260793
260779,260794
260779,260795
260779,260796
260779,260797
260779,260798
260779,260799
260779,260800
260779,260801
260779,260802
260779,260803
260779,260804
260779,260805
260779,260806
260779,260807
260779,260808
260779,260809
260779,260810
260779,260811
260779,260812
260779,260813
260779,260814
260779,260815
260779,260816
260779,260817
260779,260818
260779,260819
260779,260820
260779,260821
260779,260822
260779,260823
260779,260824
260779,260825
260779,260826
260779,260827
260779,260828
260779,260829
260779,260830
260779,260831
260779,260832
260779,260833
260779,260834
260779,260835
260779,260836
260779,260837
260779,260838
260779,260839
260779,260840
260779,260841
260779,260842
260779,260843
260779,260844
260779,260845
260779,260846
260779,260847
260779,260848
260779,260849
260779,260850
260779,260851
260779,260852
260779,260853
260779,260854
260779,260855
260779,260856
260779,260857
260779,260858
260779,260859
260779,260860
260779,260861
260779,260862
260779,260863
260779,260864
260779,260865
260779,260866
260779,260867
260787,260868
260779,260869
260779,260870
260779,260871
260779,260872
260779,260873
260779,260874
260779,260875
260779,260876
260779,260877
260779,260878
260779,260879
260779,260880
260779,260881
260779,260882
260779,260883
260779,260884
260779,260885
260779,260886
260779,260887
260779,260888
260779,260889
260779,260890
260779,260891
260779,260892
260779,260893
260779,260894
260779,260895
260779,260896
260779,260897
260779,260898
260779,260899
260779,260900
260779,260901
260779,260902
260779,260903
260779,260904
260779,260905
260779,260906
260779,260907
260779,260908
260779,260909
260779,260910
260779,260911
260779,260912
260779,260913
260779,260914
260779,260915
260779,260916
260779,260917
260779,260918
260779,260919
260779,260920
260779,260921
260779,260922
260779,260923
260779,260924
260779,260925
260779,260926
260779,260927
260779,260928
260779,260929
260779,260930
260779,260931
260779,260932
260779,260933
260779,260934
260779,260935
260779,260936
260779,260937
260779,260938
260779,260939
260779,260940
260779,260941
260779,260942
260779,260943
260779,260944
260779,260945
260779,260946
260779,260947
260779,260948
260779,260949
260779,260950
260779,260951
260779,260952
260779,260953
260779,260954
260779,260955
260779,260956
260779,260957
260779,260958
260779,260959
260779,260960
260779,260961
260779,260962
260779,260963
260779,260964
260779,260965
260779,260966
260779,260967
260779,260968
260779,260969
260779,260970
260779,260971
260779,260972
260779,260973
260779,260974
260779,260975
260779,260976
260779,260977
260779,260978
260779,260979
260779,260980
260779,260981
260779,260982
260779,260983
260779,260984
260779,260985
260779,260986
260779,260987
260779,260988
260779,260989
260779,260990
260779,260991
260779,260992
260779,260993
260779,260994
260779,260995
260779,260996
260779,260997
260779,260998
260779,260999
260779,261000
260779,261001
260779,261002
260779,261003
260779,261004
260779,261005
260779,261006
260779,261007
260779,261008
260779,261009
260779,261010
260779,261011
260779,261012
260779,261013
260779,261014
260779,261015
260779,261016
260779,261017
260779,261018
260779,261019
260779,261020
260779,261021
260779,261022
260779,261023
261024,261025
260779,261026
260787,261027
260787,261028
260787,261029
260787,261030
260787,261031
260787,261032
260787,261033
260787,261034
260787,261035
260787,261036
260787,261037
260787,261038
260787,261039
260787,261040
260787,261041
260787,261042
260787,261043
260787,261044
260787,261045
260787,261046
260787,261047
260787,261048
260787,261049
260787,261050
260787,261051
260787,261052
260787,261053
260787,261054
260787,261055
260787,261056
261046,261057
261058,261059
261058,261060
261058,261061
261062,261063
261064,261065
261064,261066
261067,261068
261067,261069
261070,261071
261072,261073
261072,261074
261041,261075
261041,261076
261041,261077
261041,261078
261079,261042
261079,261080
261079,261081
261079,261082
261079,261083
261079,261084
261079,261085
261079,261086
261087,261088
261087,261089
261087,261074
260787,261090
261046,261075
260787,261091
260787,261092
260787,261093
260787,261094
260787,261095
260787,261096
260787,261097
260787,261098
260787,261099
260787,261100
260787,261101
260787,261102
260787,261103
260787,261104
260787,261105
260787,261106
260787,261107
260787,261083
260787,261108
260787,261109
260787,261110
260787,261111
260787,261112
260787,261113
260787,261114
260787,261115
260787,261116
260787,261117
260787,261118
260787,261119
260787,261120
260787,261121
260787,261122
260787,261123
260787,261124
260787,261125
260787,261126
260787,261127
260787,261128
260787,261129
260787,261130
260787,261131
260787,261132
260787,261133
260787,261134
260787,261135
260787,261136
260787,261137
260787,261138
260787,261139
260787,261140
260787,261141
260787,261142
260787,261143
260787,261144
260787,261145
260787,261146
260787,261147
260787,261148
260787,261149
261150,261151
261152,261153
261154,261075
261155,261156
261157,261158
261159,261160
261159,261158
261159,261161
261162,261163
261162,261158
261162,261164
261162,261165
261162,261166
261167,261153
261168,261080
261169,261170
261171,261172
261173,261174
261173,261175
261173,261176
261173,261177
261173,261178
261173,261179
261180,261181
261182,261183
261184,261075
261185,261186
261185,261187
261185,261188
261173,261189
261169,261190
261169,261191
261169,261192
260779,261193
261024,261194
261024,261195
261024,261196
260779,261197
261024,261198
261024,261199
261024,261200
261024,261201
261024,261202
261024,261102
261024,261203
261024,261204
261024,261205
261024,261206
261024,261207
261191,261169
261191,261176
261191,261208
261191,261192
261191,261191
261191,261190
261191,261170
261169,261209
261169,261210
261169,261176
261169,261211
261185,261212
261185,261213
261185,261214
261185,261215
261216,261217
261218,261219
261220,261071
261220,261221
261220,261222
261220,261223
261224,261225
261224,261226
261224,261227
261224,261228
261224,261229
261224,261230
261224,261231
261224,261232
261224,261233
261224,261071
261224,261234
261224,261220
261224,261086
261224,261222
261235,261236
261237,261074
261238,261239
261238,261240
261238,261241
261242,261153
261243,261244
261216,261245
260779,261246
261216,261247
261216,261248
261185,261059
261185,261249
261185,261250
261185,261251
261252,261253
261252,261254
261255,261256
261255,261257
261255,261258
261255,261259
261255,261260
261255,261261
261255,261238
261255,261262
261255,261263
261255,261264
261265,260919
261266,261267
261266,261268
261266,261176
261266,261269
261270,261271
261270,261259
261216,261272
261216,261273
261216,261274
261216,261275
261216,261276
260779,261277
261278,261279
261280,261281
261282,261283
261282,261284
261282,261046
261282,261285
261282,261286
261282,261056
261282,261041
261282,261053
261282,261287
261282,261288
261083,261086
261083,261085
261282,261289
261083,261084
261083,261081
261083,261079
261083,261080
261083,261042
260787,261290
261291,261292
261291,261293
261291,261294
261291,261295
261291,261296
261291,261297
261291,261298
261083,261082
261282,261299
261282,261050
261282,261058
260787,261300
260787,261301
260787,261302
260787,261303
261282,261096
261282,261304
261282,261305
261282,261119
261282,261306
261282,261121
261282,261054
261282,261307
261282,261144
261282,261308
261282,261309
261282,261140
261282,261310
261282,260869
261282,261311
261282,261133
261282,261055
261282,261124
261282,261312
261282,261313
261282,261091
261282,261314
261282,261315
261291,261316
260787,261317
261318,261074
261319,261320
261321,261322
261321,261323
261324,261038
261324,261325
261324,261080
261324,261326
261324,261327
261324,261328
261324,261329
261324,261126
261324,261330
261324,261331
261321,261175
261324,261332
261324,261333
261324,261334
261324,261335
261324,261336
261324,261337
261324,261338
261324,261339
261324,261340
261324,261341
261324,261342
261324,261343
261324,261344
261324,261345
261321,261346
261321,261176
261321,261192
261319,261347
261319,261348
261319,261349
261350,261351
261350,261352
261350,261353
261354,261355
261354,261356
261354,261158
261354,261357
261354,261160
261358,261072
261358,261359
261358,261073
261358,261360
261358,261361
261358,261074
261362,261049
261362,261363
261362,261334
261362,261364
261362,261365
261362,261366
261362,261367
261362,261368
261192,261191
261321,261369
261319,261370
260787,261371
260787,261372
260787,261373
260787,261374
260787,261375
260787,261376
260787,261377
260787,261378
260787,261379
261282,261097
261282,261039
261282,261100
261282,261380
261282,261381
261282,261102
260787,261382
261282,261027
260787,261383
261282,261384
261282,261385
261282,261028
261282,261386
261282,261029
261282,261387
261282,261388
261282,261389
261282,261390
261282,261391
261282,261392
261282,261393
260787,261394
260787,261395
260787,261396
260787,261397
260787,261398
260787,261399
260787,261400
260787,261401
260787,261402
260787,261403
260787,261404
260787,261405
260787,261406
260787,261407
260787,261408
260787,261409
260787,261410
260787,261153
260787,261411
260787,261412
260787,261413
260787,261414
260787,261340
260787,261415
260787,261416
260787,261417
260787,261418
260787,261419
260787,261420
260787,261421
261282,261075
261282,261422
261282,261423
261282,261424
260787,261425
260787,261426
260787,261427
260787,261428
260787,261429
260787,261430
260787,261431
260787,261085
260787,261432
260787,261075
260787,261433
260787,261434
260787,261435
260787,261436
260787,261437
260787,261438
260787,261439
260787,261061
260787,261440
260787,261078
260787,261441
260787,261442
260787,261443
260787,261282
260787,261066
260787,261444
260787,261445
260787,261446
261324,261445
260787,261447
260787,261448
261282,261449
261282,261447
261282,261450
261282,261451
260787,261452
261282,261453
261282,261454
261282,261455
261282,261456
261282,261457
261282,261458
260787,261459
260787,261460
260787,261461
260787,261462
260787,261463
260787,261464
260787,261465
260787,261466
260787,261467
260787,261455
260787,261468
260787,261469
260787,261470
260787,261471
260787,261472
260787,261473
260787,261474
260779,261475
261324,261476
261477,261478
260804,261479
260804,261103
260804,261480
260804,261481
260804,261482
260804,261483
260804,261484
260804,261485
260804,261486
260804,261487
260804,261488
260804,261018
260804,261489
260804,261490
260804,261491
260804,261492
260804,261493
260804,261494
260804,261495
260804,261496
260804,261497
260804,261498
260804,261499
260804,261500
260804,261501
260804,261502
260804,261503
260804,261504
260804,261505
260804,261506
261103,261507
261103,261467
261103,261508
261103,261443
261103,261509
261510,261151
260804,261511
260804,261512
260804,261513
260804,261514
260804,261515
260804,261516
260804,261517
260804,261518
260804,261519
260804,261520
260804,261521
260804,261320
260804,261522
260804,261523
260804,261524
260804,261525
260804,261526
260804,261527
260804,261528
260804,261529
260804,261530
260804,261316
261103,261109
260804,261531
260804,261532
261533,261534
261533,261535
261533,261536
261533,261537
261533,261538
261533,261539
261533,261540
261278,261541
261278,261542
261278,261543
261278,261544
261278,261545
261533,261546
261278,261547
261278,261548
261278,261549
261278,261550
261278,261551
261278,261552
261278,261553
260787,261554
261278,261555
261278,261556
261278,261557
261280,261074
261280,261237
261278,261558
261533,261559
261533,261560
261533,261561
260804,261562
261220,261563
261220,261564
261220,261565
261220,261566
261291,261260
261291,261567
261291,261568
261291,261569
261291,261570
261291,261320
261571,261572
261571,261573
261574,261575
261574,261576
261577,261068
261578,261535
261533,261579
261533,261580
261533,261533
261533,261581
261533,261578
261533,261068
261533,261582
261533,261583
261533,261584
261533,261585
260804,261510
261103,261121
261103,261307
261103,261149
261586,261587
261586,261588
261586,261589
261586,261122
261586,261590
261586,261591
261586,261592
261586,261329
261586,261593
261586,261594
261586,261595
261586,261596
261586,261327
261586,261331
261586,261597
261586,261598
261586,261599
261586,261600
261586,261601
261586,261333
261586,261334
261586,261335
261586,261602
261586,261603
261586,261604
261586,261605
261586,261059
261586,261606
261586,261080
261607,261608
261477,261609
261477,261610
261477,261611
261477,261612
261477,261613
261477,261614
261477,261615
261477,261616
261477,261617
261477,261618
261477,261619
261477,261620
261477,261621
261477,261401
261477,261622
261477,261623
261239,261259
261624,261625
261626,261627
261626,261628
261626,261629
261626,261630
261626,261631
261626,261632
261633,261328
261633,261329
261607,261625
261586,261634
261586,261635
261586,261636
261586,261625
261637,261638
261637,261639
261640,261641
261640,261642
261640,261643
261640,261644
261604,261645
261604,261646
261604,261647
261604,261648
261604,261649
261604,261650
261604,261651
261604,261606
260787,261652
261604,261586
261604,261653
261654,261625
261090,261075
261655,261328
261656,261657
261656,261658
261656,261068
261659,261080
261659,261660
261103,261053
261103,261047
261637,260804
261324,261661
261662,261328
261420,261075
261586,261382
261586,261663
261586,261415
261586,261664
261586,261665
261586,261666
261586,261667
261586,261344
261586,261668
261586,261368
261586,261661
261586,261669
261122,261080
261123,261075
261509,261053
261509,261670
261509,261671
261509,261047
261509,261149
261509,261307
261509,261121
261509,261103
261509,261109
261509,261507
261509,261467
261509,261508
261509,261443
261662,261080
261291,261672
260779,261673
261674,261675
261676,261413
261676,261414
261676,261417
261676,261419
261676,261677
261676,261421
261676,261678
261676,261395
261676,261394
261676,261374
261676,261375
261676,261377
261676,261378
261676,261379
261676,261383
261676,261412
261676,261411
261676,261153
261676,261408
261676,261317
261676,261372
261676,261373
261676,261444
261676,261442
261676,261441
261676,261440
261676,261462
261676,261439
261676,261397
261676,261398
261676,261399
261676,261400
261676,261679
261676,261404
261676,261405
261676,260788
261676,261680
261676,261463
261676,261465
261676,261681
261676,261111
261676,261108
261676,261682
261676,261107
261676,261118
261676,261104
261676,261683
261676,261101
261676,261099
261676,261094
261676,261093
261676,261684
261676,261148
261676,261147
261676,261113
261676,261114
261676,261115
261676,261438
261676,261685
261676,261468
261676,261469
261676,261471
261676,261472
261676,261473
261676,261448
261676,261464
261676,261427
261676,261430
261676,261431
261676,261432
261676,261433
261676,261434
261676,261435
261676,261437
261676,261429
261676,261300
261676,261290
261686,261687
261080,261335
261080,261688
261080,261689
261080,261690
261080,261691
261080,261692
261080,261079
261693,261694
261693,261547
261693,261695
261693,261696
261693,261697
261694,261074
261698,261699
261698,261700
261080,261701
261080,261702
261080,261703
261080,261704
261074,261318
261382,261705
261382,261080
261080,261706
261080,261382
261080,261705
261080,261707
261708,261115
261080,261709
261080,261659
261080,261272
261080,261661
261080,261710
261080,261711
261080,261160
261080,261674
261080,261712
261708,261713
261708,261714
261708,261715
261686,261716
261686,261717
261686,261718
261686,261719
261686,261720
261686,261721
261686,261722
261686,261723
261686,261724
261686,261239
261686,261261
261686,261725
261686,261726
261686,261238
261686,261727
261686,261728
261686,261243
261676,261146
261686,261729
261075,261730
261731,261732
261731,261733
261731,261734
261731,261735
261731,261736
261066,261075
261066,261737
261686,261686
261075,261738
261075,261739
261075,261090
261075,260787
261075,261420
261075,261062
261075,261123
261075,261046
261075,261737
261676,261145
261676,261141
261676,261740
261741,261742
261743,261625
261333,261344
261333,261343
261333,261744
261333,261334
261333,261333
261333,261331
261333,261329
261333,261328
261333,261326
261333,261080
261333,261745
261333,261746
261333,261747
261741,261733
261741,261748
261741,261749
261741,261731
261750,261625
261750,261751
261750,261752
261750,261750
261568,261753
261568,261754
261568,261755
261333,261756
261568,261568
261384,261100
261384,261757
261100,261100
261100,261758
261100,261759
261100,261078
261100,261760
261384,261758
261333,261327
261344,261324
261344,261334
261761,261762
261761,261763
261761,261764
261761,261765
261761,261766
261761,261767
261761,261328
261761,261768
261761,261769
261761,261709
261761,261770
261771,261035
261771,261772
261771,261773
261771,261031
261771,261077
261761,261774
261750,261240
261761,261775
261761,261776
261344,260830
261331,261666
261331,261352
261331,261122
261331,261050
261777,261761
261777,261778
261761,261779
261777,261780
261761,261781
261761,261782
261761,261783
261761,261784
261761,261785
261761,261786
261761,261787
261777,261320
261074,261360
261625,261126
261625,261726
261439,261373
261439,261788
261439,261789
261439,261790
261439,261402
261439,261791
261439,261792
261439,261793
261439,261421
261439,261794
261439,261649
261439,261795
261439,261796
261439,261797
261439,261798
261439,261799
261439,261800
261439,261801
261676,261043
261676,261136
261676,261135
261676,261134
261676,261132
261676,261131
261676,261129
261676,261128
261439,261802
261676,261127
261676,261051
261676,261803
261676,261676
261676,261804
261676,261048
261676,261045
261676,261044
261676,261092
261439,261805
261439,261806
261439,261473
261439,261807
261439,261808
261429,261809
261240,261625
261240,261751
261240,261750
261625,261810
261439,261811
261625,261812
261625,261813
261625,261814
261625,261815
261625,261751
261625,261599
261625,261743
261625,261752
261625,261816
261625,261817
261439,261818
261439,261819
261439,261427
261439,261820
261439,261438
261439,261681
261439,261100
261439,261821
261439,261822
261439,261823
261439,261824
261439,261825
261439,261129
261439,261826
261439,261827
261439,261828
261439,261646
261439,261829
261439,261535
261074,261830
261074,261237
261074,261831
261674,261832
261674,261833
261674,261834
261674,261835
261674,261836
261674,261837
261674,261838
261674,261839
261674,261840
261674,261841
261674,261842
261674,261843
261674,261844
261674,261845
261674,261846
261674,261847
261674,261848
261674,261849
261674,261779
261674,261850
261674,261851
261674,261852
261674,261853
261674,261854
261674,261855
261674,261856
261674,261857
261674,261858
261674,261859
261674,261860
261674,261861
261674,261862
261674,261863
261674,261864
261674,261865
261674,261866
261674,261867
261674,261868
261674,261869
261674,261870
261674,261871
261674,261872
261674,261873
261674,261874
261674,261875
261674,261876
261674,261877
261674,261878
261674,261879
261674,261880
261674,261881
261674,261882
261674,261883
261674,261884
261674,261885
261674,261886
261674,261887
261674,261888
261674,261889
261674,261890
261674,261891
261674,261892
261674,261893
261674,261894
261674,261895
261674,261896
261674,261897
261674,261898
261674,261899
261674,261900
261674,261901
261674,261902
261674,261903
261674,261904
261674,261905
261674,261906
261674,261907
261674,261908
261674,261909
261674,261910
261674,261911
261674,261912
261674,261913
261674,261710
261674,261914
261674,261915
261674,261916
261674,261917
261674,261918
261674,261919
261674,261920
261674,261921
261674,261922
261674,261923
261674,261924
261674,261925
261674,261926
261674,261927
261928,261746
261928,261441
261928,261069
261928,261929
261928,261263
261928,261367
261057,261272
261674,261930
261057,261674
261674,261080
261674,261781
261674,261931
261674,261932
261674,261933
261674,261934
261674,261935
261674,261272
261674,261936
261674,261937
261674,261938
261674,261939
261674,261940
261674,261941
261674,261942
261674,261943
261674,261944
261674,261945
261674,261946
261674,261947
261674,261948
261674,261949
261674,261950
261674,261951
261674,261952
261674,261953
261674,261954
261674,261955
261674,261956
261674,261957
261674,261958
261674,261959
261674,261960
261674,261961
261674,261962
261674,261963
261674,261964
261674,261965
261674,261966
261674,261967
261674,261968
261674,261969
261674,261970
261674,261971
261674,261972
261674,261973
261674,261974
261674,261975
261771,261030
261674,261976
261674,261977
261328,261344
261328,261978
261328,261326
261328,261633
261328,261329
261328,261979
261980,261981
261980,261982
261980,261983
261980,261984
261980,261985
261980,261986
261980,261987
261980,261988
261980,261989
261328,261655
261328,261327
261328,261990
261328,261991
261992,261993
261992,261994
261992,261995
261992,261328
261993,261992
261993,261994
261993,261995
261980,261996
261993,261328
261995,261993
261995,261634
261995,261334
261328,261342
261328,261080
261328,261709
261328,261997
261995,261998
261980,261999
261334,262000
261334,262001
261158,261272
261158,261160
262002,261065
262002,261031
262002,261030
262002,261102
262002,261054
261166,261164
262003,261535
262004,261063
261491,260926
262005,262006
262005,261017
262005,262007
262005,262008
262005,262009
262010,262011
261996,262012
261166,261158
262013,262014
261334,261335
261334,261080
261334,262015
261334,261272
261334,261084
261334,262016
262013,262017
262013,262018
262013,262019
262013,262020
262013,262021
262013,262022
262013,262023
262013,262024
262013,262025
262013,262026
262013,262027
261674,262028
261996,261037
261996,262029
261674,262030
261674,262031
261674,262032
261674,262033
261674,262034
261674,262035
261674,262036
261674,261672
261674,262037
261674,262038
261674,262039
261674,262040
261674,262041
261674,262042
261674,262043
261674,262044
261674,262045
261674,262046
261674,262047
261674,262048
261674,262049
261674,262050
261674,262051
261674,262052
261674,262053
261674,262054
261674,262055
261674,262056
261674,261769
261674,262057
261674,262058
261674,262059
261674,262060
261674,262061
261674,262062
261674,262063
261674,262064
261674,262065
261674,262066
262018,262067
262018,261190
262018,262068
262018,262069
262018,262027
262018,262013
262018,262070
262018,261208
262018,262071
262072,261259
261996,262073
261996,262074
261996,262075
261996,262076
261996,262077
261996,262078
262079,262080
261996,262081
262018,262082
262018,261346
261674,262083
261674,262084
261674,262085
261674,262086
261674,262087
261674,262088
262089,262090
262018,261176
262089,262091
262089,262092
262089,261253
262089,261254
262018,262093
262018,262094
262018,262095
262018,262096
262089,262097
261771,262098
260787,262099
262100,262101
262100,262102
262100,262103
262100,262104
262100,262105
262100,262106
262100,262107
262100,262108
262100,262109
262100,261679
262100,261074
262100,262110
262100,261406
262100,262111
262100,262112
262100,262113
262100,262114
262100,262115
262100,262116
262100,261033
262100,262117
262100,262118
262100,262119
262100,262120
262100,262121
262100,260951
262100,262122
262100,261445
262100,262123
262100,262124
262100,262125
262100,262126
262100,262127
262100,261282
262100,262128
262100,262129
262100,262130
262100,262131
262100,262132
262100,261361
262100,261414
262100,262133
262100,262134
262100,262135
262100,262136
262100,262137
262100,262138
262100,261466
262100,262139
262100,262140
262100,262141
262100,261467
262100,261456
262100,262142
262100,261468
262100,262143
262100,262144
262100,262145
262100,262146
262100,262147
262100,262148
262100,261089
262100,262149
262100,262150
262100,261416
262100,262151
262100,262152
262100,261957
262100,262153
262100,261151
262100,262154
262100,262155
262100,262156
262100,262157
262100,261382
262100,262158
262100,262159
262100,262160
262100,262161
262100,262162
262100,261223
261666,261122
261710,261335
261710,261690
261710,261080
261710,261272
261335,261334
261335,261080
261666,261331
261335,261710
261335,262163
261335,262164
261335,262165
261335,262166
261335,262167
261151,262168
261151,262169
261335,262170
261151,262142
261666,261352
261666,262112
261327,262171
261327,261038
261327,261037
261666,262172
261666,262173
261666,262174
261666,261635
261666,261589
261666,262175
261666,262176
261666,262177
261666,261646
261666,262178
261666,260783
261666,261337
261666,262131
261666,262179
261250,262180
261098,261328
261687,262181
262182,261542
262182,262183
262182,261644
262182,262184
262182,262185
262182,262186
262182,262187
261518,261170
262182,262188
262182,262189
262182,262190
262100,262191
262100,262192
262100,262193
262100,262194
262100,262195
262182,262196
261518,261190
261518,261191
261518,261192
261712,261080
262197,261334
261210,262198
261210,261518
261210,262199
261210,262096
261210,261169
261210,262200
261210,261176
261210,261192
261210,262201
261210,261191
261210,261828
261210,261190
261210,261170
261518,261169
261518,261176
262100,262202
262100,262203
262100,262204
262100,262205
262120,261074
262120,261318
262120,261109
262120,262206
261445,261666
261445,261328
261282,261801
262100,262207
261282,262208
261282,262209
261282,262210
261282,262211
261282,262212
261282,261035
261282,262002
261282,261034
261282,262213
261282,261066
262100,262214
262100,261736
262100,261079
262100,262215
262100,262216
262100,262217
262100,262218
262100,262219
262100,261080
262100,262220
262100,262221
262100,262222
262100,262223
262100,261041
262100,262224
262100,261072
262100,261325
262100,262225
262100,262226
261282,261282
261282,262227
261282,262228
261282,261760
261282,262229
261282,262230
261282,261396
261282,262231
261282,261031
261282,261062
261282,262232
261282,262233
261282,262234
261282,261030
261282,261452
261282,262235
261282,261461
261282,261076
261282,261466
261282,261077
261282,262236
261282,262237
261282,261064
261282,261078
261282,262238
261282,261033
261282,261508
261282,261061
261282,261067
261282,262239
261282,262240
261282,262241
261282,262242
261282,261032
261282,262243
261282,262244
261282,262004
261282,261407
261282,261409
261282,262245
262100,261327
261327,261040
262100,261587
262100,262246
262100,262247
262100,262248
262100,261722
262100,261083
262100,262249
262100,262250
262100,262251
262100,262252
262100,262253
262100,262254
262100,262255
262100,262256
262100,262257
262100,262258
262100,261082
262100,261073
262100,262259
262100,262260
262100,261109
262100,262261
262100,261088
262100,262262
262100,261085
262100,262263
262100,262264
262100,261075
262100,261733
262100,262265
262100,262266
262100,262267
262100,262268
262100,261116
262100,262006
262100,262269
262100,262270
262100,261761
262100,262271
262100,262272
262100,262273
262100,262274
262100,261087
262100,262275
262100,262276
262100,261126
262100,261767
262100,262277
262100,262278
262100,261081
262100,262279
262100,262280
262100,261589
262100,262281
262100,262282
262100,262283
262100,262284
262100,262285
262100,262286
262100,262287
262100,262288
262100,262289
262100,261121
262100,262290
262100,262291
262100,261345
262100,261228
262100,262292
262100,262293
262100,262294
262100,262295
262100,262296
262100,262297
262100,261140
262100,261688
262100,261727
262100,262298
262100,260787
262100,262299
262100,261149
261327,261325
262100,262300
261327,261049
261068,262301
261068,262302
261068,262303
261068,262304
261068,262305
261068,262306
261068,261096
261068,262307
261068,262308
261068,262309
261068,262310
261068,262311
261068,261309
261068,262312
261068,261988
261068,262313
261068,262314
261068,262315
261068,262316
261068,262317
261068,262318
261068,261806
261068,262319
261068,262320
261068,262076
261068,262321
261068,262322
261068,262323
261068,261989
261068,261535
261068,262324
261068,262325
261068,262075
261068,262326
261068,262327
261068,262328
261068,261046
261068,262329
261068,262074
261068,262330
261068,262331
261068,261823
261068,261059
261068,262332
261068,262333
261068,262334
261068,262335
261068,262336
261068,261827
261068,262337
261068,262338
261068,262339
261068,261249
261068,261133
261068,262340
261068,262341
261068,262342
261068,261037
261068,262343
261068,262344
261068,262345
261068,261801
261068,262346
261536,262347
261771,261029
261771,261102
261771,261054
261771,262348
261771,261771
261771,261055
261342,261328
262349,261115
261068,262350
262349,262351
261536,261579
261536,262352
261536,261068
261536,261583
261536,261584
261536,261561
261536,261560
261327,261042
261536,261546
261536,261537
261536,261538
261536,261539
262353,261328
261068,261796
261068,262354
261068,262355
261068,262356
261068,262357
261068,262358
261068,261077
261068,262359
261068,262360
261068,262361
261068,262176
261068,262362
261068,262363
261068,262364
261068,262365
261068,262366
261068,261340
261068,262367
261068,262368
261068,262369
261068,262370
261068,262371
261068,262372
261068,261983
261068,262373
261068,261067
261068,262374
261068,261078
261068,262375
261068,262376
261068,262377
261068,262378
261068,262379
261327,261338
261327,262155
261327,261339
261327,261340
261327,262116
261327,262114
261327,262380
261327,262381
261327,261406
261327,261341
261327,262115
261327,261342
261327,262382
261327,262100
261327,262130
261327,261343
261327,262126
261327,261344
261327,261445
261327,262119
261327,262118
261327,262132
261327,261476
261327,262162
261327,261661
261327,261669
261327,262383
261327,262384
261327,261776
261327,262137
261327,261080
261327,261326
261327,261079
261327,262246
261327,262385
261327,262277
261327,261329
261327,261126
261327,261330
261327,261331
261327,261332
261327,261345
261327,262386
261327,261098
261327,261334
261327,262251
261327,262250
261327,261083
261327,261109
261327,262265
261327,261761
261327,262269
261068,262387
261327,261336
261327,261085
261327,261337
261327,261333
261327,262193
261327,262388
261327,261328
262389,262390
262389,261686
262389,262391
262389,261481
262389,262392
261017,262005
261347,262167
262393,262394
262393,262395
262393,262396
262393,262397
262393,262398
261068,262399
262393,262400
262393,262401
262393,261638
262393,262402
262393,261829
261638,262403
261706,261080
262389,261720
262389,262404
262389,261234
262389,262405
262389,262406
261068,262407
262389,261565
262389,261228
262389,262408
261991,261709
261991,261328
261991,261775
261991,261342
261068,261585
261997,261709
261997,261327
261997,261991
261997,261328
261997,261329
261997,261342
262389,261227
262112,262409
262112,262410
262112,262101
262389,262411
261227,262125
261227,262412
261227,262413
262112,261341
261227,262214
261227,262414
261707,261080
261294,261711
262112,262353
262112,262415
261227,262416
261327,262417
