262418,262419
262418,262420
262418,262421
262418,262422
262423,262424
262425,262426
262423,262427
262423,262428
262423,262429
262423,262430
262423,262431
262423,262432
262423,262433
262423,262434
262423,262435
262423,262436
262423,262437
262423,262438
262423,262439
262423,262440
262441,262442
262441,262443
262441,262444
262441,262445
262441,262446
262441,262447
262441,262448
262441,262449
262441,262450
262418,262451
262418,262452
262418,262453
262418,262454
262418,262455
262423,262456
262418,262457
262418,262458
262418,262459
262418,262460
262418,262461
262418,262462
262418,262463
262418,262464
262418,262465
262418,262466
262418,262467
262418,262468
262418,262442
262418,262469
262418,262470
262418,262471
262418,262472
262418,262425
262418,262473
262418,262474
262418,262475
262418,262476
262418,262477
262418,262478
262418,262479
262418,262480
262418,262481
262418,262482
262418,262483
262423,262484
262485,262486
262423,262487
262485,262488
262485,262489
262485,262490
262485,262491
262485,262492
262485,262493
262485,262494
262485,262495
262485,262496
262485,262497
262485,262498
262485,262499
262485,262500
262485,262501
262485,262502
262485,262503
262485,262504
262485,262505
262485,262506
262485,262507
262485,262508
262485,262509
262485,262510
262485,262511
262485,262512
262485,262513
262485,262514
262515,262516
262418,262517
262515,262518
262485,262519
262423,262520
262485,262521
262485,262522
262423,262455
262423,262463
262423,262474
262427,262427
262427,262523
262524,262426
262515,262525
262515,262526
262515,262527
262485,262528
262485,262529
262485,262530
262485,262531
262485,262532
262485,262533
262485,262534
262485,262535
262485,262536
262485,262537
262485,262538
262485,262539
262485,262540
262485,262541
262485,262542
262485,262543
262485,262544
262485,262545
262485,262546
262485,262547
262485,262548
262485,262549
262418,262550
262418,262551
262418,262552
262418,262553
262418,262554
262418,262555
262418,262556
262418,262557
262418,262558
262418,262559
262418,262560
262418,262440
262418,262561
262418,262562
262418,262563
262418,262564
262418,262565
262418,262566
262418,262567
262418,262568
262418,262569
262418,262570
262418,262571
262418,262572
262418,262573
262418,262574
262418,262575
262418,262576
262418,262577
262418,262578
262418,262434
262418,262579
262418,262580
262418,262581
262418,262582
262418,262583
262418,262584
262418,262585
262418,262586
262418,262587
262588,262426
262583,262573
262418,262589
262418,262590
262418,262591
262418,262438
262418,262592
262418,262593
262418,262594
262418,262595
262421,262419
262418,262596
262418,262597
262421,262598
262421,262442
262421,262452
262515,262599
262418,262600
262601,262602
262418,262603
262418,262604
262567,262426
262485,262605
262418,262606
262421,262420
262418,262435
262418,262607
262418,262424
262583,262443
262418,262608
262418,262609
262418,262610
262418,262611
262418,262436
262418,262612
262418,262613
262418,262614
262418,262615
262418,262616
262418,262617
262418,262618
262418,262619
262418,262620
262418,262621
262418,262622
262418,262623
262418,262624
262418,262625
262418,262626
262418,262627
262418,262628
262418,262446
262418,262629
262418,262630
262418,262631
262418,262632
262418,262633
262418,262634
262418,262635
262418,262636
262418,262637
262418,262638
262418,262639
262418,262640
262418,262641
262418,262487
262418,262642
262418,262643
262418,262520
262418,262644
262418,262645
262418,262646
262418,262647
262418,262648
262418,262484
262418,262649
262418,262650
262418,262651
262418,262652
262418,262653
262418,262654
262418,262655
262418,262656
262418,262657
262418,262658
262418,262431
262418,262659
262418,262432
262418,262660
262418,262661
262418,262433
262418,262662
262418,262663
262418,262664
262418,262665
262418,262666
262418,262667
262418,262430
262418,262429
262418,262456
262418,262427
262418,262668
262418,262669
262418,262670
262418,262671
262418,262672
262418,262673
262418,262674
262418,262428
262418,262675
262418,262423
262418,262426
262418,262676
262418,262449
262418,262677
262418,262588
262515,262678
262421,262623
262515,262679
262680,262681
262682,262683
262682,262684
262682,262685
262682,262686
262682,262687
262688,262689
262690,262691
262663,262692
262568,262693
262568,262694
262568,262695
262696,262697
262696,262698
262630,262426
262696,262699
262688,262700
262688,262701
262702,262561
262702,262703
262702,262704
262702,262705
262702,262706
262702,262707
262688,262708
262702,262709
262702,262710
262702,262711
262702,262712
262688,262713
262485,262714
262688,262715
262702,262716
262702,262717
262696,262718
262696,262719
262720,262721
262720,262722
262720,262723
262720,262724
262720,262725
262720,262726
262720,262727
262720,262728
262720,262729
262720,262730
262720,262731
262720,262715
262720,262732
262720,262701
262720,262733
262696,262734
262720,262735
262736,262737
262696,262738
262696,262739
262696,262740
262696,262741
262696,262732
262696,262742
262743,262699
262696,262744
262745,262746
262745,262747
262745,262748
262746,262745
262746,262747
262746,262749
262696,262750
262702,262751
262702,262752
262702,262753
262702,262754
262702,262755
262702,262756
262702,262568
262702,262757
262702,262758
262702,262583
262702,262759
262702,262760
262702,262761
262702,262762
262702,262763
262702,262764
262702,262765
262702,262766
262702,262767
262702,262768
262702,262769
262702,262770
262702,262771
262702,262772
262702,262773
262702,262774
262702,262775
262702,262776
262702,262777
262702,262778
262702,262779
262702,262780
262702,262681
262702,262781
262702,262782
262702,262783
262702,262784
262702,262785
262702,262611
262702,262786
262702,262787
262702,262788
262702,262789
262702,262790
262702,262791
262702,262792
262702,262793
262702,262794
262702,262795
262702,262796
262702,262797
262702,262798
262702,262799
262702,262800
262702,262801
262702,262802
262702,262803
262702,262804
262702,262604
262702,262805
262702,262806
262702,262807
262702,262808
262702,262809
262702,262603
262702,262810
262702,262811
262702,262812
262702,262813
262702,262594
262702,262597
262702,262814
262720,262815
262720,262816
262720,262681
262720,262757
262817,262818
262817,262730
262817,262819
262817,262820
262817,262821
262817,262822
262817,262823
262817,262715
262817,262701
262817,262824
262817,262825
262817,262815
262817,262572
262817,262826
262817,262732
262817,262827
262817,262632
262817,262828
262817,262829
262817,262830
262817,262831
262817,262729
262817,262832
262817,262833
262817,262834
262817,262835
262817,262836
262817,262837
262817,262838
262817,262626
262817,262839
262817,262840
262817,262841
262817,262817
262817,262842
262817,262843
262817,262844
262817,262845
262817,262846
262817,262847
262817,262848
262817,262849
262817,262850
262817,262851
262817,262703
262817,262852
262817,262853
262817,262854
262817,262714
262515,262855
262817,262717
262817,262856
262817,262857
262817,262858
262817,262681
262817,262583
262817,262859
262817,262860
262817,262757
262817,262759
262817,262861
262817,262862
262817,262863
262817,262785
262817,262864
262817,262613
262817,262865
262817,262866
262817,262867
262817,262868
262515,262869
262817,262870
262817,262871
262715,262700
262715,262872
262715,262816
262715,262717
262715,262873
262715,262727
262715,262874
262715,262875
262715,262876
262715,262877
262715,262878
262715,262879
262715,262701
262715,262688
262715,262880
262715,262689
262837,262443
262837,262881
262720,262785
262720,262867
262720,262849
262720,262717
262720,262703
262837,262882
262837,262883
262837,262884
262837,262885
262837,262886
262837,262887
262837,262888
262837,262889
262837,262841
262837,262890
262844,262891
262844,262698
262844,262699
262817,262892
262817,262725
262817,262893
262817,262894
262817,262726
262817,262728
262817,262699
262817,262895
262817,262896
262817,262897
262817,262898
262817,262733
262817,262899
262817,262720
262817,262900
262817,262483
262817,262724
262817,262872
262844,262741
262817,262901
262817,262902
262817,262903
262817,262904
262817,262443
262817,262735
262817,262727
262817,262905
262817,262721
262817,262722
262817,262743
262817,262723
262817,262906
262817,262907
262817,262908
262485,262909
262910,262911
262485,262912
262702,262723
262702,262913
262702,262906
262702,262914
262702,262698
262702,262915
262702,262441
262702,262724
262702,262699
262702,262916
262702,262917
262702,262725
262702,262918
262702,262465
262702,262919
262702,262920
262702,262722
262702,262921
262702,262922
262702,262478
262702,262923
262702,262924
262702,262598
262702,262443
262702,262925
262702,262926
262702,262927
262702,262928
262702,262929
262702,262930
262702,262931
262702,262932
262702,262933
262702,262934
262702,262728
262702,262935
262702,262636
262702,262936
262702,262634
262702,262937
262702,262938
262702,262939
262702,262940
262702,262941
262702,262833
262702,262942
262702,262841
262702,262943
262702,262944
262702,262945
262702,262729
262702,262946
262702,262947
262702,262948
262702,262949
262702,262950
262702,262951
262702,262695
262702,262952
262702,262733
262702,262953
262702,262954
262702,262640
262702,262487
262702,262955
262702,262956
262702,262957
262702,262958
262702,262959
262702,262960
262702,262961
262702,262962
262963,262964
262963,262965
262966,262443
262967,262968
262969,262443
262969,262970
262963,262971
262969,262972
262973,262974
262973,262975
262973,262976
262973,262977
262973,262978
262973,262979
262969,262980
262973,262427
262963,262981
262963,262982
262418,262983
262418,262984
262963,262985
262963,262986
262963,262987
262963,262988
262963,262989
262963,262990
262963,262991
262963,262992
262963,262993
262963,262994
262963,262995
262963,262996
262963,262997
262973,262998
262973,262999
262973,263000
263001,262662
262929,263002
262921,263003
262709,263004
262709,263005
262709,263006
263001,263007
262702,263008
262702,263009
262702,262420
262702,263010
262702,263011
262702,262452
262702,262442
262702,263012
263013,263014
263013,263015
263013,262747
263016,263017
263018,263019
263020,263021
263022,262747
263013,263023
263013,263024
263013,263025
263013,263026
263013,263027
263013,262685
263013,263028
263013,263029
263013,263030
263013,263031
263013,263032
262702,263033
262418,262759
262702,262840
262702,263034
262421,262873
262421,263035
262421,263036
262421,262809
262421,262806
262421,262613
262421,262594
262421,263037
262421,262759
262421,262567
262421,262583
262421,262769
262421,262580
262421,262778
262421,263038
262421,262777
262421,263039
262421,262556
262785,262465
262785,262702
262785,263040
262785,262867
262785,263041
262785,263042
262421,263043
262785,263044
262421,263045
262421,262716
262421,262799
262421,262886
262421,262793
262421,262788
262421,263046
262785,263047
262421,262775
262421,262572
262421,263048
262421,262426
262421,262588
262421,262672
262421,262671
262421,262670
262421,263049
262421,262668
262421,262632
262421,263034
262421,262446
262421,263050
262421,263051
262421,262945
262421,263052
262421,262573
262421,262634
262421,262418
262421,262665
262421,262658
262421,263053
262421,263054
262421,263055
262421,263056
262421,262644
262421,263057
262421,262425
262421,263058
262421,262483
262421,262469
262421,262946
262421,263006
262421,262441
262785,263059
262785,262933
262785,263060
262702,263061
262702,263062
262702,263063
262702,263064
262702,263065
262702,263048
262702,263066
262702,263067
262702,263068
262702,263069
262702,263070
262702,263071
262702,263041
262702,263072
262702,263073
262702,263074
262702,263075
262702,263076
262702,263077
262702,263078
262702,262630
262702,262631
262702,263079
262702,263080
262702,262731
262702,263081
262702,263082
262702,263083
262702,263084
262702,263085
262702,263086
262702,262668
262702,263087
262702,263088
262702,263089
262702,263090
263091,263092
262418,263093
263094,263095
263094,263096
263094,263097
263094,262942
263091,262740
263094,263098
263094,263099
263094,263100
263094,263101
263094,262420
263100,263101
262785,263102
263094,263103
263091,263104
263091,263105
263091,263091
262702,263106
262702,263107
262702,263108
262702,263109
262702,263110
262702,263111
262702,263112
262702,263113
262702,263114
262702,263115
262702,263116
262702,263117
262702,262574
262702,263118
263119,263120
262702,262446
262418,263121
262418,262760
262963,263122
262687,263029
262687,263123
262687,263124
262687,263125
262687,263126
262687,263127
262687,263128
262687,263028
262687,262685
262687,262900
262687,263129
262687,263130
262687,263131
262687,263132
262687,263133
262687,263134
262687,263135
262687,263136
263137,262442
263137,263138
263137,262476
263137,262443
263137,262441
262687,263139
262687,263140
262687,263141
262687,263031
262687,263142
262687,263143
262687,263030
262687,262620
262687,263144
262687,263145
263137,263146
262687,263147
262687,263148
262687,263149
262687,263150
262687,263023
263151,263152
263151,263153
263151,263154
262687,263155
263151,263156
263151,263157
263151,263158
263151,263032
263151,262685
263151,263159
263151,263160
263151,263161
262687,263162
262687,263163
262687,263164
262687,263165
262687,263027
262687,263166
262687,263167
262687,263160
262687,263168
262687,263169
262687,263026
262687,262684
262687,263170
262687,263025
262687,263024
262687,263171
262687,263172
262687,263173
263137,263174
263137,262420
263175,263176
263177,263178
263177,263066
263177,263179
263177,263072
263177,263180
263177,263106
263177,262836
263177,263181
263177,263182
263177,263183
263177,263184
263177,262717
263177,262852
263177,263185
263177,263186
263187,263188
263177,262868
263177,263189
262485,263190
262485,263191
263177,263192
263177,263193
263177,263194
263177,263195
263177,263196
263177,262923
263177,262932
263177,262684
263177,262918
263177,263197
263177,262685
263177,263198
263177,262476
263187,262516
263187,263019
263199,263200
262447,263201
262447,262450
262447,263202
262447,263203
262447,262841
263204,263205
262447,263105
263204,263206
263204,263207
263204,263208
263204,263209
263204,263210
263175,263211
263175,263212
263204,263213
262447,263214
262447,263215
262447,262449
263216,263217
263216,263218
263216,263219
263216,263220
263221,263019
262447,263222
262447,262442
262447,263223
262447,262443
262447,262441
262447,263224
262447,262444
262447,262445
262447,262446
262447,262448
263151,263169
263225,262747
262443,263226
262443,263227
262836,262721
262836,263228
262836,263229
262836,263230
262836,263231
262836,263232
263233,263105
262836,263234
263119,263235
263119,263236
263119,263237
263119,263238
263119,262620
263119,263119
262836,263239
263119,263240
263227,262443
262822,262681
263110,263241
263110,263242
262918,263243
262918,263244
262918,263245
262918,263246
263247,262968
262918,263248
263116,263249
263116,262709
263250,263251
263250,263252
263250,263253
263250,263254
263116,263255
263119,263256
263137,263257
263137,263137
263137,263258
263137,263259
262910,262443
262910,263137
262910,262841
262421,263260
263137,262559
262910,263258
262963,263261
262963,263262
262963,263263
262963,263264
262963,263265
262963,263266
263267,263268
263137,263269
263137,263270
263137,263271
263137,263272
263137,262841
263137,262446
263137,263052
263137,263273
263137,262448
263137,263274
263137,262449
263137,263275
263137,263276
263137,263277
263137,263278
263137,263279
263137,262611
263137,263280
263110,263281
262485,263282
263110,263283
263110,263284
262443,262483
262443,262441
263105,263285
263105,263286
263105,263222
263105,263223
262443,263287
263105,263288
263105,263289
263105,263290
263105,263291
263105,263201
263105,263292
263105,263293
263105,263294
263105,263295
262443,262969
262443,262825
262443,262966
262443,262583
262443,262573
262443,263296
262443,262837
262443,263297
262443,263298
262443,262443
262443,262714
262443,263299
262443,263300
262443,262842
262443,263301
262443,262816
262443,263302
263105,263303
263304,263305
263306,263307
263308,263309
263308,263310
263308,263311
263308,263312
263308,263313
263308,262684
263308,263314
263308,263136
263110,263315
263110,263108
263110,263316
263110,263317
263110,263310
263110,262684
263110,263318
263308,263319
263308,263320
263308,263321
263306,263322
263307,263306
263307,263323
262699,263324
262699,262732
262699,263325
262699,262743
262699,262698
262699,263326
262699,263285
262699,262634
262699,263327
262699,262841
263328,262681
263329,263330
263110,263331
262418,262439
262601,263332
263333,263334
263335,262870
263335,263336
263335,263337
263335,263338
263335,262866
263088,263339
263088,262773
263088,263340
263088,263341
263088,263072
263342,263343
263342,263344
263342,263345
263342,263346
263342,262708
263342,263088
262601,263347
263335,263348
263335,263349
263335,263350
262584,262692
262594,263351
262594,262759
262594,262708
262896,263352
262896,263353
262896,262827
262896,263251
262896,263354
262601,263355
262896,263356
262896,263357
262896,263351
262896,262594
263358,263359
263358,263360
263358,263361
263358,263303
263362,263363
262896,263364
262594,262836
262601,262913
262601,263365
263366,263367
263366,263368
263369,263370
263369,263371
263369,263372
263369,263373
263369,262747
263369,263374
263370,263370
263370,263371
263370,263369
263370,263372
263370,263373
263370,262747
263370,263374
262719,263243
262687,262749
263366,263375
263366,263376
263366,263377
263366,263378
262601,263379
263366,262758
263366,263380
263366,263347
263366,263381
263366,263201
263366,263305
263366,263382
262601,262758
263366,263085
263366,263383
263366,263384
263366,262601
263366,263385
263366,263386
263366,263387
263366,263388
263366,263389
263366,263390
262594,263391
262594,262896
262594,262453
263392,263144
263392,263032
263392,263393
263392,263158
263392,262747
263392,263161
263392,263156
263392,263154
262747,262746
262747,262745
262747,263394
262747,262749
262747,262684
262747,263129
262747,263098
262747,263395
262747,263393
263392,263396
263392,263125
263392,262685
263392,263148
263397,263017
263398,263399
263398,263400
263398,263401
263398,263402
263398,263403
263398,263404
263398,263398
262747,263405
263398,263406
263407,263408
263407,263409
263407,263410
263411,262426
263411,262692
263392,263171
263392,262683
263392,263412
263407,263413
262747,263171
262747,262683
262747,263412
263414,263415
263414,263015
263414,263023
263414,263024
263414,263025
263414,263026
263414,263027
263414,263028
263414,263013
263414,263029
263414,263031
263414,263032
263414,263392
263414,262747
263414,263416
263414,263014
262594,262420
262594,262452
263414,263030
262687,263417
263414,262685
262747,263154
262747,263148
262747,262685
262747,263125
262747,263396
262747,263032
262747,263392
262747,263158
262747,263418
262747,263419
262747,263420
262747,263374
262747,262747
262747,263373
262747,263372
262747,263371
262747,263370
262747,263421
262747,263156
262747,263422
262687,263423
262687,263151
262687,263424
262485,263425
262485,263426
262485,263427
262485,263428
262485,263429
262485,263430
262485,263431
262485,263432
262485,263433
262485,263434
262485,263435
262485,263436
262485,263437
262485,263438
262485,263439
262485,263440
262485,263441
262485,263442
262485,263443
262485,263444
262485,263445
262485,263446
262485,263447
262485,263448
262485,263449
262485,263450
262485,263451
262485,263452
262485,263453
262485,263454
262485,263455
262485,263456
262485,263457
262485,263458
262485,263459
262485,263460
262485,263461
262485,263462
262485,263463
262485,263464
262485,263465
262485,263466
262485,263467
262485,263468
262485,263469
262485,263470
262485,263471
263472,262426
262485,263473
262485,263474
262485,263475
262485,263476
262485,263477
262485,263478
262485,263479
262485,263480
262485,263481
262485,263482
262485,263483
262485,263484
262485,263485
262485,263486
262485,263487
262485,263488
262485,263489
262485,263490
262485,263491
262485,263492
262485,263493
262485,263494
262485,263495
262485,263496
262485,263497
262485,263498
262485,263499
262485,263500
262485,263501
262485,263502
262485,263503
262485,263504
262485,263505
262485,263506
262485,263507
262485,263508
262684,263032
262485,263509
262485,263510
262687,263419
262687,263511
262687,263416
262687,263512
262687,263513
262687,263514
262687,262687
262687,263515
262687,263516
262687,263517
262687,263518
262687,263154
262687,263519
262687,263156
262687,263161
262687,263520
262687,263521
262687,263522
262687,263523
262687,263524
262687,263525
262687,263526
262687,263527
262687,263014
262687,263528
262687,263529
262687,263530
262687,263015
262687,263531
262687,263532
262687,263533
262687,263534
262687,262593
262687,263535
262687,263536
262687,263537
262687,263538
262687,263539
262687,263415
262687,263540
262687,263541
262687,263542
262687,262747
262687,263543
262702,263544
262485,263545
262485,263546
262485,262810
262485,263547
262485,263548
262485,263549
262687,263550
262485,263551
262485,263552
262485,263553
262485,263554
262485,263555
262485,263556
262485,263557
262485,263558
262485,263559
262485,263560
262485,263561
262687,263032
262687,263562
262687,263157
262687,263563
262687,263564
262687,263180
262687,263565
262687,263158
262687,263566
262687,263392
262687,263567
262687,263568
262687,263569
262687,263570
262687,263571
262687,263572
262687,263573
262687,263414
262687,263574
262687,263393
262687,263575
262485,263576
262684,263136
263136,263577
262749,263578
262749,263579
262749,263580
262749,262458
262749,263581
262749,263582
262749,262685
262749,262896
262749,263583
262749,263125
262749,263584
262749,263585
262749,263586
262749,263396
262749,263587
262749,263588
262749,262636
262749,263148
262749,263165
262749,263589
262749,263590
262759,262735
262749,262420
262749,263591
262749,263592
262749,263010
262749,263593
262749,263594
262749,263595
262749,262936
262749,262453
262749,263055
262749,263596
262749,263597
262749,263171
262749,263598
262749,262683
262749,263599
262749,263412
262749,263600
262759,263601
262749,263602
262749,263603
262749,263154
262749,263604
262749,262783
262749,263605
262749,262687
262749,263606
262749,263607
262749,263608
262749,263609
262749,263610
262749,263121
262749,263611
262749,263612
262749,263613
262749,263614
262749,263615
262749,262784
262749,263616
262749,263617
262749,263618
262749,263156
262749,263619
262749,263620
262749,263621
262749,263622
262749,263623
262749,263624
262749,263625
262749,263626
262749,263627
262749,263405
262749,263158
262749,263628
262749,263629
262749,263630
262749,263421
262749,263631
262749,262747
262749,263632
262749,263054
262759,263633
262759,263634
262759,263628
262940,263635
263098,262684
263098,262685
263098,263636
263098,263183
262620,263637
262620,263145
262620,263638
262620,263639
262620,263640
262620,262708
262620,263641
262620,263642
262620,262420
262620,263592
262620,263593
262620,262903
263159,263643
263159,263644
263159,263645
263159,263646
262601,263647
262601,263386
262601,263648
262601,263649
262601,263650
262601,263651
262601,263652
262601,263653
262620,262453
262601,263305
262601,263201
262601,263366
263654,263655
263654,262681
262903,262836
262903,262896
262903,262841
262903,262837
262601,263656
262620,263171
262620,262684
262620,263357
262620,263657
262620,262836
262620,263032
262620,263062
262620,263405
262620,263158
262620,262747
262620,263156
262620,263395
262620,263154
262620,263605
262620,262763
262620,262594
262620,263658
262620,262749
262759,262721
262759,262593
262759,262715
262620,262783
262749,263659
262620,263602
262620,263098
262620,263660
262620,263661
262620,262483
262620,263165
262620,263148
262620,263579
262620,263580
262620,263241
262620,262620
262620,263129
262620,263250
262620,262685
262620,262896
262620,262695
262620,263125
262620,263662
262620,263663
262620,262940
262620,262458
262749,263664
262749,263665
262749,262708
263156,262896
263156,263127
263156,262695
263156,263125
263156,263586
263156,263663
263156,262940
263156,263098
263156,263642
263156,263144
263156,262620
263156,263602
263156,263395
263156,263142
263156,263178
263156,263032
263156,263393
263156,262685
263156,263666
263156,262458
263156,263129
263101,263667
263101,263668
263101,263669
263156,262420
263156,262422
263156,263593
263156,263670
263156,262903
263156,263671
263156,263169
263156,263171
263156,263357
263156,263159
263156,263590
263156,263148
263156,263580
263156,263131
263156,263241
263156,262453
263156,263062
263156,263626
263156,263054
263156,263135
263156,263158
263672,263200
263672,263673
263136,263670
263136,263169
263136,263171
263136,263027
263156,263134
263136,263148
263136,263395
263136,263225
263136,263032
263136,263405
263136,263158
263136,262747
263136,263156
263136,262749
263136,263125
263101,263674
263156,262684
263156,262749
263156,263392
263156,263072
263156,262816
263156,262747
263156,263154
263156,262783
263156,263605
263156,263364
263156,263170
263156,263675
263156,263614
263156,262784
263156,263183
263156,263664
263156,263676
263156,262708
263156,262594
263156,262597
263156,262759
262684,263169
263101,263101
263101,263677
262681,263678
262681,263328
262681,263679
263680,262681
263681,262968
263154,263682
263154,263683
263154,263684
263154,263129
263154,263373
263154,263394
263154,263154
263394,263682
263394,263683
263394,263684
263394,263129
263394,263373
262681,263685
262681,262680
262681,263680
263301,262714
262749,263686
262749,262597
262749,263687
262749,263688
262749,263689
262749,263690
262749,263691
262749,263692
263394,263154
262749,263693
262662,262428
262662,262432
262656,263694
262656,263301
263301,263694
263301,262841
263301,262656
263301,262792
262685,262684
262792,262443
262792,262905
262792,262743
262426,263695
262426,262567
262426,263411
262426,262630
262426,262588
262426,262425
262426,262575
262426,262418
262469,262426
262426,262469
263696,263697
263101,263698
263101,263699
263101,263700
263101,263701
263101,263702
263101,263703
263101,263704
263696,263705
263101,262690
263019,263706
263019,263707
262792,262699
262792,262894
262792,262900
262792,262833
262792,262841
262792,262859
262792,262860
262792,262844
263019,263708
262792,262846
262841,262792
263019,262754
263019,263187
263019,262516
263019,263221
263019,263709
263019,263710
263019,263711
262792,262852
262485,263712
262485,263713
262485,263714
263715,262570
263715,263716
263715,263717
263715,263718
263715,263719
263715,262774
263715,262773
263715,263720
263715,263721
263715,263722
263715,263723
263715,263108
263715,263724
263715,263088
263715,263725
263715,263331
263715,263179
263715,263726
263715,263727
263715,263728
263715,263729
263715,263730
263715,262716
263715,262798
263715,263731
263715,262790
263715,263177
263715,263732
263715,263733
263715,263734
263715,263735
263715,263736
263715,262708
263715,262873
263715,263737
263715,263738
263715,263739
263715,262808
263715,263182
263715,262864
263715,263016
263715,263073
263715,263740
263715,263626
263715,263741
263715,263742
263715,263216
263715,263743
263715,263744
263715,263745
263715,262472
263715,263746
263715,263747
263715,262918
263715,263748
263715,263749
263715,263750
263715,263751
263715,263101
263715,263752
263715,263192
263248,263753
263248,263754
263715,263755
263715,263346
263715,263756
263715,263757
263715,262672
263715,263005
263715,263758
263715,263759
263715,263760
263715,262819
263715,263761
263715,263178
263715,262945
263715,263762
263715,263763
263715,263764
263715,263765
263715,263766
263715,263767
263715,263768
263715,263769
263715,262695
263715,263770
263715,262822
263771,262628
263771,262715
263771,262604
263772,263773
263772,263774
263772,263775
263772,263776
263772,263777
263772,263778
263772,263779
263772,263186
263772,263780
263772,263781
263772,263782
263772,263783
263772,263784
263772,263785
263772,263786
263772,263787
263772,263788
263772,263789
263772,263790
263772,263791
263772,263792
263772,263793
263327,262699
263794,262691
263795,263796
263795,263101
263797,262691
263798,263799
263798,262681
263798,263800
263798,263801
263772,263802
263772,263803
263772,263218
263772,263804
263772,263805
263772,263806
263772,263807
263772,263808
263772,262910
263772,263809
263772,263810
263772,263811
263772,263387
263772,263812
263772,263813
263772,263814
263772,263815
263772,263816
263772,263817
263772,263818
263772,263819
263772,263820
263772,263821
263772,263822
263772,263823
263824,263825
263824,263826
263824,263645
263824,263827
263824,263828
263824,263829
263743,263101
263771,262593
263772,263355
263248,263830
263772,263831
263772,263832
263772,263377
263772,263833
263772,263834
263772,263835
263772,263836
263772,263837
263772,263838
263772,263839
263772,263840
263772,263841
263772,263842
263772,263700
263772,263359
263772,263843
263772,263844
263772,263845
263772,263846
263772,262949
263772,263847
263772,263848
263849,263019
263248,263250
263248,263055
263850,263851
263850,263852
263850,263853
263850,263854
263850,263855
263850,263856
263850,263857
263850,263858
263850,263859
263850,263860
263850,263861
263850,263862
263850,263863
263850,263864
263850,263865
263850,263866
263850,263867
263850,263868
263850,263869
263850,263870
263850,263871
263850,263872
263850,263873
263850,263874
263850,263875
263850,263876
263850,263877
263850,263878
263850,263879
263850,263880
263850,263881
263850,263882
263850,263883
263850,263884
263850,263885
263850,263886
263850,263887
263850,263888
263850,263889
263850,263890
263850,263891
263850,263892
263850,263893
263850,263894
263850,263895
263850,263896
263850,263897
263850,263898
263850,263899
263900,263901
263900,263902
262687,263225
263900,263903
263850,263904
263900,263905
263900,262903
263906,263907
263908,263178
263333,263909
263333,263910
263333,263911
263333,263912
263333,263913
263900,263914
263850,263915
263850,263916
263850,263917
263850,263918
263850,263919
263850,263920
263850,263921
263850,263922
263850,263923
263850,263924
263850,263925
263850,263926
263850,263684
263850,263927
263850,263928
263850,263929
263850,263930
263850,263931
263850,263932
263850,263933
263850,263934
263850,263935
263850,263936
263850,263937
263850,263938
263850,263939
263850,263235
263850,263940
263850,263941
263850,262595
263850,263942
263850,263943
263850,263944
263850,263945
263850,263946
263850,263947
263850,263948
263850,263949
263850,263950
263850,263951
263850,263952
263850,263953
263850,263954
263850,263955
263850,263956
263850,263957
263850,263958
263850,263959
263960,262747
263850,263961
263850,263962
263850,263963
263850,263964
263850,263965
263850,263966
263850,263967
263850,263968
263850,263969
263850,263970
263850,263971
263850,263972
263850,263973
263850,263974
263850,263975
263850,263976
263850,263977
263850,263978
263850,263979
263850,263980
263850,263981
263850,263982
263850,263983
263850,263984
263850,263985
263850,263986
263850,263987
263850,263988
263850,263989
263850,263990
263850,263991
263850,263373
263850,263992
263850,263993
263850,263994
263850,263995
263850,263996
263850,263997
263850,263998
263850,263999
263850,264000
263850,264001
263248,262918
263850,264002
263850,264003
263850,264004
263850,264005
263850,264006
263850,264007
263850,264008
263850,264009
263850,264010
263850,264011
263850,264012
263850,263435
263850,264013
263850,264014
263850,264015
263850,264016
263850,264017
263850,264018
263850,264019
263850,264020
263850,264021
263850,264022
264023,262699
264024,263010
264024,264025
262485,264026
262485,264027
262485,264028
262485,264029
262485,264030
262485,264031
262485,264032
262485,264033
262485,264034
262485,264035
262485,264036
262485,264037
262485,264038
262485,264039
262485,264040
262485,264041
262485,264042
262485,264043
262485,264044
262485,264045
262485,264046
262485,264047
262485,264048
262485,264049
262485,264050
262485,264051
262485,264052
262485,264053
262485,264054
262485,264055
262485,264056
262485,264057
262485,264058
262485,264059
262485,264060
262485,264061
262485,264062
262485,264063
262485,264064
262485,264065
262485,264066
262485,264067
262485,264068
262485,264069
262485,264070
262485,264071
262485,264072
262485,264073
262485,264074
262485,264075
262485,264076
262485,264077
262485,264078
262485,264079
262485,264080
262485,264081
262485,264082
262485,264083
262485,264084
262485,264085
262485,264086
262485,264087
262485,264088
262485,264089
262485,264090
262485,264091
262485,264092
262485,264093
262485,264094
262485,264095
262485,264096
262485,264097
262485,264098
262485,264099
262485,264100
262485,264101
262485,264102
262485,264103
262485,264104
262485,264105
262485,264106
262485,264107
262485,264108
262485,264109
262485,264110
262485,264111
262485,264112
262485,264113
262485,264114
262485,264115
262485,264116
262485,264117
262485,264118
262485,264119
262485,264120
262485,264121
262485,264122
262485,264123
262485,264124
262485,264125
262485,264126
262485,264127
262485,264128
262485,264129
262485,264130
262485,264131
262485,264132
262485,264133
262485,264134
262485,264135
262485,264136
262485,264137
262485,264138
262485,264139
262485,264140
262485,264141
262485,264142
262485,264143
262485,264144
262485,264145
262485,264146
262485,264147
262485,264148
262485,264149
262485,264150
262485,264151
262485,264152
262485,264153
262485,264154
262485,264155
262485,264156
262485,264157
262485,264158
262485,264159
262485,264160
262485,264161
262485,264162
262485,264163
262485,264164
262485,264165
262485,264166
262485,264167
262485,264168
262485,264169
262485,264170
262485,264171
262485,264172
262485,264173
262485,264174
262485,264175
262485,264176
262485,264177
262485,264178
262485,264179
262485,264180
262485,264181
262485,264182
262485,264183
262485,264184
262485,264185
262485,264186
262485,264187
262485,264188
262485,264189
262702,264190
262485,264191
262485,264192
262485,264193
262485,264194
262485,264195
262485,264196
262485,264197
262485,264198
262485,264199
262485,264200
262485,264201
262485,264202
262485,264203
264204,264205
264204,262841
264206,263019
264207,263325
264207,262699
264208,264209
263359,264210
263359,263368
262485,264211
262485,264212
262485,264213
262485,264214
262485,264215
262485,264216
262485,264217
262485,264218
262485,264219
262485,264220
262485,264221
262485,264222
262485,264223
262485,264224
262485,264225
262485,264226
262485,264227
262485,264228
262485,264229
262485,264230
262485,264231
262485,264232
262485,264233
262485,264234
262485,264235
263359,263091
262485,264236
263359,262611
263359,263292
264237,264238
264237,262622
264237,264239
264237,264240
264237,264241
264237,264242
264237,264243
264237,264244
264237,264245
264237,264246
264237,264247
264237,264248
264237,264249
264237,264250
264237,264251
264252,264253
264024,263072
264024,262672
264024,262631
264024,262471
264237,264254
264237,264255
264237,264256
264237,264257
263359,264258
263359,263092
263359,264259
263359,264260
262882,262837
262882,262884
262882,262443
263297,262837
263297,262443
264237,264261
264237,264262
264237,264263
264237,264264
264237,264265
264237,264266
264237,264267
264237,264268
264237,264269
264237,264270
264237,264271
264237,264272
263359,263105
262485,264273
262485,262443
262485,264274
262485,264275
262485,264276
262485,264277
262485,264278
262485,264279
262485,264280
262485,264281
262485,264282
262485,264283
262485,264284
262485,264285
262485,264286
262485,264287
262485,264288
262485,264289
262485,264290
262485,264291
262485,264292
262485,264293
262485,264294
262485,264295
262485,264296
262485,264297
262485,264298
262485,264299
262485,264300
262485,264301
262485,264302
262485,264303
262485,264304
262485,264305
262485,264306
262485,262485
262485,264307
262485,264308
262485,264309
262485,264310
262485,264311
262485,264312
262485,264313
262485,264314
262485,264315
262485,264316
262485,264317
262485,264318
262485,264319
262485,264320
262485,264321
262485,264322
262485,264323
262485,264324
262485,264325
262485,264326
262485,264327
262485,264328
262485,264329
262485,264330
262485,264331
262485,264332
262485,264333
262485,264334
262485,264335
262485,264336
262485,264337
262485,264338
262485,264339
