20083,20084
20083,20085
20083,20086
20083,20087
20083,20088
20089,20090
20089,20091
20089,20092
20089,20093
20083,20094
20089,20095
20089,20096
20089,20097
20089,20098
20089,20099
20089,20100
20089,20101
20089,20102
20083,20103
20083,20104
20083,20105
20083,20106
20083,20107
20083,20108
20083,20109
20083,20110
20083,20111
20089,20112
20083,20113
20083,20114
20083,20115
20083,20116
20083,20117
20083,20118
20083,20119
20083,20120
20083,20121
20083,20122
20083,20123
20083,20124
20089,20125
20089,20126
20089,20127
20089,20128
20089,20129
20089,20130
20089,20131
20089,20132
20089,20133
20089,20134
20089,20135
20089,20136
20089,20137
20089,20138
20089,20139
20089,20140
20089,20141
20089,20142
20089,20143
20089,20144
20083,20145
20089,20146
20089,20147
20089,20148
20089,20149
20089,20150
20089,20151
20089,20152
20089,20153
20089,20154
20089,20155
20089,20156
20089,20157
20089,20158
20089,20159
20089,20160
20089,20161
20089,20162
20089,20163
20089,20164
20089,20165
20089,20166
20089,20167
20089,20168
20083,20169
20083,20170
20083,20171
20083,20172
20083,20173
20083,20174
20083,20175
20083,20176
20083,20177
20083,20178
20083,20179
20083,20180
20083,20181
20083,20182
20083,20183
20083,20184
20083,20185
20083,20186
20083,20187
20083,20188
20083,20189
20083,20190
20083,20191
20083,20192
20083,20193
20089,20194
20083,20195
20083,20196
20083,20197
20083,20198
20083,20199
20083,20200
20083,20201
20083,20202
20083,20203
20083,20204
20083,20205
20083,20206
20083,20207
20083,20208
20083,20209
20083,20210
20083,20211
20083,20212
20083,20213
20083,20214
20083,20215
20083,20216
20083,20217
20083,20218
20083,20219
20083,20220
20083,20221
20083,20222
20083,20223
20083,20224
20083,20225
20083,20226
20083,20227
20083,20228
20083,20229
20083,20230
20083,20231
20083,20232
20083,20233
20083,20234
20083,20235
20083,20236
20083,20237
20083,20238
20083,20239
20083,20240
20083,20241
20083,20242
20083,20243
20083,20244
20083,20245
20083,20246
20083,20247
20083,20248
20083,20249
20083,20250
20083,20251
20083,20252
20083,20253
20083,20254
20083,20255
20083,20256
20089,20257
20089,20258
20089,20259
20089,20260
20089,20261
20089,20262
20089,20263
20089,20264
20089,20265
20089,20266
20089,20267
20089,20268
20089,20269
20089,20270
20089,20271
20089,20272
20089,20273
20089,20274
20089,20275
20089,20276
20089,20277
20089,20278
20089,20279
20089,20280
20089,20281
20089,20282
20089,20283
20089,20284
20089,20285
20089,20286
20089,20287
20089,20288
20089,20289
20089,20290
20089,20291
20089,20292
20089,20293
20089,20294
20089,20295
20089,20296
20089,20297
20089,20298
20089,20299
20089,20300
20089,20301
20089,20302
20089,20303
20089,20304
20089,20305
20089,20306
20089,20307
20089,20308
20089,20309
20089,20310
20089,20311
20089,20312
20089,20313
20089,20314
20089,20315
20089,20316
20089,20317
20089,20318
20089,20319
20135,20156
20135,20297
20089,20320
20089,20321
20089,20322
20089,20323
20083,20324
20089,20325
20089,20326
20089,20327
20089,20328
20089,20329
20089,20330
20089,20331
20089,20332
20089,20333
20089,20334
20089,20335
20089,20336
20089,20337
20089,20338
20089,20339
20089,20340
20089,20341
20089,20342
20089,20343
20089,20344
20089,20345
20089,20346
20089,20347
20089,20348
20089,20349
20089,20350
20089,20351
20089,20352
20089,20353
20089,20354
20089,20355
20089,20356
20089,20357
20089,20358
20089,20359
20089,20360
20089,20361
20089,20362
20089,20363
20089,20364
20089,20365
20089,20366
20089,20367
20089,20368
20089,20369
20089,20370
20089,20371
20089,20372
20089,20373
20089,20374
20089,20375
20089,20376
20089,20377
20089,20378
20089,20379
20089,20380
20089,20381
20089,20382
20089,20383
20089,20384
20089,20385
20089,20386
20089,20387
20089,20388
20089,20389
20089,20390
20089,20391
20089,20392
20089,20393
20089,20394
20089,20395
20089,20396
20089,20397
20089,20398
20089,20399
20089,20400
20089,20401
20089,20402
20089,20403
20089,20404
20089,20405
20089,20406
20089,20407
20089,20408
20089,20409
20089,20410
20089,20411
20089,20412
20089,20413
20089,20414
20089,20415
20089,20416
20089,20417
20089,20418
20089,20419
20089,20420
20089,20421
20089,20422
20089,20423
20089,20424
20089,20425
20089,20426
20089,20427
20089,20428
20089,20429
20089,20430
20089,20172
20083,20431
20432,20433
20083,20434
20435,20436
20437,20438
20437,20439
20437,20440
20437,20441
20437,20442
20437,20443
20437,20444
20445,20446
20437,20447
20448,20449
20448,20450
20448,20451
20099,20452
20099,20453
20376,20454
20376,20455
20376,20456
20448,20457
20376,20320
20445,20458
20445,20459
20281,20460
20281,20461
20281,20462
20281,20335
20281,20379
20281,20341
20281,20463
20281,20464
20445,20438
20445,20465
20445,20445
20445,20466
20445,20467
20445,20468
20445,20469
20445,20470
20445,20471
20445,20472
20445,20473
20281,20474
20376,20313
20376,20475
20476,20457
20476,20477
20476,20478
20479,20480
20481,20482
20481,20483
20481,20484
20481,20485
20376,20486
20481,20487
20481,20488
20489,20122
20490,20491
20492,20493
20492,20494
20492,20495
20492,20496
20497,20498
20481,20499
20376,20500
20376,20326
20376,20501
20376,20502
20376,20503
20376,20504
20376,20505
20376,20506
20376,20507
20376,20508
20376,20509
20376,20510
20376,20511
20376,20312
20376,20322
20376,20339
20376,20338
20376,20512
20376,20513
20376,20337
20376,20514
20376,20515
20516,20517
20516,20518
20516,20519
20520,20521
20520,20522
20520,20462
20523,20524
20448,20435
20448,20525
20457,20526
20457,20527
20520,20528
20457,20529
20457,20530
20457,20531
20457,20457
20457,20532
20457,20533
20457,20534
20457,20535
20457,20536
20457,20537
20122,20538
20520,20539
20520,20312
20100,20540
20100,20276
20100,20168
20100,20102
20541,20542
20541,20543
20541,20544
20545,20546
20520,20322
20545,20547
20545,20548
20146,20549
20146,20550
20146,20322
20146,20551
20146,20157
20146,20091
20146,20552
20545,20553
20122,20554
20122,20555
20122,20556
20330,20304
20330,20557
20330,20558
20330,20559
20330,20560
20330,20561
20330,20562
20330,20277
20330,20095
20330,20563
20330,20322
20330,20340
20330,20564
20330,20565
20566,20516
20516,20567
20516,20322
20516,20568
20330,20429
20330,20163
20330,20569
20330,20570
20122,20571
20122,20572
20122,20573
20122,20574
20122,20575
20122,20576
20122,20577
20122,20578
20330,20579
20330,20580
20330,20172
20330,20418
20330,20330
20330,20321
20330,20581
20330,20398
20330,20582
20330,20583
20330,20584
20497,20542
20497,20585
20497,20586
20497,20587
20588,20589
20590,20591
20590,20592
20590,20593
20590,20594
20590,20595
20590,20596
20590,20597
20588,20598
20590,20599
20590,20600
20590,20601
20590,20602
20590,20603
20590,20604
20590,20605
20590,20606
20590,20607
20590,20436
20590,20608
20588,20609
20588,20610
20611,20493
20518,20516
20518,20612
20518,20613
20518,20614
20518,20322
20615,20616
20615,20617
20588,20618
20615,20619
20498,20542
20498,20620
20589,20542
20589,20620
20588,20498
20588,20542
20588,20621
20588,20620
20622,20276
20590,20623
20590,20624
20590,20625
20626,20520
20105,20542
20105,20627
20083,20628
20083,20629
20083,20630
20083,20631
20083,20632
20626,20516
20083,20633
20083,20634
20083,20635
20083,20636
20083,20637
20083,20638
20083,20639
20083,20640
20083,20641
20083,20642
20320,20643
20294,20276
20294,20644
20590,20645
20590,20646
20590,20647
20590,20648
20590,20649
20650,20542
20650,20585
20650,20651
20652,20653
20652,20654
20128,20644
20128,20168
20128,20655
20128,20294
20128,20276
20128,20319
20429,20330
20294,20168
20294,20128
20656,20613
20083,20657
20656,20658
20659,20484
20660,20661
20662,20663
20432,20664
20432,20665
20432,20666
20432,20667
20432,20668
20432,20669
20660,20670
20432,20671
20432,20672
20432,20673
20432,20674
20432,20675
20432,20676
20432,20677
20432,20678
20135,20679
20432,20680
20432,20681
20660,20682
20660,20683
20684,20685
20684,20452
20686,20687
20686,20516
20686,20688
20686,20689
20686,20690
20686,20691
20660,20692
20686,20693
20686,20694
20695,20452
20695,20696
20697,20663
20660,20168
20660,20698
20660,20699
20660,20700
20686,20701
20432,20702
20432,20703
20432,20704
20705,20706
20705,20707
20705,20242
20705,20708
20705,20709
20705,20710
20705,20711
20705,20229
20705,20712
20705,20713
20705,20714
20705,20439
20705,20715
20705,20116
20705,20122
20716,20717
20659,20717
20659,20716
20705,20718
20705,20719
20705,20720
20705,20721
20432,20722
20432,20723
20432,20724
20722,20724
20722,20432
20722,20438
20725,20726
20725,20727
20725,20728
20725,20729
20725,20730
20725,20725
20725,20731
20725,20732
20725,20733
20734,20735
20705,20736
20705,20630
20705,20737
20656,20516
20282,20276
20738,20739
20738,20462
20542,20543
20542,20740
20542,20741
20542,20742
20542,20743
20542,20744
20208,20620
20208,20542
20620,20542
20620,20745
20620,20746
20620,20208
20620,20747
20748,20696
20748,20749
20748,20452
20748,20493
20748,20750
20748,20751
20748,20453
20752,20753
20752,20754
20752,20743
20542,20755
20752,20756
20542,20498
20542,20650
20757,20758
20757,20759
20757,20760
20757,20761
20757,20762
20757,20757
20757,20763
20757,20764
20757,20765
20757,20208
20757,20620
20757,20542
20542,20766
20542,20767
20542,20768
20542,20208
20542,20620
20542,20542
20542,20769
20542,20541
20542,20697
20542,20770
20542,20771
20542,20585
20752,20772
20752,20773
20752,20566
20581,20774
20581,20775
20581,20365
20581,20776
20581,20777
20582,20330
20582,20321
20582,20398
20582,20418
20582,20570
20582,20095
20582,20092
20584,20778
20584,20330
20584,20264
20584,20581
20584,20779
20584,20158
20584,20569
20584,20164
20095,20330
20095,20570
20095,20564
20581,20096
20581,20780
20581,20569
20581,20375
20752,20585
20752,20542
20752,20781
20296,20122
20696,20782
20696,20478
20696,20783
20696,20452
20696,20493
20696,20453
20750,20696
20757,20784
20750,20785
20750,20567
20786,20787
20750,20788
20789,20122
20581,20330
20581,20325
20581,20258
20581,20790
20581,20791
20581,20398
20581,20582
20750,20452
20792,20365
20757,20793
20757,20794
20795,20796
20795,20797
20795,20798
20795,20799
20795,20800
20795,20801
20795,20802
20795,20803
20804,20805
20805,20804
20805,20797
20801,20806
20517,20807
20517,20516
20808,20809
20808,20810
20808,20811
20808,20812
20808,20813
20808,20814
20808,20815
20808,20816
20808,20817
20795,20818
20808,20819
20795,20805
20806,20820
20821,20822
20821,20823
20821,20824
20821,20825
20821,20826
20821,20827
20821,20828
20821,20829
20821,20830
20821,20831
20821,20832
20821,20833
20821,20834
20331,20835
20331,20836
20331,20837
20331,20838
20331,20839
20840,20449
20840,20806
20449,20806
20806,20841
20806,20842
20795,20804
20808,20843
20808,20844
20808,20845
20846,20573
20847,20848
20847,20849
20847,20450
20847,20850
20847,20851
20847,20852
20847,20853
20847,20854
20847,20855
20847,20448
20452,20684
20452,20685
20452,20696
20452,20695
20452,20856
20452,20857
20452,20858
20452,20859
20757,20860
20757,20861
20757,20862
20757,20863
20846,20864
20846,20572
20846,20865
20846,20866
20808,20867
20808,20868
20809,20808
20495,20869
20495,20601
20459,20870
20459,20471
20459,20871
20459,20872
20459,20873
20459,20874
20757,20875
20459,20876
20459,20877
20459,20878
20459,20469
20459,20470
20572,20122
20572,20846
20572,20866
20572,20865
20572,20864
20572,20573
20846,20122
20459,20879
20365,20880
20881,20882
20881,20883
20884,20449
20884,20885
20884,20886
20880,20365
20887,20888
20887,20889
20887,20452
20887,20599
20890,20891
20544,20543
20544,20892
20544,20541
20544,20542
20540,20338
20540,20276
20540,20300
20540,20893
20540,20894
20895,20896
20895,20897
20895,20898
20895,20238
20895,20457
20884,20485
20895,20899
20900,20901
20900,20902
20903,20453
20903,20904
20905,20906
20905,20907
20905,20541
20905,20620
20905,20542
20889,20888
20889,20887
20889,20452
20908,20122
20909,20910
20902,20900
20902,20911
20902,20912
20902,20913
20902,20484
20902,20914
20902,20915
20902,20916
20902,20901
20902,20917
20902,20918
20900,20484
20895,20919
20895,20920
20896,20897
20786,20921
20786,20922
20786,20923
20786,20924
20786,20925
20786,20525
20786,20926
20786,20866
20786,20927
20786,20928
20786,20929
20786,20397
20786,20930
20786,20931
20786,20932
20786,20933
20786,20934
20786,20935
20786,20936
20786,20937
20786,20797
20786,20938
20786,20939
20786,20940
20786,20941
20786,20213
20786,20942
20896,20895
20896,20898
20896,20238
20896,20457
20896,20899
20896,20919
20896,20920
20943,20122
20786,20455
20786,20944
20786,20945
20903,20946
20786,20947
20786,20506
20786,20119
20786,20118
20786,20509
20786,20948
20786,20312
20786,20949
20786,20950
20786,20951
20786,20952
20786,20953
20786,20954
20903,20955
20903,20452
20903,20889
20376,20102
20376,20956
20376,20957
20376,20095
20376,20958
20376,20959
20955,20502
20955,20960
20955,20515
20955,20961
20955,20513
20955,20962
20955,20963
20955,20964
20955,20965
20955,20903
20955,20966
20955,20967
20955,20968
20955,20452
20955,20969
20955,20946
20955,20453
20376,20970
20376,20971
20376,20972
20376,20973
20881,20435
20881,20525
20881,20930
20881,20841
20881,20974
20881,20820
20881,20975
20881,20976
20881,20847
20881,20977
20881,20567
20955,20904
20881,20978
20881,20516
20881,20979
20881,20542
20881,20980
20881,20981
20980,20516
20981,20982
20981,20453
20276,20100
20276,20622
20276,20282
20881,20983
20821,20984
20854,20985
20986,20987
20988,20989
20988,20749
20988,20452
20988,20493
20988,20750
20988,20990
20988,20751
20988,20748
20988,20988
20988,20453
20989,20991
20989,20992
20903,20507
20903,20515
20903,20993
20903,20888
20903,20965
20903,20994
20903,20995
20903,20996
20903,20906
20903,20966
20903,20997
20988,20998
20988,20696
20988,20999
20575,20296
20986,20882
20986,20435
20986,20516
21000,20122
21000,21001
20888,20322
20888,21002
20888,20452
20888,20946
20888,21003
20888,20887
20985,20865
20888,20889
21004,21004
20092,20340
20092,20330
20092,20418
20092,21005
20340,21006
20340,20330
20340,20418
20340,21007
20340,21003
20575,20122
21008,21009
20821,21010
20821,21011
20821,21012
20376,21013
20376,21014
20376,21015
20376,21016
20376,21017
20376,20276
20376,20963
20376,20965
20376,21018
20376,21019
20376,21020
20376,20265
20376,21021
20376,21022
20376,21023
20376,20922
20376,20260
20376,21024
20376,20268
20376,21025
20376,21026
20376,21027
20376,20299
20376,21028
20376,21029
20376,20993
20376,21030
20786,20178
20786,21031
20786,21032
20786,21033
20786,21034
20786,20385
20786,21035
20786,21036
20786,21037
20786,21038
20786,21039
20786,20738
20786,20191
20786,21040
20786,20528
20786,21041
20786,20244
20786,21042
20786,21043
20786,21044
20786,20418
20376,21045
20376,20303
20376,20321
20376,21046
20376,21047
20376,20903
20376,21048
20376,21049
20376,21050
20376,20355
20376,21051
20376,20521
20376,20967
20376,21052
20376,20968
20376,21053
20376,20376
20376,21054
20376,21055
20376,21056
20376,21057
20376,21058
20376,20380
20376,21032
20376,21059
20376,21060
20376,21061
20376,20373
20376,21062
20376,21063
20376,21064
20376,21065
20376,20418
20376,21066
20376,20294
20376,20293
20376,21067
20376,20292
20376,20289
20376,21068
20376,21069
20376,21070
20376,21071
20376,21072
20786,20865
20376,21073
20376,21074
20376,20927
20376,21075
20376,20391
20376,21076
20376,21077
20376,20933
20376,20974
20376,21078
20376,20622
20376,20966
20376,21079
20786,20977
20786,21080
20786,21081
20738,21082
20738,21083
20738,20385
20738,21084
20738,21085
20738,21086
20738,20522
20738,21087
20738,20521
20738,20528
20738,21063
20738,21088
20738,20362
20738,21089
20738,21002
20738,20418
20738,21090
20738,21091
20738,21075
20738,21092
20738,20927
20738,20539
20738,21093
20738,21058
20738,20380
20738,21032
20738,21094
20738,21095
20738,20089
20738,21096
20738,21003
20738,20155
20738,21097
20738,21098
20738,20946
20738,20566
20738,21099
20738,20198
20738,21100
20738,21101
20738,20516
20738,21102
20738,21103
20738,20148
20738,21104
20738,20135
20738,21105
20738,20520
20738,20655
20738,20977
20738,20373
20738,21106
20376,21107
20738,20291
20738,20903
20786,21108
20786,21109
20786,21110
20786,20155
20786,21111
20786,21112
20786,20657
20786,20946
20786,21113
20786,21114
20786,21115
20786,20516
20786,20136
20786,21116
20786,21117
20786,21118
20786,20205
20786,20727
20786,20208
20786,21119
20786,21120
20786,21121
20786,21122
20786,20635
20786,21123
20786,21124
20786,21125
20738,21029
20738,20883
20738,20260
20738,21126
20738,21127
20738,20267
20738,20921
20738,20276
20738,21016
20738,20993
20738,21128
20738,20293
20738,21129
20738,20512
20738,20340
20738,20322
20738,20312
20738,20506
20738,20504
20738,20945
20738,21130
20738,21131
20786,21132
20786,21133
20738,21006
20282,21134
20376,21135
20376,20144
20493,20989
20493,20988
20493,20611
20493,21136
20493,21137
20493,20452
20493,21138
20493,21139
20493,20492
20493,20566
20493,20979
20821,21140
20821,21141
20821,21142
20821,21143
20821,21144
20821,21145
20821,21146
20821,21147
20821,21148
20821,21149
20821,21150
20821,21151
20493,20982
20821,21152
20493,21078
20493,21092
20453,20904
20782,21153
20782,21154
20782,21155
20782,21156
20997,20453
21157,21158
20569,20330
20569,20563
20569,20264
20569,20581
20569,20584
20569,20779
20569,20158
20569,20164
20493,20751
20493,20495
20493,20749
20493,20748
20493,21159
20493,21160
20493,20494
20493,20971
20493,21161
20821,21162
20821,21163
20821,21164
20821,21165
20821,21166
20821,21167
20821,21168
20821,21169
20821,21170
20821,21171
20821,21172
20821,21173
20821,21174
20821,21175
20821,21176
20821,21177
20821,21178
20821,21179
20821,21180
20821,21181
20821,21182
20821,21183
20821,21184
20821,21185
20821,21186
20821,21187
20821,21188
20821,21189
20821,21190
20821,21191
20821,21192
20821,21193
20821,21194
20821,21195
20821,21196
20821,21197
20821,21198
20821,21199
20821,21200
20821,21201
20821,21202
20453,20888
20821,21203
20821,21204
20821,21205
20821,21206
20821,21207
20821,21208
20821,21209
20821,21210
20821,21211
20821,21212
20821,21213
20821,21214
20821,21215
20453,20946
20453,20968
20453,20903
20376,20811
20376,21216
20376,21217
20376,21218
20376,21219
20376,20751
20376,20748
20376,21003
20376,20153
20376,20152
20376,21220
20376,21221
20376,20127
20376,20453
20376,21222
20437,21223
20442,20452
20453,20853
20453,21224
20453,20782
20453,21225
20453,20478
20453,20997
20376,20946
20376,21226
20376,21099
20376,21101
20376,21227
20376,21228
20376,21229
20376,20142
20376,20655
20376,20141
20376,21230
20376,21231
20376,20138
20376,21232
20376,21233
20453,21218
20376,20135
20376,21234
20376,21235
20376,21236
20376,20130
20376,21104
20376,20129
20376,20814
20376,21237
20376,21238
20376,20969
20376,21239
20376,21240
20376,21241
20453,20452
20453,21242
20453,21053
20453,20376
20453,21058
20453,21032
20453,21060
20453,20955
20453,21229
20453,21243
20453,20982
20453,20969
20453,20493
20453,20751
20453,21159
20453,20971
20453,20981
20453,21244
20453,20959
20453,20887
20453,21245
20453,20857
20453,21246
20453,21247
20453,20685
20453,20521
20453,21051
20453,21050
20453,21049
20453,21248
20453,21249
20453,20750
20453,21250
20453,20748
20453,20749
20453,20696
20453,20456
20453,20500
20453,20502
20453,20504
20453,21228
20453,20505
20453,20495
20453,20327
20453,20993
20453,21016
20453,21251
20453,20965
20453,21020
20453,20265
20453,21074
20453,20927
20453,21078
20453,20515
20376,21002
