276131,276132
276131,276133
276131,276134
276131,276135
276131,276136
276131,276137
276131,276138
276131,276139
276131,276140
276131,276141
276131,276142
276131,276143
276131,276144
276131,276145
276131,276146
276131,276147
276131,276148
276131,276149
276131,276150
276131,276151
276131,276152
276131,276153
276154,276138
276154,276150
276154,276144
276131,276131
276131,276155
276131,276156
276131,276157
276131,276158
276131,276159
276131,276160
276131,276161
276131,276162
276131,276163
276131,276164
276131,276165
276131,276166
276131,276167
276131,276168
276131,276169
276131,276170
276131,276171
276172,276173
276131,276174
276172,276175
276172,276176
276172,276177
276172,276178
276172,276179
276172,276180
276172,276181
276172,276182
276172,276183
276172,276184
276172,276185
276172,276186
276187,276188
276187,276189
276190,276191
276190,276192
276154,276137
276190,276193
276194,276195
276172,276196
276131,276197
276172,276198
276186,276199
276131,276200
276131,276201
276131,276202
276131,276203
276131,276204
276131,276205
276206,276207
276206,276168
276206,276208
276206,276209
276206,276154
276206,276210
276206,276150
276206,276211
276206,276212
276206,276131
276206,276200
276206,276213
276186,276214
276172,276215
276154,276154
276216,276217
276154,276157
276216,276182
276216,276218
276216,276219
276216,276220
276216,276221
276216,276222
276216,276223
276216,276224
276216,276225
276216,276226
276216,276227
276216,276228
276216,276229
276216,276230
276216,276231
276216,276232
276216,276233
276216,276234
276216,276235
276216,276236
276216,276237
276216,276238
276216,276239
276216,276240
276241,276215
276216,276242
276216,276243
276216,276214
276216,276244
276216,276199
276216,276245
276216,276246
276216,276180
276216,276247
276216,276248
276216,276249
276216,276250
276216,276251
276216,276252
276216,276253
276216,276254
276216,276255
276216,276256
276216,276257
276216,276258
276216,276183
276259,276260
276261,276262
276261,276263
276261,276264
276265,276266
276265,276215
276267,276268
276269,276270
276138,276157
276138,276161
276138,276154
276138,276137
276138,276150
276138,276144
276271,276272
276273,276274
276275,276276
276277,276278
276279,276280
276259,276281
276259,276282
276283,276284
276285,276225
276216,276286
276216,276184
276216,276287
276216,276288
276216,276289
276216,276290
276216,276291
276216,276292
276216,276185
276154,276161
276216,276293
276216,276294
276216,276295
276216,276296
276216,276297
276216,276298
276216,276299
276216,276186
276300,276284
276301,276270
276216,276302
276303,276304
276305,276306
276307,276308
276305,276309
276305,276310
276305,276311
276305,276312
276305,276313
276305,276314
276305,276315
276305,276316
276305,276317
276305,276318
276305,276319
276305,276320
276305,276321
276305,276322
276305,276323
276305,276324
276305,276325
276305,276326
276305,276327
276305,276328
276305,276329
276305,276330
276305,276331
276305,276332
276305,276333
276305,276334
276305,276335
276305,276336
276305,276337
276305,276338
276305,276254
276305,276339
276305,276340
276305,276341
276305,276342
276305,276343
276305,276344
276305,276345
276305,276346
276305,276347
276305,276348
276305,276349
276305,276350
276305,276351
276305,276352
276305,276353
276305,276354
276305,276355
276305,276356
276305,276357
276305,276358
276305,276359
276305,276360
276305,276361
276305,276362
276305,276363
276305,276364
276305,276365
276305,276366
276305,276367
276305,276368
276305,276369
276305,276370
276305,276371
276216,276372
276305,276373
276305,276226
276305,276374
276305,276375
276305,276376
276305,276377
276305,276378
276305,276379
276305,276284
276305,276380
276305,276381
276305,276382
276305,276383
276305,276384
276305,276385
276305,276386
276305,276387
276305,276388
276305,276389
276305,276390
276305,276391
276305,276392
276305,276217
276305,276393
276394,276343
276305,276395
276305,276396
276305,276397
276305,276398
276305,276399
276305,276400
276305,276401
276305,276402
276305,276403
276305,276404
276305,276405
276305,276406
276305,276407
276305,276408
276305,276409
276305,276410
276305,276411
276305,276412
276305,276413
276305,276414
276305,276415
276305,276416
276305,276417
276305,276266
276305,276418
276307,276419
276307,276420
276307,276421
276307,276422
276307,276423
276307,276424
276307,276425
276307,276307
276305,276426
276305,276427
276305,276428
276305,276429
276305,276430
276305,276431
276305,276432
276305,276433
276305,276434
276305,276435
276305,276436
276305,276437
276305,276438
276305,276439
276305,276440
276305,276441
276305,276442
276305,276443
276305,276444
276305,276445
276305,276446
276305,276447
276305,276448
276305,276449
276305,276450
276305,276451
276305,276452
276305,276453
276305,276454
276305,276455
276305,276456
276305,276457
276305,276458
276305,276459
276305,276460
276305,276461
276305,276462
276305,276463
276305,276464
276305,276465
276305,276466
276305,276467
276305,276468
276305,276469
276305,276470
276305,276471
276305,276472
276305,276473
276305,276474
276305,276475
276305,276476
276305,276477
276305,276478
276305,276479
276305,276480
276305,276481
276305,276482
276305,276483
276216,276484
276485,276486
276216,276178
276487,276239
276485,276488
276485,276489
276485,276490
276485,276491
276485,276492
276485,276493
276485,276494
276485,276495
276485,276496
276485,276497
276485,276498
276485,276499
276485,276500
276485,276501
276485,276502
276485,276503
276485,276504
276485,276419
276505,276506
276485,276507
276505,276508
276505,276509
276510,276225
276511,276512
276511,276513
276511,276514
276511,276515
276511,276516
276511,276244
276511,276517
276511,276518
276511,276519
276511,276520
276505,276521
276505,276522
276505,276523
276505,276524
276505,276525
276505,276526
276505,276527
276505,276528
276505,276529
276530,276225
276485,276531
276485,276532
276485,276533
276485,276534
276485,276535
276485,276536
276485,276537
276485,276538
276485,276539
276485,276540
276485,276541
276485,276542
276485,276543
276485,276544
276485,276545
276485,276546
276485,276547
276485,276548
276485,276549
276485,276550
276485,276551
276485,276552
276485,276553
276485,276554
276485,276555
276485,276556
276485,276557
276485,276420
276485,276558
276485,276559
276485,276560
276485,276561
276485,276562
276485,276563
276485,276564
276485,276565
276485,276566
276485,276567
276485,276568
276485,276569
276485,276570
276485,276571
276485,276572
276485,276573
276485,276574
276485,276575
276576,276577
276576,276135
276578,276579
276578,276580
276578,276581
276578,276582
276578,276583
276584,276154
276585,276586
276585,276276
276585,276587
276588,276411
276588,276277
276588,276589
276588,276278
276590,276591
276592,276593
276594,276308
276594,276595
276594,276596
276594,276597
276578,276598
276594,276599
276578,276600
276578,276601
276305,276602
276603,276604
276603,276605
276606,276607
276606,276528
276608,276609
276608,276610
276611,276612
276611,276613
276611,276614
276611,276615
276611,276616
276611,276617
276611,276618
276611,276278
276619,276526
276619,276620
276621,276622
276621,276623
276578,276624
276576,276625
276626,276627
276628,276435
276629,276628
276576,276630
276576,276161
276576,276631
276576,276632
276576,276168
276576,276633
276576,276153
276576,276634
276576,276137
276576,276635
276576,276150
276576,276636
276576,276637
276576,276638
276576,276639
276576,276640
276576,276212
276576,276641
276629,276390
276626,276195
276629,276642
276629,276643
276628,276437
276628,276644
276628,276645
276628,276284
276629,276435
276629,276646
276629,276437
276629,276266
276629,276647
276629,276402
276629,276468
276629,276448
276629,276214
276629,276648
276629,276459
276629,276337
276629,276649
276629,276650
276629,276346
276629,276651
276216,276652
276485,276653
276485,276654
276655,276656
276655,276657
276655,276658
276655,276659
276655,276660
276655,276661
276655,276662
276655,276663
276655,276664
276655,276665
276655,276666
276655,276667
276655,276668
276655,276669
276655,276670
276655,276671
276655,276672
276655,276673
276655,276674
276655,276675
276655,276676
276655,276677
276655,276678
276679,276225
276655,276680
276655,276681
276655,276682
276655,276655
276655,276683
276655,276684
276655,276685
276655,276686
276655,276687
276655,276688
276655,276689
276655,276690
276655,276691
276655,276692
276655,276693
276655,276694
276655,276695
276655,276696
276655,276697
276698,276699
276655,276700
276701,276702
276216,276703
276216,276704
276216,276705
276216,276706
276216,276707
276216,276708
276216,276196
276216,276514
276216,276709
276216,276175
276216,276710
276216,276711
276216,276712
276216,276713
276216,276714
276216,276172
276216,276177
276216,276715
276216,276716
276216,276717
276701,276718
276216,276215
276216,276412
276701,276719
276701,276720
276701,276721
276701,276722
276216,276173
276216,276723
276216,276612
276216,276724
276216,276725
276216,276266
276216,276726
276216,276727
276216,276728
276216,276729
276216,276730
276216,276731
276216,276403
276216,276404
276216,276732
276216,276733
276485,276734
276735,276591
276617,276618
276485,276736
276485,276737
276485,276738
276485,276739
276485,276740
276485,276741
276485,276742
276485,276743
276485,276744
276485,276745
276485,276746
276485,276747
276485,276748
276485,276749
276485,276750
276485,276751
276485,276752
276485,276753
276485,276754
276485,276755
276485,276756
276485,276757
276485,276758
276485,276759
276485,276760
276485,276761
276485,276762
276485,276763
276485,276764
276485,276765
276485,276766
276485,276767
276485,276768
276485,276769
276485,276188
276485,276770
276485,276771
276485,276772
276485,276773
276485,276774
276485,276775
276485,276776
276485,276777
276617,276278
276485,276778
276485,276779
276485,276780
276485,276781
276485,276782
276485,276783
276485,276784
276485,276785
276485,276786
276485,276787
276485,276788
276789,276790
276789,276791
276789,276792
276789,276260
276789,276320
276789,276793
276789,276794
276795,276239
276796,276797
276617,276612
276485,276798
276485,276799
276485,276800
276485,276801
276485,276802
276485,276803
276485,276804
276485,276805
276485,276806
276485,276807
276485,276808
276485,276809
276485,276810
276485,276364
276485,276811
276485,276812
276485,276813
276485,276814
276485,276815
276485,276816
276485,276817
276485,276818
276485,276819
276485,276820
276305,276821
276822,276823
276824,276825
276824,276826
276824,276827
276824,276828
276824,276829
276404,276830
276824,276831
276824,276832
276824,276833
276824,276834
276824,276835
276824,276836
276824,276837
276824,276838
276824,276839
276824,276840
276824,276841
276824,276842
276824,276843
276824,276844
276824,276845
276824,276846
276824,276847
276824,276848
276824,276849
276824,276850
276824,276851
276824,276764
276824,276852
276824,276853
276824,276854
276824,276855
276824,276856
276824,276857
276824,276858
276824,276859
276824,276860
276824,276861
276824,276862
276824,276863
276824,276864
276824,276865
276824,276866
276824,276867
276824,276868
276869,276870
276869,276871
276869,276872
276869,276873
276869,276874
276869,276875
276869,276876
276869,276877
276824,276878
276824,276879
276824,276880
276824,276881
276824,276596
276824,276882
276824,276883
276824,276884
276824,276885
276824,276886
276824,276887
276824,276888
276824,276595
276824,276889
276824,276890
276824,276891
276824,276892
276824,276893
276824,276894
276824,276895
276824,276896
276824,276897
276898,276899
276898,276900
276898,276901
276902,276797
276903,276215
276903,276705
276898,276904
276903,276403
276903,276266
276255,276225
276255,276266
276905,276345
276905,276266
276345,276905
276903,276728
276898,276906
276898,276907
276898,276908
276909,276286
276481,276910
276707,276225
276911,276912
276913,276914
276913,276260
276913,276915
276913,276916
276913,276419
276913,276913
276913,276917
276898,276918
276898,276919
276898,276920
276898,276921
276345,276266
276922,276923
276922,276924
276922,276925
276824,276926
276824,276927
276824,276928
276824,276929
276824,276930
276824,276931
276824,276932
276824,276933
276824,276934
276824,276935
276824,276936
276824,276937
276824,276938
276824,276939
276824,276940
276824,276941
276869,276942
276824,276943
276824,276944
276922,276945
276922,276946
276824,276870
276824,276877
276824,276871
276824,276872
276824,276873
276824,276947
276824,276874
276824,276875
276824,276876
276824,276942
276824,276869
276824,276948
276824,276949
276824,276950
276869,276869
276869,276948
276869,276949
276869,276764
276869,276852
276869,276853
276869,276854
276869,276855
276869,276856
276869,276851
276869,276857
276869,276842
276869,276841
276869,276832
276869,276826
276869,276827
276869,276828
276869,276843
276305,276951
276305,276952
276305,276953
276305,276954
276305,276955
276305,276956
276305,276957
276305,276958
276305,276959
276305,276960
276305,276961
276305,276962
276305,276963
276305,276964
276305,276965
276305,276966
276305,276967
276305,276968
276869,276829
276869,276825
276869,276831
276869,276833
276869,276885
276869,276886
276869,276887
276869,276888
276869,276595
276869,276889
276869,276890
276869,276891
276869,276892
276869,276893
276869,276879
276869,276878
276869,276868
276869,276862
276869,276863
276869,276884
276969,276970
276869,276883
276869,276596
276869,276840
276869,276834
276869,276971
276869,276835
276869,276972
276869,276836
276869,276838
276869,276839
276869,276858
276869,276860
276869,276894
276869,276973
276869,276974
276869,276975
276869,276881
276869,276882
276976,276909
276977,276978
276461,276979
276869,276938
276869,276939
276869,276940
276869,276897
276869,276896
276869,276859
276869,276937
276869,276845
276869,276847
276869,276848
276869,276849
276869,276980
276869,276850
276981,276377
276869,276846
276869,276936
276869,276935
276869,276982
276869,276824
276869,276983
276869,276944
276869,276950
276869,276943
276869,276941
276869,276926
276869,276927
276869,276928
276869,276929
276869,276930
276869,276932
276869,276933
276869,276934
276869,276984
276981,276650
276981,276985
276981,276986
276981,276987
276461,276345
276461,276650
276461,276333
276461,276459
276461,276214
276461,276988
276461,276989
276461,276990
276461,276402
276461,276266
276461,276903
276461,276991
276461,276646
276461,276992
276461,276428
276461,276346
276993,276797
276461,276994
276461,276382
276981,276461
276981,276995
276981,276266
276981,276903
276981,276646
276461,276996
276461,276962
276461,276963
276461,276953
276461,276997
276461,276360
276461,276998
276461,276999
276461,276374
276461,276393
276461,277000
276976,276286
277001,277002
277001,277003
276464,277004
276464,277005
276464,277006
276464,276389
276464,277007
276464,276387
276464,277008
276464,277009
276464,277010
276464,276229
276464,277011
276464,277012
276464,277013
276464,276353
276464,276230
276464,277014
276464,276217
276464,276393
276464,277015
276464,277016
276464,277017
276464,277018
276464,277019
276464,276358
276464,277020
276464,277021
276464,277022
276464,277023
276464,277024
276464,277025
276464,277026
276464,277027
276464,277028
276464,276226
276464,276352
276464,277029
276464,277030
276464,277031
276464,277032
276464,277033
276464,277034
276464,277035
276464,276318
276464,276509
276464,276316
276464,277036
276464,277037
276464,277038
276464,277039
276464,277040
276464,277041
276464,277042
276464,277043
276464,277044
276464,277045
276464,277046
276464,277047
276464,277048
276464,276225
276464,277049
276464,277050
276464,277051
276464,277052
276464,277003
276464,277053
276464,277054
276464,277055
276464,277056
276464,277057
276464,277058
276464,277059
276464,276320
276464,276528
276464,277060
276464,276367
276645,276274
277061,276371
277061,276364
277061,276317
277061,276312
277061,276343
276645,276304
277061,276477
276358,276352
276358,276645
276358,277062
276358,277063
276358,277064
276358,277065
277061,276195
276645,277066
276645,276284
276645,277067
276239,276727
276239,277068
276239,277069
276239,277070
276239,276232
276239,277071
276239,276292
277072,277073
276284,277074
277067,276373
277075,277076
276645,276358
276645,276352
276645,277077
276645,277078
277079,277080
277079,277081
277079,277082
277079,277083
276464,277084
276464,277085
276464,277086
276464,276964
276464,276965
276464,277087
276464,276967
276464,277088
276464,277089
276464,277090
276464,277091
276464,277092
276464,277077
276464,277093
276464,276291
276464,277094
276464,277095
276464,277096
276464,277097
277079,276260
277079,277098
277080,276260
277099,277100
277099,277101
276464,277102
276464,277103
276464,277104
276464,277105
276464,277106
276464,277107
276464,277108
276464,276957
276464,277109
276464,276296
276464,276295
276869,276864
276464,277110
276464,277111
276464,276266
276464,277112
276464,277113
276464,277114
276464,277115
276464,277116
276464,277117
276464,277118
276464,277119
276464,277120
276464,276646
276464,276434
276464,276432
276464,276431
276464,277121
276464,276416
276464,276398
276464,276400
276464,276412
276464,277122
276464,277123
276464,277124
276464,276409
276464,277125
276464,276404
276464,276402
276464,276730
276464,277126
276464,277127
276464,277128
276464,277129
276464,277130
276464,276911
276464,277131
276464,276979
276464,277132
276464,277133
277055,277134
277055,277135
277055,277136
277055,277137
277055,277138
277055,277139
277055,277140
277055,276475
277055,277127
277055,277141
277055,277099
277001,276278
277001,277086
277001,276277
277001,277142
277055,277143
276464,277144
277055,277041
277055,277031
276464,277145
276957,277146
276217,277147
276217,277148
276217,276286
276217,277149
276217,277150
276217,276351
276217,277151
277054,277152
277054,277153
277054,277154
277054,277155
277055,277156
277055,277157
277055,277158
276464,277159
276464,276215
276464,277160
276464,276337
276464,277161
276464,276334
276464,276909
276464,276332
276464,277162
276464,277163
276464,277164
276464,276396
276464,276459
276464,276247
276464,276458
276464,277165
276464,277166
276464,277167
276464,277168
276464,277169
276464,277170
276464,277171
276464,277172
276464,277173
276464,277174
276464,277001
276464,277175
276464,277176
276464,276341
276464,277134
276464,277177
276464,276976
276464,277178
276464,276254
276464,277179
276464,276338
276464,277180
276464,276214
276464,277181
276464,276242
276464,277182
276464,276711
276464,277183
276464,277140
276464,277184
276464,277185
276464,277186
276464,277187
276464,276467
276464,277188
276464,276707
276464,277189
276464,276464
276464,276274
276464,276703
276464,277147
276464,277190
276464,277191
276464,276481
276464,276484
276464,276451
276464,277192
276464,277193
276464,276447
276464,277194
276464,277195
276464,277196
276464,277137
276464,277197
276464,277198
276464,277199
276464,276460
276464,277200
276464,277201
276464,277202
276869,276865
276869,276867
277203,277204
277205,277206
277205,277207
277205,277208
277205,277209
277205,277210
277205,277211
277205,277212
277205,277213
277205,277214
277205,277215
277205,277216
277205,277217
277205,277218
277205,277219
277205,277220
277205,277221
277205,276914
277222,277223
277224,277052
277224,277225
277226,276266
277227,277228
277222,277229
277222,277230
277222,277231
277222,277232
277222,277052
277222,277233
277222,277234
277222,277235
277222,276627
277222,277236
277222,277222
277205,276793
277205,277237
277205,276189
277205,277238
277205,277239
277205,277240
277205,277225
277205,277241
277205,277242
277205,277243
277205,277244
277205,277245
277205,277246
277205,277247
277205,277248
277205,277249
277205,277250
277205,277251
277205,277252
277205,277253
277224,276914
277205,277254
277205,276276
277205,277255
277205,276260
277205,277256
277205,276797
277205,277257
277205,277258
277205,277259
277205,277260
277205,277261
277205,277262
277205,277263
277205,277264
277205,277265
277205,277266
277205,277267
277205,277268
277205,277269
277224,277270
277224,277271
277272,277273
277272,277274
277272,276276
277272,277275
277272,277276
277272,277277
277272,276423
277272,277278
277272,277279
277272,277280
277272,277281
277272,277282
277272,277283
277272,277284
277272,277285
277272,277286
277272,277287
277272,277288
277272,277289
277272,277290
277272,277291
277272,277292
277272,277293
277272,277294
277272,276599
277272,276230
277272,277295
277272,277296
277272,276934
277272,277297
277272,276425
277272,276849
277272,277298
277272,277299
277272,277300
277272,276421
277272,276596
277301,276924
277301,276276
277302,277303
277302,277304
277302,277305
277302,277306
277224,277307
277224,277308
277224,277309
277224,277310
277224,277311
277224,277058
277224,277312
277224,277313
277224,276276
277314,276266
277224,277315
277314,276728
277314,276705
277272,277272
277272,277316
277272,276420
277272,276595
277272,277317
277272,276419
277272,276308
277272,277318
277272,277319
277272,277320
277272,277321
276508,277322
276521,276699
277323,276651
277323,276244
277314,276403
277272,277324
277205,277325
277205,277326
277327,277328
277327,277329
277327,277330
277327,277331
277327,277332
277327,276513
277327,276514
277327,277333
277327,277334
277327,277335
277327,277336
277327,277337
277327,277251
277327,277252
277327,277338
277327,277339
277327,277140
277327,277225
277327,277340
277327,277341
277327,277342
277327,277343
277327,277344
277327,276276
277327,277345
277327,277226
277327,277346
277327,277347
277327,277137
277327,277348
277327,277349
277327,277350
277327,277351
277327,276790
277327,276733
277327,277352
277327,277353
277350,276192
277350,276970
277354,277143
277354,277110
277354,277355
277354,277356
277354,277357
277358,277359
277358,277360
277358,277361
277358,276699
276168,276212
276168,276640
276168,276150
276168,276137
277362,276627
277327,276244
277363,276970
277327,277364
277327,277365
277327,277325
277327,277366
277327,276731
277327,277367
277327,277368
277327,277369
277327,277370
277327,277371
277327,277372
277327,276917
277327,276612
277327,276723
277327,277373
277327,277374
277327,276979
277205,277375
277327,277376
277327,277377
277378,277054
277379,277380
277381,276605
277327,276914
277327,277382
277327,277383
277384,276699
277327,277385
277327,277386
277327,277387
277327,277388
277327,277389
277327,277390
277327,277391
277327,277327
277384,277392
277384,277393
277394,276373
277205,277395
277205,276913
277205,277396
277205,277370
277205,277397
277205,277398
277205,277399
277205,277400
277205,277401
277205,277402
277205,277403
277205,277404
277264,277328
277405,277406
277407,277408
277327,277016
277327,277307
277327,277409
277327,277410
277327,277411
277327,277412
277327,277413
277327,277257
277327,276528
277327,277414
277327,277415
277327,277416
277327,277362
277327,277417
277327,277134
277327,277418
277327,277419
277327,277420
277327,277263
277327,276260
277327,277421
277327,277422
277327,277423
277327,277424
277327,276620
277327,277363
277327,277425
277327,277006
277327,277426
277327,277427
277327,277428
277327,277429
277327,277430
277327,277431
277327,277052
277327,277432
277327,276793
277327,277433
277327,276220
276239,277434
277272,277435
277280,277320
277436,277373
277436,277131
277436,277364
277436,277437
277436,276979
277438,276591
277436,277439
276421,277440
276421,277324
276421,277289
276421,277290
276421,277291
276421,277292
276421,277293
276421,277435
277436,277441
277436,276917
277436,277442
277436,277443
277436,276513
277436,277333
277436,277338
277436,277251
277436,277252
277436,277444
277436,276790
277436,277445
277436,277446
277436,277447
277436,277448
277436,277449
277436,277450
277436,277451
276421,277294
276421,276599
276421,276230
276421,277295
276421,277280
276421,277281
276421,277282
276421,277283
276421,277284
276421,277299
276421,277300
276421,276596
276421,277272
276421,277316
276421,276420
276421,276595
276421,277317
276421,276419
276421,276308
276421,277279
277436,277452
276421,277285
276421,277277
276421,277296
276421,276934
276421,277297
276421,276425
276421,276849
276421,277298
276421,277288
276421,277287
276421,277286
276421,276423
276421,277273
276421,277274
276421,276276
276421,277275
276421,277276
276421,277278
276421,277318
277436,277328
277436,277453
277436,277454
277436,277455
277436,277456
277436,277457
277436,277458
277436,277428
277436,277459
277436,277460
277436,277461
277436,277462
277436,277463
277436,277430
277436,277431
277436,277052
277436,277464
277436,277014
277436,277465
277436,277424
277203,277466
277203,277467
277203,277468
277203,276627
277203,276477
277436,276914
277436,277469
277436,277386
277436,277470
277436,277471
277436,277389
277436,277472
277436,277015
277436,277473
277436,277474
277436,277432
277436,276793
277436,277475
277436,277476
277436,277420
277436,277342
277436,277477
277436,277478
277436,277344
277436,277195
277436,277196
277436,277479
277436,277480
277436,277348
277436,277481
277436,277482
277436,277483
277436,277351
277436,277225
277436,277419
277436,276514
277436,277484
277436,277485
277436,277486
277436,277423
277436,277487
277436,276189
277436,277488
277436,277411
277436,277412
277436,276792
277436,277413
277436,277257
277436,277489
277436,277490
277436,277415
277436,277491
277436,277492
277436,277493
277280,277321
276421,277319
276421,277321
276425,276308
276425,277318
276425,277319
276425,277320
276425,277321
277280,277435
276425,276419
277280,277324
277280,277290
277280,277291
277280,277292
277280,277293
277280,277294
277280,276599
277280,277289
276425,277317
276425,276595
276425,276420
276425,277277
276425,277278
276425,277285
276425,277279
276425,277280
276425,277281
276425,277282
276425,277283
276425,277284
276425,277299
276425,277300
276425,276421
276425,276596
276425,277272
276425,277316
277280,276230
277280,277295
277280,277296
277280,276934
277280,277283
277280,277284
277280,277299
277280,277300
277280,276421
277280,276596
277280,277272
277280,277316
277280,276420
277280,276595
277280,277317
277280,276419
277280,276308
277280,277318
277280,277319
277280,277282
276425,277276
277280,277281
277280,277285
277280,277297
277280,276425
277280,276849
277280,277298
277280,277288
277280,277287
277280,277286
277280,276423
277280,277273
277280,277274
277280,276276
277280,277275
277280,277276
277280,277277
277280,277278
277280,277279
276421,277320
276425,277275
276425,277274
277296,277286
277296,276423
277296,277273
277296,277274
277296,276276
277296,277275
277296,277287
277296,277276
277296,277278
277296,277285
277296,277279
277296,277280
277296,277281
277296,277282
277296,277277
277296,277288
277296,277298
277296,276849
277296,277435
277296,277324
277296,277289
277296,277290
277296,277291
277296,277292
277296,277293
277296,277294
277296,276599
277296,276230
277296,277295
277296,277296
277296,276934
277296,277297
277296,276425
277296,277283
277296,277284
277296,277299
277296,277300
276425,277293
276425,277294
276425,276599
276425,276230
276425,277295
276425,277296
276425,276934
276425,277297
276425,276849
276425,277298
276425,277288
276425,277287
276425,277286
276425,276423
276425,277273
276425,277292
276425,276276
276425,277291
276425,277289
277296,276421
277296,276596
277296,277272
277296,277316
277296,276420
277296,276595
277296,277317
277296,276419
277296,276308
277296,277318
277296,277319
277296,277320
277296,277321
276425,277435
276425,277324
276425,277290
276239,277494
277467,276276
277495,277369
276266,276227
276266,276214
276266,276215
276266,276224
276266,276981
276266,276602
276266,276228
276266,276646
276266,277496
276266,277497
276266,277498
276266,276218
276266,276182
276266,277499
276266,276186
276266,276289
276266,276291
276266,277226
276728,277500
276728,276646
276728,276431
276728,277501
276728,277502
276728,277314
276728,276979
276266,276337
276266,276242
276266,276728
276266,276345
276266,276905
276266,276651
276266,277503
276266,277323
276266,277504
276266,276733
276266,276255
276266,276705
277505,276371
277505,276364
277505,277506
277505,277507
277505,276317
277505,277508
277505,276627
277505,277509
277505,277510
277505,277511
277505,277330
277505,277512
277505,277513
277505,276917
277505,277514
276641,277515
276728,276266
276641,276295
276641,277516
276266,276403
277517,277518
277517,277519
277517,276215
276641,277520
276641,276142
276641,277521
276641,277325
276641,277522
276641,277523
276641,277524
276641,277525
276641,277526
276641,276136
276641,277527
276641,277268
277506,276276
276728,276402
276728,276406
276728,276960
276728,276981
276728,276962
276728,276963
276728,276964
276728,276953
276728,276956
276728,276185
276728,276368
276728,277528
276728,276305
276728,276289
276728,277529
276728,276393
276728,276291
276728,277530
276215,277531
276215,276289
276242,277532
276242,277533
276242,277534
276242,277535
276242,276247
276242,277536
276242,277537
276242,277538
276242,276215
276215,276291
276215,276242
276215,276256
276215,277539
276215,277502
276215,277540
276728,277008
276728,277004
276728,276391
276728,276390
276728,276455
276728,276214
276728,276242
276728,277194
276728,276462
276728,277541
276728,276196
276728,277542
276728,276464
276728,276705
276728,276461
276728,276215
276728,277543
276728,277544
276728,276411
276728,276456
276728,276403
276728,276459
276728,276332
276728,277458
276728,276228
276728,276377
276728,277545
276728,277546
276728,277032
276728,276319
276728,277547
276728,276346
276728,276985
276728,276649
276728,276338
276728,276337
276728,277548
276728,276335
276728,276351
276242,276291
276627,276969
276627,277549
277550,276355
277550,277551
277550,276605
277550,277552
277550,277553
277550,277554
277550,277555
277550,277556
277550,277557
277550,277558
277550,277559
277550,276635
277550,276604
277550,277560
277550,277561
277550,277562
277550,277563
276699,276590
276699,277564
276699,277565
276699,277566
276699,277357
276699,277567
276699,277568
276699,277569
276699,277570
276699,277571
276699,277572
276699,277438
276699,277573
276699,276509
276699,277360
276699,276735
277550,277574
277550,277202
277550,277575
277550,277576
277577,277578
276467,277579
276467,276370
276467,276359
276467,276373
276467,276386
276467,277580
276467,277581
276467,277582
276467,276334
276467,277583
276467,277584
276467,277585
276467,277586
276467,277587
276337,276728
276699,277588
276337,276403
276337,276266
277550,277589
276635,276135
276635,276212
276635,276638
276635,277590
276635,276153
276635,276168
276635,276630
277591,277592
277591,277593
277591,276399
277591,277594
277591,277595
277591,277596
277597,276225
276337,276705
276627,277362
276699,277598
276699,277361
277016,276230
277016,276244
277016,276917
276230,276612
276230,277422
276230,276291
276268,276286
276230,276247
276230,277599
276230,277016
276230,276242
276699,277600
276699,277601
276699,277602
276230,277603
277604,277117
277604,277605
277604,277606
277604,276268
277604,277607
277604,277608
277604,277013
277604,277609
277604,277610
277604,277611
277604,277612
277604,277110
277604,277159
277604,277613
277604,277614
277604,277193
277604,277356
277604,277615
276699,277302
276699,276699
276699,277616
276699,277384
276699,277617
276699,277618
276699,277619
276699,277620
276699,277621
276699,277622
276699,277623
276699,277354
276699,277624
276699,277625
276699,277626
276699,277627
276699,277628
276699,277629
276699,277630
276699,277631
276699,277632
276699,277633
276699,277634
276699,277392
276699,277635
276699,277636
276699,277637
276699,277638
276699,277639
276699,277640
276699,277641
276699,277642
276699,277643
276699,277644
276699,277645
276699,277646
276699,277647
276699,277648
276699,277649
276467,277650
276242,277651
276242,276266
276260,277457
276260,277456
276260,277455
276260,277454
276260,277459
276260,277014
276260,277458
276260,277465
276260,277474
276260,277473
276260,277015
276260,277472
276260,277389
276260,277471
276260,277424
276260,277428
276260,277460
276260,277464
276260,277413
276260,276792
276260,277412
276260,277411
276260,277488
276260,277487
276260,277486
276260,277476
276260,277432
276260,277052
276260,277431
276260,277430
276260,277463
276260,277462
276260,277461
276260,277470
276260,277386
276260,277469
276260,276914
276225,276730
276225,277154
276225,277652
276225,277653
276225,276255
276225,277597
276225,277654
276730,276713
276730,277655
276730,277656
276730,276225
277657,277658
277657,276718
277657,277659
277657,276702
276225,277660
276260,277257
277661,276260
276260,277475
276260,277414
276260,277370
276260,277328
276260,277662
276260,277380
276260,277663
276260,277664
276260,277447
276260,277445
276260,277251
276260,277225
276260,277481
276260,277415
276260,276189
276260,277423
276260,276793
277657,277665
276260,277489
276260,277491
276260,276320
276260,276794
276260,277080
276260,276187
276260,277307
276260,277369
276260,276789
276260,277495
276260,276276
276260,277016
276260,276979
276260,277437
276260,277364
276260,277131
276260,276188
276260,276791
276260,277666
276260,277667
276404,277668
276404,276367
276256,276215
276286,276268
276286,276404
276286,276713
276286,276256
276286,276302
277136,277669
277136,277670
277136,277671
277136,277672
277136,276385
277136,277673
277136,277674
276260,277373
276260,277439
276260,277441
276260,276917
276260,277348
276260,277480
276260,277479
276260,277196
276260,277195
276260,277344
276260,277478
276260,277477
276260,277342
276260,277420
276260,277419
276260,277484
276260,277493
276260,277485
276260,277492
276260,277482
276260,277490
276260,277483
276260,277453
276260,277442
276260,277451
276260,277450
276260,277449
276260,277448
276260,277446
276260,276790
276260,277444
276260,277252
276260,277338
276260,277333
276260,276513
276260,277443
276260,277452
276260,276514
276260,277351
276242,276298
277657,277675
277657,277676
276822,277677
276822,277678
276822,277679
276822,277680
276822,277681
276822,277682
276822,277683
276822,276774
276822,277684
276822,277685
276822,277045
276822,277686
276822,276772
276822,277687
276822,276773
276822,277688
276822,277689
276822,277690
276822,277216
276822,277691
276822,277692
276822,276928
276822,277693
276822,277694
276822,277695
276822,277696
276822,277697
276822,277698
276822,277699
276822,277700
276822,277701
276822,276740
276822,277702
276822,277703
276822,277704
277705,276298
277705,276297
276227,277706
276227,276403
276227,277707
276227,277458
276227,277708
276214,276185
276214,276223
276214,276403
276214,276390
276214,276651
276214,276648
276214,276448
276214,277709
276214,276227
276214,276186
276289,276214
276822,277710
276289,276215
277705,276266
277705,276302
277705,276185
277705,276291
277705,276289
277705,276228
277705,276227
277705,276214
277705,276242
277705,276713
277705,276196
277705,276705
277705,276215
277705,276403
277705,276728
277705,276726
276289,277711
277657,277712
276822,277713
276822,277714
277657,277486
277657,277715
277657,277716
277657,277717
277657,277718
277657,277719
277657,277720
277657,277721
277657,276184
277657,276287
277657,277722
277657,277723
277657,277724
277657,277725
277657,276183
277657,277726
277657,277727
277657,277728
277657,277729
277657,277730
277657,277731
277657,277732
277657,276177
277657,277733
277657,276715
277657,277734
277657,277735
277657,276243
277657,276245
277657,277736
277657,277737
277657,277738
277657,277739
276822,277740
276822,277741
276822,277742
276822,277743
276822,277744
276822,277745
276822,277746
276822,276804
276822,277747
276822,277748
276822,277749
276822,277750
276822,277751
276822,277752
276822,277753
276822,277754
276822,277755
276822,277756
276822,277757
276822,277758
276822,277759
276822,277760
276822,277761
276822,277762
276822,277763
276822,277764
276822,277765
276822,277766
276822,277767
276822,277768
276822,277769
276822,277770
276822,277771
276822,277772
276822,277773
276822,277774
276822,277775
276822,277776
276822,277777
276168,276209
276373,277394
276731,277778
277779,277780
277779,277519
277779,277781
277779,277782
277779,277783
277779,277784
277779,277785
277779,277447
277779,277786
277779,277787
277779,277788
277779,277789
277779,277790
277779,277791
277779,277792
277779,277793
277779,277794
277779,276512
277779,277795
277779,277796
277779,277797
277779,277798
277779,277799
277779,277800
277779,277328
277779,277801
277779,277329
277779,277802
277779,277803
277779,277804
277779,277805
277779,277331
277779,277806
277779,277807
277779,277808
277779,277809
277779,277400
276199,276354
276199,277810
277811,277812
277811,276239
277811,277813
277813,277812
277813,277811
277813,276239
277813,277814
277813,277815
277816,277817
277816,277369
277818,277418
277818,276620
277818,276917
276199,277819
277779,277820
276199,276732
276199,276214
277779,277821
277779,277822
277779,277823
277779,277824
277779,277825
277780,277826
277780,277827
276199,276266
276199,277828
276199,276186
276199,276295
276199,276183
276199,276230
276199,276236
276199,277829
276199,276172
277818,276607
277779,277830
277779,277831
277779,277832
277779,277833
277779,277834
277779,277835
277779,277836
277779,277837
277779,277838
277779,277839
277779,277840
277779,277049
277779,277841
277779,277842
277779,277843
277779,277844
277779,277845
277779,277846
277779,277847
277779,277848
277779,277849
277779,277850
277779,277851
277779,277852
277779,277853
277779,277854
277779,277855
277779,277856
277779,277857
277779,277858
277779,277859
277779,277860
277779,277861
277779,277862
277779,277863
277779,277864
277779,277865
277779,277866
277779,277867
277779,277868
277779,277869
277779,277870
277779,277871
277779,277872
277779,277873
277779,277874
277779,277875
277779,276924
277779,277876
277779,277877
277779,277878
277779,277879
277779,277880
277779,277881
277779,277882
277779,277883
277779,277884
277779,277885
277779,277886
277779,277887
277779,277888
277779,277889
277779,277890
277779,277891
277779,277892
277779,277893
277779,277894
277779,277895
277779,276328
277779,277896
277779,277897
277779,277898
277779,277899
277779,277900
277779,277901
276981,276962
276981,276602
276304,276483
276304,277902
276304,277903
276304,277671
276304,276427
276304,276304
276304,277136
276304,277904
276304,277905
276304,277906
276304,277907
276304,277908
276304,277909
276304,277910
276304,277911
276304,277912
276304,277913
276304,277169
276304,277067
276304,277914
276304,277075
276304,276284
276304,276353
276304,277915
276304,277916
276304,276593
276304,276645
276304,277917
276304,277918
276304,277727
276304,277919
276304,277066
276304,277178
276304,277920
276304,277921
276304,277922
276304,277923
277924,277925
277924,276526
277924,276525
277924,276244
277924,277926
277924,277927
277924,277329
277924,277928
277924,277270
277924,277825
276343,277929
276343,276394
277929,276343
277495,277930
277495,276260
277924,277931
276304,277092
277924,277932
277924,277933
276304,277934
276304,277935
277936,276225
277936,277924
277936,277937
277924,277938
277924,277939
277924,277940
277924,277941
277924,277942
277924,277307
277924,277943
277924,277944
277924,277028
277924,276508
277924,276528
276981,276963
276304,277945
276304,276959
277423,277328
277423,277373
277423,276914
277423,277257
277423,277263
277423,277225
277423,276260
277423,276913
277423,276189
277423,277415
277423,277666
277423,277667
277423,277251
277415,276189
277423,277370
277423,276793
277423,276276
276914,276260
277549,276627
276276,277370
276276,276917
276276,276612
276276,277373
276276,277364
276276,276979
276276,277946
276276,277947
276276,277948
276276,277015
276276,277413
276276,276434
276276,276934
276276,277949
277415,276260
277415,277370
277137,277031
277137,277134
277369,277950
277369,277241
276612,276278
276612,276618
276612,276617
276612,276225
276612,276236
276612,276214
276612,277951
276612,276724
276304,277952
276304,276821
276304,277953
276304,277125
276304,277954
277369,277955
276304,276966
277369,277780
277369,276260
277137,277136
277137,277139
277137,277141
277137,277099
277225,277956
277225,276189
277225,276260
277225,277328
277225,277251
277225,277957
277225,277370
277140,277405
276733,276250
276733,276473
276733,276266
277369,277495
276373,277067
277779,277958
277779,277959
276822,277960
276822,277961
276822,277962
276822,277963
276822,277964
276822,277965
276822,277966
276822,277967
276822,277968
276822,277969
276822,277970
276822,277971
276822,277972
276822,276276
276822,277973
276822,277974
276822,277975
276822,277976
276822,277977
276822,277978
276822,277979
276822,277980
276822,277981
276822,277982
276822,277983
276822,277984
276822,277985
276822,277986
276822,277987
276822,277988
276822,277989
276822,277990
276822,277991
276822,277992
276822,277993
276822,277994
276822,277995
276822,277996
276822,277997
276822,277998
276822,276894
276822,277999
276822,278000
276822,278001
276822,278002
276822,278003
276822,278004
276822,278005
276822,278006
276822,278007
276822,278008
276822,278009
276822,278010
276822,278011
276822,278012
276822,278013
276822,278014
276822,278015
276822,278016
276822,278017
276822,278018
276822,278019
276822,278020
276822,278021
276822,278022
276822,278023
276822,278024
276822,278025
276822,278026
276822,278027
276822,278028
276822,278029
276822,278030
276822,278031
276822,278032
276276,277431
276276,277052
276276,276793
276276,277423
276276,276260
276276,277257
276276,277006
276276,277415
276276,277263
276276,276244
276276,277341
276276,277343
276276,277344
276276,276276
276276,277134
276276,277016
276276,277382
276276,276914
276731,277476
276731,278033
276731,276260
276731,276849
276731,277413
276731,277949
276731,277348
276731,276837
276731,278034
276731,276513
277476,276793
277476,277423
277476,276260
277476,277348
277476,278035
276276,277347
276276,277137
276276,277348
276276,277349
276822,276597
276822,278036
276822,278037
276822,278038
276822,278039
276822,278040
276822,278041
276822,278042
276822,278043
276822,278044
276822,278045
276822,278046
276822,278047
276822,278048
276822,278049
276822,278050
276822,276762
276276,277369
276276,277367
276276,277225
276276,277140
276276,276970
276276,276514
276276,277328
276276,277329
276276,277330
276276,277244
276276,277332
276276,276513
276276,277333
276276,277251
276276,277252
276276,276733
276276,277365
276276,277368
277779,278051
276822,278052
276822,278053
276558,276554
276558,277998
276558,278054
276558,278055
276558,278056
276558,278057
276558,278058
276558,276562
276558,276561
276558,276558
276558,278059
276558,278060
276558,278061
276558,276419
276558,278062
276558,276546
276558,278063
276558,278064
276558,278065
276558,278066
276558,278067
276558,276773
276558,276260
276558,278068
276558,278049
276558,276762
276558,277983
276558,278069
276558,278070
276558,278071
276558,278072
276558,278073
276558,278074
276558,278075
276558,276502
276558,278076
276558,276499
278077,278078
278077,276260
278077,278079
278077,278080
278077,278081
278077,278082
278077,277253
278077,277326
278077,278083
278077,277396
277805,276225
277779,278084
277779,278085
277779,278086
277779,278087
278077,277215
276558,278088
278077,278089
278077,277212
276558,278090
276558,278091
276558,278092
276558,278093
276558,278094
276558,278095
276270,278096
276270,278097
276270,278098
276270,276269
276270,278099
276270,278100
276270,278101
276270,278102
276270,278103
278077,277206
276822,278104
276558,276755
276558,278105
276822,276892
276822,278106
276822,278076
276822,278107
276822,278108
276822,278109
276822,278110
276822,278111
276822,278112
276822,278113
276822,278114
276822,278115
276822,278116
276822,276868
276822,278117
276822,278118
276822,278119
276822,278075
276822,278120
276822,278121
276822,276558
276822,276420
276822,278122
276822,278123
276822,278124
276822,276532
276822,278125
276822,278126
276822,277252
276822,278127
276822,278128
276822,278129
276822,278130
276822,278131
276822,278132
276822,278133
276822,278134
276558,276804
276558,278135
276558,277028
276558,278136
276558,278137
276558,278138
276558,276750
276558,278139
276558,278140
276558,277692
276558,278141
276558,278142
276558,278143
276558,278144
276558,278145
276558,278146
276558,278147
276558,277758
276558,278148
276822,278149
276822,278150
276822,278151
276822,278152
276822,278153
276822,278154
276822,278155
276558,278156
276558,277762
276558,278157
276558,278158
276558,278159
276558,278160
276558,278161
276558,276815
276558,278162
277608,277578
276404,276464
