279175,279176
279177,279178
279177,279179
279177,279180
279177,279181
279177,279175
279182,279183
279184,279185
279177,279186
279184,279187
279184,279188
279184,279189
279184,279190
279184,279191
279184,279192
279184,279193
279184,279194
279184,279195
279177,279196
279177,279197
279198,279199
279198,279200
279198,279201
279198,279202
279198,279203
279198,279204
279198,279205
279198,279206
279198,279207
279198,279208
279198,279209
279175,279210
279198,279211
279198,279212
279198,279213
279198,279214
279198,279215
279198,279216
279184,279217
279218,279186
279218,279219
279218,279220
279221,279222
279221,279185
279221,279223
279221,279224
279221,279225
279221,279226
279221,279227
279221,279228
279221,279229
279221,279230
279221,279231
279221,279232
279221,279233
279221,279234
279221,279235
279221,279236
279221,279237
279221,279238
279198,279239
279221,279240
279221,279241
279218,279175
279218,279242
279218,279243
279244,279245
279244,279246
279244,279247
279244,279248
279244,279249
279244,279250
279244,279251
279252,279253
279254,279247
279254,279255
279254,279256
279254,279257
279254,279258
279259,279254
279221,279191
279221,279260
279198,279261
279175,279262
279175,279263
279175,279264
279175,279265
279175,279266
279175,279244
279175,279267
279175,279268
279175,279269
279175,279270
279175,279271
279175,279272
279175,279273
279175,279274
279175,279275
279175,279276
279175,279277
279175,279278
279175,279279
279175,279181
279175,279179
279280,279224
279280,279281
279282,279280
279283,279284
279283,279285
279180,279286
279180,279186
279180,279287
279180,279288
279180,279177
279180,279242
279180,279289
279180,279290
279180,279291
279180,279292
279180,279293
279175,279294
279175,279295
279175,279296
279175,279297
279175,279298
279175,279220
279175,279299
279175,279300
279175,279301
279175,279302
279175,279303
279175,279304
279175,279305
279175,279306
279175,279307
279175,279308
279175,279309
279175,279310
279175,279311
279175,279312
279175,279313
279175,279291
279175,279314
279198,279315
279175,279288
279175,279316
279175,279317
279175,279318
279175,279319
279175,279320
279175,279321
279175,279322
279175,279323
279175,279289
279175,279324
279175,279325
279175,279326
279175,279180
279175,279327
279175,279328
279175,279329
279175,279330
279175,279331
279175,279332
279175,279219
279221,279333
279221,279334
279335,279191
279335,279235
279336,279175
279175,279337
279175,279338
279175,279177
279175,279339
279235,279335
279175,279340
279175,279341
279175,279342
279175,279292
279175,279343
279175,279344
279175,279178
279175,279345
279175,279287
279235,279191
279191,279235
279191,279234
279181,279288
279181,279175
279181,279179
279181,279180
279181,279324
279181,279289
279181,279320
279181,279346
279181,279347
279181,279181
279191,279221
279280,279348
279191,279349
279191,279350
279191,279351
279191,279352
279191,279353
279175,279354
279175,279355
279175,279356
279175,279357
279175,279358
279175,279359
279175,279175
279175,279360
279175,279361
279175,279362
279175,279290
279175,279363
279175,279364
279175,279365
279175,279366
279175,279367
279175,279368
279175,279369
279175,279370
279175,279371
279175,279372
279175,279373
279181,279374
279175,279186
279175,279336
279175,279375
279175,279376
279175,279377
279175,279378
279175,279379
279175,279380
279175,279218
279175,279381
279175,279382
279175,279293
279175,279383
279175,279384
279175,279385
279175,279189
279175,279386
279175,279387
279175,279388
279175,279389
279221,279390
279181,279220
279181,279336
279358,279372
279358,279371
279358,279360
279358,279366
279360,279372
279360,279371
279360,279366
279358,279391
279360,279175
279360,279358
279360,279373
279392,279393
279394,279395
279394,279396
279394,279397
279394,279398
279360,279359
279358,279175
279353,279191
279399,279400
279240,279401
279240,279402
279240,279222
279240,279403
279240,279404
279240,279221
279240,279353
279405,279406
279405,279407
279408,279409
279406,279400
279406,279399
279399,279410
279399,279411
279399,279399
279399,279405
279399,279406
279394,279412
279394,279413
279394,279414
279394,279415
279181,279218
279181,279286
279181,279242
279181,279389
279181,279332
279181,279416
279181,279186
279181,279417
279181,279356
279181,279178
279181,279287
279181,279418
279181,279177
279181,279419
279181,279420
279181,279421
279181,279197
279181,279361
279181,279422
279181,279311
279181,279423
279424,279425
279424,279426
279424,279414
279424,279427
279424,279428
279424,279394
279424,279429
279424,279430
279424,279431
279424,279432
279424,279433
279434,279393
279332,279242
279332,279287
279332,279389
279332,279336
279332,279180
279181,279435
279280,279436
279437,279438
279280,279439
279222,279440
279401,279222
279401,279402
279401,279240
279401,279221
279441,279442
279441,279443
279222,279221
279441,279444
279441,279445
279441,279446
279441,279447
279441,279448
279441,279449
279441,279450
279441,279451
279441,279452
279222,279240
279222,279238
279453,279454
279453,279455
279453,279456
279453,279457
279453,279458
279453,279459
279453,279460
279453,279461
279453,279462
279453,279463
279453,279464
279453,279465
279453,279466
279453,279467
279453,279468
279453,279469
279453,279470
279453,279453
279441,279280
279441,279471
279441,279472
279441,279473
279474,279475
279474,279476
279474,279477
279474,279478
279474,279479
279476,279480
279476,279481
279476,279482
279476,279475
279476,279477
279476,279478
279476,279479
279483,279484
279483,279485
279483,279242
279486,279195
279487,279488
279474,279480
279453,279489
279490,279491
279441,279492
279441,279493
279441,279494
279441,279495
279441,279496
279441,279497
279441,279498
279441,279499
279441,279500
279441,279501
279441,279502
279441,279503
279441,279504
279441,279505
279441,279506
279441,279507
279441,279508
279441,279509
279490,279510
279453,279511
279453,279512
279453,279513
279514,279515
279514,279516
279514,279517
279514,279518
279514,279519
279514,279520
279514,279521
279522,279440
279522,279523
279522,279524
279522,279525
279522,279526
279522,279527
279522,279528
279522,279529
279522,279258
279522,279530
279514,279394
279255,279254
279514,279531
279514,279532
279533,279234
279533,279353
279533,279260
279533,279221
279533,279184
279333,279221
279514,279534
279514,279535
279514,279536
279514,279537
279514,279538
279514,279539
279514,279540
279514,279541
279514,279542
279514,279543
279514,279544
279514,279545
279546,279547
279548,279549
279195,279550
279551,279552
279551,279248
279551,279255
279551,279553
279551,279554
279551,279555
279551,279556
279557,279558
279557,279559
279453,279560
279453,279561
279453,279562
279453,279563
279453,279564
279453,279565
279453,279566
279453,279567
279551,279568
279548,279569
279570,279571
279570,279572
279195,279217
279570,279573
279570,279574
279570,279575
279570,279576
279570,279577
279570,279578
279570,279579
279570,279580
279570,279581
279570,279582
279570,279583
279570,279584
279570,279236
279570,279585
279570,279586
279570,279587
279570,279588
279280,279589
279590,279555
279591,279592
279593,279455
279593,279512
279455,279594
279455,279458
279455,279565
279455,279564
279455,279469
279593,279595
279455,279512
279389,279596
279389,279186
279389,279175
279389,279597
279389,279598
279389,279180
279389,279184
279455,279593
279593,279469
279512,279599
279512,279600
279242,279601
279602,279603
279602,279604
279602,279605
279602,279606
279602,279607
279594,279608
279594,279609
279594,279610
279594,279611
279594,279612
279594,279613
279594,279614
279594,279615
279594,279616
279594,279617
279512,279618
279389,279218
279389,279619
279389,279386
279389,279244
279620,279621
279620,279622
279620,279623
279620,279258
279620,279624
279620,279625
279620,279440
279553,279620
279626,279627
279628,279629
279628,279630
279628,279631
279280,279632
279280,279633
279280,279634
279280,279635
279280,279636
279620,279637
279242,279179
279638,279639
279640,279603
279389,279641
279389,279181
279389,279197
279393,279642
279393,279643
279393,279644
279393,279193
279393,279645
279393,279646
279393,279647
279393,279392
279393,279434
279393,279648
279648,279393
279640,279556
279640,279620
279640,279553
279603,279620
279242,279336
279198,279649
279650,279651
279652,279653
279652,279654
279652,279655
279652,279281
279652,279656
279652,279657
279652,279658
279652,279659
279652,279660
279652,279661
279652,279662
279652,279663
279652,279664
279652,279665
279666,279455
279667,279668
279667,279669
279670,279671
279667,279672
279670,279673
279185,279221
279591,279674
279591,279675
279676,279677
279676,279678
279676,279679
279676,279680
279676,279681
279682,279683
279684,279319
279684,279685
279684,279389
279684,279597
279684,279686
279684,279687
279684,279688
279185,279689
279185,279193
279670,279690
279591,279691
279667,279340
279692,279693
279694,279695
279694,279696
279694,279697
279694,279698
279699,279620
279700,279701
279700,279620
279702,279703
279704,279389
279705,279620
279705,279706
279707,279407
279650,279440
279650,279708
279650,279222
279650,279709
279650,279710
279694,279711
279667,279712
279694,279713
279694,279714
279715,279716
279715,279553
279715,279717
279715,279718
279715,279549
279715,279719
279715,279720
279715,279218
279721,279419
279721,279242
279722,279394
279723,279724
279725,279221
279726,279727
279694,279728
279694,279729
279694,279635
279694,279730
279437,279731
279198,279732
279198,279733
279734,279735
279734,279736
279734,279737
279734,279738
279734,279739
279734,279740
279734,279741
279734,279742
279734,279743
279744,279745
279734,279746
279193,279393
279242,279419
279242,279747
279242,279361
279242,279180
279242,279175
279242,279287
279242,279375
279242,279332
279242,279748
279242,279749
279242,279294
279734,279750
279734,279751
279734,279752
279734,279753
279734,279754
279734,279755
279734,279756
279734,279757
279734,279758
279734,279759
279734,279760
279734,279761
279734,279762
279734,279763
279734,279764
279734,279765
279734,279766
279734,279767
279734,279768
279734,279769
279734,279770
279734,279771
279734,279772
279734,279773
279734,279774
279734,279775
279242,279776
279242,279220
279242,279421
279242,279777
279778,279236
279779,279780
279437,279781
279437,279782
279437,279632
279437,279783
279437,279784
279437,279785
279752,279786
279752,279787
279752,279788
279752,279789
279752,279751
279752,279752
279752,279790
279752,279791
279752,279792
279752,279775
279752,279793
279752,279794
279752,279795
279752,279796
279752,279774
279533,279797
279734,279798
279778,279799
279778,279334
279601,279800
279601,279801
279601,279802
279803,279804
279803,279805
279803,279806
279803,279807
279803,279808
279803,279809
279803,279477
279803,279810
279803,279811
279803,279803
279803,279339
279803,279627
279803,279812
279803,279479
279803,279813
279803,279814
279477,279815
279477,279816
279477,279817
279193,279533
279778,279818
279752,279819
279734,279820
279734,279821
279734,279822
279734,279823
279734,279824
279734,279825
279734,279826
279734,279827
279734,279828
279734,279829
279734,279830
279734,279831
279734,279832
279734,279833
279734,279834
279734,279819
279734,279835
279734,279796
279734,279795
279734,279794
279734,279793
279734,279792
279734,279791
279734,279790
279734,279836
279734,279837
279734,279838
279734,279839
279840,279841
279840,279842
279840,279843
279840,279844
279840,279221
279840,279845
279840,279846
279840,279847
279840,279848
279840,279849
279840,279189
279840,279850
279840,279233
279840,279851
279840,279852
279840,279232
279840,279853
279632,279280
279632,279854
279734,279855
279734,279856
279734,279857
279734,279858
279734,279859
279734,279860
279734,279789
279734,279861
279734,279862
279734,279863
279734,279864
279734,279865
279734,279866
279734,279867
279734,279745
279734,279868
279734,279869
279734,279870
279734,279871
279734,279872
279734,279873
279734,279874
279734,279875
279734,279876
279734,279877
279734,279878
279734,279879
279734,279880
279734,279881
279734,279882
279734,279883
279734,279884
279734,279885
279734,279886
279734,279887
279734,279788
279734,279787
279734,279786
279734,279888
279734,279889
279734,279890
279734,279891
279734,279892
279734,279893
279734,279894
279734,279895
279734,279896
279734,279897
279734,279898
279734,279899
279734,279900
279734,279901
279734,279902
279734,279903
279734,279904
279734,279744
279734,279905
279734,279906
279734,279907
279752,279773
279752,279834
279752,279836
279908,279909
279908,279910
279908,279911
279908,279912
279908,279913
279908,279914
279908,279915
279908,279916
279908,279917
279908,279918
279908,279919
279908,279920
279908,279921
279908,279922
279908,279923
279908,279924
279908,279925
279908,279926
279908,279927
279908,279928
279908,279929
279908,279930
279908,279931
279908,279932
279908,279933
279908,279934
279908,279935
279908,279936
279908,279937
279908,279938
279908,279939
279908,279940
279908,279941
279908,279942
279908,279943
279908,279944
279908,279945
279908,279946
279908,279947
279908,279948
279908,279949
279908,279950
279908,279951
279908,279952
279908,279953
279908,279954
279908,279955
279908,279956
279908,279247
279908,279957
279908,279958
279908,279959
279908,279960
279908,279961
279908,279962
279908,279963
279908,279964
279908,279965
279908,279966
279908,279967
279908,279968
279908,279969
279908,279970
279908,279971
279908,279972
279908,279973
279908,279974
279908,279975
279908,279976
279908,279977
279908,279978
279908,279979
279711,279980
279437,279221
279437,279981
279437,279353
279908,279982
279908,279983
279908,279984
279908,279985
279908,279986
279908,279987
279908,279988
279908,279989
279908,279990
279908,279991
279908,279992
279908,279993
279908,279994
279908,279995
279908,279996
279908,279997
279908,279998
279908,279999
279908,280000
279908,280001
279908,280002
279908,280003
279908,280004
279908,280005
279908,280006
279908,280007
279908,280008
279908,280009
279908,280010
279908,280011
279908,280012
279850,279851
279850,279233
279850,279782
279850,280013
280014,279221
280014,279191
279247,279254
279908,280015
279908,280016
279908,280017
279908,280018
279908,280019
279908,280020
279908,280021
279908,280022
279908,280023
279908,280024
279908,280025
279908,280026
279908,280027
279908,280028
279908,280029
279908,280030
279850,280031
279908,280032
279850,279852
279850,279232
279752,279772
279752,279830
279752,279829
279752,279828
279752,279827
279752,279826
279752,279825
279752,279771
279752,279823
279752,279822
279752,279832
279752,279837
279752,279838
279752,279839
279752,279858
279752,279857
279752,279856
279752,279855
279850,279847
279850,279845
279850,279221
279850,279853
279850,279840
279850,280033
279840,279236
279908,280034
279908,280035
279908,280036
279908,280037
279908,280038
279908,280039
279908,280040
279908,280041
279908,280042
279908,280043
279908,280044
279908,280045
279908,280046
279908,280047
279908,280048
279908,280049
279908,280050
279908,280051
279908,280052
279908,280053
279908,280054
279908,280055
279908,280056
279908,280057
279908,280058
279908,280059
279908,280060
279908,280061
279908,280062
279908,280063
279908,280064
279908,280065
279908,280066
279908,280067
279908,280068
279908,280069
279908,280070
279908,280071
279908,280072
279908,280073
279908,280074
279908,280075
279908,280076
279908,280077
279908,280078
279908,280079
279908,280080
279908,280081
279908,280082
279908,280083
279908,280084
279908,280085
279908,280086
279840,280087
279840,279784
279840,280031
279320,279179
279320,280088
279320,280089
279320,280090
279320,280091
279320,279175
279320,280092
279320,280093
279320,280094
279320,279332
279320,279180
279320,280095
279320,280096
279320,280097
279320,280098
279320,280099
279320,280100
279320,280101
279320,279176
279320,280102
279320,279336
279320,280103
279320,279374
279320,280104
279320,279289
279320,280105
279320,279181
279320,280106
279320,280107
279320,280108
279320,280109
279320,280110
279320,280111
279320,280112
279320,280113
279320,280114
279320,280115
279320,279416
279320,280116
279320,280117
279320,280118
279320,280119
279320,280120
279320,279346
279320,279196
279320,280121
279320,280122
279320,280123
279320,279320
279320,280124
279320,280125
279320,279197
279320,280126
279320,279286
279320,280127
279320,279417
279320,279186
279320,280128
279320,280129
279320,280130
279320,280131
279320,280132
279320,280133
279320,280134
279320,280135
279320,280136
280137,280138
280137,279221
280139,280140
280139,280141
280139,280142
280139,280143
280139,280144
280139,280145
280139,280146
280139,280147
279320,279242
280148,279280
279320,280149
279320,280150
279320,280151
279320,279389
279320,279419
279320,280152
279320,280153
279320,280154
279320,280155
279320,280156
279320,280157
279320,279177
279320,280158
279320,280159
279320,279287
279320,279435
279320,279663
279320,280160
279320,280161
279320,280162
279320,280163
279320,280164
279320,279178
279320,279345
279320,280165
279320,280166
279362,279175
279362,280167
280168,280169
279198,280170
279209,280171
279209,280172
279209,279399
280173,280174
280173,280173
280173,280175
280173,279547
280173,280176
280173,280177
280173,280178
280173,280179
280173,280180
280173,280181
280173,280182
280173,280183
280173,280184
280173,280185
280173,280186
280173,280187
280174,279547
279547,280174
280181,279547
279198,279384
280181,279980
279198,279555
279198,280188
279198,280189
279198,280190
279198,280191
279198,280192
279198,279198
279198,280193
279198,280194
279198,280195
279198,280196
279198,280197
279198,280198
279198,280199
279198,280200
279198,280201
279198,280202
279198,280203
279198,280204
279198,280205
279198,280206
279198,280207
279198,280208
279198,279549
279198,280209
279198,279399
280139,280210
280183,279547
280183,280211
280168,280212
280168,280213
280168,280214
280168,280215
280168,280216
280168,279236
280168,280217
280168,280218
280168,280219
280168,280220
280168,280221
280168,280222
280168,280223
280168,280224
280168,280225
280168,280226
280168,280227
280168,280228
280168,280229
280168,280230
280168,280231
280168,280232
280168,280233
280168,280234
280183,280235
280168,280236
280168,280237
279236,280238
279236,279812
279236,280087
279236,280239
279236,280240
279236,280241
279236,280242
279236,279191
280243,280244
280168,280245
280168,280246
280168,280247
280168,280248
280168,280249
280168,280250
280168,280251
280168,280252
280168,280253
280168,280254
280168,280255
280168,280256
280168,280257
280168,280258
280168,280259
279198,280260
280139,280261
280139,280262
280263,280264
280263,280265
280263,280266
280263,280267
280263,279601
280263,280268
280263,279706
280263,280269
280263,280270
280263,280271
280263,280272
280273,280274
280273,280275
280273,280276
280273,280277
280273,280278
280273,280279
280273,280211
280273,280280
280273,280281
280273,280282
280283,279673
280273,280284
280263,280285
280263,280286
280263,280287
279365,279366
279365,279367
279365,279369
279365,280288
279365,280289
279714,280290
279714,280291
279714,280292
279714,280293
279634,279280
279634,279636
279634,279247
279636,279247
279636,279634
280263,280294
280263,279816
280263,280295
280263,280296
280263,280297
280263,280298
280263,280299
280263,280300
280263,280301
280302,280303
280302,280304
280302,280286
280302,280305
280306,280307
280306,279663
280306,279178
280306,279356
280306,279375
280306,280308
280306,280309
280306,280310
280311,279477
280311,280312
279840,280313
279840,279632
279840,280314
279840,280315
279840,280316
279840,280317
279840,280318
279840,280319
279840,280320
279840,280321
279840,280322
279840,280323
279840,280324
280306,279287
279365,280325
280306,279177
280306,279420
280302,280326
280302,280327
280302,280328
280306,280306
280306,279347
280306,280329
280306,280330
280306,280331
280306,279320
280306,279289
280306,279324
280306,279180
280306,279179
280306,279175
280306,280332
280306,280333
280306,279288
280306,279220
280306,279422
280306,279176
280306,280151
280306,279421
280306,280334
280306,279290
279365,279364
279365,280335
279365,279368
280336,279280
280336,280337
279350,279191
280338,279366
280338,279290
280115,280339
280115,279236
280124,280115
280124,279336
280124,280334
280124,279287
280124,279242
280340,279477
279294,279175
279844,280315
279844,280341
279844,280323
279844,280324
279844,280031
279844,280087
279844,279221
279844,280342
279844,279847
280141,280139
279844,279849
279390,279221
279390,280343
280139,280344
280139,280345
280139,280346
280139,280347
279340,280348
279348,280349
279348,279280
279348,280350
279436,279280
279550,279477
279256,279187
279256,280351
279256,280352
279256,280353
279256,280354
279256,280355
280356,280357
280356,279407
280087,279221
280358,279656
279390,279254
279390,279256
279390,279334
279390,280359
280139,280360
279642,279349
279642,279647
279293,279309
279293,279291
279293,279418
279293,279292
279293,280361
279189,280362
279189,280363
279189,279603
279189,280364
279189,279723
279189,279242
279233,279851
279233,279236
279233,279232
279233,279221
279387,279603
279387,279620
280365,279543
279475,280366
279475,279477
279365,279363
279365,279175
279365,280367
279293,279701
279642,280368
279293,280369
279293,280362
279642,279191
279642,279393
280370,280371
280370,280372
280370,280373
280370,280374
279270,279620
279319,280375
279319,280376
279319,280377
279319,280378
279319,280379
279319,280380
279319,280381
279319,280382
279319,280383
279319,280384
279319,280385
279319,279687
279319,280386
279293,279175
279293,280387
279293,279270
279293,279298
279533,279333
279682,279558
279643,279642
279752,279739
279752,279821
279752,279883
279752,279882
279752,279881
279752,279880
279752,279740
279752,279879
279752,279876
279752,279875
279752,279874
279752,279873
279752,279738
279752,279872
279752,279878
279752,279885
279752,279741
279752,279820
279752,279767
279752,279766
279752,279765
279752,279764
279752,279763
279752,279762
279752,279761
279752,279760
279752,279759
279752,279758
279752,279757
279752,279756
279752,279754
279752,279753
279752,279798
279752,279737
279752,279870
279752,279869
279752,279868
279752,279750
279752,279898
279752,279897
279752,279896
279752,279895
279752,279894
279752,279892
279752,279890
279752,279889
279752,279888
279696,280388
279696,280389
279696,280390
279696,280391
280392,280393
279752,279900
279752,279768
279752,279901
279752,279746
279752,279745
279752,279867
279752,279736
279752,279865
279752,279864
279752,279863
279752,279862
279752,279884
279752,279886
279752,279907
279752,279887
279752,279735
279752,279906
279752,279905
279752,279744
279752,279902
279752,279742
279752,279770
280394,280395
279180,279179
279180,279175
279180,279181
279180,279332
279180,279389
279238,279221
279238,279240
279238,279222
280394,280269
280394,279706
280394,280396
280394,280397
280394,280398
280394,280399
280394,279618
279477,280400
280394,279714
279477,280401
279477,279477
279533,279277
279477,279334
279477,280402
279477,280403
279477,280340
279477,280404
279477,280405
279477,280406
279477,280407
279477,280312
279477,280311
279477,280366
279477,280408
279477,280409
279477,280410
279477,280411
280392,280412
280394,280392
280394,280413
280394,280414
280394,280415
280394,280416
280394,280417
280394,280418
280394,280419
280394,279238
280394,280420
280394,280421
280394,280422
280394,279244
280394,280423
280394,279250
280394,280424
280394,280425
280394,280426
280394,280427
280394,279701
280394,280393
280394,280428
280394,280429
280394,279661
280394,279696
280394,280430
280394,280431
280394,279259
280394,280264
280394,280394
280394,279695
280394,279636
280394,280432
280394,279602
280394,280286
280394,279604
280394,280433
280434,280435
279477,279475
280434,279387
280436,280437
280436,280438
280436,280439
280436,280440
280436,280441
280436,279389
280436,279629
280436,280442
280436,280443
280436,280444
280436,280445
280436,280446
280436,280447
280436,279291
280436,280448
280436,279428
280436,280449
280436,280450
280436,280124
280436,279332
280436,280451
280436,280452
280436,279430
280436,280453
280436,280454
280436,280455
280436,280456
280436,280457
280436,280458
280436,280459
280436,280460
280436,280461
280436,279336
280436,280462
280436,280463
280436,280464
280436,280465
280436,280466
280436,280467
280436,280468
280436,279242
280436,279186
280436,280469
280436,280470
280436,280471
280436,280472
280436,280473
280436,280474
280436,280475
280436,280476
280469,279491
280434,279439
279643,279393
280436,280477
280436,280478
280436,280479
280436,280480
280436,280481
280436,279287
280436,280482
280436,280483
280436,280484
280436,280485
280436,280486
280436,280160
280436,280487
280436,280488
280436,279345
280436,280489
280436,280490
280436,280491
280436,279504
280436,280492
280436,280493
280436,280130
280436,280494
280495,280496
280495,280497
280495,280498
280495,280499
280495,280500
280495,280501
280502,280503
280495,280504
280497,280498
280497,280499
280497,280500
280497,280495
280497,280504
280498,280505
280497,280496
280502,280264
280502,280506
280502,280507
280434,279388
280436,280508
280434,279636
279730,280509
279730,279728
280502,280363
280502,280510
280502,280417
280502,279664
280502,279620
280502,280511
280502,280512
280502,280362
280502,279553
280502,279659
280513,279280
280514,279221
280434,280515
280516,279280
280436,280517
280436,279628
280436,280518
280436,279346
280436,280519
280436,280520
280436,280521
280436,279630
280436,280522
280436,280523
280436,279180
280436,280524
280514,279512
280436,280436
280436,280525
280436,280526
280436,280527
280434,279280
280436,280528
280436,280529
280516,280530
280436,280531
280436,280532
280436,280533
280436,280534
280436,280535
280436,280536
280436,279181
280436,280537
280436,280117
280436,279416
280436,280538
280436,280539
280436,280540
280436,279631
280436,280541
