289322,289323
289322,289324
289325,289326
289327,289328
289327,289329
289327,289330
289327,289331
289327,289332
289327,289333
289327,289334
289331,289335
289336,289337
289336,289338
289336,289339
289336,289340
289336,289341
289336,289342
289336,289343
289336,289344
289336,289345
289331,289346
289331,289347
289331,289348
289349,289350
289349,289351
289352,289353
289352,289354
289355,289356
289355,289357
289355,289358
289355,289359
289355,289360
289355,289361
289355,289362
289355,289363
289355,289364
289355,289365
289355,289366
289331,289328
289331,289367
289336,289368
289336,289369
289336,289370
289336,289371
289372,289373
289372,289374
289372,289375
289372,289376
289372,289377
289372,289378
289372,289379
289372,289380
289372,289381
289372,289382
289372,289383
289372,289384
289372,289385
289372,289386
289372,289387
289372,289388
289372,289389
289390,289391
289349,289392
289390,289393
289390,289394
289336,289395
289336,289396
289336,289397
289336,289398
289336,289399
289336,289400
289336,289401
289336,289334
289336,289402
289403,289404
289403,289405
289403,289406
289403,289407
289403,289408
289403,289409
289403,289410
289390,289411
289390,289412
289349,289413
289349,289414
289349,289415
289416,289417
289418,289419
289420,289421
289420,289422
289420,289423
289420,289424
289420,289425
289420,289418
289420,289426
289420,289427
289420,289428
289420,289429
289420,289430
289420,289431
289420,289415
289420,289414
289420,289413
289416,289432
289420,289392
289416,289433
289416,289434
289433,289435
289433,289436
289433,289437
289433,289438
289433,289439
289433,289440
289433,289441
289433,289442
289433,289443
289416,289444
289416,289445
289416,289446
289416,289447
289416,289448
289416,289449
289416,289450
289416,289451
289416,289452
289372,289453
289420,289349
289420,289351
289431,289454
289431,289455
289431,289456
289349,289457
289349,289458
289349,289421
289349,289422
289349,289423
289349,289424
289349,289425
289349,289418
289349,289426
289349,289427
289349,289428
289349,289430
289349,289420
289349,289431
289431,289459
289420,289350
289431,289460
289431,289461
289431,289424
289431,289462
289431,289463
289431,289464
289431,289418
289431,289465
289431,289466
289431,289467
289431,289468
289431,289469
289431,289470
289431,289431
289431,289415
289431,289471
289431,289472
289431,289473
289431,289474
289431,289475
289372,289476
289372,289477
289372,289478
289479,289480
289479,289481
289479,289482
289479,289483
289479,289484
289479,289485
289486,289487
289486,289488
289486,289489
289486,289490
289486,289491
289486,289492
289486,289493
289486,289494
289486,289495
289496,289497
289496,289498
289479,289499
289496,289500
289479,289501
289479,289457
289502,289503
289502,289371
289504,289505
289506,289406
289485,289507
289485,289508
289485,289509
289485,289510
289479,289424
289479,289511
289479,289512
289479,289513
289479,289514
289479,289515
289479,289516
289479,289517
289479,289518
289479,289519
289520,289521
289496,289522
289496,289523
289496,289524
289496,289525
289496,289526
289496,289527
289496,289528
289496,289529
289496,289530
289496,289411
289496,289418
289496,289531
289496,289532
289496,289533
289496,289534
289496,289535
289496,289536
289496,289537
289496,289515
289496,289538
289496,289539
289496,289363
289496,289424
289496,289540
289496,289541
289496,289542
289496,289543
289496,289544
289496,289496
289496,289545
289496,289546
289496,289422
289496,289547
289496,289548
289496,289549
289496,289550
289496,289551
289496,289552
289496,289553
289496,289554
289496,289555
289433,289371
289520,289556
289520,289557
289372,289558
289372,289559
289372,289560
289372,289372
289372,289561
289372,289562
289372,289563
289372,289564
289372,289565
289372,289566
289372,289567
289372,289371
289372,289568
289372,289569
289372,289570
289372,289571
289372,289572
289372,289573
289372,289574
289372,289575
289372,289576
289372,289577
289372,289578
289372,289579
289372,289580
289372,289581
289372,289582
289372,289583
289372,289584
289372,289585
289372,289586
289372,289587
289372,289588
289372,289589
289372,289590
289372,289591
289372,289592
289372,289593
289372,289594
289520,289595
289372,289596
289372,289597
289598,289322
289598,289324
289598,289323
289599,289600
289601,289602
289601,289429
289601,289420
289601,289603
289604,289605
289604,289606
289604,289607
289604,289608
289609,289610
289520,289611
289520,289612
289520,289613
289520,289614
289473,289424
289372,289615
289372,289616
289372,289617
289372,289618
289372,289619
289372,289620
289372,289621
289372,289622
289372,289623
289372,289624
289372,289625
289372,289626
289372,289627
289372,289628
289372,289629
289372,289630
289372,289631
289372,289632
289372,289633
289372,289634
289372,289635
289496,289636
289433,289637
289433,289638
289639,289450
289639,289640
289639,289641
289639,289371
289639,289642
289639,289436
289639,289433
289639,289643
289639,289441
289639,289644
289639,289645
289639,289646
289639,289647
289648,289649
289648,289650
289648,289651
289639,289624
289639,289652
289639,289653
289639,289654
289655,289432
289655,289656
289655,289657
289655,289658
289655,289659
289655,289660
289655,289661
289662,289498
289639,289663
289639,289664
289639,289665
289639,289666
289639,289667
289639,289328
289639,289668
289639,289669
289639,289650
289648,289670
289671,289672
289671,289673
289671,289411
289671,289674
289671,289675
289671,289444
289671,289676
289671,289639
289671,289677
289671,289678
289671,289679
289671,289557
289671,289680
289671,289450
289671,289681
289671,289641
289671,289682
289671,289683
289671,289684
289671,289685
289671,289686
289655,289687
289671,289688
289671,289689
289671,289690
289671,289691
289671,289650
289671,289692
289671,289693
289671,289694
289671,289695
289671,289696
289671,289697
289671,289698
289671,289699
289671,289700
289671,289701
289671,289702
289671,289703
289671,289704
289671,289705
289671,289706
289655,289436
289655,289642
289655,289707
289707,289708
289707,289709
289707,289671
289707,289710
289707,289711
289707,289712
289707,289713
289707,289714
289707,289715
289707,289647
289642,289716
289642,289639
289642,289328
289642,289669
289642,289650
289642,289448
289642,289717
289707,289718
289642,289664
289707,289719
289707,289720
289707,289707
289707,289721
289707,289436
289707,289722
289707,289723
289707,289724
289707,289725
289707,289726
289707,289727
289707,289432
289707,289728
289707,289729
289707,289730
289707,289731
289707,289732
289707,289733
289707,289734
289707,289735
289671,289436
289642,289640
289642,289371
289655,289736
289655,289331
289655,289664
289655,289737
289655,289738
289655,289739
289655,289740
289655,289741
289655,289742
289655,289665
289655,289370
289655,289335
289655,289743
289655,289641
289655,289744
289655,289371
289655,289745
289655,289450
289642,289665
289655,289347
289655,289680
289642,289436
289642,289746
289642,289747
289655,289748
289655,289639
289655,289328
289655,289749
289655,289750
289655,289751
289655,289669
289655,289752
289655,289650
289655,289367
289655,289753
289655,289448
289655,289754
289655,289341
289655,289755
289671,289756
289671,289732
289671,289757
289758,289759
289758,289760
289758,289761
289758,289762
289758,289763
289758,289764
289758,289765
289758,289766
289758,289767
289758,289768
289758,289769
289758,289770
289758,289771
289758,289772
289758,289773
289758,289774
289758,289775
289758,289776
289758,289777
289758,289778
289758,289779
289758,289780
289758,289781
289758,289782
289758,289783
289758,289784
289758,289785
289758,289786
289758,289787
289758,289788
289758,289789
289758,289790
289758,289791
289758,289792
289758,289793
289758,289794
289758,289795
289758,289796
289758,289797
289758,289798
289758,289799
289800,289422
289481,289801
289481,289802
289481,289515
289481,289703
289803,289424
289803,289457
289803,289603
289433,289804
289433,289805
289433,289639
289433,289806
289433,289807
289433,289669
289433,289808
289433,289809
289433,289643
289433,289810
289481,289811
289758,289812
289481,289424
289468,289406
289800,289424
289800,289418
289800,289813
289813,289814
289813,289496
289813,289498
289813,289815
289813,289816
289813,289817
289813,289818
289813,289819
289813,289531
289813,289820
289813,289800
289821,289822
289821,289823
289821,289824
289825,289826
289433,289827
289758,289828
289758,289829
289654,289830
289654,289831
289654,289832
289654,289833
289834,289835
289542,289498
289836,289837
289836,289838
289836,289839
289836,289840
289836,289841
289836,289842
289836,289523
289836,289542
289836,289843
289836,289422
289836,289844
289654,289845
289836,289846
289654,289847
289654,289848
289671,289849
289671,289708
289671,289648
289671,289647
289654,289850
289654,289741
289654,289851
289654,289852
289654,289853
289654,289854
289654,289855
289654,289577
289654,289856
289654,289857
289654,289858
289654,289859
289654,289450
289654,289860
289758,289861
289836,289424
289836,289862
289663,289863
289663,289864
289663,289865
289663,289866
289663,289867
289868,289869
289868,289870
289871,289663
289871,289868
289871,289872
289871,289863
289873,289874
289873,289875
289758,289876
289758,289877
289758,289878
289758,289879
289836,289880
289836,289418
289836,289881
289836,289882
289836,289883
289836,289467
289836,289457
289836,289430
289836,289884
289836,289431
289836,289885
289836,289415
289836,289471
289836,289472
289836,289886
289836,289887
289836,289888
289836,289461
289836,289889
289836,289890
289836,289891
289836,289892
289496,289893
289496,289894
289496,289895
289371,289896
289371,289897
289371,289898
289371,289637
289371,289899
289371,289642
289371,289900
289371,289641
289371,289436
289371,289901
289371,289902
289371,289433
289371,289903
289371,289904
289371,289905
289371,289746
289371,289437
289371,289743
289371,289827
289371,289665
289371,289810
289371,289906
289371,289907
289371,289908
289371,289909
289371,289910
289371,289911
289371,289912
289371,289913
289371,289914
289371,289915
289371,289916
289371,289917
289371,289918
289371,289919
289371,289920
289371,289921
289371,289845
289371,289922
289371,289923
289371,289924
289371,289647
289810,289328
289810,289436
289810,289502
289810,289925
289810,289926
289810,289927
289810,289753
289810,289916
289810,289899
289810,289371
289810,289924
289810,289441
289810,289928
289810,289929
289424,289836
289424,289930
289371,289443
289371,289931
289371,289932
289371,289933
289371,289934
289371,289935
289371,289439
289371,289936
289371,289937
289371,289938
289371,289939
289371,289440
289371,289940
289371,289441
289371,289941
289371,289928
289371,289442
289371,289942
289371,289646
289371,289943
289371,289929
289371,289944
289371,289643
289371,289945
289371,289946
289947,289948
289947,289949
289947,289598
289947,289950
289947,289951
289947,289323
289947,289952
289947,289406
289947,289953
289947,289954
289947,289955
289955,289956
289955,289947
289955,289406
289955,289953
289955,289954
289957,289847
289947,289958
289371,289502
289947,289959
289947,289324
289515,289519
289515,289513
289515,289960
289515,289961
289515,289535
289515,289962
289515,289963
289515,289964
289515,289965
289966,289515
289967,289968
289967,289969
289967,289970
289967,289971
289947,289972
289947,289551
289947,289973
289947,289974
289424,289497
289371,289975
289371,289976
289371,289977
289371,289978
289371,289979
289371,289806
289371,289807
289371,289679
289371,289669
289371,289980
289371,289981
289371,289927
289371,289982
289371,289983
289371,289809
289371,289650
289371,289663
289371,289984
289371,289448
289371,289985
289371,289986
289371,289987
289371,289988
289371,289989
289371,289990
289371,289991
289371,289992
289371,289993
289371,289994
289371,289995
289371,289996
289371,289523
289371,289997
289371,289998
289371,289543
289371,289804
289371,289999
289371,290000
289371,289667
289371,290001
289371,290002
289424,290003
289424,290004
289424,290005
289647,289974
289647,290006
289647,290007
289647,290008
289647,290009
289647,290010
289647,289954
289647,289645
289647,290011
289647,290012
289647,289577
289647,289860
289647,289855
289647,289833
289647,290013
289647,289808
289647,290014
289647,290015
289647,289909
289647,290016
289738,289647
290017,290018
290017,290019
290017,290020
290017,290021
290017,290022
290017,290023
290017,290024
290017,290025
290017,290026
290017,290027
290017,290028
290017,290029
290017,289521
290017,290030
289738,289748
289738,289450
289738,290031
289647,290032
290017,290017
289647,289368
289647,289371
290031,289647
289508,290033
290034,290035
290034,290036
290034,290037
290034,289508
290034,290038
290034,290039
290034,290040
290034,290041
290034,290042
290042,290035
290042,289508
290042,290038
290042,290039
290042,290040
290042,290043
290031,289738
289647,289743
290031,289450
289647,290044
289647,289433
289647,290045
289647,289667
289647,289639
289647,289668
289647,289654
289647,289653
289647,289448
289647,289450
289647,290046
289647,289641
289647,290047
289647,289436
289647,289904
289647,289845
289647,289666
289647,289646
290031,289748
289515,289425
290017,290048
290017,289520
289424,290049
289424,290050
289424,290051
289424,289481
289424,290052
289424,289457
289424,289420
289424,290053
289424,289965
289424,289413
290004,289424
290054,290055
290054,290056
290054,290057
290054,290058
290054,290059
290054,290060
289424,289454
290054,290061
289424,289415
289424,290062
289424,289700
289424,290063
289424,289603
289424,290064
289424,289803
289424,290065
289424,290066
289424,289422
289424,289800
289424,290067
289424,290068
289424,290069
289424,290070
289424,289966
289424,289542
289424,289431
289424,290071
289424,289418
290017,290072
290054,290073
290054,290074
290017,290075
290017,290076
290017,290077
290017,290078
290017,290079
290017,289595
290017,290080
290017,290081
290017,290082
290017,290083
290017,290084
290017,290085
290017,290086
290017,290087
290017,289556
290017,290088
290017,290089
290017,290090
290054,290091
290017,290092
290017,289614
289498,290093
289498,290094
289498,289531
289498,290095
289498,290096
289498,289542
289498,290097
289498,290098
290017,290099
290017,290100
290017,290101
290017,290102
290017,290103
290017,289612
290017,290104
290017,290105
290017,289613
290017,290106
290107,290096
290108,290093
290109,290110
289496,290111
289496,290112
289496,290113
289496,289390
289496,290114
289496,290115
289496,290116
289496,290117
289496,290118
289496,290119
289496,290120
289496,290121
289496,290122
289496,290123
289496,290124
289496,290125
289496,289703
289496,290126
289496,290127
289496,289904
289496,290128
289496,290129
289496,290130
289496,290131
289496,290132
289496,290133
289496,290134
289496,290135
289496,290136
289496,290137
289496,290138
289496,290139
289496,290140
289496,290141
289496,290142
289496,290143
289496,290144
289496,290145
289496,290146
289496,290059
289496,290147
289496,290148
289496,289646
289496,290149
289496,290150
289496,290151
289496,290152
289496,289481
289496,290153
289496,290154
289496,290155
289496,290156
289496,290157
289496,289882
289496,290158
289496,290159
289496,290160
289496,290161
289496,290162
289496,289666
289496,290163
289496,290164
289496,290165
289496,290166
289496,290167
289496,290168
289496,290169
289496,289441
289496,289813
289496,289887
289496,289624
289496,289704
289496,290170
289496,289818
289496,290171
289496,290172
289496,290173
289496,290065
289496,290174
289496,290175
289496,290176
289496,290098
289496,290177
289496,290178
289496,290179
289496,290180
289496,290181
289496,290182
289496,290183
289496,289909
289496,289910
289496,289468
289496,290184
289496,290185
289496,290186
289496,290187
289496,290188
289496,289518
289496,290189
289496,289457
289496,290190
289496,290191
289496,290192
289496,290193
289496,290194
289496,289800
289496,290195
289496,290196
289496,290197
289496,290198
289496,290199
289496,290200
289496,290201
289496,290202
289496,290203
289496,289652
289496,290204
289496,290205
289496,290206
289496,290207
289496,290208
289496,290209
289496,290210
289496,290211
289496,290212
289496,290213
289496,290214
289496,290215
289496,290216
289496,290217
289496,290218
289496,290219
289496,289394
289496,290220
289496,290221
289496,290222
289496,290223
289496,290224
289496,290225
289496,290071
289496,290226
289496,290227
289496,290228
289496,290229
289496,290230
289496,290231
289496,290232
289496,289430
289496,290233
289496,290234
289496,290235
289496,290046
289496,289958
289496,289884
289496,290236
289496,290237
289496,290238
289496,290239
289496,290240
289496,290241
289496,290242
289496,290243
289496,289470
289496,290244
289496,290245
289707,290246
289496,290247
289496,290248
290249,290250
290249,290251
290249,290252
290249,290253
290249,290254
290249,290255
290249,290256
290249,290257
290249,290258
290249,290259
290249,290260
290249,290261
290249,290262
290249,290263
290249,290264
290249,290265
290249,290266
290249,290267
290249,290268
290249,290269
290249,290270
290249,290271
290249,290272
290249,290273
290249,290274
290249,290275
290249,290276
290249,290277
290249,290278
290249,290279
290249,290280
290249,290281
290249,290282
290249,290283
290249,290284
290249,290285
290249,290286
290249,290287
290249,290288
290249,290289
289390,290290
290124,290113
289965,290291
289965,290292
289965,289515
290293,290294
290293,290295
290293,290296
290293,290297
290293,290298
290293,290299
290293,290300
290293,290301
289605,289606
289605,289604
289605,289607
289605,289608
290302,289605
290302,289406
289965,289535
289390,289811
289965,290303
289962,289965
290124,289390
289531,290112
289531,289498
289531,289813
289531,289463
290044,289406
290044,290047
290118,290304
289535,289515
289535,289962
289962,289961
289962,290305
289962,289535
289962,289515
289962,289963
289962,289964
289962,290306
289965,290307
289496,290308
290249,290309
290249,290310
290311,290312
290313,289847
290313,289642
290314,290315
290314,290316
290314,290317
290314,290318
290314,290319
290314,290320
290314,290321
290314,289606
290314,290322
290314,290323
290314,290324
290314,290325
290314,290326
290314,290327
290003,289424
290314,290328
289688,290329
290330,290331
289496,290332
289496,290333
289496,289674
289496,290334
289496,290335
289496,290336
289496,290337
289496,290338
289496,290339
289496,290340
289496,290341
289496,290342
289496,290343
289496,290344
289496,290345
290330,290346
290330,290347
289411,289390
290249,290348
290314,290349
290350,290351
290249,290352
290249,290353
290249,290354
290249,290355
290249,290356
290249,290357
290249,290358
290249,290359
290249,290360
290249,290361
290249,290362
290249,290363
290249,290364
290249,290365
290249,290366
290249,290367
290249,290368
290249,290369
290350,290370
290249,290371
290249,290372
290350,290097
290350,290373
290350,290374
290350,289800
290350,289390
290375,289577
290375,289450
290375,289860
290375,289647
290376,289328
290376,290377
290051,289424
290378,289515
290361,290379
290361,290380
290361,290381
290249,290382
290249,290383
289707,290384
289707,290385
289707,290386
290387,290388
290389,290390
290389,290391
290389,290392
290389,290393
290389,290394
290389,290395
290389,290396
290389,290397
290389,290398
290389,290399
290389,290400
290389,290401
290389,290402
290389,290403
290387,289508
290389,290404
290387,289509
290387,290224
290040,289925
290040,290405
290040,290406
290407,290408
290407,289648
290407,290409
289372,290410
289372,290411
289372,290412
289372,290413
289372,290414
289372,290415
289372,290416
289372,290417
290387,290418
290387,290419
290389,290420
290389,290421
290389,290422
290094,290094
290094,290093
290162,289824
290162,290423
290424,290424
290425,290426
290425,290427
290425,290428
290425,290429
290425,290430
290425,290431
290425,290432
290425,290433
290425,290434
290425,290425
290094,290096
290435,289450
290435,290436
290144,290437
290389,290438
290389,290439
290389,290440
290389,290441
290389,290442
290389,290443
290144,290444
289824,290199
290144,290135
290144,290214
290144,290183
290144,290445
290144,289652
290144,290446
290144,289529
290144,290447
290144,290448
290425,290449
289824,290450
290199,289824
289436,289641
289436,289371
289436,290451
289436,290452
289436,289666
289436,289647
290453,290103
290453,290016
290453,289667
290453,290454
290453,289649
290453,289650
290453,289652
290453,290183
290453,290455
289436,289450
290453,289869
289436,289907
289436,289653
290103,290103
290103,290456
290103,290457
289650,289371
289650,289328
289650,289653
289650,289436
290183,290437
290183,290135
289436,289663
289436,289669
289436,290458
289436,289650
289436,290459
289436,289654
289436,289448
290453,290460
290453,290224
290453,289436
290461,289406
290423,289824
290145,290462
290145,290463
289364,289869
289364,290224
289364,290145
289364,290464
290236,290465
290236,289824
290466,290467
290466,290468
290304,290118
290304,290469
290304,289869
290461,289424
289406,290044
289406,290302
289406,289468
290453,290470
290453,290471
290472,289869
290472,290473
290472,290474
289870,290475
289870,289869
289824,290120
289870,290476
290133,290477
289406,290478
289406,289403
289406,290479
289406,289955
289406,290480
289406,290481
290477,290406
290103,290482
290425,290483
290425,290484
290485,290486
290485,290487
290485,290488
290485,290489
290485,290490
290485,290491
290485,290065
290485,290173
290485,290492
290485,290493
290485,289644
290485,289887
290485,289670
290485,290060
290485,290494
290485,290495
290485,290496
290485,290497
290498,290499
290425,290500
290425,290501
290425,290502
290425,290503
290425,290504
289707,290505
290425,290506
290425,290507
290425,290508
290425,290509
290425,290510
290425,290511
290498,290512
290498,290513
290498,290514
290485,290515
290485,290516
290485,290331
290485,290059
290485,290517
290485,289457
290485,290518
290485,290519
290485,290520
290485,289347
290485,290054
290485,290521
290485,290522
290485,290523
290485,290524
290485,290525
290485,290526
290485,290527
290485,290528
290485,289664
290485,290347
290485,289508
290485,289346
290485,290529
290485,290530
290485,290531
290485,290532
290485,290058
290485,289335
290485,290533
290425,290534
290485,290218
290485,289665
290485,290535
290485,290536
290485,289651
290485,290537
290485,289869
290485,290538
290485,290539
290425,290540
290425,290541
290425,289852
290425,290542
290425,290543
290425,290544
290425,290545
290425,290546
290425,290547
290425,290548
290425,290549
290425,290550
290425,290551
290425,290552
290425,290553
290425,290554
290425,290555
290425,290556
290425,290557
290425,290558
290425,290559
290425,290560
290425,290561
290425,290562
290425,290563
290425,290564
290425,290565
290425,290566
290425,290567
290425,290568
290425,290569
290425,290570
290425,290571
290425,290572
290425,290573
290425,289845
290425,290574
290425,290575
290425,290576
290425,290577
290425,290578
290425,290579
290425,290580
290425,290581
290425,290582
290425,290583
290425,290584
290425,290585
290425,290459
290425,290586
290425,290587
290425,290588
290425,290589
290425,290590
290425,290591
290425,290592
290425,290593
290425,290594
290425,290595
290425,290596
290425,290597
290425,290598
290425,290599
290425,290600
290425,290601
290425,290602
290425,290603
290425,290604
290425,290605
290425,290606
290425,290607
290425,290608
290425,290609
290425,290610
290425,290611
290425,290612
290425,290613
290485,289895
290103,290614
290103,289556
289544,290615
289544,289703
289544,290480
289544,290119
289544,290616
289544,290126
289544,290146
289544,290128
289544,290617
289544,290618
289544,290047
289544,290619
289544,290620
289544,289827
289544,290621
289544,290622
289544,290218
289544,290623
289544,290065
290624,289577
290290,289390
290625,290626
289544,290627
289544,290628
289544,290342
289544,289892
289544,290155
289544,290012
289544,290629
289544,290630
289544,289666
289544,290631
289544,290632
289544,290633
289544,290171
289544,289406
289544,290479
289544,290460
289544,290634
289544,290635
289544,289554
289544,290636
289544,289523
290065,290486
290065,290488
290065,289424
290623,289703
290623,289508
290623,290637
290480,289406
290479,289406
290638,289741
290638,290639
289544,289418
289544,290640
289544,290641
289544,290642
289544,290478
289544,290643
289544,289470
289544,289884
289544,290644
289544,290233
289544,289430
290624,289676
289544,290645
289544,290212
289544,290010
289544,289468
289544,290646
289544,290647
289544,289465
289544,290648
289544,290649
290638,289328
290624,289850
290624,290650
290651,290652
290651,290653
289439,289371
289439,289753
289979,289833
289979,289932
289979,290654
289979,289944
289979,289929
289979,290655
289979,289624
289979,290656
289979,289941
289979,289441
289979,289440
290651,290657
289979,289732
290658,289424
289729,290447
289322,290659
290135,290135
290135,290660
289715,290661
289715,290662
289715,290663
289729,290664
289729,290665
289729,290666
289729,289727
289729,290667
289729,290668
289729,289724
289729,290669
289729,290670
290658,289515
289979,290671
289979,290672
289979,290673
289979,289669
289979,290674
289979,289577
289979,290675
289979,289667
289979,290676
289979,290677
289979,290678
289624,289371
289624,289448
290679,290459
290680,289439
290680,289847
290053,289424
290624,289450
289979,289446
289979,290681
289979,289448
289979,290593
289979,290682
289979,289433
289979,289902
289979,290683
289979,290451
289979,289847
289979,289641
290624,289732
289979,289743
289979,290313
289979,290684
289979,289640
289979,289450
289979,289859
289979,289343
289979,290685
289979,290686
290103,290687
290688,290689
290688,290690
290691,290692
290691,290693
290691,290694
290691,290695
290691,290228
290691,290476
290691,290696
290691,289362
290691,290113
290691,290697
290691,290698
290691,290699
290691,290700
290691,290701
290691,290702
290691,290703
290691,290704
290691,290705
290691,290706
290691,290707
290691,290196
290691,290708
290691,290709
290691,290710
290691,290711
290691,290712
290691,290713
290691,290714
290691,290715
290691,290184
290691,290716
290691,290717
290691,290718
290691,290719
290691,290720
290691,290721
290691,289718
290691,290156
290722,290723
290722,290724
290722,290725
290722,289335
290722,290145
290722,290726
290722,290727
290728,290475
290728,289672
290728,289869
290728,290224
290728,290729
290728,290060
290103,290017
290103,290086
290722,289652
290722,290730
290722,290731
290722,289527
290691,289870
290691,290732
290691,290733
290691,290734
290691,289674
290691,289484
290735,289869
290691,290736
290737,289869
290738,290739
290738,290740
290738,290741
290738,290742
290738,289869
290738,290743
290738,289870
290739,289869
290688,290744
290691,289894
290691,290745
289391,290746
289391,290747
290748,290312
290749,290750
290750,290751
290750,289711
290750,289731
290750,290752
290750,290753
290750,290754
290052,289424
290755,289390
289986,289371
290069,289424
290069,290488
289391,289390
290069,290756
289391,290757
290758,290759
290688,290760
290688,290761
290688,290762
290688,290763
290688,290764
290689,290765
290689,290744
290689,290688
290689,290690
290689,290760
290689,290761
290689,290766
290689,290767
290689,290764
290689,290768
290769,290769
290069,290770
290069,290771
290069,290772
290697,289894
290697,290773
290697,290184
290697,290774
290697,290721
290697,289498
290697,290156
290697,290775
290704,289390
290691,290776
290691,290777
290691,290778
290691,290779
290691,290780
290691,290781
290228,290228
290782,289847
290513,290783
290513,290784
290785,290103
290210,290786
290210,290787
290249,290788
290249,290789
290249,290790
290249,290791
290691,289528
290042,290034
290687,290792
290793,290794
290793,290795
290793,290796
290793,290394
290793,290450
290635,290460
290042,290041
290485,290797
290425,290798
290485,289328
289325,290799
289325,290800
289325,290801
289325,290802
289325,290803
289325,290804
289325,290805
289325,290806
289325,290807
289325,290808
289325,290809
289325,290810
289325,290811
289325,290812
290813,289450
289811,289390
289665,289639
289665,289328
289665,289664
289325,290814
289665,289371
289325,290815
289325,290816
289325,290817
289325,290818
289325,290819
289325,290820
289325,290821
289325,290822
289325,290823
289325,290824
289325,290825
289325,290826
289325,290827
289325,290828
289325,290829
289325,290830
289325,290831
289325,290832
289325,290833
289325,290834
289325,290835
289325,290836
289325,290837
289665,289642
289707,290664
289707,290838
289707,290839
289707,289752
289707,290840
289707,289650
289707,290661
289707,290841
289707,290842
289707,290753
289707,290843
289707,290844
289707,289810
289707,290845
289707,290846
289707,290847
289707,290848
289707,290667
289707,290849
289707,290670
289707,290850
289707,290851
289707,289808
289707,290852
289707,289748
289707,290853
289707,290854
289707,290855
289707,290856
289707,290857
289707,290447
289707,289328
289707,290858
289707,290859
289707,290860
289707,290861
289707,290862
289707,290863
289707,289533
289707,289751
289707,290864
289707,290865
289707,289679
289707,290866
289707,289450
289325,290867
289325,289860
289653,289650
289666,289508
289325,290868
289325,290869
289325,290870
289325,290871
289325,290872
289325,290873
289325,289325
289325,290874
289325,290875
289325,290876
289325,290877
289325,290878
289325,290879
289325,290880
289325,290881
289325,290882
289325,290883
289717,289641
289325,290884
289717,289748
289717,290885
290485,290886
289716,289508
289717,290887
289717,289650
289717,290888
289717,290639
289717,290889
289717,289331
289717,289664
289717,289865
289717,289739
289717,289741
289717,290890
289717,290891
289717,289436
289717,289746
289717,289432
289717,290892
289717,289747
289717,290893
289325,290894
289325,290895
289325,290896
289325,290897
289325,290898
289325,290899
289325,290900
289325,290901
289325,290902
289325,290903
289325,290904
289325,290905
289325,290906
289325,290907
289325,290908
289325,290909
289325,290910
289325,290911
289325,290912
289325,290913
289325,290914
289325,290915
289325,290916
289325,290917
289325,290918
289325,290919
289325,290920
289325,290921
289325,290922
289325,290923
289325,290924
289325,290925
289325,290926
289325,290927
289325,290928
289325,290929
289325,290930
289325,290931
289325,290932
289325,290933
289325,290934
289325,290935
289325,290936
289325,290937
289325,290938
289325,290939
289707,290940
289707,289639
289707,290941
290942,290943
290942,290944
290942,290942
290942,290945
290942,290946
290942,290947
290942,290948
290942,290949
290942,289727
290942,289719
290942,290950
289707,290951
290952,289869
290953,290499
290953,289419
290953,290954
290955,289424
290956,289804
290956,289926
290942,290957
290956,289927
290942,290958
290942,290841
290959,290945
290959,290960
290961,290962
290961,290035
290961,289508
290961,290033
290961,290039
290961,290040
290961,290042
290961,290963
290964,290965
290964,290966
290964,290967
290942,290854
290942,290856
290942,290968
290942,290864
290942,290969
290942,290840
290942,290970
290959,290971
290956,289753
290956,289911
290972,289446
290972,289450
290972,289848
290972,289860
290972,290973
290972,290136
290972,289732
290972,290650
290972,290974
290972,290975
290485,289523
290485,289716
290485,289421
290485,290976
290485,290977
290485,289667
290485,290978
290485,290979
290485,290980
290972,289679
290956,289810
290972,289675
290981,290892
290956,289502
290956,289899
290956,289371
290956,289924
290956,289441
290956,289928
290956,289925
290982,290792
290982,290983
290984,289424
290984,290985
290984,290986
290987,289355
290987,290988
290981,289328
290981,290989
290981,290990
290981,290991
290981,290992
290993,290993
290959,290859
290942,290994
290959,290995
290996,290997
290996,290998
290996,290999
291000,289869
289707,291001
289707,289641
289707,291002
289707,291003
289707,290752
289707,291004
289707,290668
289707,291005
290996,291006
289707,291007
289707,291008
289707,291009
289707,290669
289707,291010
290959,290447
289707,290943
289707,289975
289707,291011
289707,291012
289707,291013
289707,291014
289707,290665
289707,291015
290996,291016
289707,289741
290996,291017
290996,291018
290996,291019
290996,291020
290996,291021
290996,291022
290996,291023
290996,291024
290996,291025
290996,291026
290996,291027
290996,291028
290996,291029
290996,291030
290996,291031
290996,291032
290996,291033
291034,291035
291034,291036
290996,291037
291038,291039
290996,291040
290996,291041
290996,291042
290996,289606
290996,291043
290996,291044
290996,291045
290996,291046
