2040,2041
2042,2043
2042,2044
2042,2045
2046,2047
2042,2048
2042,2049
2042,2050
2042,2051
2052,2053
2042,2054
2042,2055
2052,2056
2057,2047
2040,2058
2040,2059
2040,2060
2042,2061
2040,2062
2040,2056
2040,2063
2042,2064
2042,2065
2042,2066
2042,2067
2042,2068
2042,2069
2042,2070
2040,2071
2042,2072
2042,2073
2042,2074
2042,2075
2042,2076
2042,2053
2042,2077
2042,2078
2042,2079
2042,2080
2042,2081
2042,2082
2042,2083
2042,2084
2042,2085
2042,2086
2042,2087
2042,2088
2042,2089
2042,2090
2042,2091
2042,2092
2040,2093
2094,2047
2040,2053
2095,2096
2095,2097
2094,2098
2094,2099
2100,2101
2100,2102
2103,2104
2105,2047
2105,2106
2107,2108
2109,2047
2095,2110
2111,2112
2113,2114
2113,2115
2113,2116
2113,2117
2113,2104
2113,2118
2046,2119
2046,2109
2042,2120
2046,2105
2046,2121
2113,2122
2040,2043
2097,2096
2097,2123
2040,2124
2040,2125
2040,2083
2040,2126
2040,2044
2127,2128
2127,2129
2127,2058
2127,2056
2127,2053
2127,2044
2097,2110
2130,2060
2130,2131
2132,2059
2132,2060
2132,2056
2132,2133
2132,2053
2132,2134
2135,2136
2097,2104
2097,2137
2097,2138
2130,2139
2042,2140
2141,2142
2042,2143
2144,2145
2146,2147
2146,2148
2146,2149
2146,2150
2146,2151
2146,2152
2153,2154
2153,2155
2153,2156
2153,2131
2144,2151
2153,2157
2158,2159
2158,2047
2158,2160
2158,2161
2162,2163
2162,2053
2164,2165
2164,2166
2164,2167
2164,2104
2168,2143
2169,2053
2144,2152
2144,2150
2144,2170
2171,2172
2171,2173
2046,2106
2171,2174
2171,2175
2171,2176
2171,2177
2171,2178
2171,2179
2171,2180
2171,2181
2171,2182
2183,2184
2183,2185
2183,2186
2183,2187
2183,2104
2188,2189
2190,2191
2192,2104
2193,2047
2193,2171
2193,2194
2193,2195
2144,2147
2168,2196
2042,2052
2168,2197
2168,2198
2079,2199
2079,2053
2079,2079
2079,2200
2079,2201
2079,2202
2042,2203
2042,2204
2042,2205
2042,2060
2042,2206
2079,2207
2042,2208
2042,2209
2042,2210
2042,2211
2042,2207
2042,2212
2042,2056
2042,2213
2042,2214
2042,2133
2042,2199
2042,2215
2042,2216
2161,2047
2161,2158
2161,2159
2217,2104
2218,2219
2218,2220
2218,2142
2221,2047
2221,2175
2222,2047
2222,2223
2224,2225
2226,2227
2226,2104
2226,2228
2223,2047
2229,2053
2230,2047
2230,2231
2232,2233
2232,2151
2234,2047
2151,2147
2151,2150
2151,2144
2151,2145
2151,2152
2195,2234
2168,2235
2046,2236
2237,2238
2239,2047
2240,2241
2237,2142
2237,2242
2243,2244
2243,2220
2243,2237
2243,2142
2243,2245
2243,2246
2243,2238
2243,2247
2240,2248
2243,2242
2249,2046
2249,2047
2250,2104
2117,2104
2251,2104
2252,2253
2252,2254
2252,2255
2252,2256
2252,2257
2252,2258
2243,2182
2252,2259
2240,2260
2240,2104
2261,2262
2261,2263
2261,2264
2265,2266
2265,2267
2266,2047
2266,2194
2266,2267
2266,2265
2240,2268
2240,2269
2240,2270
2240,2271
2240,2272
2240,2273
2240,2274
2240,2275
2240,2276
2240,2277
2240,2278
2240,2279
2240,2280
2240,2281
2240,2282
2240,2283
2261,2284
2252,2285
2252,2286
2252,2287
2252,2288
2252,2289
2252,2290
2252,2291
2252,2292
2252,2293
2252,2294
2252,2295
2252,2296
2252,2297
2252,2298
2252,2299
2252,2300
2252,2301
2252,2302
2252,2303
2252,2304
2252,2305
2252,2306
2252,2307
2252,2308
2171,2309
2252,2310
2252,2311
2252,2312
2252,2313
2252,2314
2252,2315
2252,2316
2252,2317
2252,2318
2252,2319
2252,2320
2252,2321
2252,2322
2252,2323
2252,2324
2252,2325
2252,2326
2252,2327
2252,2328
2252,2329
2252,2330
2252,2331
2252,2332
2252,2333
2252,2334
2252,2335
2252,2336
2252,2337
2252,2338
2252,2339
2261,2061
2261,2340
2261,2341
2342,2343
2342,2242
2342,2244
2344,2309
2194,2047
2194,2267
2194,2220
2194,2345
2267,2346
2267,2347
2267,2348
2342,2349
2267,2350
2267,2265
2267,2266
2267,2194
2267,2267
2047,2351
2047,2236
2047,2121
2047,2352
2047,2353
2047,2354
2047,2355
2267,2047
2047,2094
2342,2142
2356,2357
2200,2059
2200,2060
2200,2207
2200,2053
2200,2079
2200,2358
2200,2359
2200,2201
2200,2360
2200,2361
2200,2202
2362,2363
2359,2060
2359,2364
2359,2365
2359,2360
2359,2366
2359,2361
2359,2367
2359,2368
2369,2104
2370,2104
2356,2370
2356,2104
2359,2200
2047,2371
2047,2372
2047,2373
2047,2105
2047,2374
2047,2375
2047,2046
2047,2249
2047,2119
2047,2376
2047,2377
2047,2378
2047,2379
2047,2142
2047,2160
2047,2107
2047,2380
2047,2381
2047,2109
2047,2382
2047,2265
2047,2266
2047,2267
2047,2239
2047,2194
2047,2383
2047,2108
2047,2384
2047,2385
2047,2386
2047,2387
2047,2388
2047,2389
2047,2390
2047,2391
2047,2047
2047,2234
2047,2220
2047,2193
2047,2392
2047,2393
2047,2394
2047,2395
2047,2158
2047,2396
2047,2397
2047,2398
2047,2106
2047,2175
2047,2222
2047,2399
2047,2400
2047,2230
2047,2231
2047,2195
2047,2161
2046,2249
2171,2401
2402,2403
2171,2398
2402,2404
2402,2405
2402,2406
2402,2407
2402,2408
2402,2409
2402,2410
2402,2411
2402,2412
2402,2413
2402,2414
2402,2415
2402,2416
2402,2417
2402,2418
2402,2419
2402,2420
2402,2421
2402,2422
2402,2423
2402,2424
2402,2425
2402,2426
2402,2427
2402,2428
2402,2429
2402,2430
2402,2431
2402,2432
2402,2433
2402,2434
2402,2435
2402,2436
2402,2437
2402,2438
2402,2439
2402,2440
2402,2441
2402,2442
2402,2443
2402,2444
2402,2445
2402,2446
2402,2447
2402,2448
2402,2449
2402,2450
2402,2451
2402,2452
2402,2453
2402,2454
2402,2455
2402,2456
2402,2457
2402,2458
2402,2459
2402,2460
2402,2461
2402,2462
2402,2463
2402,2464
2402,2465
2402,2466
2402,2467
2402,2468
2402,2469
2402,2470
2402,2471
2402,2472
2402,2473
2402,2474
2402,2475
2402,2476
2402,2477
2402,2478
2402,2479
2402,2480
2402,2481
2402,2482
2402,2483
2402,2484
2402,2485
2402,2486
2402,2487
2402,2488
2402,2489
2402,2490
2402,2491
2402,2492
2402,2493
2402,2494
2402,2495
2402,2496
2402,2497
2402,2498
2402,2499
2402,2500
2402,2501
2402,2502
2402,2503
2402,2504
2402,2505
2402,2506
2402,2507
2402,2508
2402,2509
2402,2510
2402,2511
2402,2512
2402,2513
2402,2514
2402,2515
2402,2516
2402,2517
2402,2518
2402,2519
2402,2520
2402,2521
2402,2522
2402,2523
2402,2524
2402,2525
2402,2526
2402,2527
2402,2528
2402,2529
2402,2530
2402,2531
2402,2532
2402,2533
2402,2534
2402,2535
2402,2536
2402,2537
2402,2538
2402,2539
2402,2540
2402,2541
2402,2542
2402,2543
2252,2544
2545,2122
2545,2184
2545,2546
2545,2192
2545,2139
2545,2102
2545,2547
2545,2548
2545,2549
2545,2104
2402,2550
2545,2130
2545,2131
2545,2551
2402,2552
2402,2553
2402,2554
2402,2555
2402,2556
2402,2557
2402,2558
2402,2559
2402,2560
2545,2561
2402,2562
2402,2563
2402,2564
2402,2565
2402,2566
2402,2567
2402,2568
2402,2569
2402,2570
2402,2571
2402,2572
2402,2573
2402,2574
2402,2575
2402,2576
2402,2577
2402,2578
2402,2579
2402,2580
2402,2581
2402,2582
2402,2583
2402,2584
2402,2585
2402,2586
2402,2587
2402,2588
2402,2589
2402,2590
2402,2591
2402,2592
2402,2593
2402,2594
2402,2595
2402,2596
2402,2597
2402,2598
2402,2599
2402,2600
2402,2601
2402,2602
2402,2603
2402,2604
2402,2605
2402,2606
2402,2607
2402,2608
2402,2609
2402,2610
2402,2611
2402,2612
2402,2613
2402,2614
2402,2615
2402,2616
2402,2617
2402,2618
2402,2619
2402,2620
2621,2622
2621,2104
2623,2624
2623,2123
2625,2220
2626,2047
2626,2104
2171,2627
2171,2628
2171,2261
2171,2629
2630,2631
2171,2632
2171,2371
2171,2633
2171,2377
2171,2382
2171,2634
2171,2635
2171,2237
2171,2284
2171,2397
2171,2636
2171,2637
2171,2220
2171,2354
2630,2638
2639,2053
2640,2142
2640,2641
2640,2231
2640,2642
2640,2643
2640,2106
2640,2175
2640,2244
2640,2644
2645,2110
2645,2096
2630,2047
2646,2647
2646,2648
2649,2309
2650,2151
2651,2652
2651,2653
2651,2654
2651,2655
2651,2123
2656,2657
2658,2191
2659,2104
2646,2104
2640,2660
2171,2047
2171,2661
2171,2662
2171,2663
2171,2664
2171,2665
2171,2195
2171,2666
2171,2340
2171,2667
2171,2668
2171,2238
2171,2669
2171,2670
2171,2671
2171,2247
2171,2672
2171,2673
2171,2393
2171,2674
2171,2675
2171,2676
2171,2677
2171,2678
2171,2363
2171,2679
2171,2680
2171,2681
2171,2682
2171,2683
2171,2684
2171,2685
2171,2686
2171,2687
2171,2263
2171,2688
2171,2689
2171,2690
2171,2691
2171,2692
2171,2693
2171,2694
2171,2695
2171,2142
2171,2341
2171,2194
2171,2386
2171,2696
2171,2697
2171,2698
2171,2699
2171,2246
2171,2700
2171,2701
2171,2702
2640,2703
2640,2704
2640,2047
2402,2705
2402,2706
2402,2707
2402,2136
2402,2708
2402,2709
2402,2710
2402,2711
2402,2712
2402,2713
2402,2714
2402,2715
2402,2716
2402,2717
2402,2718
2402,2719
2402,2720
2402,2721
2402,2722
2402,2723
2402,2724
2402,2725
2402,2726
2402,2727
2402,2728
2402,2729
2402,2730
2402,2731
2402,2732
2402,2733
2402,2734
2402,2735
2402,2736
2402,2737
2402,2738
2402,2739
2402,2740
2402,2741
2402,2742
2402,2743
2402,2744
2402,2745
2402,2746
2402,2747
2402,2748
2402,2749
2402,2750
2402,2751
2402,2752
2402,2753
2402,2754
2402,2755
2402,2756
2402,2757
2402,2758
2402,2759
2402,2760
2402,2761
2402,2762
2763,2654
2763,2123
2763,2764
2765,2766
2765,2437
2765,2412
2765,2414
2765,2492
2402,2767
2765,2765
2765,2756
2765,2752
2765,2743
2765,2706
2765,2136
2765,2720
2765,2768
2769,2047
2640,2770
2640,2771
2640,2354
2765,2466
2402,2772
2402,2773
2402,2774
2402,2775
2402,2776
2402,2768
2402,2777
2402,2778
2402,2779
2402,2780
2402,2781
2402,2782
2402,2783
2402,2784
2402,2785
2402,2786
2402,2787
2402,2788
2402,2789
2402,2790
2402,2791
2402,2792
2402,2793
2402,2794
2402,2795
2402,2796
2402,2797
2402,2798
2171,2799
2252,2800
2175,2676
2252,2801
2802,2357
2803,2804
2175,2220
2175,2377
2175,2382
2175,2194
2175,2805
2175,2047
2175,2142
2175,2806
2122,2139
2802,2104
2122,2111
2122,2113
2122,2102
2122,2114
2122,2807
2122,2808
2122,2100
2122,2548
2122,2104
2122,2117
2114,2809
2114,2810
2122,2811
2114,2812
2802,2813
2814,2142
2672,2815
2672,2816
2672,2689
2672,2817
2672,2818
2672,2819
2672,2820
2672,2284
2672,2821
2672,2822
2823,2672
2802,2370
2242,2343
2242,2824
2242,2825
2242,2142
2826,2827
2826,2828
2826,2829
2826,2830
2826,2309
2814,2831
2814,2238
2814,2824
2242,2220
2672,2344
2114,2832
2114,2833
2834,2118
2834,2126
2834,2116
2060,2835
2060,2068
2060,2053
2060,2079
2060,2066
2060,2083
2060,2126
2060,2122
2834,2104
2060,2811
2060,2102
2060,2114
2060,2104
2366,2836
2366,2837
2366,2838
2366,2341
2366,2839
2366,2547
2366,2200
2366,2359
2060,2139
2114,2840
2834,2841
2834,2102
2114,2122
2114,2811
2114,2102
2114,2104
2114,2117
2104,2122
2104,2842
2104,2546
2104,2811
2104,2139
2104,2114
2834,2114
2104,2131
2118,2843
2118,2113
2118,2844
2118,2845
2118,2841
2118,2104
2118,2846
2834,2122
2834,2843
2834,2811
2834,2139
2104,2117
2366,2089
2672,2262
2672,2847
2848,2849
2848,2503
2848,2850
2848,2506
2848,2104
2848,2851
2848,2852
2848,2853
2848,2854
2848,2462
2848,2466
2848,2855
2848,2469
2848,2856
2848,2737
2848,2857
2848,2858
2848,2859
2848,2860
2848,2861
2848,2746
2848,2862
2848,2863
2848,2864
2848,2735
2848,2754
2848,2865
2848,2866
2848,2867
2848,2868
2848,2869
2848,2766
2848,2870
2848,2438
2848,2439
2848,2871
2848,2872
2848,2873
2848,2874
2848,2875
2848,2876
2848,2412
2848,2414
2848,2877
2848,2878
2848,2458
2848,2488
2848,2490
2848,2879
2848,2492
2848,2880
2848,2881
2848,2848
2672,2882
2848,2743
2848,2883
2884,2885
2884,2886
2884,2887
2884,2182
2888,2123
2672,2665
2672,2687
2672,2179
2672,2889
2672,2890
2672,2891
2884,2685
2672,2892
2672,2893
2672,2894
2672,2071
2672,2895
2672,2896
2672,2897
2672,2898
2672,2899
2672,2900
2672,2901
2672,2674
2672,2902
2848,2903
2884,2904
2884,2905
2848,2906
2848,2907
2848,2908
2848,2719
2848,2723
2848,2909
2848,2910
2848,2911
2848,2912
2848,2913
2848,2914
2884,2915
2848,2916
2848,2917
2848,2918
2848,2919
2848,2760
2848,2920
2921,2922
2921,2142
2921,2814
2923,2676
2884,2924
2884,2925
2848,2926
2366,2365
2366,2360
2366,2061
2142,2927
2238,2237
2238,2142
2676,2176
2676,2366
2676,2656
2676,2928
2676,2371
2676,2929
2676,2671
2676,2341
2142,2106
2676,2386
2676,2238
2676,2673
2676,2398
2676,2352
2676,2930
2341,2060
2341,2685
2341,2364
2341,2366
2341,2931
2341,2671
2676,2246
2341,2399
2142,2932
2142,2231
2142,2933
2142,2238
2142,2399
2142,2934
2142,2921
2142,2349
2142,2342
2142,2343
2142,2159
2142,2220
2142,2047
2142,2676
2142,2245
2142,2935
2142,2242
2142,2244
2142,2386
2142,2354
2142,2936
2142,2937
2142,2938
2142,2175
2142,2382
2142,2160
2142,2825
2142,2939
2341,2831
2341,2940
2685,2699
2685,2941
2685,2942
2685,2943
2685,2944
2685,2945
2685,2946
2685,2249
2685,2947
2685,2180
2685,2948
2685,2949
2685,2386
2685,2284
2685,2375
2685,2341
2685,2089
2685,2108
2685,2950
2685,2951
2685,2952
2685,2953
2954,2123
2955,2956
2685,2957
2341,2261
2685,2958
2685,2959
2341,2182
2341,2960
2341,2961
2341,2962
2341,2963
2341,2964
2341,2636
2341,2142
2341,2238
2341,2676
2341,2703
2685,2965
2341,2966
2685,2967
2685,2968
2685,2969
2685,2970
2685,2261
2685,2971
2685,2972
2685,2973
2685,2974
2685,2975
2685,2976
2685,2977
2142,2922
2142,2108
2142,2194
2382,2384
2160,2159
2160,2382
2160,2047
2231,2377
2231,2047
2231,2194
2106,2046
2106,2047
2106,2105
2142,2978
2382,2108
2142,2243
2142,2629
2142,2632
2142,2633
2142,2634
2142,2635
2142,2284
2142,2636
2142,2637
2142,2979
2142,2681
2142,2684
2142,2628
2142,2685
2382,2980
2382,2047
2366,2367
2366,2368
2366,2981
2366,2982
2366,2983
2366,2075
2366,2139
2366,2676
2366,2984
2366,2985
2366,2986
2382,2265
2366,2548
2366,2060
2366,2987
2988,2989
2988,2685
2988,2990
2991,2992
2991,2940
2991,2993
2991,2989
2991,2685
2991,2988
2366,2364
2142,2687
2142,2263
2142,2171
2142,2309
2142,2994
2142,2173
2142,2177
2142,2249
2142,2179
2142,2180
2142,2182
2142,2995
2142,2237
2142,2771
2142,2401
2142,2940
2142,2824
2142,2996
2142,2997
2142,2998
2142,2999
2142,2703
2142,3000
2142,3001
2142,2371
2142,2971
2142,2377
2142,3002
2142,2398
2142,2679
2142,2363
2142,2690
2142,2691
2142,2692
2142,2831
2142,2693
2142,2884
2142,2695
2142,2702
2142,2341
2142,2696
2142,2699
2142,2246
2142,2662
2142,2663
2142,2664
2142,2665
2142,2340
2142,2667
2142,2680
2142,2247
2142,3003
2142,2672
2142,2673
2142,2677
2142,2678
2848,3004
2252,2252
2848,3005
2848,3006
3007,3008
3007,3009
3007,3010
3007,3011
3007,3012
3007,3013
3007,3014
3007,2104
3007,3015
3007,3016
3007,3007
2252,3017
3007,3018
3007,2228
3007,3019
3007,3020
3007,3021
3007,3022
3007,3023
3007,3024
2220,2352
2220,2887
2220,3025
2220,2159
3007,3026
2220,3027
2252,3028
2252,3029
2252,3030
2252,3031
2252,3032
2252,2117
2252,3033
2252,3034
2252,3035
2252,3036
2252,3037
2252,3038
2252,3039
2252,3040
2252,3041
2252,3042
2252,3043
2252,3044
2252,3045
2252,3046
2252,3047
2252,3048
2252,3049
2252,3050
2252,3051
2252,3052
2252,2251
2252,3053
2220,2106
2220,2635
2220,2244
2220,2628
2220,2237
2220,2142
2220,2245
2220,2246
2220,2238
2220,2669
2220,2247
2220,2243
2220,2676
2220,2376
2220,2242
2220,2182
2245,2126
2245,2831
2245,2159
2245,2220
2245,2142
2245,2825
2245,2935
2245,2242
2245,2244
3054,3055
2220,2249
2220,2382
2220,3056
2220,2354
2220,2047
2220,2263
2220,2703
2220,2098
2220,2194
2220,2397
2220,2978
2220,2824
2220,2886
2220,2399
2220,3057
2220,2825
2220,3058
2220,2401
2220,2175
2220,2377
2220,3059
2220,2371
2220,2108
2220,3060
2220,2094
2220,3002
2220,2109
2220,2831
2220,2099
3054,3061
2252,3062
2252,3063
2252,3064
2252,3065
2252,3066
2252,3067
2252,3068
2252,3069
2252,3070
2252,3071
2252,3072
2252,3073
2252,3074
2252,3075
2252,3076
2252,3077
2252,3078
2252,3079
2252,2250
2252,3080
2252,3081
2252,3082
2252,3083
2252,3084
2252,3085
2252,3086
2252,3087
2252,3088
2252,3089
2252,3090
2252,3091
2252,3092
2252,3093
2252,3094
2252,3095
2252,3096
2252,3097
2252,3098
2252,3099
2252,3100
2252,3101
2252,3102
2252,3103
2252,3104
2252,3105
2252,3106
2252,3107
2252,3108
2252,3109
2252,3110
2252,3111
2252,3112
2252,3113
2252,3114
2252,3115
2252,3116
2252,3117
2252,3118
2252,3119
2252,3120
2252,3121
2252,3122
2252,3123
2252,3124
2252,3125
2252,3126
2252,3127
2252,3128
2252,3129
2252,3130
2252,3131
2252,3132
2252,3133
2252,3134
2252,3135
2252,3136
2252,3137
2252,3138
2252,3139
2252,3140
2252,3141
2252,3142
2252,3143
2252,3144
2252,3145
2252,3146
2252,3147
2252,3148
2252,3149
2252,2104
2252,3150
2252,3151
2252,3152
2252,3153
2252,3154
2252,3155
2252,3156
2252,3157
2252,3158
2252,3159
2252,3160
2252,3161
2252,3162
2252,3163
2252,3164
2252,3165
2252,3166
2252,3167
2252,3168
2252,3169
2252,3170
3171,3172
3173,3174
3173,3175
3006,2852
3006,2853
3006,2854
3006,2462
3006,2466
3006,2469
3006,2735
3006,2856
3006,2737
3006,2857
3006,2858
3006,2851
3006,2859
3006,2861
3006,2746
3006,2862
3006,2863
3006,2864
3006,2754
3006,2743
3006,2903
3006,2883
3006,2906
3006,2907
3006,2860
3006,2908
3006,2104
3006,2850
3006,2439
3006,2871
3006,2872
3006,2873
3006,2874
3006,2876
3006,2412
3006,2414
3006,2877
3006,2878
3006,2458
3006,2506
3006,2488
3006,2879
3006,2491
3006,2492
3006,2880
3006,2881
3006,2866
3006,2875
3006,2865
3006,2855
3006,2849
3006,2503
3006,2490
3006,2438
3006,2719
3006,2909
2848,3176
2848,3177
2848,3178
2848,3179
2848,3180
2848,3181
2848,3182
2848,2599
2848,3183
2848,2603
2848,3184
2848,3185
2848,3186
2848,3187
2848,3188
2848,3189
2848,3190
2848,3191
2848,3192
2848,3193
2848,3194
2848,3195
2848,3196
2848,3197
2848,3198
3006,2723
2848,3199
2848,3200
3006,2910
3006,2911
3006,2726
3006,2912
3006,2914
3006,2916
3006,2926
3006,2917
3006,2918
3006,2919
3006,2760
2848,2537
3006,2920
2466,2756
2466,2136
2848,3201
2848,2554
2848,3202
2848,2517
2848,3203
2848,3204
2848,3205
2848,3206
2848,3207
2466,3208
3006,2870
3006,2766
3006,2869
2244,3175
2244,3209
2244,3173
2244,2142
2244,2245
2244,2246
2244,3058
2244,2940
2244,2641
2244,2238
2244,2231
2244,2704
2244,3210
2244,2824
2244,2825
2244,3211
2244,3212
2244,2242
2244,3213
2244,2182
3058,3174
3058,3173
3058,2142
3058,2940
2244,2247
3058,2824
2244,2237
2244,2220
3173,2142
3173,3214
3173,3058
3173,2940
3173,3215
3173,2824
3173,2242
3173,3213
3173,3216
3173,2244
3173,3217
2244,2771
2824,2246
2824,3217
2824,3218
2824,2966
2824,2245
2824,2237
2824,2831
2824,2142
2824,2940
2824,2242
2244,2159
2244,3027
2824,2238
3058,2242
3058,3213
3058,2244
3006,3182
3006,2599
3006,3183
3006,2603
3006,3184
3006,3186
3006,3198
3006,3187
3006,3188
3006,3189
3006,3190
3006,3181
3006,3191
3006,3193
3006,3194
3006,3195
3006,3196
3006,3197
3006,3006
3006,3219
3006,3005
3006,3004
3006,2867
3006,2868
3006,3192
3006,3180
3006,3179
3006,3178
2210,2060
2210,2548
2375,2047
2375,2234
2375,2384
2108,3220
2108,2107
2108,3221
3183,2110
3183,2096
3006,2554
3006,3202
3006,2517
3006,3203
3006,3204
3006,3205
3006,3206
3006,3207
3006,3222
3006,3200
3006,2537
3006,3199
3006,3185
3006,3176
3006,3177
2848,3219
2955,2123
2142,2142
