299535,299536
299535,299537
299535,299538
299535,299539
299535,299540
299535,299541
299535,299542
299535,299543
299535,299544
299535,299545
299535,299546
299547,299548
299547,299549
299547,299550
299547,299551
299535,299552
299547,299553
299547,299554
299547,299555
299547,299556
299547,299557
299547,299558
299547,299559
299547,299560
299547,299561
299547,299562
299547,299563
299547,299564
299547,299565
299547,299547
299547,299566
299547,299567
299547,299568
299535,299558
299535,299569
299570,299571
299570,299572
299573,299574
299573,299575
299573,299573
299573,299576
299573,299577
299573,299578
299573,299579
299577,299574
299577,299575
299577,299573
299577,299576
299577,299578
299535,299557
299577,299579
299580,299581
299578,299582
299578,299574
299578,299575
299578,299573
299578,299576
299578,299577
299578,299579
299579,299573
299579,299577
299579,299580
299579,299578
299583,299584
299541,299585
299580,299586
299547,299587
299547,299588
299547,299589
299547,299590
299547,299591
299547,299592
299547,299593
299547,299594
299547,299595
299547,299596
299547,299597
299547,299598
299547,299599
299547,299600
299547,299601
299547,299602
299547,299603
299547,299604
299547,299605
299547,299606
299547,299607
299547,299545
299547,299608
299547,299609
299547,299610
299547,299611
299547,299612
299547,299613
299547,299614
299547,299615
299547,299616
299547,299617
299547,299618
299547,299619
299547,299620
299547,299621
299547,299622
299547,299538
299547,299623
299547,299624
299547,299625
299547,299626
299547,299627
299547,299536
299547,299628
299547,299629
299547,299630
299547,299631
299547,299632
299547,299633
299547,299540
299547,299634
299547,299635
299547,299636
299547,299637
299547,299638
299547,299639
299547,299640
299547,299641
299547,299642
299570,299643
299547,299644
299547,299645
299547,299646
299547,299647
299547,299648
299547,299649
299547,299650
299547,299651
299547,299652
299570,299653
299654,299655
299656,299657
299656,299658
299656,299659
299656,299660
299656,299661
299656,299662
299656,299663
299656,299664
299656,299665
299656,299666
299656,299667
299656,299668
299656,299669
299656,299670
299656,299671
299656,299672
299656,299673
299656,299674
299656,299675
299656,299676
299656,299677
299656,299678
299656,299679
299656,299680
299656,299681
299656,299682
299656,299683
299656,299684
299656,299685
299656,299686
299656,299687
299656,299688
299656,299689
299656,299690
299690,299691
299690,299692
299690,299693
299690,299694
299690,299695
299690,299696
299690,299697
299690,299698
299660,299699
299664,299700
299664,299701
299664,299702
299664,299703
299664,299704
299656,299705
299664,299706
299664,299707
299664,299708
299709,299710
299695,299711
299712,299713
299712,299714
299712,299715
299656,299716
299656,299693
299656,299717
299656,299710
299656,299718
299656,299719
299656,299720
299664,299721
299656,299722
299656,299723
299656,299724
299656,299725
299656,299726
299656,299727
299656,299728
299656,299729
299656,299730
299656,299731
299656,299732
299656,299733
299656,299734
299656,299715
299656,299735
299656,299736
299656,299737
299656,299738
299656,299739
299656,299712
299656,299740
299656,299741
299656,299742
299656,299701
299656,299743
299656,299744
299654,299745
299654,299746
299654,299747
299654,299748
299654,299749
299654,299750
299654,299751
299656,299752
299656,299753
299656,299754
299656,299755
299656,299756
299656,299757
299656,299758
299656,299759
299656,299760
299656,299761
299656,299762
299656,299763
299656,299709
299656,299713
299656,299714
299656,299704
299656,299764
299656,299765
299656,299766
299656,299695
299656,299767
299656,299768
299656,299769
299656,299770
299656,299771
299656,299772
299656,299773
299570,299774
299656,299692
299656,299699
299656,299775
299656,299776
299656,299777
299656,299778
299656,299779
299656,299780
299547,299781
299547,299782
299547,299783
299784,299785
299784,299786
299784,299787
299784,299788
299784,299789
299784,299790
299784,299791
299784,299792
299733,299793
299733,299794
299733,299795
299733,299796
299733,299797
299733,299671
299784,299798
299733,299799
299800,299801
299802,299710
299802,299718
299802,299663
299802,299681
299802,299684
299802,299803
299802,299692
299802,299773
299802,299734
299802,299736
299802,299740
299802,299742
299802,299795
299733,299804
299802,299796
299784,299805
299784,299806
299807,299808
299807,299809
299807,299810
299807,299811
299812,299813
299812,299814
299815,299816
299805,299784
299817,299818
299817,299699
299819,299671
299819,299692
299819,299773
299819,299734
299784,299820
299819,299736
299821,299710
299792,299822
299792,299823
299792,299824
299792,299825
299792,299826
299784,299827
299784,299828
299784,299829
299784,299830
299784,299831
299784,299832
299784,299833
299784,299834
299821,299835
299802,299671
299802,299733
299802,299804
299803,299836
299803,299663
299803,299681
299803,299684
299803,299837
299803,299692
299803,299773
299803,299838
299803,299734
299803,299736
299803,299839
299803,299740
299803,299742
299840,299841
299803,299671
299842,299843
299842,299844
299842,299845
299842,299846
299842,299847
299848,299849
299848,299850
299848,299747
299848,299851
299852,299853
299699,299854
299699,299855
299699,299856
299699,299857
299699,299858
299842,299859
299803,299802
299803,299718
299803,299860
299671,299819
299671,299692
299671,299773
299671,299734
299671,299736
299671,299861
299671,299862
299671,299863
299671,299864
299684,299656
299736,299865
299736,299866
299736,299819
299736,299867
299736,299868
299839,299684
299839,299803
299803,299869
299803,299710
299839,299728
299839,299780
299839,299837
299839,299870
299807,299871
299839,299872
299839,299873
299839,299802
299839,299874
299839,299710
299839,299773
299839,299692
299839,299632
299807,299875
299807,299876
299807,299877
299544,299878
299544,299543
299544,299545
299544,299546
299544,299535
299544,299879
299544,299880
299544,299881
299544,299882
299544,299883
299884,299816
299885,299550
299885,299886
299885,299557
299544,299887
299885,299558
299885,299888
299885,299547
299885,299552
299885,299537
299885,299626
299885,299889
299885,299536
299885,299890
299885,299891
299885,299892
299885,299893
299885,299894
299885,299895
299885,299896
299885,299897
299544,299898
299544,299542
299544,299899
299547,299900
299547,299901
299547,299902
299547,299903
299547,299904
299547,299905
299547,299906
299547,299907
299547,299908
299547,299909
299547,299910
299547,299911
299547,299912
299547,299883
299913,299545
299913,299557
299913,299899
299544,299914
299544,299541
299544,299539
299544,299891
299544,299536
299544,299538
299885,299915
299544,299916
299544,299552
299544,299558
299544,299917
299544,299557
299544,299918
299913,299543
299544,299537
299693,299919
299885,299920
299885,299913
299921,299535
299921,299906
299921,299922
299923,299558
299923,299921
299924,299925
299926,299926
299927,299928
299834,299929
299834,299784
299723,299710
299875,299930
299875,299710
299875,299931
299921,299545
299875,299932
299807,299933
299807,299934
299807,299935
299807,299930
299807,299936
299807,299710
299807,299937
299807,299931
299807,299938
299807,299834
299807,299939
299807,299684
299807,299723
299807,299932
299875,299876
299921,299940
299921,299941
299921,299942
299885,299943
299885,299944
299885,299945
299885,299621
299885,299898
299885,299946
299885,299887
299885,299878
299885,299947
299885,299948
299885,299600
299885,299949
299885,299950
299885,299543
299885,299951
299885,299606
299885,299544
299921,299626
299921,299952
299921,299953
299885,299954
299885,299955
299885,299956
299885,299899
299885,299882
299885,299957
299885,299958
299885,299614
299885,299959
299885,299546
299885,299545
299885,299884
299693,299960
299961,299962
299961,299963
299794,299733
299964,299930
299964,299965
299964,299710
299964,299966
299964,299967
299964,299968
299964,299969
299964,299970
299964,299876
299964,299971
299964,299972
299964,299973
299964,299974
299794,299975
299967,299865
299967,299976
299967,299930
299967,299977
299967,299965
299967,299710
299967,299931
299967,299978
299967,299979
299967,299980
299967,299684
299967,299932
299967,299969
299967,299876
299967,299981
299967,299982
299967,299875
299794,299671
299983,299984
299985,299985
299985,299986
299985,299987
299985,299824
299985,299988
299985,299989
299985,299990
299985,299991
299985,299825
299985,299992
299985,299993
299985,299994
299985,299826
299995,299996
299794,299997
299995,299998
299995,299999
299995,300000
299995,300001
299995,300002
299995,300003
299995,300004
299995,300005
299827,299784
299983,300006
299983,300007
299983,300008
299983,300009
299983,300010
299983,299983
299995,299853
299967,300011
299967,300012
299967,300013
299854,300014
299854,300015
299854,300016
299854,300017
299854,300018
299854,300019
299854,300020
299854,300021
299854,300022
299854,300023
299854,300024
299854,300025
299854,300026
299854,300027
299854,300028
299854,300029
299854,300030
299854,300031
299854,300032
299854,300033
299854,300034
299854,300035
299854,300036
299854,299699
300037,300038
300037,300039
300037,300040
300037,300041
300037,300042
300037,300043
299854,300044
299917,299543
300045,299664
300045,299721
299967,300046
299967,300047
299967,300048
299967,300049
299967,300050
299967,300051
299967,300052
299967,299973
299967,299974
299967,300053
300054,300055
299702,300056
300057,300058
300057,300059
300057,300060
299696,299865
299696,299693
299881,299853
300061,300062
300063,299580
299696,300064
299696,300065
299696,300066
299985,299822
299696,299695
299696,299853
299696,299694
299696,299697
299696,299690
299696,300067
299696,299965
299696,300068
299985,300069
299985,300070
299987,300071
300072,300073
300072,300074
300072,300075
300072,300076
300072,300077
300072,299935
300072,300078
300072,300079
300072,299853
300072,299919
300072,300080
300081,299684
300082,300083
300084,299710
300085,300086
300087,299699
300088,299536
300088,300089
300090,299925
299922,300091
299922,299917
299922,299953
299922,300092
299922,300093
299922,299536
299922,300094
299922,299893
299922,299895
299922,300095
299922,300096
300088,300097
300085,299616
300085,300098
300085,300099
300100,300101
300100,300102
300100,299973
300100,299974
300100,300103
300100,300104
300100,300105
300100,300106
300100,300107
300100,300108
300100,300109
300100,300110
300111,300112
300111,299671
300111,300113
300111,300114
300113,299671
300085,300115
300085,300116
300085,300117
300085,299560
300085,299556
300085,300118
299922,299621
300085,300119
300085,300120
300085,300121
300085,300122
300085,300123
300124,300125
300126,299699
300085,300127
300037,299660
299922,300128
299922,299948
300129,299879
300129,300130
300129,300131
300129,299880
300129,300132
300129,300133
300129,300134
300129,299881
300129,300135
300129,300136
300129,300137
300129,300138
300139,300140
300141,299684
300129,300142
300143,300125
300144,299987
300145,300146
300147,299816
300147,300148
300147,300149
300147,300150
300151,299864
300151,299800
300151,300152
300151,300153
300151,300154
300151,299784
299987,299991
299987,299792
300155,300156
300129,300157
300129,300151
300129,300158
299922,299543
299922,300159
299922,300160
299922,299922
299922,300161
299922,300162
300129,300163
300129,299800
300129,300164
300129,300165
300129,300166
300129,300167
300129,299916
300129,300168
300129,299703
300129,300169
300129,299801
300129,300170
300129,300171
300129,300172
300129,300173
300129,300174
300129,300175
299922,300176
300129,300177
300129,300178
300129,300179
300129,300180
300129,300181
300129,300182
300129,300129
300129,300183
299699,300184
300037,300185
300037,300186
300187,300188
300187,300189
300187,300190
300187,300191
300187,300192
300187,300193
300187,300194
300187,300195
300187,300196
300187,300197
300187,300198
300187,299748
300187,300199
300187,300200
300187,300201
300187,300202
300187,300140
300187,300203
300187,300204
300187,300205
300187,300206
300187,300207
300187,300208
300187,300209
300187,300210
300187,300211
300187,300212
300187,300213
300187,300214
300187,300215
300187,300216
300187,299751
300187,300217
300187,300218
300187,300219
300187,300220
300187,300221
300187,300222
300187,300186
300187,300223
300187,300224
300187,300225
300187,300226
300187,300227
300187,300228
300187,300229
300187,300230
300187,300231
300187,300232
300187,300233
300187,300234
300187,300235
300187,300236
300187,300237
300187,300238
300187,300239
300187,300240
300187,300241
300187,300242
300187,300243
300187,300244
300187,300245
300187,300246
300187,300247
300187,300248
300187,300249
300187,300250
300187,300251
300252,300253
300252,300254
300252,300255
300116,300121
300116,299556
300116,300256
300116,299641
300116,300257
300116,300258
300116,300085
300116,300259
300116,300260
300116,300086
300116,300261
300252,300262
300263,299710
300264,300265
300264,300266
300264,300267
300268,300269
300268,300270
300268,300271
300272,300273
300272,300274
300272,300275
300276,299710
300276,299671
299820,299784
299961,300277
299961,300278
300264,299816
300252,300279
300252,300280
300252,300281
300187,300282
300187,300283
300187,300284
300187,300285
300187,300286
300187,300287
300187,300288
300187,300289
300187,300290
300187,300291
300187,300292
300187,300293
300187,300294
300187,300295
300187,300296
300187,300297
300187,300298
300252,300299
300252,299947
300300,300301
300300,300302
299576,300303
300304,299710
300187,300305
300187,300306
300187,300307
300187,300106
300187,300308
300187,300309
300187,300310
300187,300058
300187,300311
300187,300312
300187,300313
300187,300314
300315,299684
300316,300317
300316,300318
300316,299699
300319,300320
300319,299587
300319,300321
300319,300322
300319,300323
300319,300324
300319,300325
300319,299781
300319,300326
300319,300327
300315,299671
300319,300328
300329,299857
299833,299784
300330,300331
299883,300332
299883,300333
299883,299918
299883,299557
299883,300334
299883,300335
299883,300336
299883,300337
299883,300338
299883,300339
299883,300340
299857,299699
300037,300341
300037,300342
300037,300343
300037,300344
300037,300345
300037,300346
300037,300347
300037,300348
300037,300349
300037,300350
300037,300351
300037,300352
300037,300353
300037,300354
300037,300355
300037,300356
300037,300357
300037,300358
300037,300359
300037,300360
300037,300361
300037,300362
300037,300286
300037,299655
300037,299961
300037,300363
299883,300180
300037,299809
300037,300364
300037,300365
300037,300366
300037,300367
300037,300368
300037,300209
300037,300369
300037,300370
299883,299830
299883,300371
300372,299883
300373,300374
299806,299784
300224,299655
300187,300375
300187,300376
300187,300377
300187,300378
300187,300379
300187,300380
300187,300381
300187,300382
300187,300383
300187,300384
300372,299906
300187,300040
300187,300385
300187,300386
300187,300387
300187,300388
300187,300389
300187,300390
300187,300391
300187,300392
300187,300393
300187,300394
300187,300395
300187,300396
300187,300397
300187,300398
300187,300399
300372,299781
300372,299545
300372,300400
299883,299600
299883,300401
299883,299543
299883,299879
299883,300402
299883,299881
299883,299731
299883,300403
299883,300404
300372,300405
300372,300389
300372,300406
300372,300407
300372,300408
300372,300409
300372,300410
300372,300411
300372,299543
300372,299542
300372,300338
300372,300372
300372,300412
300372,299557
299883,299831
300372,300413
300372,300282
300372,299696
300372,300414
300372,300415
300372,300416
300372,299539
300372,300417
299699,300418
299736,299684
300419,300420
300421,300422
300421,299721
300421,299664
300423,299713
300424,299671
300425,300426
300425,299588
300425,300427
300425,300428
300425,300429
300425,300430
300256,300121
300256,299560
300256,300256
300256,300257
300256,300258
300256,300116
300256,300085
300431,300432
300433,299899
300433,300434
300433,299928
300435,300435
300260,300115
300260,300436
300260,300085
300260,300259
300260,300260
300260,299616
300260,300086
300260,300437
300260,300438
300431,299823
300260,300439
300260,300261
300260,300122
300260,300440
300441,299719
300441,299853
300441,300442
300435,300443
300435,300444
300435,300445
300260,300446
300431,300447
300100,300448
300100,300375
300100,299565
300100,300449
300100,299689
300100,300450
300100,300451
300100,300452
300100,300453
300100,300454
300100,299967
300100,300455
300100,300456
300100,300457
300100,300185
300100,300186
300100,300223
300100,300458
300100,300459
300100,300460
300100,300461
300100,300410
300100,300462
300260,300116
300100,300463
300100,299829
300100,299982
300100,300380
300100,300464
300100,300465
300100,300039
300100,300466
300100,299864
300100,300467
300100,300468
300100,300469
300100,299710
300100,300470
300100,300471
300100,300472
300100,300473
300100,300041
300100,300474
300100,300475
300100,299802
300100,299690
300100,300476
300100,300477
300260,300478
300260,300257
300479,300480
300479,300481
300479,300482
300479,300483
300479,300484
300479,300485
299996,299853
299996,300486
299558,300487
299558,299921
299558,300488
300271,300489
300271,300490
300271,300491
300271,300101
300271,299740
300271,300492
300271,299853
300271,300268
300479,300493
300479,300494
300479,300495
300479,300496
300479,300497
300479,300498
300479,300499
300479,300500
300479,300501
300479,300502
300479,300503
300479,300504
300479,300505
300271,300409
300479,300506
300479,300507
300479,300254
300479,300508
300479,300509
300479,300510
300479,300511
300479,300512
300479,300513
300479,300514
300479,300515
300271,300516
300271,300517
300271,300518
300519,300520
300519,300521
300522,300523
300522,300520
300522,300521
300260,300524
300260,300525
300260,300121
300260,300526
300519,300523
300260,299559
300260,300527
300260,299566
300260,299627
300260,300528
300260,300529
300260,299635
300260,300256
300260,300530
300260,299641
300260,299560
300260,300258
300531,300532
300533,300534
300271,300535
299674,299693
299674,299705
299674,299664
299674,299684
299674,299707
299674,299762
299674,299765
299674,300536
300533,299909
299674,299695
300537,300538
300537,300539
300540,299588
300540,300541
300542,299853
300543,300544
300543,300539
300545,299571
300533,300525
300537,300543
300479,300546
300100,299852
300100,300339
300100,300547
300100,300548
300100,300549
300100,300550
299674,299772
299674,299727
299674,299735
299674,299752
299674,299744
299707,299684
299707,299734
299707,300551
299707,299769
299707,299677
299707,299853
299740,300271
300491,299996
300491,300552
300491,300553
300100,300052
300100,300554
300100,300555
300100,300556
300100,300557
300100,300558
300100,300559
300100,300417
300100,300560
300100,300362
300100,300561
300100,300562
300100,300480
300491,300563
300100,300403
300100,300564
300100,300565
300100,300566
300100,300567
300100,300342
300100,300404
300100,300568
300100,299972
300100,300298
300100,300569
300491,300570
300491,299965
300491,299558
300571,300572
300571,300573
300571,300574
300571,300365
300571,300575
300571,300576
300571,300577
300578,300579
300578,300580
300571,300579
300578,300581
300578,300574
300578,300365
300578,300571
300578,300575
300578,300576
300578,300582
300583,300584
300583,300585
300585,300583
300578,300573
300100,300586
300571,300581
300491,300587
300491,300271
300491,300588
300491,299536
300491,300589
300491,300590
300491,299674
300491,299707
300491,299853
300491,300128
300571,300578
300491,300591
300491,300592
300491,300583
300491,300593
300491,300594
300491,300595
300491,300596
300491,300567
300491,299752
300491,299740
300491,300597
300100,300598
300100,300599
300100,299655
300100,300600
300100,300601
300100,300602
300100,300603
300100,300490
300100,300355
300100,300604
300100,300605
299699,300413
300100,300606
300100,300607
300100,299763
300100,300192
300100,299876
300100,300608
300100,300609
300100,299784
300100,300610
300100,299875
300100,300244
300100,300611
300100,300612
300100,300613
300100,300614
300100,300615
300100,300616
300100,300345
300100,300617
300100,300346
300100,300618
300100,300347
300100,300619
300100,299654
300100,300620
300100,300621
300100,300622
300100,300623
300100,300350
300100,300624
300100,300351
300100,300625
300100,300626
300100,300627
300100,300628
300100,300629
300100,300630
300100,300631
300100,300632
300100,300633
300100,299580
300100,300634
300100,300013
300100,300635
300100,300636
300100,299750
300100,300637
300100,300638
300100,299751
300100,300364
300100,300369
300100,299934
300100,300639
300100,300640
300100,299754
300100,300641
300100,300046
300100,300047
300100,300642
300100,300643
300100,299749
300100,300532
300100,300280
300100,300644
300100,300645
300100,300060
300100,299577
300100,300646
300100,299832
300100,300647
300100,300648
300100,299780
300100,300401
300100,300649
300100,300650
300100,300651
300100,300652
300100,300653
300100,300210
300100,300654
300100,300655
300100,300368
300100,300656
300479,300657
300100,300658
300479,300659
300660,300661
300660,300662
300660,300663
300660,300664
300660,299961
300660,300665
300660,300556
300660,300666
300660,299809
300616,300660
300667,300668
300667,300565
299616,299560
299616,299631
299616,300116
299616,300541
299616,300121
299616,299556
299616,299647
300101,300491
300101,300607
300101,300490
300101,300271
300669,300101
300670,299996
300670,299853
300670,300491
300234,299655
299754,300671
299754,299718
299754,300672
299754,300673
299616,299642
299754,300465
299754,300674
299754,300675
299754,300676
299754,299750
299754,300677
299754,300125
300678,300679
300678,300680
300101,300552
299754,300681
299616,299632
299616,300682
299616,300683
300125,300684
300125,300685
300125,300686
300125,299791
300125,299728
300125,300687
300125,300688
299791,300123
299791,300125
300125,300124
300132,300125
300132,300413
300242,300234
300242,300689
300242,300040
300242,300690
300242,300691
300242,300581
300242,299751
300242,299655
300132,299791
300669,300554
300125,299754
300125,300692
299616,300693
299616,299640
299616,300694
299616,299617
299616,300695
299616,299901
300696,299669
300696,300697
300696,300698
300125,300699
300696,299853
300676,300250
300676,300700
300676,300701
300676,300702
300676,300703
300125,300284
300125,300408
300125,300143
300125,300704
300676,300705
299816,299812
300669,300650
300669,300492
300419,300706
300419,300190
300419,300707
300419,300708
300419,300709
300419,300710
300419,300711
300419,300712
300419,300713
300419,300714
300419,300280
300419,300715
300419,299748
300419,300716
300419,300717
300419,300718
300419,300719
300419,300720
300419,300721
300419,300722
300419,300723
300419,300724
300419,300725
300479,300726
300419,300727
300419,300728
300419,300729
300419,300730
300419,300731
300419,300732
300419,300733
300419,300734
300419,300735
300419,300736
300419,299538
300419,300737
300419,300738
300419,300739
300419,300740
300419,300741
300419,300742
300419,300743
300419,300744
300419,300745
300419,300746
300419,299699
300419,300747
299713,300748
299713,300749
299713,299839
299713,300157
299713,299715
299713,300750
299713,300751
299713,300752
299713,300753
299713,300754
299713,300755
299713,300756
299713,300757
299713,300758
299713,300759
300669,299935
300669,300760
300669,300078
300669,300271
300669,300761
299713,300166
300669,300762
299713,300763
299713,300764
300419,300765
300419,300766
300419,300767
300419,300768
300419,300769
300419,300770
300419,300771
300419,300772
300419,300773
299713,299858
300419,300774
300419,300775
300419,300776
300419,300777
300758,299853
300758,299881
299713,300423
299713,300778
299713,300779
299713,299729
300419,300780
299816,300781
299713,300782
299816,300783
299710,299686
299710,299723
299686,300784
299686,300785
299686,300786
299686,299710
299686,300787
299686,300079
299686,299686
299686,300788
299686,300789
300535,300271
300535,300790
300535,300302
300791,300792
300793,299816
300793,300333
300793,299918
300793,300794
299710,299776
299710,299709
299710,300263
299710,300084
299543,300795
299543,300796
299543,300797
299543,300798
299543,300799
299543,300800
299543,299883
299655,300224
299655,300234
300793,300003
299655,300801
300185,300040
300185,300355
300185,299654
300185,299751
300185,300691
300185,300346
300185,299655
299710,299576
299710,299578
300185,300039
300793,299536
300793,300411
300793,300802
300479,300803
300479,300804
300479,299687
300479,299673
300479,300805
300479,300806
300479,300807
300479,300791
300479,299683
300479,300808
300479,300809
300479,300810
300479,300811
300479,300812
300479,300813
300479,299761
300479,300793
300479,300814
299816,299816
300479,300815
300479,300816
299543,299791
300479,300817
300479,300818
300793,300819
300793,299853
300793,300820
300793,299543
300793,299545
300793,300821
300793,300822
300479,300823
300479,300824
300479,300825
300479,300826
300479,300827
300479,300828
300479,300829
300479,300830
300479,300831
300479,300832
300479,300794
300479,300833
300479,299657
300479,300834
299543,300835
300793,300597
299543,300836
299543,300837
299543,300838
299543,299721
299543,300839
299543,300840
299543,300841
299543,299536
299543,299664
299543,300842
299543,299537
299543,299539
299543,300843
299543,299798
299543,300844
299543,299540
299543,300845
299543,300846
299543,300847
299543,300180
299543,300848
299543,300849
299543,300850
299543,300851
299543,299552
299543,300852
299543,299917
299543,300853
299543,299550
299543,299557
299543,299865
299543,300854
299543,300855
299543,300856
299543,300857
299543,299569
299543,300858
299543,299918
299543,300859
299543,300860
299543,300861
299543,300862
299543,300863
299543,300864
299543,300865
299543,300866
299543,300867
299543,299587
299543,300868
299543,299535
299543,300869
299543,299990
299543,300870
299543,300871
299543,300872
299543,300873
299543,300874
299543,300875
299543,299546
299543,300876
299543,300877
299543,300878
299543,300879
299543,300880
299543,300881
299543,300882
299543,300883
299543,300884
299543,300885
299543,300886
299543,300887
299543,300888
299543,299887
299543,300889
299543,300890
299543,300891
299543,300892
299543,300893
299543,299788
299543,299948
299543,299600
299543,300894
299543,300895
299543,300415
299543,300896
299543,300897
299543,300898
299543,299544
299543,300899
299543,300900
299543,299545
299543,300901
