303992,303993
303994,303995
303994,303996
303994,303997
303994,303998
303994,303999
303994,304000
303994,304001
303994,304002
303994,304003
303994,304004
303994,304005
303994,304006
303994,304007
303994,304008
303994,304009
304010,304011
304012,304013
304012,304014
304012,304015
304012,304016
304012,304017
304012,304018
304012,304019
304012,304020
304012,304021
304012,304022
303992,304023
304012,304024
303992,304025
303992,304026
304027,304028
304027,304029
304027,304030
304027,304031
304027,304032
304027,304033
304027,304034
304027,304035
304027,304036
304027,304037
304027,304038
304027,304039
304027,304040
304027,304041
303992,304042
303992,304043
303992,304044
303992,304045
303992,304046
303992,304047
303992,304048
303992,304049
303992,304050
303992,304051
303992,304052
303992,304053
303992,304054
303992,304055
304012,304056
304012,304010
304057,304058
304059,304060
304059,304061
304059,304062
304059,304063
304059,304064
304059,304065
304059,304066
304059,304054
304059,304067
304059,304068
304059,304052
304069,304059
304070,304071
304070,304072
304070,304073
304070,304074
304070,304075
304070,304076
304070,304077
304070,304078
304070,304079
304070,304080
304070,304081
304070,304082
304070,304083
304070,304084
304070,304085
304043,304059
304043,303992
304043,304026
304043,304054
304086,304087
304086,304088
304086,304086
304086,304089
304086,304090
304086,304091
304086,304092
304086,304093
304086,304094
304086,304095
304086,304096
304086,304097
304086,304098
304027,304099
304100,304101
304043,304102
304043,304103
304043,304104
304043,304105
304043,304067
304043,304106
304043,304107
304043,304042
304043,304046
304043,304047
304043,304048
304043,304049
304043,304052
304100,304108
304027,304109
304027,304110
304027,304111
304042,304052
304042,304049
304042,304048
304042,304047
304042,304043
304042,304107
304042,304106
304042,304112
304042,304113
304042,304114
304042,304059
304042,304067
304042,304105
304042,304103
304042,304102
304115,304116
304115,304117
304115,304063
304118,304119
304118,304120
304096,304086
304027,304121
304027,304122
304027,304123
304027,304124
304027,304125
304027,304126
304042,304054
304042,304026
304042,303992
304042,304023
303992,304107
303992,304106
303992,304127
303992,304128
303992,304129
303992,304130
303992,304113
303992,304131
303992,304132
303992,304114
303992,304059
303992,304067
303992,304105
304027,304133
303992,304134
303992,304102
303992,304135
303992,304136
303992,304137
303992,304138
304052,304042
304052,304059
304052,304067
304052,304139
304052,304140
304052,304141
304052,304142
304042,304143
303992,304103
303992,304144
304027,304145
304027,304146
304027,304147
304027,304148
304027,304149
304027,304150
304027,304151
304027,304152
304027,304153
304027,304154
304027,304155
304027,304156
304027,304157
304027,304158
304027,304159
304027,304160
304027,304161
304027,304162
304027,304163
304027,304164
304027,304165
304027,304166
304027,304167
304027,304092
304027,304168
304027,304169
304027,304170
304027,304171
304027,304172
304027,304173
304027,304174
304027,304175
304027,304022
304027,304176
304027,304177
304027,304178
304027,304179
304027,304180
303992,304181
304027,304182
304027,304183
304027,304184
304027,304185
304027,304186
304027,304187
304027,304188
304027,304189
304027,304190
304027,304191
304027,304192
304027,304193
304027,304194
304027,304195
304027,304196
304027,304197
304027,304198
304027,304199
304027,304200
304027,304201
304027,304202
304027,304203
304027,304204
304027,304205
304206,304207
304027,304208
304209,304210
304209,304211
304209,304212
304209,304213
304209,304214
304209,304209
304209,304215
304209,304216
304209,304217
304209,304218
304209,304219
304209,304220
304209,304221
304209,304222
304209,304223
304209,304224
304209,304225
304209,304226
304209,304227
304209,304228
304209,304229
304209,304083
304209,304082
304209,304081
304209,304080
304209,304078
304209,304077
304209,304076
304209,304075
304230,304231
304209,304232
304209,304233
304209,304234
304209,304235
304209,304236
304209,304237
304209,304238
304209,304239
304209,304240
304209,304058
304209,304241
304209,304242
304209,304243
304209,304244
304209,304245
304209,304246
304209,304247
304209,304248
304209,304249
304209,304250
304209,304251
304209,304252
304209,304253
304209,304254
304209,304255
304209,304256
304209,304257
304230,304258
304209,304259
304209,304260
304209,304261
304209,304262
304209,304263
304209,304264
304209,304265
304209,304266
304209,304079
304267,304268
304269,304211
304270,304271
304270,304272
304270,304273
304270,304274
304270,304275
304270,304276
304270,304277
304270,304278
304270,304279
304270,304280
304270,304281
304270,304282
304270,304283
304270,304284
304270,304285
304270,304286
304270,304287
304270,304288
304270,304289
304270,304290
304270,304291
304270,304292
304270,304293
304270,304294
304270,304295
304270,304296
304270,304297
304270,304298
304270,304299
304270,304300
304270,304301
304270,304302
304270,304303
304270,304304
304269,304305
304269,304306
304269,304307
304269,304308
304269,304309
304269,304310
304269,304311
304269,304312
304269,304313
304269,304314
304315,304316
304315,304317
304315,304318
304315,304319
304315,304320
304315,304321
304315,304322
304270,304323
304324,304325
304326,304327
304326,304328
304326,304086
304326,304329
304269,304330
304331,304332
304315,304333
304315,304334
304315,304335
304315,304336
304315,304337
304315,304338
304331,304339
304070,304340
304209,304341
304209,304342
304122,304343
304122,304344
304122,304112
304122,304345
304182,304086
304182,304346
304192,304347
304160,304348
304160,304349
304160,304350
304351,304352
304351,304353
304351,304354
304351,304126
304122,304355
304351,304356
304351,304357
304351,304358
304351,304359
304351,304360
304351,304046
304351,304361
304351,304362
304351,304363
304351,304364
304351,304365
304351,304366
304351,304367
304351,304368
304351,304107
304351,304369
304122,304045
304122,304370
304122,304180
304027,304371
304027,304064
304027,304372
304027,304373
304027,304374
304027,304375
304027,304376
304027,304377
304027,304378
304027,304379
304027,304380
304027,304381
304027,304382
304027,304383
304027,304384
304027,304385
304027,304386
304027,304387
304027,304388
304027,304389
304027,304390
304027,304391
304027,304102
304351,304392
304027,304393
304027,304394
304027,304100
304027,304104
304027,304395
304027,304396
304027,304397
304027,304398
304209,304399
304351,304371
304351,304400
304209,304401
304209,304402
304209,304403
304209,304404
304209,304230
304209,304405
304209,304406
304209,304407
304209,304408
304209,304409
304209,304410
304209,304411
304209,304412
304209,304413
304209,304414
304209,304415
304209,304416
304209,304417
304209,304418
304209,304419
304209,304420
304209,304421
304209,304422
304209,304423
304209,304424
304209,304425
304209,304426
304209,304427
304209,304428
304209,304429
304209,304070
304209,304430
304209,304050
304209,304431
304351,304378
304351,304432
304351,304433
304351,304434
304351,304435
304351,304436
304351,304437
304351,304438
304359,304439
304367,304070
304209,304440
304209,304441
304209,304442
304209,304443
304209,304444
304209,304445
304209,304446
304209,304447
304209,304448
304209,304449
304209,304450
304209,304451
304209,304452
304351,304453
304209,304454
304209,304455
304209,304456
304209,304457
304209,304458
304209,304459
304209,304460
304209,304461
304070,304462
304070,304342
304070,304463
304464,304465
304464,304466
304464,304467
304464,304162
304464,304163
304464,304468
304464,304469
304464,304470
304464,304471
304464,304472
304464,304473
304464,304474
304464,304475
304464,304476
304464,304477
304464,304478
304464,304376
304464,304479
304464,304480
304464,304432
304464,304481
304464,304482
304464,304483
304464,304484
304464,304485
304464,304486
304464,304487
304464,304488
304464,304489
304464,304490
304464,304148
304464,304491
304459,304492
304459,304493
304459,304494
304459,304495
304040,304496
304040,304110
304040,304497
304498,304347
304498,304499
304067,304059
304067,304052
304067,304500
304067,304068
304067,304501
304067,304138
304067,304502
304464,304503
304464,304504
304464,304505
304464,304506
304464,304507
304464,304508
304464,304509
304464,304190
304464,304510
304464,304511
304464,304512
304464,304513
304464,304514
304464,304390
304464,304388
304507,304515
304507,304516
304440,304517
304440,304458
304440,304518
304440,304519
304440,304520
304440,304421
304440,304521
304440,304522
304440,304523
304440,304524
304440,304525
304440,304263
304440,304526
304440,304527
304440,304212
304440,304528
304440,304529
304530,304531
304530,304532
304530,304533
304530,304534
304530,304535
304530,304536
304530,304537
304530,304538
304530,304539
304530,304540
304530,304541
304530,304542
304440,304543
304459,304544
304440,304220
304440,304235
304507,304545
304507,304546
304507,304388
304508,304547
304508,304548
304508,304549
304508,304550
304508,304551
304508,304552
304508,304553
304508,304554
304508,304555
304508,304556
304508,304557
304508,304558
304559,304517
304559,304520
304559,304560
304559,304525
304559,304561
304559,304562
304559,304332
304440,304459
304440,304456
304440,304406
304440,304070
304440,304563
304440,304242
304440,304255
304440,304209
304526,304220
304526,304440
304564,304561
304565,304566
304565,304494
304565,304567
304565,304568
304569,304570
304571,304572
304571,304573
304571,304502
304571,304574
304571,304575
304571,304514
304571,304576
304571,304577
304571,304578
304571,304579
304571,304580
304571,304432
304571,304089
304571,304581
304571,304582
304571,304583
304579,304584
304579,304585
304579,304586
304579,304587
304579,304588
304579,304589
304579,304590
304579,304591
304565,304592
304579,304369
304565,304593
304494,304594
304595,304596
304595,304597
304598,304599
304044,304600
304044,304601
304044,304044
304602,304561
304603,304604
304603,304605
304606,304607
304606,304606
304606,304602
304606,304608
304606,304609
304606,304610
304606,304603
304606,304611
304606,304612
304606,304613
304606,304614
304606,304615
304606,304616
304494,304617
304494,304618
304494,304067
304494,304495
304494,304619
304494,304620
304494,304621
304565,304622
304530,304623
304579,304624
304579,304625
304008,304406
304008,304626
304504,304432
304220,304268
304220,304517
304220,304518
304220,304603
304220,304520
304220,304560
304220,304627
304220,304521
304220,304564
304220,304525
304220,304255
304220,304526
304220,304628
304220,304220
304220,304529
304220,304629
304220,304630
304220,304347
304268,304603
304268,304627
304268,304521
304268,304628
304268,304529
304518,304003
304518,303994
304518,304001
304008,304561
304579,304631
304008,304609
304632,304008
304432,304633
304432,304634
304432,304504
304432,304635
304432,304636
304432,304637
304432,304638
304432,304639
304432,304148
304432,304640
304432,304166
304432,304481
304432,304483
304432,304641
304432,304642
304432,304371
304432,304643
304432,304571
304432,304583
304432,304644
304432,304464
304432,304645
304432,304365
304432,304646
304432,304195
304432,304647
304432,304648
304432,304359
304432,304347
304008,304612
304530,304649
304530,304650
304530,304651
304070,304460
304070,304459
304070,304457
304070,304455
304070,304461
304070,304452
304070,304451
304070,304450
304070,304652
304070,304653
304070,304447
304070,304050
304070,304654
304070,304430
304070,304414
304070,304401
304070,304402
304070,304403
304070,304404
304070,304230
304070,304405
304070,304406
304070,304407
304070,304655
304070,304409
304070,304410
304070,304412
304070,304413
304070,304416
304070,304446
304070,304417
304070,304444
304070,304442
304259,304439
304259,304070
304259,304245
304259,304235
304259,304209
304259,304083
304259,304411
304259,304082
304259,304081
304259,304421
304259,304080
304259,304079
304259,304251
304259,304078
304259,304077
304259,304076
304259,304075
304070,304656
304070,304449
304070,304408
304070,304411
304070,304657
304070,304251
304070,304254
304070,304223
304070,304209
304070,304215
304070,304440
304070,304441
304070,304443
304658,304659
304070,304418
304070,304420
304070,304252
304070,304235
304070,304234
304070,304233
304070,304660
304070,304210
304070,304211
304070,304213
304070,304216
304070,304217
304070,304218
304070,304219
304070,304220
304070,304221
304070,304224
304206,304661
304070,304232
304070,304225
304070,304226
304070,304227
304070,304228
304070,304662
304070,304663
304070,304664
304070,304070
304070,304665
304070,304666
304070,304367
304070,304456
304070,304667
304070,304419
304070,304253
304070,304256
304070,304421
304070,304668
304070,304423
304070,304424
304070,304669
304070,304425
304070,304426
304070,304427
304070,304428
304270,304670
304070,304341
304070,304237
304070,304238
304070,304239
304070,304240
304070,304241
304070,304242
304070,304243
304070,304244
304070,304245
304070,304246
304070,304248
304070,304249
304070,304250
304070,304671
304070,304260
304070,304266
304070,304259
304070,304257
304070,304672
304070,304673
304265,304674
304382,304265
304675,304676
304675,304677
304675,304678
304675,304679
304675,304680
304675,304681
304675,304682
304675,304683
304675,304684
304675,304685
304675,304686
304675,304687
304675,304688
304675,304689
304675,304690
304675,304691
304675,304692
304675,304693
304675,304694
304675,304588
304675,304695
304675,304696
304675,304697
304675,304698
304675,304699
304675,304700
304675,304555
304675,304701
304675,304702
304675,304703
304675,304704
304675,304705
304675,304036
304530,304706
304530,304707
304530,304708
304530,304709
304530,304710
304711,304712
304711,304713
304711,304714
304715,304716
304715,304507
304715,304717
304715,304515
304715,304718
304715,304719
304715,304394
304715,304720
304515,304507
304515,304516
304721,304347
304339,304332
304339,304561
304332,304722
304332,304723
304644,304432
304456,304347
304456,304723
304724,304198
304604,304603
304725,304675
304675,304726
304265,304022
304675,304727
304675,304728
304729,304730
304729,304731
304729,304732
304729,304733
304729,304734
304729,304735
304729,304736
304729,304737
304729,304738
304036,304022
304685,304679
304685,304739
304687,304740
304687,304741
304687,304148
304687,304742
304687,304743
304555,304389
304555,304682
304555,304699
304555,304679
304555,304685
304555,304693
304555,304675
304555,304479
304555,304744
304727,304191
304727,304745
304382,304746
304729,304747
304675,304389
304729,304748
304729,304749
304675,304750
304647,304751
304752,304753
304752,304754
304752,304729
304752,304755
304753,304756
304753,304757
304753,304758
304753,304754
304753,304759
304753,304760
304753,304749
304753,304761
304753,304748
304753,304729
304753,304730
304753,304733
304753,304734
304753,304737
304753,304738
304729,304756
304729,304757
304729,304753
304729,304758
304729,304754
304729,304759
304729,304762
304729,304760
304729,304761
304270,304763
304764,304266
304270,304765
304082,304075
304766,304767
304370,304768
304370,304769
304370,304112
304370,304770
304370,304771
304370,304772
304348,304160
304600,304601
304600,304136
304600,304186
304600,304773
304601,304774
304601,304600
304601,304775
304601,304776
304601,304777
304601,304494
304778,304779
304778,304780
304778,304781
304778,304120
304781,304782
304781,304783
304784,304785
304784,304786
304082,304209
304784,304787
304082,304076
304082,304259
304788,304411
304788,304082
304788,304081
304788,304070
304788,304789
304788,304790
304788,304791
304788,304058
304788,304792
304788,304793
304788,304251
304788,304254
304788,304794
304788,304795
304788,304077
304788,304796
304788,304209
304788,304797
304082,304083
304082,304411
304082,304081
304082,304070
304082,304421
304082,304080
304082,304079
304082,304251
304082,304078
304082,304077
304788,304798
304784,304799
304784,304800
304346,304801
304346,304802
304803,304386
304803,304168
304803,304803
304804,304228
304804,304805
304804,304806
304804,304807
304804,304808
304804,304063
304804,304102
304804,304386
304804,304067
304804,304809
304804,304810
304804,304811
304804,304107
304804,304168
304804,304812
304804,304803
304804,304813
304804,304814
304804,304815
304804,304816
304804,304817
304804,304818
304346,304819
304784,304820
304346,304166
304346,304821
304784,304822
304784,304439
304784,304823
304784,304824
304784,304266
304784,304253
304784,304825
304784,304826
304784,304827
304784,304828
304787,304439
304787,304232
304787,304829
304787,304830
304787,304831
304138,304106
304138,304067
304138,304105
304138,304102
304346,304832
304346,304178
304346,304182
304346,304204
304346,304050
304346,304833
304346,304086
304346,304729
304346,304834
304804,304835
304788,304408
304788,304836
304837,304838
304837,304839
304837,304840
304837,304841
304837,304842
304837,304843
304837,304534
304837,304844
304837,304845
304837,304846
304837,304847
304546,304507
304848,304494
304848,304849
304848,304850
304848,304851
304852,304853
304852,304854
304852,304855
304852,304856
304852,304857
304852,304858
304852,304859
304852,304860
304852,304861
304852,304862
304852,304863
304839,304530
304864,304865
304270,304866
304839,304867
304868,304869
304868,304870
304868,304086
304868,304871
304868,304872
304868,304087
304868,304873
304874,303994
304875,304876
304877,304102
304877,304144
304877,304878
304879,304370
304879,304880
304663,304070
304881,304370
304882,304076
304882,304259
304882,304258
304883,304884
304883,304885
304883,304886
304883,304370
304887,304888
304839,304889
304839,304890
304839,304707
304839,304534
304788,304891
304864,304819
304864,304754
304223,304449
304223,304408
304223,304411
304223,304657
304223,304070
304223,304251
304223,304254
304223,304209
304223,304215
304212,304440
304212,304458
304212,304832
304212,304070
304212,304262
304212,304526
304212,304214
304212,304209
304212,304220
304232,304787
304232,304439
304788,304440
304788,304892
304788,304893
304788,304894
304788,304895
304788,304896
304788,304897
304266,304253
304864,304729
304266,304898
304266,304899
304900,304011
304060,304059
304060,304901
304902,304903
304902,304011
304902,304904
304063,304059
304803,304807
304803,304102
304424,304070
304424,304905
304424,304259
304424,304209
304424,304413
304424,304251
304424,304235
304424,304408
304424,304073
304424,304906
304424,304907
304424,304908
304424,304072
304424,304424
304424,304076
304245,304070
304251,304070
304266,304909
304266,304910
304087,304328
304804,304911
304804,304912
304053,304913
304053,304914
304053,304883
304053,304049
304053,304048
304053,304047
304053,304915
304053,304370
304053,304916
304053,304046
304053,304917
304053,304918
304053,304174
304053,304919
304053,304920
304053,304065
304053,304921
304053,304043
304053,304086
304053,304922
304053,304042
304053,304923
304053,304924
304053,304925
304053,304926
304053,304927
304053,304928
304053,304929
304053,304169
304053,304930
304053,304931
304025,304812
304025,304932
304025,304804
304025,304484
304025,304102
304025,304063
304025,304807
304053,304933
304053,304899
304053,304143
304053,304023
304053,304934
304053,304935
304053,304936
304053,303992
304053,304937
304053,304938
304053,304026
304053,304052
304053,304939
304053,304940
304053,304941
304053,304942
304053,304601
304053,304943
304053,304205
304053,304185
304053,304600
304025,304181
304053,304944
304053,304111
304053,304059
304053,304945
304053,304946
304053,304433
304053,304345
304053,304115
304053,304067
304053,304397
304053,304947
304053,304105
304053,304134
304053,304103
304053,304102
304053,304948
304053,304949
304053,304950
304053,304828
304053,304951
304206,304952
304206,304953
304206,304954
304206,304955
304206,304956
304206,304957
304206,304958
304206,304959
304206,304070
304053,304960
304053,304961
304053,304962
304053,304114
304053,304144
304053,304439
304053,304107
304053,304963
304053,304964
304053,304106
304053,304965
304053,304127
304053,304109
304053,304966
304053,304967
304053,304968
304053,304724
304053,304969
304053,304970
304053,304129
304053,304971
304053,304112
304053,304972
304053,304973
304053,304372
304053,304974
304053,304266
304053,304113
304053,304975
304053,304976
304053,304977
304053,304978
304804,304979
304025,304803
304025,304980
304673,304666
304945,304102
304945,304103
304945,304925
304945,304934
304925,304102
304925,304103
304925,304945
304925,304934
304981,304098
304981,304086
304981,304456
304982,304983
304984,304104
304984,304985
304984,304986
304984,304107
304984,304439
304984,304987
304984,304988
304984,304026
304984,304933
304989,304876
304989,304990
304989,304991
304992,304876
304660,304993
304673,304673
304660,304994
304673,304664
304673,304340
304804,304995
304804,304055
304804,304503
304804,304996
304804,304997
304998,304999
304998,305000
304998,305001
304998,305002
305003,305003
304998,304833
304998,304493
304998,305004
304998,305005
305006,304070
305007,305008
305007,305009
305007,305010
305007,305011
305007,305012
304666,304085
304666,304340
304666,304070
304666,305013
304673,304070
304673,304084
304673,304085
304673,304462
304025,304512
304660,305014
304660,305015
304660,305016
304660,304446
304660,304443
304660,305017
304660,305018
304660,304442
304660,305019
304930,304439
304930,304930
305020,305002
304001,303994
304001,304518
304001,304003
304768,304370
304206,305021
304206,304209
304206,305022
304206,305023
304206,305024
304206,304792
304206,304905
304206,304236
304516,304507
304516,304515
304516,304545
304025,304996
304025,304503
304660,304956
304660,304220
304660,305025
304660,304451
304660,305026
304660,305027
304660,304235
304660,305028
304660,305029
304660,304251
304660,305030
304660,304905
304660,305031
304660,304399
304660,305032
304660,304906
304660,305033
304660,304668
304660,304421
304660,305034
304660,305035
304660,305036
304660,305037
304660,304655
304660,304408
304660,305038
304660,305039
304660,305040
304660,305041
304660,304448
304660,304449
304660,304452
304087,304086
304839,305042
305043,305044
305045,304719
305045,305046
305045,304471
305045,305047
305045,305048
305045,305049
305045,305050
305045,305051
305045,305052
305045,305053
305045,305054
305045,305055
305045,305056
305045,304468
305045,304473
305045,304166
305045,304069
305045,305057
305045,305058
304230,305059
304230,304882
304408,304449
304408,304411
304408,304657
304408,304070
304408,304251
304408,304254
304408,304223
304408,304209
304408,304215
305045,305060
305045,304885
305045,305061
305045,305062
305045,305063
305045,305064
305045,305065
305045,305066
305045,305067
305045,304804
305045,305068
305045,304132
305045,305069
305045,304715
305045,304489
305045,305070
305045,305071
305045,305072
305045,305073
305045,305074
305045,304477
305045,305075
305045,305076
305045,305077
305045,304128
305045,304699
305045,305078
304411,304083
305045,305079
305045,305080
305045,305081
305045,304525
305045,305082
305045,305083
305045,305084
305045,304040
305045,304945
304411,304259
304420,305014
305045,305085
305045,304514
305045,305086
305045,305087
305045,305088
305045,305089
305045,305090
305045,305091
305045,305092
305045,304198
305045,304915
305045,304776
305045,305093
304832,305094
305045,305095
304832,304228
305096,305097
305096,304681
305096,304198
305096,304479
305096,304648
304068,304059
305098,305099
305098,305100
305098,305101
305098,304876
305101,305102
305101,304876
304876,305103
304876,304875
304832,305104
305045,304520
305045,305105
305045,305106
304420,305107
304420,304914
304420,305108
304423,305109
304423,304459
304423,305110
304423,304520
304423,303994
304423,304249
304424,304411
305045,304164
305045,304163
305045,305111
305045,305112
305045,304803
305045,305113
305045,304466
305045,304476
305045,304560
305045,305114
305045,304833
305045,305115
305045,305116
304420,304880
305045,304588
305045,305117
305045,304695
305045,304515
305045,304814
305045,305118
305045,303994
305045,305119
304876,304876
305045,305120
305045,305121
304270,305122
304270,305123
304270,305124
304270,305125
304270,305126
305127,305128
305127,305129
305127,305130
305131,305009
305131,305010
305131,305132
305131,305133
305134,304070
305135,304687
304270,305136
304061,304059
305137,304880
304764,305138
304494,304565
304764,304205
304764,305139
304764,304143
304140,304142
304140,304059
304140,305140
304140,304052
305141,304102
305141,304484
305141,305142
305141,304163
305143,305144
304270,305145
304270,305146
304270,305147
304270,305148
304270,305149
304270,304270
304270,305150
304270,305151
304270,305152
304270,305153
304270,305154
304270,305155
304270,305156
304270,305157
304270,305158
304270,305159
304270,305160
304270,305161
304270,305162
304270,305163
304270,305164
304270,305165
304270,305166
304270,305167
304270,305168
304270,305169
305141,304919
304270,305170
304270,305171
304270,305172
304270,305173
304270,305174
304270,305175
304270,305176
304270,305177
305045,304345
305141,305178
305141,305179
305180,305181
305180,305182
305083,304347
305113,304432
305113,304504
305045,305183
305045,305184
305045,304805
305045,304388
305045,305185
305045,304136
305045,304720
305045,305186
305045,304222
305180,305187
305045,305188
305045,304102
305045,305189
305045,305190
305045,304393
305045,305191
305045,305192
305045,304394
305045,305193
305045,305194
305045,304067
305045,304115
305045,304483
305045,305195
305045,305196
305045,305197
305180,304535
305180,305198
305181,305182
304731,305199
304731,305200
304731,305201
304731,305202
304731,305203
304731,305204
304731,304839
304346,305205
304346,304483
304832,304914
304832,304411
304832,305206
304832,305207
304832,305208
304832,304234
304832,304797
304731,305209
305181,305187
305181,305198
304731,305210
304731,305211
304731,305212
304731,305213
305141,304633
304731,304844
304731,305214
304731,305215
304731,305216
304731,305217
304731,305218
304731,304731
304731,305219
305043,305220
304494,304459
305221,305222
305045,305223
305224,305225
305221,304370
304071,304876
304071,304528
304071,304220
304071,305226
304071,305227
304071,305228
304071,304259
304071,304265
304071,304036
304071,305229
304071,304347
304071,304819
304071,305207
304071,304630
304071,304070
304071,304411
304071,305230
304071,305231
304071,305232
305233,304488
305045,305234
305045,305235
305045,305236
305045,305237
305045,305238
305045,305239
305045,305240
305045,305241
305045,305242
305045,304543
305045,305243
305045,304980
305045,304505
305045,304678
305045,305244
305233,305245
305045,304635
305045,305246
305045,305247
305045,305248
305045,305249
305045,304504
305045,305250
305045,304503
305045,304996
305045,305251
305045,305179
305045,305252
305045,304055
305045,305253
305233,304481
305233,305254
305255,305256
305255,305257
305255,305258
305255,304629
305255,304359
305255,305259
305255,304512
305255,305260
305255,305261
305255,304980
305255,305262
305255,305263
305255,305264
305265,304102
305265,305266
305267,305268
305267,305269
305267,305270
305271,304723
305224,305272
305224,305273
305224,305274
305224,305275
305255,304490
305255,305106
305255,304364
305255,305276
305233,305277
305233,305278
305233,304352
305233,305255
305255,305279
305255,304805
305255,304488
305255,304807
305255,305280
305255,304438
305255,305281
305233,305282
305255,305283
305255,304481
305255,305284
305255,304625
305255,305285
305255,304932
305255,305233
305255,305286
305255,305287
305255,305288
305255,305289
305255,304347
305255,305290
305224,305291
305045,304517
305045,305292
305142,304218
305142,304633
305142,304636
304907,304408
304907,304411
304907,304413
304907,304424
304907,305293
304907,304240
304907,304259
304907,304076
303995,303994
305294,305295
305294,305296
305294,304876
305297,305129
305297,305298
305297,305299
305300,305301
305301,304359
305301,304629
305301,305256
305301,304587
305142,304432
305142,305130
305142,304583
305302,305303
305043,304076
305304,305305
305304,305306
305304,305307
305304,305308
305304,305129
303997,303994
305309,305310
305309,304258
305309,305311
305309,304347
305301,304630
305309,305312
305313,304102
305314,305315
305130,305128
305130,305127
305130,305316
305130,304218
305130,305317
304777,304338
304777,304777
304777,304494
305318,305319
303996,303994
305045,305320
305301,304347
305301,304579
305045,304191
305045,304511
305045,304572
305045,305321
305045,304717
305045,305322
305045,305323
305045,305324
305045,304600
305045,305325
305045,304818
305045,304835
305045,304507
305045,305326
305045,305327
305045,305328
305045,305329
305045,305330
305045,305331
305045,305332
305045,305333
305045,305334
305045,305335
305045,304775
305045,305336
305045,305337
305045,304817
305301,304625
305301,305284
305338,304432
305224,305339
305224,304338
304876,305340
304876,304989
304876,305341
304876,304991
304876,304990
304876,305342
305301,305312
304876,305343
304876,305294
304876,305344
304876,305345
304876,305101
304876,304903
304876,305302
304876,304587
305003,305346
305045,305347
305045,304687
305045,305348
304876,305349
305224,305350
