317105,317106
317105,317107
317108,317109
317105,317110
317105,317111
317105,317112
317105,317113
317105,317114
317105,317115
317105,317116
317108,317117
317105,317118
317105,317119
317105,317120
317108,317121
317122,317123
317108,317124
317105,317125
317122,317126
317122,317127
317122,317128
317122,317129
317122,317130
317122,317131
317122,317132
317122,317133
317122,317122
317134,317135
317136,317137
317138,317108
317138,317128
317108,317139
317108,317140
317105,317141
317142,317143
317125,317144
317145,317146
317145,317147
317145,317148
317145,317149
317145,317150
317145,317151
317145,317152
317145,317153
317145,317154
317145,317155
317145,317156
317145,317157
317145,317158
317145,317159
317142,317160
317142,317161
317142,317162
317145,317163
317145,317164
317145,317165
317145,317166
317158,317166
317158,317167
317158,317145
317145,317160
317145,317168
317145,317169
317145,317170
317145,317171
317142,317172
317145,317173
317145,317174
317145,317175
317145,317176
317145,317177
317145,317178
317145,317179
317145,317180
317145,317139
317145,317181
317142,317182
317142,317170
317142,317183
317125,317116
317125,317115
317125,317184
317125,317113
317125,317105
317125,317185
317125,317186
317125,317111
317125,317187
317125,317188
317125,317189
317125,317190
317125,317191
317125,317106
317125,317192
317125,317193
317125,317194
317125,317195
317125,317196
317105,317197
317125,317198
317142,317199
317142,317173
317142,317181
317142,317174
317142,317200
317142,317175
317142,317201
317142,317202
317142,317203
317125,317143
317142,317204
317142,317177
317142,317205
317142,317206
317142,317207
317142,317208
317142,317209
317142,317210
317142,317211
317142,317126
317212,317213
317214,317215
317212,317216
317122,317217
317122,317218
317122,317219
317122,317220
317122,317221
317122,317222
317122,317223
317122,317224
317225,317226
317122,317227
317122,317228
317122,317229
317122,317230
317122,317231
317122,317232
317122,317233
317122,317138
317122,317234
317122,317235
317236,317237
317238,317239
317240,317241
317214,317242
317214,317243
317244,317245
317244,317246
317244,317247
317244,317248
317244,317249
317244,317250
317244,317251
317244,317252
317244,317253
317244,317254
317244,317255
317244,317256
317244,317257
317244,317258
317244,317259
317244,317260
317244,317261
317122,317262
317122,317263
317122,317264
317122,317265
317122,317266
317122,317267
317122,317268
317122,317139
317122,317199
317122,317269
317122,317270
317122,317271
317122,317272
317122,317273
317122,317274
317122,317275
317122,317276
317122,317277
317122,317207
317122,317278
317122,317279
317122,317280
317158,317281
317122,317282
317214,317283
317122,317284
317122,317285
317122,317286
317122,317287
317122,317288
317122,317289
317122,317290
317122,317291
317122,317237
317122,317292
317122,317293
317122,317294
317122,317295
317122,317296
317122,317297
317122,317298
317122,317299
317122,317300
317122,317117
317122,317301
317122,317239
317122,317302
317214,317303
317214,317304
317305,317306
317212,317307
317212,317308
317212,317309
317212,317310
317212,317311
317212,317312
317212,317313
317212,317314
317212,317315
317212,317316
317212,317317
317212,317318
317212,317319
317212,317320
317212,317321
317212,317322
317323,317323
317323,317324
317323,317325
317212,317326
317323,317327
317212,317328
317212,317329
317212,317330
317212,317331
317212,317332
317212,317333
317212,317334
317212,317335
317212,317336
317212,317337
317212,317338
317212,317339
317212,317340
317212,317341
317212,317342
317212,317343
317212,317344
317212,317345
317212,317346
317212,317347
317212,317348
317212,317349
317212,317350
317323,317351
317323,317333
317314,317332
317314,317352
317314,317353
317314,317354
317314,317355
317314,317343
317314,317356
317314,317308
317314,317357
317314,317358
317321,317359
317321,317360
317321,317361
317321,317213
317321,317329
317321,317362
317321,317363
317358,317364
317358,317365
317314,317366
317323,317331
317314,317367
317314,317368
317323,317335
317323,317337
317323,317339
317323,317316
317323,317318
317323,317322
317338,317369
317338,317370
317338,317371
317338,317372
317338,317340
317338,317342
317338,317347
317338,317349
317338,317373
317338,317319
317314,317374
317314,317375
317314,317376
317314,317306
317158,317139
317182,317377
317158,317174
317172,317378
317172,317379
317172,317380
317172,317381
317172,317382
317172,317296
317172,317295
317172,317383
317172,317384
317172,317385
317172,317386
317172,317387
317172,317388
317172,317287
317172,317389
317172,317390
317172,317391
317172,317264
317172,317392
317172,317393
317172,317394
317172,317395
317172,317396
317172,317397
317172,317137
317172,317185
317172,317398
317172,317399
317172,317174
317172,317200
317172,317400
317172,317203
317172,317401
317172,317402
317172,317403
317172,317143
317172,317404
317172,317210
317172,317405
317172,317406
317172,317407
317172,317166
317172,317408
317172,317302
317172,317165
317172,317409
317172,317410
317172,317411
317172,317412
317172,317413
317172,317414
317172,317415
317182,317416
317182,317417
317182,317418
317182,317357
317182,317419
317182,317131
317182,317174
317182,317130
317182,317310
317182,317420
317182,317421
317182,317422
317182,317127
317182,317126
317182,317423
317182,317424
317182,317279
317182,317259
317182,317205
317182,317425
317182,317426
317182,317427
317182,317428
317182,317429
317182,317430
317182,317431
317172,317432
317172,317433
317172,317158
317172,317434
317172,317435
317172,317436
317182,317437
317182,317438
317182,317439
317182,317160
317182,317440
317182,317182
317182,317441
317182,317442
317182,317170
317182,317443
317182,317444
317182,317445
317182,317446
317182,317447
317182,317448
317182,317181
317182,317449
317172,317450
317172,317170
317172,317442
317172,317451
317354,317368
317356,317452
317424,317453
317421,317454
317212,317359
317212,317455
317212,317456
317212,317323
317212,317457
317212,317458
317459,317460
317212,317361
317212,317324
317212,317461
317212,317375
317212,317462
317212,317325
317212,317463
317212,317464
317212,317465
317212,317370
317212,317466
317212,317467
317459,317468
317469,317470
317471,317454
317241,317472
317241,317473
317241,317474
317475,317476
317475,317477
317475,317478
317475,317479
317222,317223
317222,317480
317222,317239
317222,317481
317222,317280
317222,317482
317483,317484
317483,317485
317483,317486
317483,317230
317483,317487
317483,317488
317483,317489
317490,317237
317491,317492
317493,317126
317212,317494
317182,317347
317212,317371
317212,317495
317496,317497
317496,317498
317496,317221
317496,317219
317499,317500
317499,317501
317499,317129
317499,317502
317499,317503
317499,317221
317496,317230
317499,317259
317504,317440
317504,317197
317504,317505
317504,317506
317505,317504
317505,317440
317505,317197
317505,317506
317172,317160
317172,317161
317499,317507
317496,317231
317496,317508
317496,317288
317212,317327
317212,317306
317212,317509
317212,317510
317125,317511
317212,317351
317241,317512
317241,317160
317241,317131
317241,317513
317241,317237
317496,317181
317496,317514
317496,317142
317496,317175
317496,317126
317496,317515
317496,317207
317496,317199
317496,317139
317496,317516
317496,317517
317496,317289
317212,317518
317182,317519
317182,317520
317182,317178
317182,317521
317182,317522
317182,317523
317182,317524
317182,317246
317182,317144
317182,317525
317182,317526
317182,317223
317182,317527
317182,317528
317182,317222
317182,317529
317182,317530
317182,317531
317182,317532
317182,317434
317182,317533
317182,317534
317182,317535
317173,317126
317181,317158
317182,317536
317182,317537
317182,317538
317182,317539
317182,317540
317182,317483
317182,317151
317182,317541
317182,317542
317182,317543
317182,317392
317182,317544
317182,317545
317182,317546
317182,317547
317182,317548
317182,317549
317182,317550
317182,317413
317182,317551
317182,317552
317182,317553
317182,317554
317182,317555
317182,317230
317182,317556
317182,317557
317181,317122
317182,317558
317181,317257
317181,317559
317560,317181
317560,317497
317230,317142
317230,317175
317230,317515
317230,317207
317230,317199
317230,317139
317230,317268
317230,317289
317560,317173
317230,317288
317230,317497
317230,317221
317230,317126
317230,317181
317230,317143
317230,317561
317230,317562
317158,317168
317158,317170
317158,317181
317230,317231
317560,317170
317560,317168
317560,317234
317181,317563
317181,317564
317181,317267
317181,317299
317181,317297
317181,317294
317181,317292
317181,317565
317181,317566
317181,317217
317181,317567
317181,317166
317181,317163
317181,317139
317143,317126
317143,317230
317143,317497
317409,317245
317327,317327
317327,317352
317327,317483
317327,317234
317560,317483
317181,317568
317158,317177
317182,317569
317182,317570
317182,317405
317182,317571
317182,317282
317182,317166
317182,317408
317182,317572
317182,317573
317182,317574
317182,317575
317182,317576
317182,317577
317182,317578
317182,317579
317182,317580
317182,317581
317182,317582
317182,317409
317182,317332
317182,317583
317182,317584
317182,317585
317182,317586
317182,317587
317182,317588
317182,317139
317182,317589
317182,317590
317182,317356
317182,317591
317182,317274
317182,317592
317182,317593
317182,317594
317182,317595
317182,317596
317182,317597
317182,317598
317182,317599
317182,317354
317182,317600
317182,317601
317182,317602
317182,317210
317182,317603
317182,317604
317182,317605
317182,317606
317182,317607
317182,317199
317182,317366
317182,317608
317182,317459
317182,317609
317182,317610
317182,317385
317182,317611
317182,317612
317182,317613
317182,317237
317182,317614
317182,317466
317182,317615
317182,317616
317182,317617
317182,317618
317182,317619
317182,317620
317182,317621
317182,317491
317182,317490
317182,317622
317182,317287
317182,317623
317182,317624
317182,317625
317182,317396
317182,317368
317182,317626
317182,317627
317182,317628
317182,317629
317182,317630
317182,317631
317182,317632
317182,317633
317182,317634
317182,317635
317182,317636
317182,317469
317182,317637
317182,317638
317182,317453
317182,317639
317182,317640
317182,317641
317182,317642
317182,317471
317182,317493
317182,317643
317182,317644
317182,317645
317182,317646
317182,317647
317125,317226
317648,317649
317125,317650
317651,317652
317653,317654
317653,317655
317653,317656
317653,317657
317653,317658
317653,317659
317653,317226
317653,317660
317653,317661
317651,317662
317653,317243
317243,317663
317243,317541
317243,317664
317243,317665
317243,317666
317243,317667
317243,317668
317243,317669
317243,317226
317243,317660
317653,317670
317651,317671
317651,317672
317651,317432
317651,317673
317651,317674
317651,317675
317651,317382
317651,317676
317651,317677
317651,317610
317651,317678
317651,317679
317651,317680
317651,317681
317651,317682
317651,317683
317651,317684
317651,317685
317651,317686
317651,317687
317651,317688
317651,317689
317651,317690
317651,317691
317651,317551
317651,317692
317243,317184
317243,317693
317243,317189
317243,317694
317498,317162
317498,317182
317498,317695
317498,317181
317498,317514
317498,317696
317498,317142
317498,317175
317498,317126
317498,317515
317498,317205
317498,317206
317498,317207
317498,317143
317498,317697
317498,317208
317498,317698
317498,317199
317498,317139
317498,317699
317498,317268
317498,317562
317498,317496
317498,317161
317651,317700
317701,317702
317660,317653
317243,317703
317243,317215
317243,317242
317243,317283
317243,317303
317243,317304
317243,317704
317243,317358
317243,317705
317243,317706
317243,317707
317243,317708
317243,317709
317243,317710
317243,317711
317243,317214
317243,317243
317243,317712
317243,317713
317243,317714
317660,317226
317660,317715
317660,317668
317660,317243
317498,317517
317651,317137
317651,317716
317693,317717
317669,317718
317669,317667
317669,317184
317669,317243
317669,317693
317669,317189
317669,317719
317669,317694
317669,317720
317693,317694
317721,317680
317722,317723
317722,317724
317725,317726
317725,317727
317725,317728
317725,317729
317725,317730
317725,317731
317725,317732
317725,317690
317722,317733
317693,317734
317693,317243
317693,317735
317277,317218
317736,317737
317736,317705
317736,317738
317736,317739
317736,317740
317736,317741
317667,317669
317667,317718
317667,317184
317667,317243
317667,317694
317184,317669
317184,317243
317184,317693
317184,317189
317184,317717
317693,317742
317693,317743
317693,317744
317693,317718
317693,317660
317693,317184
317725,317527
317725,317745
317746,317747
317748,317135
317651,317749
317651,317750
317651,317751
317651,317752
317651,317753
317651,317754
317651,317755
317651,317756
317651,317757
317651,317594
317651,317758
317651,317759
317651,317760
317651,317761
317651,317762
317651,317763
317651,317764
317651,317412
317651,317765
317651,317766
317651,317573
317651,317767
317651,317746
317651,317768
317651,317748
317651,317651
317651,317769
317610,317769
317610,317770
317610,317651
317610,317753
317610,317755
317610,317760
317610,317762
317610,317763
317610,317412
317610,317676
317610,317677
317610,317684
317682,317771
317682,317772
317682,317690
317682,317692
317682,317527
317682,317773
317690,317774
317690,317775
317690,317776
317671,317777
317651,317725
317651,317770
317498,317327
317498,317778
317498,317779
317780,317781
317780,317782
317780,317783
317780,317784
317780,317785
317780,317786
317780,317787
317780,317788
317780,317789
317780,317790
317780,317355
317791,317659
317791,317226
317791,317660
317791,317243
317791,317189
317792,317793
317792,317259
317792,317794
317792,317538
317795,317353
317796,317797
317791,317668
317780,317798
317780,317799
317780,317800
317633,317637
317633,317801
317633,317802
317633,317803
317804,317805
317804,317806
317678,317777
317807,317749
317807,317754
317807,317807
317807,317759
317807,317764
317807,317767
317807,317808
317807,317678
317807,317680
317807,317809
317807,317688
317807,317810
317807,317662
317675,317777
317675,317674
317780,317811
317796,317812
317796,317813
317796,317814
317796,317815
317796,317816
317796,317817
317796,317818
317796,317819
317796,317820
317796,317821
317796,317822
317796,317823
317796,317824
317796,317825
317796,317826
317796,317827
317796,317828
317796,317829
317796,317830
317796,317831
317796,317832
317796,317833
317796,317834
317796,317835
317796,317836
317796,317837
317796,317838
317796,317839
317633,317840
317796,317841
317796,317842
317796,317843
317796,317844
317796,317845
317796,317846
317796,317847
317796,317848
317796,317849
317796,317850
317796,317851
317796,317852
317796,317853
317796,317854
317796,317855
317796,317856
317796,317857
317796,317858
317796,317859
317796,317860
317796,317861
317796,317862
317796,317863
317796,317864
317796,317865
317796,317866
317633,317867
317633,317868
317633,317869
317239,317870
317239,317229
317239,317871
317239,317872
317239,317498
317137,317873
317137,317388
317137,317874
317137,317134
317551,317352
317551,317875
317551,317137
317876,317877
317878,317879
317880,317881
317882,317883
317882,317884
317882,317885
317882,317886
317882,317887
317882,317888
317882,317889
317882,317890
317239,317891
317882,317892
317239,317893
317239,317238
317498,317289
317498,317288
317498,317508
317498,317389
317498,317560
317498,317231
317498,317456
317498,317230
317498,317497
317498,317157
317498,317894
317498,317221
317239,317895
317239,317896
317239,317897
317239,317239
317239,317898
317239,317899
317239,317900
317239,317901
317239,317290
317239,317902
317239,317903
317239,317227
317277,317904
317882,317905
317882,317906
317882,317907
317882,317908
317882,317909
317882,317910
317882,317911
317882,317912
317882,317913
317882,317719
317882,317914
317882,317915
317882,317916
317882,317917
317882,317918
317882,317262
317882,317233
317882,317919
317882,317920
317882,317921
317882,317922
317882,317923
317882,317924
317882,317925
317926,317927
317882,317928
317882,317929
317882,317930
317882,317931
317882,317932
317882,317933
317882,317934
317882,317935
317882,317936
317882,317937
317882,317938
317882,317939
317882,317940
317882,317941
317882,317942
317882,317943
317882,317944
317882,317945
317882,317946
317882,317947
317882,317948
317882,317273
317882,317949
317882,317272
317882,317950
317882,317951
317882,317952
317882,317953
317277,317954
317277,317122
317277,317290
317955,317956
317955,317379
317955,317243
317955,317189
317955,317957
317955,317694
317955,317958
317955,317287
317955,317413
317955,317959
317955,317960
317413,317139
317287,317961
317287,317962
317287,317230
317287,317396
317287,317963
317287,317955
317287,317413
317287,317124
317226,317668
317226,317964
317124,317287
317955,317660
317955,317965
317955,317226
317139,317292
317139,317181
317139,317174
317139,317177
317139,317158
317139,317413
317779,317181
317779,317142
317779,317175
317779,317126
317779,317515
317779,317207
317779,317199
317779,317139
317779,317496
317779,317289
317779,317288
317779,317230
317779,317497
317779,317221
317779,317219
317955,317651
317955,317668
317226,317660
317226,317184
317226,317243
317226,317670
317126,317779
317231,317966
317231,317126
317966,317967
317966,317126
317966,317968
317966,317969
317966,317970
317966,317231
317237,317971
317237,317972
317237,317973
317237,317974
317237,317513
317237,317236
317237,317240
317237,317241
317131,317975
317131,317282
317131,317237
317453,317424
317976,317417
317976,317259
317126,317517
317139,317145
317126,317139
317126,317966
317226,317189
317226,317694
317226,317959
317226,317655
317226,317658
317977,317226
317126,317978
317126,317587
317126,317569
317126,317979
317126,317181
317126,317142
317126,317175
317126,317515
317126,317199
317126,317268
317126,317289
317126,317288
317126,317497
317126,317221
317126,317230
317126,317980
317126,317981
317126,317231
317139,317167
317139,317166
317139,317281
317142,317569
317142,317151
317142,317560
317142,317231
317142,317982
317142,317983
317142,317984
317142,317230
317142,317497
317142,317157
317142,317524
317142,317158
317142,317985
317142,317145
317142,317894
317142,317986
317142,317221
317142,317219
317142,317987
317142,317988
317353,317989
317353,317990
317353,317408
317142,317991
317353,317992
317142,317993
317142,317288
317142,317994
317142,317166
317142,317995
317142,317574
317142,317165
317142,317996
317142,317587
317142,317409
317142,317411
317142,317997
317142,317562
317142,317146
317142,317998
317142,317999
317142,318000
317142,317327
317142,318001
317142,318002
317142,317642
317142,318003
317142,318004
317142,317289
317142,318005
317142,317389
317976,317947
317353,318006
317353,317367
318007,318008
317130,318009
317130,318010
317130,317612
317130,317126
317130,318011
317130,318012
317379,317660
317379,317956
317379,317243
317379,317540
317379,317413
317379,317959
317379,317651
317379,317667
317379,317668
317379,317960
317379,318013
317379,317189
317379,317694
317379,317551
317139,317168
317139,317170
318014,318015
317353,317358
318015,318016
318015,318017
317655,317655
317655,318018
317655,318019
317971,317237
317197,318020
317197,318021
317197,318022
317197,318023
317197,318024
317197,318025
317197,318026
317197,318027
317197,318028
317197,317197
317197,318029
317197,318030
318031,317197
318031,318029
318031,318031
318031,318032
318033,318034
318035,317877
318035,317881
318015,318036
317796,318037
317976,318038
317976,318039
318040,317714
318040,318041
318040,318042
318040,318043
318040,318044
318040,318045
318040,318046
318040,318047
318040,318048
318040,318049
318040,318050
318040,318051
318040,318052
318040,318053
318040,318054
318040,318055
318040,318056
318040,318057
318040,318058
318040,318059
318040,318060
318040,318061
318040,318062
318040,318063
318040,318064
318040,318065
318066,318054
318066,318056
318066,318067
318066,318057
318066,318059
318066,318068
318066,318069
318066,318070
318066,318071
318066,318072
318066,317243
318066,318073
318066,318074
318066,318075
318066,318076
318066,318077
318066,318078
318066,318079
318066,318080
318066,318081
318040,318082
318040,318083
318040,318084
318040,318068
318040,318085
318040,318069
318040,318070
318086,317670
318086,318087
317904,318088
317904,318089
317904,318090
317904,318091
317904,318092
317904,318093
317904,318094
317904,318095
317904,318096
317904,318097
317277,318098
317277,318099
317277,317282
317277,318100
317277,318101
317277,318102
317277,317284
317277,318103
317277,317108
317277,317121
317277,317958
318086,318104
318066,318105
318086,318106
318086,318107
318040,318071
318040,318066
318040,318072
318040,317243
318040,318108
318040,318073
318040,318109
318040,318110
318040,318111
318040,318074
318040,318112
318040,318113
318040,318114
318040,318115
318040,318116
318040,318117
318040,318118
318040,318119
318040,318120
318040,318081
318086,317650
318086,318121
318086,318122
318086,318013
318066,318123
318066,318124
318066,318125
318068,318067
318068,318057
318068,318059
318068,318068
318068,318069
318068,318070
318068,318071
318068,318066
318068,318072
318068,317243
318068,318073
318068,318074
318068,318075
318068,318076
318068,318077
318068,318126
318068,318078
318068,318079
318068,318127
318068,318128
318068,318080
318068,318081
318066,318129
318068,318056
318066,318130
318068,318131
318068,318105
317976,318132
317976,318133
317976,318134
317976,317453
317976,317914
317976,318135
317976,318136
317976,318137
317976,317538
318068,318138
318068,318139
318068,318140
318068,318084
318068,318065
318068,318050
318068,318042
318068,318045
318068,318141
318068,318142
318068,318125
318068,318143
318068,318124
318068,318123
318068,318054
317976,318144
318066,318138
318066,318145
318066,318113
318066,318146
318066,318147
318066,318148
318066,318149
318066,317541
318066,318150
318066,318151
318066,318126
318066,318152
318066,318127
318066,318128
318066,318153
318066,318154
318066,318139
318066,318140
318066,318084
318066,318065
318066,318050
318066,318042
318066,318045
318066,318141
318066,318142
318066,318155
318066,318156
318066,318157
318066,318158
318066,318159
318066,318160
318066,318082
318066,318161
318066,318041
318066,318162
318066,318163
318066,318164
318066,318165
318066,318166
318066,318167
318066,318168
318066,318169
318066,318170
318066,318171
318066,318172
318066,318173
318066,318174
318066,318175
318066,318176
318066,318177
318066,318178
318066,318179
318066,318180
317125,317110
317796,318181
317796,318182
318183,317287
318183,318184
317648,318185
317142,317139
318186,318187
318186,318188
318186,318189
318186,318190
318186,318191
318186,318192
318183,318193
318194,317237
318195,318196
318195,317372
318195,318197
318025,318198
317352,318199
318026,317197
318200,317160
318200,317197
317121,318201
317121,317298
318195,318202
318183,318203
318183,318204
318183,318205
318206,317517
318206,317673
318206,318207
318206,318208
318206,318209
318206,318210
318206,317493
318206,318211
318206,317396
318206,318212
318206,317287
318206,317389
318206,317546
318206,318213
318206,317413
318206,318214
318206,318215
318216,317655
318216,317657
318216,317658
318216,317653
318216,318217
318183,318218
317121,318098
317121,318219
317121,318220
317121,318221
318222,318223
318222,317181
318222,318224
318222,317174
318222,318222
318222,318225
318222,318226
318222,317139
318222,318227
318222,317166
318222,318228
318222,317146
318222,318229
318222,318230
318222,318231
318222,318232
318222,318233
318222,318234
318222,318235
318222,318236
318231,318223
318231,318228
318231,317478
318222,317170
318206,318237
318222,318238
318239,317228
318240,318238
318240,317202
318240,318241
318240,317507
318240,318242
318240,318243
318240,317245
318240,318244
318245,317126
318246,318247
318246,318248
318246,318249
318246,317344
318027,317197
318239,317937
318239,318250
318239,317939
318239,318251
318239,317948
318239,318252
318239,318253
318239,317262
318239,317920
318239,318254
318231,318255
318206,318256
318206,317267
318257,317181
318257,317126
317140,317160
317140,318258
317140,318259
317140,317964
317140,318260
317140,318261
317140,318262
317140,317109
318263,318264
317140,317189
317140,318087
317140,317958
317140,318265
317140,318266
317140,318267
317140,318268
317140,318220
317140,318102
317140,317651
317140,318269
317140,318270
318263,317237
318263,318271
318263,318272
318273,318274
318275,318273
318276,317181
318276,318277
318278,318279
318280,317655
318280,318098
317663,317243
317663,318281
318282,317170
318282,317181
318282,318283
318282,318284
318282,317166
318282,317164
318282,317146
318282,318285
318282,318286
318282,318287
318282,318288
318289,318290
318289,318291
318289,318292
317140,317655
317140,318189
317140,318099
317140,318186
317900,317238
317900,317229
318293,318294
318293,317336
318293,318295
318293,318296
318293,318297
318293,318298
317989,317353
318299,317197
318299,318029
318299,318300
317470,317419
317267,317181
318206,318301
318206,317442
318206,317173
318206,318302
318206,318303
318206,317274
318206,317143
318206,317594
318206,318304
317900,317239
318206,317282
317900,317901
318305,318306
317140,317226
317140,317277
317140,317956
317140,318307
317140,317568
317140,317507
317140,318308
317140,317282
317140,318309
317140,318310
317140,318242
317140,318311
317140,318312
317140,317632
317140,318313
317140,318201
317140,317121
317140,317686
317140,317806
317140,318314
317972,317237
317972,318315
317972,317973
318316,317764
318231,318317
318225,318318
318225,317170
318319,317237
318030,318198
318030,318023
318320,317454
318320,318321
318322,317226
318322,318323
318322,318324
318325,317668
318325,317226
317979,317126
318325,317660
318325,317670
318325,317189
318326,317668
318326,317964
318326,317660
318326,318122
318326,318327
318326,317243
318326,318087
318326,318328
318325,317243
318329,318330
318329,318331
317268,317181
318332,318333
318332,318334
318332,318335
318332,318336
318332,318337
318332,318338
317386,318339
317386,318340
317386,318241
317386,317507
317386,318324
317386,317251
317386,318270
317386,317250
317386,318341
317386,318342
317386,318276
317386,318343
317386,317245
317386,318344
317388,317137
317435,318345
318232,317139
318326,317959
318346,317243
318347,317659
318347,318348
318347,318325
318347,318326
318347,318324
318347,318104
318347,318313
318347,318349
318347,318346
318347,317243
318347,318350
318347,318351
318347,317670
318347,317189
318347,318111
318347,318352
318347,318219
318347,318353
318347,318354
318347,318355
318347,318119
318347,318356
318347,318357
318347,318358
317125,317125
318347,318359
318332,318360
318347,318361
318347,318362
318347,317668
318347,317655
318347,318363
318347,317129
318347,318364
318347,317714
318347,317964
318347,318365
318347,318366
318347,317226
318347,318367
318347,318368
318347,318322
318347,318122
318347,318369
318347,318370
318347,318371
318347,318372
318347,318373
318347,317568
318347,318374
318347,318327
318347,318375
318347,317658
318332,318376
318332,318377
318332,318378
318379,317275
318379,318380
318379,317237
318379,317490
318379,318381
318379,317227
318379,317224
318382,317135
317234,317483
317234,317560
317234,318383
317234,318384
317234,317268
317656,318385
317656,318386
318387,318017
318387,318036
318387,318388
318387,318389
318387,318015
318387,318390
318387,317633
318387,318391
318381,317224
318387,318016
318381,317227
318381,317237
318225,317139
318225,317587
318225,318392
318225,318393
318225,318236
318225,318238
318225,318223
318225,317181
318225,318224
318225,317174
318225,318222
318225,318226
318225,318394
318225,317166
318225,318228
318225,317164
318225,317146
318225,318229
318225,318231
318225,318232
318381,317275
318381,318380
318381,318379
318381,317490
318273,317362
317706,317705
317705,317706
318395,318396
318395,318363
318395,318397
318395,317226
318395,317660
318395,317198
318395,318013
318395,318271
318395,318398
318395,318359
318395,317111
318395,318399
318395,317189
318395,318400
318395,318401
318395,318219
318395,318402
318395,318403
318395,318404
318395,318405
318395,317959
318016,317368
318406,318406
318395,318407
317706,317709
318395,317668
318399,317715
317705,317709
318408,317287
317492,317492
317874,317137
318409,317287
318410,317239
318410,318411
318412,317977
318412,318413
318412,318414
318412,318122
318412,318415
318412,318271
318412,318086
318412,318104
318412,317243
318412,317715
318412,318416
318412,318404
318412,318417
318396,317715
318396,317226
318399,317226
318395,318418
318419,318244
318419,318420
318419,317245
317796,318421
317796,318422
317796,318423
317796,318424
317796,318425
317796,318426
317796,318427
317796,318428
317796,318429
317796,318430
317796,318431
317796,318432
317796,318433
317796,318434
317796,318435
317796,318436
317796,318437
317796,318438
317796,318439
317796,318440
317796,318441
317796,318442
317796,318443
317796,318444
317796,318445
317796,318446
317796,318447
317796,318448
317796,318449
317796,318450
317796,318451
317796,318452
317796,318453
317796,318454
317796,318455
317796,318456
317796,318457
317796,318458
317796,318459
317796,318460
317796,318461
317796,318462
317796,318463
317796,318464
317796,318465
317796,318466
317796,318467
317796,318468
317796,318469
317796,318470
317796,318471
317796,318472
317796,318473
318474,317705
318474,318475
318474,317708
318474,318476
318474,317709
318474,317710
318474,318477
318474,318478
318474,318479
318480,318269
318480,317507
318480,317632
318481,317181
318482,317702
318483,317259
318483,317255
318484,317937
318484,318485
318484,317948
318484,317933
318484,318486
318487,317738
318487,318488
318474,317358
317796,318489
318490,318491
318492,317632
317796,318493
317796,318494
317796,318495
317796,318496
317796,318497
317796,318498
317796,318499
317796,318500
317796,318501
317796,318502
317796,318503
317796,318504
317796,318505
317875,317241
318506,317127
318506,318507
318506,318296
318506,318508
318506,317370
318506,318298
318506,318509
318510,318511
318492,317507
318490,317507
317796,318512
317796,318513
317796,318514
317796,318515
317796,318516
317796,318517
317796,318518
317796,318519
317796,318520
317796,318521
317796,318522
317796,318523
317796,318524
317796,318525
317796,318526
317796,318527
317796,318528
317796,318529
317796,318530
317796,318531
317796,318532
317796,318533
317796,318534
317796,318535
317796,318536
317796,318537
317796,318538
317796,318539
317796,318540
317796,318541
317796,318542
317796,318543
317796,318544
317796,318545
317796,318546
317796,318547
317796,318548
317796,318549
317796,318550
317796,318551
317796,318552
317796,318553
317796,318554
317796,318555
317796,318556
317796,318557
317796,318558
317796,318559
317796,318560
317796,318561
317796,318562
317796,318563
317796,318564
317796,318565
318487,318566
317796,318567
317796,318568
317796,318569
317796,318570
317796,318571
317796,318572
317796,318573
317796,318574
317796,317237
317796,318575
317796,318576
317796,318577
317796,318578
317796,318579
317796,318580
317796,318581
317796,318582
317796,318583
317796,318584
317796,318585
317796,318586
317796,318587
317796,318588
317796,318589
317796,318590
317796,318591
317796,318592
317796,318593
317796,318594
317796,318595
317796,318596
317796,318597
317796,318598
317796,318599
317796,318600
317796,318601
317796,318602
317796,318603
317796,318604
317796,318605
317796,318606
317796,318607
317796,318608
317796,318609
317796,318610
317796,318611
317796,318612
317796,318613
317796,318614
317796,318615
317796,318616
317796,318617
317796,318618
317796,318619
318487,318620
318621,318622
318623,318296
317481,317280
317481,317239
317481,317480
317481,318624
317481,317229
318625,318626
318419,317160
318419,318627
318419,318238
318628,318629
318419,318630
318419,317651
318419,318631
318419,318269
318419,317260
318419,318632
318419,317655
318419,318633
318419,317202
318419,318339
318419,317259
318419,318634
318628,318635
318628,318636
318628,318637
318628,318638
318628,318639
318628,318640
318628,318261
318628,318641
318628,318642
318628,318643
318628,318644
318628,318645
318628,318646
318628,318647
318628,318648
318628,318649
318628,318650
318628,318651
318628,318652
318628,318653
318628,318654
318628,318655
318628,318656
318628,318657
318628,318658
318628,318659
318419,318660
318419,318661
318419,318340
318419,317256
318419,318662
318419,318663
318419,318664
318419,318665
318419,317702
318419,317453
318419,318666
318419,318667
318419,318270
318419,318668
318419,318135
318419,318669
318419,317151
318419,318670
318419,318341
318419,318342
318419,317545
318419,317393
318419,318671
318419,318672
318419,318673
318419,318276
318419,318674
318419,318675
318628,318676
318419,318324
318419,317386
318419,318677
318419,318678
318419,318679
318419,318144
318419,318371
318419,318241
318419,318680
318419,318240
318419,317139
318419,318681
318419,317568
318419,318682
318419,317108
318419,318683
318419,318684
318419,318685
318419,317507
318419,318686
318419,318242
318419,318134
318419,318687
318419,318325
318419,318688
318419,318323
318628,318689
318628,318690
318628,318691
318692,318312
318692,318693
318692,318694
318692,318695
318692,317300
318692,318696
318692,317453
318692,318697
318692,318698
318692,318699
318692,318700
318692,318701
318692,318702
318692,318703
318692,318704
318692,318705
318692,317739
318692,318706
318692,318707
318708,318709
318708,318710
318708,318711
318708,318712
318692,318713
318708,318714
318692,318715
318692,317507
318621,318716
318621,317116
318621,317507
318698,318269
318698,318717
318698,317507
318692,318718
318692,318719
318692,318269
318692,318720
318692,318364
318692,318721
318692,318722
318692,318723
318692,318724
318692,317244
318692,318660
318692,318679
318692,318725
318692,317657
318692,318726
318692,318727
318692,317568
318692,318728
318729,317881
318708,318730
318708,318731
318708,318732
318708,318733
318708,318734
318708,318735
318708,318736
318708,318737
318708,318738
318708,318739
318708,318740
318708,318741
318708,318742
318708,318743
318708,318744
318708,318745
318708,318746
318708,318747
318708,318748
318708,318749
318708,318750
318628,318751
318628,318752
318628,318753
318628,318754
318708,318755
318708,318756
318708,318757
318708,318758
318708,318759
318708,318760
318708,318761
318708,318762
318708,318763
318708,318764
318708,318765
318708,318766
318708,318767
318708,318768
318708,318769
318708,318770
318708,318771
318708,318772
318708,318773
318708,318774
318708,318775
318708,318776
318708,318777
318708,318778
318708,318779
318708,318780
318708,318781
318708,318782
317142,317281
317239,318783
