325542,325543
325542,325544
325542,325545
325542,325546
325542,325547
325542,325548
325542,325549
325542,325550
325542,325551
325542,325552
325542,325553
325542,325554
325542,325555
325542,325556
325542,325557
325542,325558
325542,325559
325560,325561
325542,325562
325542,325563
325542,325564
325542,325565
325542,325566
325542,325567
325542,325568
325542,325569
325542,325570
325542,325571
325542,325572
325542,325573
325542,325574
325542,325575
325542,325576
325542,325577
325542,325578
325542,325579
325542,325580
325542,325581
325542,325582
325542,325583
325542,325584
325542,325585
325542,325586
325542,325587
325542,325588
325542,325589
325590,325591
325542,325592
325542,325593
325542,325594
325542,325595
325542,325596
325542,325597
325542,325598
325542,325599
325542,325600
325542,325601
325542,325602
325542,325603
325542,325604
325542,325605
325542,325606
325542,325607
325542,325608
325542,325609
325542,325610
325542,325611
325542,325612
325590,325613
325614,325615
325590,325616
325617,325618
325617,325619
325617,325620
325617,325621
325617,325622
325617,325623
325617,325614
325617,325624
325617,325625
325626,325627
325626,325628
325614,325621
325614,325629
325614,325630
325617,325631
325614,325614
325617,325615
325632,325633
325542,325634
325632,325635
325632,325636
325632,325637
325632,325638
325632,325639
325640,325632
325632,325641
325632,325642
325632,325643
325632,325644
325632,325645
325632,325646
325632,325647
325632,325648
325590,325649
325614,325617
325614,325620
325590,325650
325590,325651
325590,325652
325590,325653
325590,325654
325590,325655
325590,325656
325590,325657
325590,325658
325590,325659
325590,325660
325590,325661
325590,325662
325590,325663
325590,325664
325614,325619
325590,325665
325590,325666
325614,325622
325614,325623
325614,325631
325614,325626
325667,325668
325667,325652
325590,325669
325667,325667
325670,325671
325672,325673
325590,325674
325590,325675
325590,325676
325590,325677
325670,325678
325542,325679
325680,325681
325542,325682
325683,325684
325685,325686
325685,325687
325685,325688
325685,325689
325685,325690
325685,325691
325685,325692
325685,325693
325685,325694
325685,325695
325685,325696
325685,325697
325685,325698
325685,325699
325685,325700
325685,325701
325685,325702
325685,325703
325685,325704
325685,325705
325685,325706
325685,325707
325683,325708
325685,325709
325685,325710
325685,325711
325685,325712
325685,325713
325685,325714
325685,325715
325685,325716
325717,325684
325717,325685
325717,325718
325719,325720
325719,325721
325719,325722
325719,325723
325719,325724
325719,325725
325719,325726
325719,325727
325719,325728
325719,325729
325719,325730
325719,325731
325719,325732
325632,325733
325719,325734
325685,325735
325736,325736
325736,325737
325717,325683
325717,325738
325736,325739
325736,325740
325736,325741
325736,325742
325736,325743
325736,325744
325736,325745
325736,325746
325736,325747
325736,325748
325736,325749
325736,325750
325736,325751
325685,325752
325685,325753
325685,325754
325542,325755
325542,325756
325542,325757
325542,325758
325542,325759
325542,325760
325542,325761
325542,325762
325542,325763
325542,325764
325542,325765
325542,325766
325542,325767
325542,325768
325542,325769
325542,325770
325542,325771
325542,325772
325542,325773
325542,325774
325542,325775
325542,325776
325542,325777
325542,325778
325542,325779
325542,325780
325542,325781
325542,325782
325542,325783
325542,325784
325542,325785
325542,325786
325542,325787
325542,325788
325542,325789
325542,325790
325685,325791
325685,325792
325685,325684
325685,325793
325685,325794
325685,325795
325685,325796
325685,325717
325685,325797
325685,325798
325685,325799
325685,325683
325685,325800
325685,325801
325685,325802
325542,325803
325685,325804
325684,325805
325542,325806
325542,325807
325542,325808
325542,325809
325542,325810
325811,325812
325684,325683
325811,325813
325811,325814
325811,325815
325811,325816
325811,325817
325684,325684
325684,325818
325811,325819
325632,325820
325632,325821
325632,325822
325823,325824
325823,325825
325823,325826
325823,325827
325823,325828
325823,325829
325823,325830
325823,325831
325823,325832
325823,325833
325823,325834
325823,325835
325823,325836
325823,325837
325823,325838
325823,325839
325823,325840
325823,325841
325823,325842
325823,325843
325823,325844
325823,325845
325831,325846
325831,325847
325831,325848
325831,325849
325831,325850
325831,325851
325823,325852
325823,325853
325823,325854
325823,325855
325823,325856
325823,325857
325823,325741
325823,325858
325823,325859
325823,325860
325823,325861
325823,325862
325823,325863
325831,325864
325823,325865
325823,325846
325823,325866
325823,325867
325823,325868
325823,325869
325823,325870
325823,325871
325823,325872
325823,325873
325823,325874
325823,325875
325823,325876
325823,325877
325823,325878
325823,325879
325823,325880
325823,325881
325823,325882
325823,325883
325823,325884
325823,325885
325823,325886
325823,325887
325823,325847
325823,325848
325823,325851
325823,325888
325823,325889
325823,325890
325823,325891
325823,325892
325823,325893
325823,325894
325823,325895
325823,325896
325823,325897
325823,325898
325823,325899
325823,325900
325823,325901
325823,325902
325823,325903
325823,325904
325831,325905
325831,325906
325831,325907
325831,325908
325831,325909
325831,325910
325831,325911
325831,325912
325831,325913
325831,325914
325831,325915
325831,325916
325831,325842
325831,325917
325831,325834
325831,325918
325831,325919
325831,325920
325831,325921
325831,325922
325831,325923
325831,325924
325831,325925
325831,325926
325831,325927
325831,325928
325831,325929
325831,325930
325831,325931
325831,325826
325831,325932
325831,325933
325831,325934
325831,325935
325831,325936
325831,325827
325831,325937
325831,325938
325831,325939
325831,325940
325831,325941
325831,325942
325831,325943
325831,325944
325831,325945
325831,325946
325831,325947
325831,325948
325831,325949
325831,325950
325831,325841
325831,325951
325831,325952
325831,325953
325831,325954
325831,325955
325831,325956
325831,325957
325831,325958
325831,325959
325831,325960
325831,325961
325831,325962
325831,325963
325831,325964
325831,325965
325831,325966
325831,325967
325831,325968
325831,325969
325831,325970
325831,325971
325831,325972
325831,325973
325831,325974
325831,325975
325831,325976
325831,325836
325831,325977
325831,325837
325831,325978
325831,325979
325831,325980
325831,325981
325831,325982
325831,325983
325831,325984
325823,325985
325823,325986
325987,325988
325989,325990
325989,325991
325989,325992
325989,325993
325989,325994
325989,325995
325989,325996
325989,325997
325989,325998
325989,325999
326000,326001
326000,326002
326000,326003
326004,326005
326004,326006
326004,326007
326008,326009
326008,326010
326011,326012
326008,326013
325989,326014
326015,326016
326017,326018
326019,326020
326021,326022
326023,325628
326016,326024
326016,326025
326016,326026
326016,326027
326028,325741
326016,326029
326016,326030
326016,326031
326016,326016
326016,326032
326016,326033
326016,326034
326016,326035
326015,326036
326016,326037
326017,326038
326008,326039
326008,326040
326041,326042
326041,326043
326041,326044
326041,326045
326041,326046
326041,326047
326041,326039
326041,326048
326041,326049
326041,326050
326041,326051
326041,326052
326041,326053
326041,326054
326041,326055
326041,326056
326041,326057
326041,326058
326041,326059
326008,326060
326041,326061
326041,326062
326008,326063
326064,326065
325993,326066
326067,326068
326067,326069
326067,326070
326067,326071
326067,326072
326041,326073
326074,326075
326041,326076
326041,326077
326041,326078
326041,326079
326041,326080
326041,326081
326041,326082
326041,326066
326041,326083
326084,326084
326085,326086
326085,326087
326088,326068
326088,326089
326088,326090
326088,326091
326088,326092
326088,326093
326088,326070
326088,326094
326088,326095
326088,326096
326088,326022
326088,326097
326088,326098
326088,326088
326088,326099
326088,326100
326097,326068
326101,326075
326088,326102
326103,326080
326088,326104
326105,326106
326107,326108
326107,326109
326107,326110
326107,326111
326107,326112
326107,326113
326107,326114
326107,326115
326088,326116
326107,325995
326033,326030
326033,326031
326033,326027
326033,326016
326033,326032
326033,326117
326033,326034
326033,326035
326107,325987
326103,326082
326103,326066
326103,326118
326119,326119
326120,326075
326121,326122
326121,326123
326121,326124
326121,326125
326121,326126
326121,326127
326128,326129
326121,326130
326121,326131
326121,326132
326121,326133
326121,326134
326121,326135
326121,326136
326121,326137
326121,326138
326121,325678
326128,326139
326128,326140
326128,326141
326103,326045
326103,326142
326103,326143
326103,326144
326103,326145
326103,326146
326103,326147
326103,326148
326103,325680
326149,326150
326149,326151
326149,326152
326153,326154
326153,326155
326128,326156
326128,326157
326128,326158
326128,326159
326128,326160
325831,326161
326041,326162
325831,325824
325831,326163
326164,326165
326164,326166
326164,326167
326164,326168
326164,326169
326164,325966
326164,326170
326164,326171
326164,326172
326164,326173
326164,326174
326164,326175
326164,326176
326164,326177
326164,326178
326164,326179
326164,326180
326164,326181
326164,325947
326164,326182
326164,325967
326164,326183
326164,326184
326164,326185
326164,326186
326164,326187
326164,325984
326164,326188
326164,326189
326164,326190
326164,326191
326164,326192
326164,326193
326164,326194
326164,326195
326164,326196
326164,326197
326164,326198
326164,325838
326164,325979
326164,326199
326164,326200
326164,326201
326164,325955
326164,326202
326164,325905
326164,326203
326164,326204
326164,326205
326164,326206
326164,325846
326164,326207
326164,326208
326164,326209
326164,326210
326164,326211
326164,326212
326164,326213
326164,326214
326164,326215
326216,326217
326216,326218
326164,325847
326164,325843
326164,326219
326164,326220
326164,326221
326164,326222
326164,326223
326164,326224
326164,326225
326164,326226
326164,326227
326164,326228
326164,326229
326164,326230
326164,325865
326164,326231
326164,325962
326164,326232
326164,325885
326164,326233
326164,326234
326164,326235
326164,326236
326216,326237
326164,326238
326164,326239
326164,326240
326164,326241
326164,326242
326164,326243
326164,325909
326164,326244
326164,325833
326164,326245
326164,326246
326164,326247
326164,325913
326164,326248
326164,326249
326164,326250
326164,326251
326164,326252
326164,326253
326164,326254
326164,326255
326164,326256
326164,326257
326164,326258
326164,326259
326164,326260
326164,326261
326164,326262
326164,325934
326164,326263
326164,326264
326164,326265
326164,326266
326164,326267
326164,326268
326164,326269
326164,326270
326164,326271
326164,326272
326164,326273
326164,326274
326164,326275
326164,326276
326164,326277
326164,326278
326164,326279
326164,326280
326164,326281
326164,326282
326164,326283
326164,326284
326164,326285
326164,326286
326164,326287
326164,326288
326164,326289
326164,326290
326164,326291
326164,326292
326164,326293
326164,326294
326164,326295
326164,325973
326164,326296
326164,325969
326164,326297
326164,326298
326164,326299
326164,326300
326164,325918
326164,326301
326164,326302
326164,326303
326164,326304
326164,326305
326164,326306
326164,326307
326164,326308
326164,326309
326164,326310
326164,326311
326164,326312
326164,326313
326164,326314
326164,326315
326164,326316
326164,326317
326216,326318
326216,326003
326216,326319
326320,326321
326320,326322
326320,326323
326320,326324
326320,326325
326320,326326
326320,326327
326320,326328
326320,326329
326320,326330
326320,326331
326320,326075
326320,326332
326320,326333
326320,326334
326320,326335
326320,326336
326320,326337
326320,326074
326320,326338
326320,326339
326320,326340
326341,326342
326343,326344
326343,326345
326343,326346
326343,326347
326343,326348
326343,326349
326320,326350
326320,326351
326320,326352
326320,326353
326320,326354
326320,326355
326320,326356
326320,326357
326320,326358
326320,326359
326320,326360
326320,326361
326341,326362
326320,326363
326320,326364
325831,326365
325831,326366
325831,325858
325831,326367
325831,325860
325831,325861
325831,326368
325831,326369
325831,326370
325831,326371
325831,326372
325831,326373
325831,326374
325831,326375
325831,326376
325831,325854
325831,325844
325831,326377
325831,326378
326320,326379
325831,326380
325831,326381
326320,326382
326320,326383
326320,326384
326320,326385
326320,326386
326320,326387
326320,326388
326320,326389
325831,325741
326320,326390
326391,326392
326393,326394
325831,325853
325831,326395
325831,326396
325831,326397
325831,326398
325831,325856
326320,326399
326341,326400
326341,326401
326341,326402
326403,326404
326403,326405
326403,326406
326403,325856
326403,326407
326403,326408
326403,326409
326403,326410
326403,326411
326403,325860
326403,326412
326403,326413
326403,326414
326403,326415
326403,326416
326403,326417
326403,326418
326403,326419
326403,325861
326403,326420
326403,326421
326422,325655
326216,326423
326216,326424
326425,326426
326425,326427
326428,326429
326430,325590
326431,325590
326432,326433
326403,326434
326432,326435
326432,326432
326432,326436
326432,326437
326432,326438
326432,326439
326432,326440
326441,326442
326443,325590
326432,326444
326403,326445
326403,325931
326403,326446
326403,325951
326403,326447
326403,326448
326403,325955
326403,326449
326403,326230
326403,326450
326403,326451
326403,326180
326403,326452
326403,326229
326403,325847
326403,326453
326403,326454
326341,326455
326341,326456
326341,326457
326341,326020
326403,325885
326403,325840
326403,326458
326403,326459
326403,326460
326403,326461
326403,326462
326403,326273
326403,326463
326403,326464
326403,325913
326403,325834
326403,326300
326403,326306
326403,326314
326403,326465
326403,326466
326403,326277
326403,326184
326403,326189
326403,326467
326403,326191
326403,326166
325831,326420
326164,326468
326041,326143
326041,326469
326470,326471
326470,326472
326470,326473
326470,326474
326470,326475
326470,326476
326470,326477
326470,325721
326470,326478
326470,326479
326470,326480
326470,326481
326470,326482
326470,326483
326470,326484
326470,326485
326470,326486
326470,326487
326470,326488
326470,326489
326470,326490
326470,326491
326492,326493
326492,326494
326492,326495
326492,326496
326492,326497
326492,326498
326492,326499
326492,326500
326470,326501
326492,326502
326492,326503
326470,326504
326470,326505
326470,326506
326470,326507
326470,326508
326470,326509
326470,326510
326492,326511
326492,326512
326470,326513
326470,326514
326470,326515
326470,326516
325820,325632
326517,326518
326517,325999
326053,326519
326520,325999
326521,326522
326470,326523
326521,325999
326524,326525
326524,326526
326524,326527
326528,326529
326530,326070
326530,326531
326530,326532
326530,326533
326521,326520
326470,326534
326470,326535
326470,326536
326470,326537
326470,326145
326470,326538
326470,326539
326470,326110
326470,326540
326470,326541
326470,326542
326470,326543
326470,326544
326470,326545
326470,326546
326470,326547
326470,326548
326470,326549
326470,326550
326470,326551
326470,326552
326470,326553
326554,326555
326492,326556
326557,325999
326558,326559
326558,326442
326558,326560
326558,326561
326562,326563
326562,326080
326562,326564
326562,326066
326558,326565
326562,326566
326562,326567
326562,326051
326562,326568
326562,326054
326562,326057
326562,325624
326562,326145
326562,326569
326562,326062
326562,326570
326558,326571
326572,326573
326362,326574
326362,326575
326362,326576
326362,326577
326362,326578
326362,326579
326362,326580
326362,326581
326572,326582
326362,326583
326362,326400
326362,326342
326584,326585
326584,326362
326586,326066
326586,325814
326586,326054
326572,326587
326362,326588
326589,325678
326562,326590
326562,326591
326592,326068
326592,326593
326592,326594
326592,326595
326592,325655
326592,326497
326592,326596
326592,326597
326592,326598
326592,326022
326592,326599
326592,326342
326592,326600
326601,326602
326601,326603
326601,325999
326604,326605
326604,326606
326592,326607
326562,326608
326592,326609
326592,325614
326610,326141
326597,326611
326597,325655
326597,326612
326597,325657
326597,326613
326597,326597
326597,326614
326592,325666
326597,326615
326597,326616
326597,326617
326597,325661
326597,326618
326597,326619
326597,326620
326592,325684
326592,326621
326597,326622
326554,326345
326554,326042
326554,326623
326045,326624
326045,326625
326045,326080
326045,326626
326045,326627
326045,326082
326045,326066
326045,326062
326045,326083
326045,326061
326045,326628
326045,326629
326045,326054
326045,326057
326045,326143
326045,326145
326045,326630
326045,326569
326045,326631
326045,326632
326045,326103
326045,326147
326633,325657
326633,325654
326634,325632
326635,326606
326635,326636
326635,326518
326635,326637
326635,326638
326045,326639
326635,326640
326062,326080
326062,326066
326061,325814
326061,326641
326045,326118
326045,326142
326045,326144
326045,326146
326062,326624
326633,325675
326045,326642
326045,326643
325680,326644
325680,326628
325680,326629
325680,326054
325680,326057
325680,326143
325680,326145
325680,326630
325680,326045
325680,326569
325680,326642
325680,326645
325680,326643
325680,326646
325680,326647
325680,326648
325680,326649
325680,326650
325680,326632
326045,326645
325680,326631
325680,326062
326045,326646
326045,326647
326045,326648
326045,326649
326045,326650
326045,325681
326045,326651
326045,326652
325680,326061
326045,326148
326045,326653
325680,326083
325680,326624
325680,326625
325680,326080
325680,326626
325680,326082
325680,326066
326045,325680
326633,325674
326633,325665
326654,326151
326655,326656
326657,326066
326657,326519
326658,325632
326658,325642
326659,326660
326659,326661
326659,326469
326655,326662
326659,326659
326659,326663
325709,325684
325709,325793
326664,326665
326664,326666
326667,325999
326667,326668
326669,326509
326659,326670
326671,326672
326673,326674
326675,326676
326554,326677
326554,326678
326554,326679
326554,326162
326554,326680
326554,326681
326554,326682
326554,326683
326675,326684
326554,326685
326554,326686
326554,326687
326554,326688
326689,326690
326675,326691
326675,326692
326675,326693
326675,326694
326554,326695
326696,326697
326696,326663
326696,326646
326616,326698
326616,326699
326616,326700
326616,326701
326616,326702
326616,326703
326616,326704
326616,326705
326616,326706
326616,326707
326708,326066
326708,326709
326708,326710
326711,325684
326711,325661
325636,325632
325636,326634
326712,326151
326616,326713
326616,326401
326616,326714
326616,326614
326509,326715
326616,326716
326616,326025
326616,326509
326616,326717
326616,326718
326616,326593
326616,326719
326616,326720
326616,326721
326616,326722
326616,326594
326616,325542
326616,326723
326616,326724
326616,326725
326616,326726
326616,326727
326616,326585
326362,326728
326041,326729
326362,326730
326362,326731
326732,326733
326732,325655
326732,326734
326732,326735
326732,326071
326732,326736
326732,326737
326732,326738
326732,326739
326732,326740
326732,325664
326732,326741
326732,326742
326732,326743
326732,326680
326732,326744
326732,325590
326732,326622
326732,326745
326732,326746
326732,326747
326732,326748
326732,326042
326732,325618
326732,326677
326732,326749
326732,326750
326732,326751
326732,325651
326732,326752
326732,326426
326732,326753
326732,326754
326732,325652
326732,326755
326732,326756
326732,326757
326732,326054
326732,326758
326732,326759
326732,326760
326732,326761
326732,326762
326732,326763
326757,326764
326757,326765
326766,325814
326766,326767
326766,326768
326769,326770
326769,326771
326769,326772
326757,326744
326769,326773
326774,326775
326776,326777
326778,326779
326778,326677
326778,326780
326778,326679
326778,326781
326778,326782
326769,326424
326732,325661
326757,326735
326757,326755
326732,326783
326732,326784
326732,326646
326732,326785
326732,326786
326732,326787
326732,326788
326732,326789
326757,325655
326732,325649
326732,326790
326732,326791
326732,326792
326732,326764
326732,326793
326732,326765
326757,326563
326757,326042
326732,326794
326778,326795
326732,325666
326732,326796
326041,326797
326041,325993
326041,326798
326041,326799
326041,326800
326041,326801
326041,326802
326041,326651
326041,326646
326041,326803
326041,326804
326041,325680
326041,326639
326041,326805
326041,326806
326041,326807
326041,326808
326041,326103
326041,326148
326041,325814
326041,326809
326041,326810
326041,326811
326041,326812
326041,326813
326041,326144
326041,326569
326041,326814
326041,326815
326041,326816
326041,326817
326041,326606
326041,326670
326041,326818
326041,326819
326041,326820
326041,326821
326041,326146
326041,326822
326041,326823
326041,326824
326732,326825
326041,326826
326041,326827
326740,325664
326740,326828
326740,325661
326740,325662
326740,326786
326740,326787
326740,326791
326740,326829
326740,325655
326740,326764
326732,326083
326732,326830
326732,326563
326732,326831
326732,326832
326732,325614
326732,326833
326732,326611
326740,326834
326041,326835
326740,326755
326740,325618
326041,326836
326837,326838
326839,326840
326839,326519
326839,326841
326839,326842
326839,326843
326839,326844
326740,326751
325996,325655
326845,325999
326588,326400
326588,326620
326426,326845
326426,326846
326426,326847
326426,326848
326426,326849
326845,325996
326778,326850
326778,326851
326852,325734
326853,326854
326853,326855
326853,326856
326853,326857
326853,326858
326853,326859
326853,326141
326853,326860
326853,326861
326853,326862
326853,326863
326853,326864
326853,326865
326853,326866
326867,326868
326867,325590
326869,326870
326871,326691
326853,326872
326871,326873
326853,326874
326853,326875
326876,326062
326876,326877
326878,325814
326878,326879
326878,326048
326880,325814
326880,326048
326880,326721
326853,326881
326880,326469
326880,326878
326880,326802
326854,326882
326853,326883
326853,326884
326853,326885
326853,326886
326853,326887
326880,326809
326876,326608
326871,326692
326871,326694
326362,326888
326362,326584
326362,326889
326362,326890
326362,326891
326362,326892
326362,326402
326362,326893
326362,326894
326362,326895
326362,326896
326362,326897
326362,326898
326362,326899
326362,326900
326362,326901
326362,326902
326362,326903
326362,326904
326871,326871
326362,326020
326362,326457
326871,326022
326871,326675
326871,326684
326871,326676
326362,326341
326362,326905
326362,326906
326362,326907
326362,326721
326362,326455
326362,326908
326362,326909
326362,326910
326362,326911
326362,326456
326362,326912
326362,326913
326362,326914
326362,326915
326916,326870
326917,326918
326919,325733
326920,326921
326920,326922
326920,326923
326920,326924
326920,326925
326920,326926
326920,326927
326920,326928
326920,326929
326920,326930
326920,326931
326920,326932
326920,326933
326920,326934
326920,326935
326920,326936
326920,326937
326920,326938
326920,326939
326920,326940
326920,326941
326920,326942
326852,326943
326920,326944
326920,326945
326920,326946
326920,326947
326920,326948
326920,326949
326920,326950
326920,326951
326920,326952
326920,326953
326920,326954
326920,326955
326920,326956
326920,326957
326920,326958
326920,326959
326920,326960
326920,326961
326920,326962
326920,326963
326920,326964
326965,326966
326965,326967
326965,325632
326965,326968
326965,326969
326965,326970
326965,326823
326965,326769
326965,326971
326965,326972
326965,326848
326965,326973
326919,326974
326919,326658
326919,326975
326919,326976
326919,325632
326919,325642
326965,326774
326965,326162
326965,326497
326965,326496
326920,326977
326920,326978
326920,326979
326920,326980
326920,326981
326920,326982
326920,326983
326920,326984
326920,326985
326920,326986
326920,326987
326988,326989
326990,326442
326965,326991
326965,326345
326965,326992
326965,326993
326965,326994
326965,326995
326362,326996
326164,326997
326164,325828
326164,326998
326999,327000
326999,325666
326999,327001
327002,327003
327002,327004
327002,325623
327002,325622
327002,325621
326999,327005
327002,325620
327002,326345
327002,325614
327002,325615
327006,326585
327007,326424
327007,326342
327007,327008
327007,326773
327002,327009
327007,327010
327011,325684
327011,327012
327013,327014
327013,327015
327013,327016
327013,327017
327013,327018
327013,327019
327013,327020
327013,327021
327011,325661
327013,327022
327013,326908
327013,327023
327013,327024
327025,327026
327025,327027
327025,326442
327011,327028
327011,325683
327013,327029
327013,327013
327007,327030
327007,326989
326114,327031
327032,326972
327032,327033
327032,327034
327032,326370
327035,327036
327037,327038
325710,325698
326114,327039
325710,325684
327040,327041
327040,326823
327040,326519
327040,326606
327040,326811
327040,326048
327040,326082
327040,327042
327043,326677
327007,326617
326114,326677
326114,327044
327007,326614
327007,326596
327007,326497
327007,326594
327007,326593
327007,326993
327007,325734
327007,327045
326114,327046
326989,327047
325693,325684
327044,327048
327044,326114
327044,327046
327044,326677
327048,326677
326114,326806
326114,327048
326989,327049
327040,326078
327013,327050
327013,327051
326904,327052
326904,327053
326904,327054
326904,326679
326904,327055
326904,327056
326904,327057
326904,327058
326904,326754
326904,326677
326904,327059
326904,327060
326904,327061
326904,327062
326904,325683
326904,327063
326904,327064
326904,327065
326904,326609
326904,327066
326904,327067
326904,326595
326904,327068
326904,327069
326904,327070
326904,326783
326904,327071
326904,327072
326904,326622
326904,326615
326904,327073
326904,326614
326904,327074
326904,327075
326904,327076
326904,327077
326904,327078
326904,326069
326904,327079
326904,326747
326904,326741
327013,327080
326904,327081
326904,325684
325666,327082
325666,327083
325666,325590
325666,326022
325676,325590
327013,327084
327013,327025
327013,327085
325666,327000
327013,327086
327013,327087
327013,327088
327013,327089
327013,327090
327013,327091
327013,327002
327013,327092
327013,327093
327013,327094
326904,327095
325665,326431
325665,326024
326904,327096
326904,327097
326009,325734
327098,325655
327098,327099
327098,326611
327087,327100
327087,327101
325665,327102
327087,327103
327104,327105
325660,325590
325658,325590
325657,325590
325654,325590
325652,325590
325651,325590
325665,325590
327104,326054
327040,326076
327040,326083
327040,327106
326066,327107
327108,326066
326666,325994
326666,327109
326666,327110
326666,327111
326666,327112
326666,326624
326066,326849
326666,327113
326666,326705
326666,327114
326666,327115
326666,327116
325994,325999
325994,326014
325994,325996
326801,325814
326666,325811
327117,326529
326066,327118
326066,326518
326716,327119
326066,327108
326066,326039
326066,326148
326066,326053
326066,326811
326066,326469
326066,326657
326066,327120
326066,326045
326066,326080
326066,326624
326066,326054
326066,326847
326066,327121
326066,326708
326066,327122
326066,327123
326066,326062
326716,327124
327117,327125
327117,327126
327127,327128
327127,327129
327127,326823
327127,327130
327127,327131
327127,327132
327127,327133
327127,327134
327127,327135
327127,327136
327127,327137
327127,327138
327127,327139
327127,327140
327127,326684
327127,327141
327127,327142
327127,326607
327127,327143
327117,327144
327127,327145
327127,327146
327147,327148
327147,327149
327127,327150
327127,327151
327127,327152
327127,327153
327127,327154
327127,327155
327127,327156
327127,327157
327127,327158
327127,327041
327127,327159
327127,327160
327127,327161
327127,327162
327127,327163
327127,327164
327127,327165
326716,327166
326716,326568
327167,326051
327168,327169
327168,327170
326967,326529
326529,327171
326529,327172
326529,327173
326529,327174
326529,327175
327168,327084
326529,327176
326529,327177
326529,327178
326529,327179
326529,326967
326529,327180
326529,326870
326529,325988
326529,327181
326529,327038
326529,327182
327169,327168
325633,325646
327041,325999
326811,326764
326048,326802
326048,326801
326048,325814
326083,325999
326083,326370
327183,327183
327169,327084
327184,327184
325633,327185
325633,325642
325633,327186
325633,325632
325633,327187
325633,327188
325633,327189
325633,327190
325633,327191
326529,327192
326529,327193
326529,327194
325814,325811
326729,326059
326729,325814
325715,327195
325715,325710
325715,325798
325715,325684
326442,326043
325814,326048
326442,327025
326442,327196
326442,327084
326442,327197
326442,327198
326043,326442
326043,327199
326043,326812
327167,326442
326442,326990
325814,326821
325814,326801
325814,326802
326529,327200
325999,327201
325999,327041
325999,327202
325999,327203
327204,325814
325814,326767
325814,327205
325814,327206
325814,327207
325814,327109
325814,327208
325814,326061
325814,326606
325814,326076
325814,327209
325814,326082
325814,327210
325814,326878
326904,327211
327127,327212
326904,327213
326904,327214
327215,327033
327215,327216
327215,327217
327215,326943
327215,327218
327215,327219
327215,325731
327215,327220
327215,326585
327215,326402
327215,326727
327215,327221
327215,327222
327215,327223
327215,327224
327215,326918
327215,327225
327215,327226
327215,327227
327215,325811
327215,327228
327215,327229
327215,326698
327215,327230
327215,327231
327215,326634
327215,327232
327215,327233
327215,326617
327215,326616
327215,326614
327215,327234
327215,326706
327215,326852
327215,327235
327215,327236
327215,326714
327215,327237
327215,327238
327215,327239
327215,327240
327215,327241
327215,327242
327215,327243
327215,327244
327215,326457
327215,326914
327215,326719
327215,327202
327215,327245
327215,327203
327215,327246
327215,326720
327215,327247
327215,326655
327215,326593
327215,326718
327215,327248
327215,325728
327215,327249
327215,327250
327215,327251
327215,326664
327215,326726
327215,326722
327215,327252
327215,326889
327215,327253
327215,327254
327215,327255
327215,327256
327215,326725
327215,327257
327215,327258
327215,327259
327215,327260
327215,326724
327215,326602
327215,327261
327215,326894
327215,326723
327215,325542
327215,326020
327215,325729
327215,326605
327215,327034
327215,327262
327215,325817
326859,327263
326859,327264
326859,327265
326859,327266
326859,326860
326859,327033
326859,327267
326859,327268
326859,327215
326859,326861
326859,327269
326859,327270
326859,327271
326859,327272
326859,326881
326859,325728
326859,326885
326859,326884
326859,327273
326859,326883
326859,326866
326025,327274
325632,327275
325632,327276
325632,327277
325632,326634
325632,326965
325632,326658
325632,327278
325632,325652
326859,327279
325632,327280
325632,326518
325632,327281
327282,327283
327282,326662
326662,327284
326025,327285
326025,327286
326025,327287
325632,325995
327215,326699
327215,326583
327215,327288
327215,326730
327215,327289
327215,326703
327215,327290
327215,327291
327215,327292
327215,327293
327215,327294
327215,327295
327215,326903
327215,327296
327215,326702
327215,327010
327215,325775
327215,327283
327215,326701
327215,326656
327215,326700
327215,327297
327215,326620
327215,327298
327215,326342
327215,326581
327215,327299
327215,327300
327215,327301
327215,327302
327215,326603
327215,326579
327215,326713
327215,325719
327215,326578
327215,326776
327215,327303
327215,326878
327215,327304
327215,326576
327215,327305
327215,326705
327215,326704
327215,327306
327215,326414
327215,326456
327215,326911
327307,327308
327307,327309
327307,327310
327307,327311
327307,327312
327307,327313
327307,327314
327307,327315
327307,327316
327307,327317
327307,327318
327307,327319
327307,327320
327307,327321
327307,327322
327307,327323
327307,327324
327307,327325
327307,327326
327307,327327
327307,327328
327307,327329
327330,327331
325804,327332
325804,325683
325804,325684
326775,325671
325734,326009
327333,326152
326677,327307
327307,327334
326677,327043
326677,327335
326677,327336
326677,325662
326677,325655
327307,327337
327307,327338
327307,327339
327307,327340
326677,327048
326437,327341
327307,327342
327307,327343
327307,327344
326614,326904
326614,327345
326614,327346
326904,326847
326904,327347
326904,327348
326904,327349
327307,327350
326904,327351
326904,327352
326904,327353
326904,327354
326904,327355
326904,327356
326904,326342
326904,327357
326904,327358
326904,327335
327307,327359
327307,327360
327307,327361
327307,327362
327307,327363
327307,327364
327307,327365
327307,327366
327307,327367
327307,327368
327307,326679
327307,327369
327307,327370
327307,327371
327307,327372
327307,327373
327307,326677
327307,327374
327307,327375
327307,327376
327307,327377
327307,327378
326437,327379
326437,327380
326437,327381
327215,327382
327215,326601
327215,327383
327215,327384
327215,326906
327215,326905
327215,326662
327215,327385
327215,327386
327215,327387
327215,326429
327215,326105
327215,327388
327215,326588
327215,326141
327389,326841
327389,326596
327389,325655
327215,327390
327389,327391
327215,326716
327215,327392
327215,327393
327215,327394
327215,327395
327215,327396
327215,327397
327215,325734
327215,326910
327215,326717
327215,326392
327215,326407
327215,327398
327215,326509
327215,325727
327215,326025
327215,327399
327215,327400
327215,326638
327215,326455
327215,326370
326596,325655
327401,327402
327401,327160
327403,327019
327084,327404
327084,327405
327084,327406
325818,325655
327407,327408
327407,327409
327407,327410
327403,327084
327407,327411
327407,327412
327407,326437
327407,327413
327407,327414
326437,327415
326437,327416
326437,327417
326437,327418
327407,327419
325678,325628
325678,325670
325627,325626
327401,327420
327401,325655
327401,326611
327401,326999
327401,327102
327160,325655
327085,327421
327085,325673
327085,327422
327085,327423
327085,325627
327085,327424
327085,327425
327085,327426
327085,325678
327085,327427
327085,327085
327085,327428
327085,327429
326904,326788
327127,327430
327127,327431
327127,326022
325997,325999
325997,327432
327433,327434
327433,327435
327433,327436
327433,327437
327433,326663
327433,327438
327439,327429
327433,327440
327433,327441
327433,327442
327433,327443
327433,327444
327433,327445
327433,327446
327433,327447
327433,327448
327433,327449
327433,327450
327451,326606
327452,327453
327353,326612
327353,326747
327353,327053
327353,327454
326612,327145
327455,327456
327455,327455
327455,327452
325648,325632
327455,326066
327455,327457
327455,327458
327455,326791
327452,326791
327452,327459
327452,327460
327452,327455
327452,326066
327455,327453
327353,327461
327433,327462
327433,327463
327464,325590
327465,325655
327465,327466
327467,327468
327469,327470
327469,327471
327472,327473
327472,327474
325680,326148
327472,326003
327475,327476
327475,326611
327475,327477
327475,327478
327475,327479
327475,327480
327475,327481
327475,327482
327475,327483
327433,327484
325680,326653
327485,327486
327433,327487
327433,327488
327433,327489
327433,327490
327433,327491
327492,327493
327492,326020
327494,327495
327485,327496
327494,326823
327494,326076
327497,325678
327496,327498
327496,325632
327496,327485
327496,327486
327485,327498
327485,325632
327494,325814
327475,327499
327353,325661
327205,325814
327500,327501
327500,327502
327274,326662
327503,327504
327503,327505
327503,327506
327503,327507
327503,327508
327500,327509
327503,326532
327503,327510
327503,327511
327503,327512
327503,326607
327503,327430
327503,327513
327503,327514
327503,326022
327503,327515
327503,327516
327500,327517
327500,327518
327500,327519
327500,327520
327500,327521
327500,327522
327500,327523
327500,327524
327500,327525
327500,327526
327500,327527
327500,327528
327500,327529
327500,327530
327500,327531
327500,327532
327500,327533
327500,327534
327500,326693
327500,327535
327500,327536
327537,327538
327503,327539
327503,326102
327503,327540
327503,327541
327503,327542
327503,327478
327503,327543
327503,327544
327503,325666
327503,327127
327503,327545
327503,327546
327516,326022
327516,327547
327516,327541
327516,326607
327548,326068
327540,326022
327540,327549
327205,327550
327503,327082
327503,327549
327503,326068
327503,327551
327503,325664
327503,327552
327503,326737
327503,327553
327503,327554
327503,326070
327503,327555
327503,327556
327503,327083
327503,327557
327503,326759
327503,327558
327503,327559
327503,325652
327503,326091
327503,326995
327503,326090
327503,327548
327503,327560
327475,326749
327475,326760
327475,327561
326164,327562
326164,327563
326164,327564
326164,326369
326164,326412
326164,327565
326164,327566
326164,326414
326164,327567
326164,327568
326164,327569
326164,327570
326164,327571
326164,327572
326164,327573
326164,327574
326164,327575
326164,327576
326164,327577
326164,327578
326164,327579
326164,326410
326164,327580
326164,325856
326164,327581
326164,327582
326164,325741
326164,326407
326164,327583
326164,327584
326164,327585
326164,327586
326164,327587
326164,327588
326164,327589
326164,327590
326164,327591
326164,327592
326164,327593
326164,327594
326164,327595
326164,326406
326164,327596
326164,327597
326164,327598
326164,327599
326164,327600
326164,327601
326164,327602
326164,327603
326164,325931
326164,327604
326164,327605
326164,327606
326164,327607
326164,327608
326164,327609
326164,327610
326164,327611
326164,327612
326164,327613
326164,327614
326164,327615
326164,327616
326164,327617
326164,327618
326164,327619
326164,327620
326164,327621
326164,327622
326164,326418
326164,327623
326164,327624
326164,327625
326164,327626
326164,327627
326164,327628
326164,326420
326164,327629
326164,327630
326164,327631
326164,327632
326164,327633
326164,327634
326164,327635
326164,327636
326164,327637
326164,326404
327475,327638
327475,325616
327475,327639
327475,327640
327641,325655
327642,326838
327643,327644
327643,327645
327475,327646
327643,327647
327643,327648
327643,325590
327643,325659
327643,327649
327643,327145
327643,327650
327643,326618
327643,327651
327643,327652
327643,327653
327475,327654
327475,327655
327475,327656
327475,327657
327475,327099
327475,326759
327475,325655
327475,326486
327475,327658
327475,327659
327475,327660
327475,326613
327475,327661
327475,327662
327475,326615
327475,326622
327475,327663
327475,327098
327475,325659
327475,327664
327475,327665
327643,327666
327643,325613
327643,327151
327667,327668
327667,327669
327667,327670
327667,327671
327667,327672
327667,327673
327667,327674
327667,327468
327667,327675
327667,327676
327677,327678
326164,327679
326164,327680
326164,326411
326164,327681
326164,327682
326164,327683
326164,327684
327685,325590
327667,327686
327667,326437
327667,327687
327688,326016
327689,327652
327689,325590
327690,327652
327690,325590
327691,326068
327691,325650
327691,326597
327691,327692
327691,325660
327693,327694
327693,325590
327695,327694
327695,325590
327696,326020
327696,327697
327698,325987
327667,327418
327667,327699
327500,327700
327500,327701
327500,327702
327500,327703
326022,327704
326022,327541
326022,327705
326022,326070
326022,327082
326022,327706
326022,327552
326022,327707
326022,326737
326022,326021
326022,327549
326022,326675
326022,326694
326022,326871
326022,327708
326022,327709
326022,327710
326022,327540
326022,327137
326022,327151
326022,327430
326022,327711
326022,327712
326022,326684
326022,327142
326022,326607
326022,327713
326022,327714
326022,327715
326022,327716
326022,327717
326022,327718
326022,327719
326022,325666
326022,327720
326022,327127
326022,325614
326022,327645
326022,326083
326022,327721
326022,326068
326022,327145
326022,327152
326022,327154
326022,327140
326022,327512
326022,327141
326022,327212
326022,327722
326022,327723
326022,327648
326022,327724
326022,327139
326022,327725
326022,327726
326022,327727
326022,327728
326022,327729
326022,327730
326022,327731
326022,327732
326022,327733
326022,326102
326022,327153
326022,327138
326022,327136
326022,327157
326022,327165
326022,327158
326022,327159
326022,327161
326022,327162
326022,327164
326022,327146
326022,327143
326022,327156
326022,327734
326022,327128
326022,326823
326022,327735
326022,327130
326022,327131
326022,327132
326022,327134
326022,327736
326022,327160
326022,327150
327430,326022
327127,327737
327127,327738
327127,327739
327127,327740
327127,327741
327127,327714
327127,327742
327127,327715
327127,327743
327127,327744
327127,327745
327127,327746
327127,327716
327127,326593
327127,327747
327127,327748
327127,327749
327127,327750
327127,327704
327127,327751
327127,327752
327127,327753
327127,327722
327127,327723
327127,327648
327127,327724
327127,327725
327127,327549
327127,327552
327127,327726
327127,325654
327127,326737
327127,327729
327127,327730
327127,327731
327127,327754
327127,327732
327127,326694
327127,327733
327127,326070
327127,327728
327127,327718
327127,326068
327127,327755
327127,327042
327127,327756
327127,327645
327127,327757
327127,327644
327127,327758
327127,326083
327158,325811
327127,327759
327143,327760
327137,327715
326607,326684
326607,327142
326607,326022
326607,326068
326607,327708
326607,327127
326607,327709
327137,326022
327127,325614
327127,327761
327127,327762
327127,327763
327127,325619
327127,327547
327127,327719
327127,327764
327127,327541
327127,327765
327127,327766
327127,327708
327127,327767
327127,327705
327127,327768
327127,327040
327127,327769
327127,327720
327127,327127
327127,327709
327127,327770
327127,327771
326022,325654
325680,326651
326022,327752
326022,327737
327772,327522
327772,327773
327772,327774
327772,327775
327772,327776
327772,327524
327772,327777
327772,327525
327772,327778
327772,327779
327772,327529
327772,327780
327772,327781
327772,327531
327772,327782
327772,327783
327772,327532
327772,327533
327772,327536
327772,327534
327772,327784
327772,327785
327772,327786
327772,327787
327772,327788
327772,327789
327772,327790
327772,327791
327772,326022
327772,327792
327772,327521
327772,327500
327772,327793
327772,327702
327772,327701
327772,327794
327772,327700
327772,327795
327772,327519
327772,327520
327772,327796
327772,327797
327772,326693
327772,327518
327500,327798
327500,327799
327500,327800
327500,327801
327500,327802
327500,327803
327500,327804
327500,327805
327500,327806
327500,327797
327500,327788
327500,327790
327500,327791
327500,326022
327500,327792
327500,327772
327500,327796
327500,327793
327500,327807
327772,327535
327500,327808
327500,327809
327772,327517
327772,327810
327772,327811
327772,327812
327772,327813
327772,327814
327772,327509
327772,327501
327500,327815
327772,327502
327500,327816
327500,327817
327500,327818
327500,327819
327500,327820
327500,327821
327500,327822
327500,327823
327500,327824
327772,327804
327772,327803
327772,327802
326022,327759
326022,327756
326022,327757
326022,327644
326022,327758
326022,327825
326022,327826
327723,327827
326022,327761
327549,326022
326737,326784
326737,326607
326737,326022
326737,327539
326737,326759
326737,326756
326737,327551
326737,326068
327552,326022
326737,327127
326022,327762
326022,327770
326022,327739
326022,327740
326022,327741
326022,327742
326022,327745
326022,327746
326022,327828
326022,327751
326022,327771
326022,327755
326022,327829
326022,327830
326022,327764
326022,327765
326022,327766
326022,327542
326022,327767
326022,327769
326022,327763
326737,327546
326737,326830
327718,327831
327772,327832
327772,327816
327772,327833
327772,327817
327772,327818
327772,327819
327772,327820
327772,327821
327772,327824
327772,327822
327772,327808
327772,327834
327772,327806
327772,327835
327772,327836
327772,327798
327772,327837
327772,327801
327772,327815
327838,327839
327838,327840
327838,327841
327718,327842
326068,326607
326068,326022
327765,326848
327765,327135
327765,326607
327765,327549
327765,326070
327765,326068
327765,325666
327708,326684
327708,326675
327708,326022
327708,326694
327708,327709
327708,326871
327708,326692
327708,326873
327708,326691
326022,327743
327040,327160
