331883,331884
331883,331885
331883,331886
331883,331887
331883,331888
331883,331889
331883,331890
331883,331891
331883,331892
331883,331893
331883,331894
331883,331895
331883,331896
331883,331897
331883,331898
331883,331899
331883,331900
331883,331901
331883,331902
331883,331903
331883,331904
331883,331905
331883,331906
331883,331907
331883,331908
331883,331909
331883,331910
331883,331911
331883,331912
331883,331913
331883,331914
331883,331915
331883,331916
331883,331917
331883,331918
331883,331919
331883,331920
331883,331921
331883,331922
331883,331923
331883,331924
331883,331925
331883,331926
331883,331927
331883,331928
331883,331929
331883,331930
331883,331931
331883,331932
331883,331933
331883,331934
331883,331935
331883,331936
331883,331937
331883,331938
331883,331939
331940,331941
331883,331942
331883,331943
331883,331944
331883,331945
331883,331946
331883,331947
331883,331948
331883,331949
331883,331950
331883,331951
331883,331952
331883,331953
331883,331954
331883,331955
331883,331956
331883,331957
331883,331958
331883,331959
331883,331960
331883,331961
331883,331962
331883,331963
331883,331964
331883,331965
331883,331966
331883,331967
331883,331968
331883,331969
331883,331970
331883,331971
331883,331972
331883,331973
331883,331974
331883,331975
331883,331976
331883,331977
331883,331978
331883,331979
331883,331980
331883,331981
331883,331982
331883,331983
331883,331984
331883,331985
331883,331986
331883,331987
331883,331988
331883,331989
331883,331990
331883,331991
331883,331992
331883,331993
331883,331994
331995,331994
331883,331996
331883,331997
331883,331998
331883,331999
331883,332000
331883,332001
331883,332002
331883,332003
331883,332004
331883,332005
331883,332006
331883,332007
331883,332008
331883,332009
331883,332010
331883,332011
331883,332012
331883,332013
331883,332014
331883,332015
331883,332016
331883,332017
332018,332019
331883,332020
332018,332021
332018,332022
332018,332023
332018,332024
332018,332025
332018,332026
332018,332027
332018,332012
332018,332028
332018,332029
332018,332030
332018,332031
332018,332032
332018,332033
332018,332034
332018,332035
332018,332036
332018,332037
332018,332038
332018,332039
332018,332040
332021,332041
332021,332042
332021,331956
332021,332043
332021,332044
332021,331888
332021,332045
332021,331911
332021,332017
332021,332046
332021,332047
332021,332048
332021,332049
332021,332050
332021,332051
332021,332052
332021,332053
332021,332054
332021,332055
332021,332056
332018,332057
332018,332056
332018,332058
332018,332059
332018,332060
332018,332061
332018,332062
332018,332063
332018,332064
332018,332065
332018,332066
332018,332044
332018,332067
332018,332068
332018,332069
332018,332070
332018,332071
332018,332072
332018,331949
332018,332073
332018,332074
332018,332075
332018,332076
332018,332077
332018,332078
332018,332079
332018,332080
332018,332081
332018,332082
332018,332083
332018,332084
332018,332085
332018,332086
332018,332087
332018,332088
332018,332089
332018,332090
332018,332091
332018,332092
332018,332045
332018,332093
332018,332094
332018,332095
332018,332096
332021,332009
331883,332097
332021,332010
332021,331982
331883,332098
331883,332099
331883,332100
331883,332101
331883,332102
331883,332052
331883,332103
331883,332104
331883,332105
331883,332106
331883,332107
331883,332108
331883,332109
331883,332110
331883,332111
331883,332053
331883,331995
331883,332112
331883,332113
331883,332114
331883,332050
331883,332115
331883,332047
331883,332056
331883,332116
331883,332117
331883,332118
331883,332119
331883,332120
331883,332048
331883,332121
331883,332122
331883,332123
331883,332124
331883,332125
331883,332126
331883,332127
331883,332128
331883,332129
331883,332130
331883,332131
331883,332132
331883,332133
331883,332134
332021,332018
332021,332094
332021,332135
332021,332136
332021,332137
332021,332138
332021,332139
332021,332140
332021,332062
332021,332034
332021,332141
332021,332142
332021,332143
332021,332144
332021,332145
332021,332146
332021,332147
332021,332148
332021,332149
332021,332066
332021,332150
332021,332151
331883,332055
331883,332152
331883,332153
331883,332154
331883,332155
331883,332156
331883,332148
331883,332157
331883,332046
331883,332158
331883,332159
331883,332160
332018,332161
331883,332162
331883,332163
331883,332164
331883,332165
331883,332166
331883,332167
332021,331999
332018,332168
332169,332170
331940,332171
332169,332172
332169,332173
332169,332174
332169,332175
332169,332176
332169,332177
332169,332178
332169,332179
332169,332180
332169,332181
332169,332182
332169,332183
332169,332184
332169,332185
332169,332186
332169,332187
332169,332188
332169,332189
332169,332190
332169,332191
332169,332192
332169,332193
332169,332194
332169,332195
332169,332196
332169,332197
332169,332198
332169,332199
332169,332200
332169,332201
332169,332202
332203,332204
332203,332205
332203,332206
332203,332207
332203,332208
332203,332209
332203,332210
332203,332211
332203,332212
332203,332213
332203,332214
332203,332215
332203,332216
332169,332217
332203,332218
332203,332219
332203,332220
332203,332221
332203,332222
332203,332223
332203,332224
332203,332225
332203,332226
332203,332227
332203,332228
332229,332230
332231,331984
332232,332233
332203,332234
332169,332235
332169,332236
332169,332237
332238,332239
332238,332240
332210,332203
332240,332241
332240,332242
332212,332243
332212,332244
332212,332245
332212,332203
332215,332203
332216,332246
332247,332248
332247,332249
332207,332145
331894,331954
331894,332250
331894,332251
331894,332252
331894,332253
331894,332254
332123,331984
332123,332255
332123,331959
332123,331917
332123,331918
332123,331894
332123,332256
332123,332126
331894,332123
332203,332257
332207,332258
332207,332138
332169,332259
332169,332260
332169,332261
332169,332262
332169,332263
332169,332264
332169,332265
332169,332266
332169,332267
332169,332268
332169,332269
332169,332270
332169,332271
332207,332272
332169,332273
332169,332274
332169,332275
332169,332276
332277,332278
332279,332233
332279,332280
332281,332282
332283,332223
332283,332203
332284,332203
332285,332224
332285,332203
332207,332207
332169,332286
332123,332103
332203,332285
332203,332284
332012,332132
332012,332053
332012,332052
332012,332127
332012,332048
332012,332047
332012,332017
332012,331911
332012,331903
332012,331922
332012,331966
332012,331967
332012,332064
332012,331956
332012,332287
332288,332289
332288,332290
332291,332292
332291,332293
332294,332295
332294,332296
332294,332297
332294,332298
332294,332299
332300,332301
332302,331891
332302,332303
332012,332153
332012,332148
332012,332046
332304,332248
332203,332203
332203,332305
332306,332203
332306,332307
332295,332294
332295,332296
332308,332230
332308,332309
332310,331967
331912,332311
331912,332312
331912,332313
331912,332314
332302,332315
332316,332317
332316,332316
332316,332131
332316,331912
332316,331900
332316,332318
332316,331960
332316,332319
332316,332320
332316,332321
332316,332322
332316,331983
332304,332323
332304,332249
332316,332111
332324,332325
332324,332309
332326,332288
332327,332328
332327,332329
332327,331954
332249,332330
332249,332304
332249,332248
332248,332331
332248,331903
332248,332332
332248,332333
332248,332249
332282,332281
332282,332334
332335,332312
332336,332337
332336,332338
332336,332339
332336,332340
332336,332341
332336,332342
332336,332343
332336,332344
332336,332345
332336,332346
332018,332347
332203,332277
332203,332283
332203,332348
332336,332349
332203,332350
332335,332351
332335,331982
332326,332352
332326,332353
332326,332291
332326,332354
332326,332294
332326,332300
332326,332355
332326,332356
332326,332357
332326,332358
332326,332359
332326,332315
332326,332360
332335,332287
332326,332361
332326,332362
332326,332302
332326,332324
332326,332363
332326,332364
332356,332365
332356,332366
332367,331984
332368,332369
332335,332370
332335,332371
332335,331960
332335,332012
332326,332372
331940,332373
332123,332104
331911,331967
332374,332375
332374,332376
332377,332377
332378,332379
332380,332381
332380,332382
332380,332383
332380,332384
332380,332385
332380,332386
332380,332030
332380,332387
332380,332388
332380,332389
332380,332390
332380,332391
332380,332067
332380,332066
332380,332392
332380,332393
332380,332394
332380,332044
332380,332395
332380,332093
332380,332045
332380,332396
332380,332397
332398,332398
332399,332400
332399,332401
332399,332402
332375,332401
332375,332403
332375,332404
332375,332405
332375,332406
332375,332407
332375,332408
332375,332409
332375,332410
332375,332411
332375,332412
332375,332413
332375,332414
332380,332415
332375,332416
332375,331948
332375,332417
332375,332418
332375,332419
332375,332420
332375,332042
332399,332421
332399,332374
332399,332422
332399,332423
332399,332424
332399,332375
332399,332425
332375,332426
332380,332427
332380,332084
332380,332428
332429,332242
332430,332431
332430,332379
332430,332432
332430,332433
332430,332430
332430,332434
332430,332435
332430,332436
332430,332437
332430,332438
332430,332439
332430,332440
332429,332441
332430,332442
332430,332443
332430,332444
332430,332445
332430,332446
332430,332447
332430,332448
332430,332449
332430,332450
332430,332451
332430,332452
332430,332453
332145,332139
332145,332454
332430,332455
332375,332402
332429,332456
332429,332457
332380,332458
332380,332459
332380,332460
332380,332461
332380,332138
332380,332462
332380,332463
332380,332039
332380,332143
332380,332464
332380,332028
332380,332465
332380,332466
332429,332467
332380,332468
332380,332469
332380,332148
332380,332470
332380,332166
332383,332471
331942,332472
332473,332474
332473,332240
332473,332475
332473,332429
332474,332476
332474,332477
332474,332242
332380,332145
331911,332478
332375,332375
332375,332423
332220,332203
332479,332480
332479,332248
332479,332481
332479,332482
332479,331967
332479,332483
332479,331982
332479,332484
332479,331998
332479,332247
332479,331956
332479,331888
332479,332370
332479,331911
332479,332485
332479,332053
332479,332046
332486,332285
332486,332203
332486,332487
332486,332488
332486,332284
332486,332489
332490,331994
331994,331982
331994,332002
332491,332322
332148,332046
332148,332148
332148,332053
331911,332046
332492,332493
332494,332248
332494,332495
332496,332322
332497,332498
332497,332499
331998,332500
331998,332483
331998,332312
331998,332501
331998,332502
331998,332503
331994,331995
331998,332504
331998,332505
331998,332506
331998,331994
332507,332460
331895,331953
332148,331982
332148,332010
332148,331956
332148,331888
332148,331911
332148,332047
332148,332048
332148,332052
331998,332508
331994,332509
331994,332510
331994,331883
332128,332379
332379,332511
332379,332512
332379,332128
332379,332162
332379,332434
332379,332439
332379,332513
332379,332450
332379,332514
332379,332515
332379,332449
332379,332097
332439,332128
332379,332433
332379,332431
332379,332436
332379,332445
332379,332516
332375,332399
332375,332517
332375,332425
332375,332518
332375,332519
332375,332520
332375,332421
332375,332374
332375,332422
332379,332430
332375,332424
332439,332511
332434,332431
331994,331943
331994,332248
332521,332522
332521,332523
332521,332524
332521,332525
332521,332526
332521,332527
332521,332528
332521,332529
332521,332530
332521,332531
332521,332532
332434,332445
332521,332533
332521,332534
332521,332535
332521,332536
332511,332434
332511,332439
332511,332512
332511,332128
332511,332379
332511,332431
332434,332511
332434,332439
332434,332128
332434,332379
332521,332537
332018,332049
332538,332102
332018,332380
332539,332540
332539,332541
332539,332542
332539,332543
332539,332544
332539,332545
332539,332546
332539,332547
332539,332258
332539,332548
332539,332549
332539,332550
332539,332551
332539,332552
332539,332444
332539,332553
332539,332138
332539,332554
332539,332555
332539,332556
332539,332090
332539,332557
332539,332558
332539,332559
332539,332427
332539,332460
332539,332560
332539,332561
332539,332562
332539,332471
332539,332563
332539,332564
332539,332565
332539,332566
332539,332567
332552,332460
332552,332427
332552,332568
332552,332569
332552,332570
332555,332540
332555,332544
332555,332550
332555,332460
332555,332565
332555,332571
332555,332392
332555,332572
332555,332573
332555,332574
332555,332575
332555,332576
332539,332577
332539,332469
332539,332578
332539,332148
332539,332579
332539,332580
332539,332145
332539,332581
332539,332166
332554,332582
332554,332565
332554,332548
332555,332583
332555,332569
332539,332584
332539,332585
332539,332586
332539,332487
332587,332588
332587,332589
332587,332590
332587,332591
332587,332592
332593,332587
332593,332593
332593,332594
332593,332595
332593,332596
332593,332018
332593,332588
332593,332589
332593,332590
332593,332591
332593,332592
332590,332587
332592,332596
332592,332595
332592,332594
332592,332593
332592,332587
332590,332592
332587,332018
332590,332591
332590,332588
332590,332018
332590,332596
332590,332595
332590,332594
332590,332593
332590,332589
332587,332596
332587,332595
332587,332594
332539,332574
332539,332573
332539,332597
332539,332007
332539,332598
332539,332599
332539,332600
332539,332601
332539,332602
332539,332603
332539,332582
332539,332604
332539,332568
332539,332605
332539,332392
332552,332550
332539,332606
332539,332607
332587,332593
332587,332587
332608,332453
332609,332610
332609,332611
332612,332613
332539,332614
332612,332471
332539,332570
332539,332615
332539,332569
332539,332616
332539,332575
332539,332617
332618,332453
332592,332018
332552,332559
332552,332581
332619,332620
332619,332621
332619,332622
332619,332623
332619,332624
332619,332625
332619,332626
332619,332627
332619,332628
332619,332629
332619,332630
332619,332631
332619,332632
332619,332633
332619,332634
332619,332635
332619,332636
332619,332637
332619,332638
332619,332639
332619,332640
332619,332641
332619,332642
332619,332643
332619,332644
332619,332645
332619,332646
332619,332647
332619,332648
332619,332649
332619,332650
332619,332651
332619,332652
332619,332653
332619,332654
332619,332655
332619,332656
332619,332657
332619,332658
332619,332659
332619,332660
332619,332661
332619,332662
332619,332663
332619,332664
332619,332665
332619,332666
332619,332667
332619,332668
332619,332669
332619,332670
332619,332671
332619,332672
332619,332673
332619,332674
332619,332675
332619,332676
332619,332677
332619,332678
332619,332679
332619,332680
332619,332681
332619,332682
332619,332683
332619,332684
332619,332685
332619,332686
332619,332687
332619,332688
332619,332689
332690,332691
332690,332692
332690,332693
332690,332694
332690,332695
332690,332696
332690,332697
332698,332295
332698,332699
332700,332701
332700,332702
332700,332703
332700,332704
332705,332706
332705,332707
332705,332708
332705,332709
332548,332710
332548,332711
332548,332712
332548,332460
332548,332713
332714,332715
332716,332471
332717,332541
332705,332718
332705,332704
332705,332700
332705,332719
332705,332720
332705,332721
332717,332460
332716,332722
332722,332444
332723,332724
332619,332725
332619,332726
332619,332727
332619,332728
332619,332729
332619,332730
332619,332731
332619,332732
332619,332733
332619,332734
332619,332735
332619,332736
332619,332737
332619,332738
332619,332739
332552,332469
332619,332740
332741,332742
332723,332743
332723,332744
332745,332746
332745,332440
332745,332442
332745,332747
332748,332240
332745,332453
332749,332750
332741,332751
332741,332752
332741,332753
332741,332749
332741,332754
332755,332755
332619,332756
332592,332588
332592,332590
332757,332758
332757,332759
332757,332760
332757,332007
332757,332761
332757,332762
332757,332763
332757,332764
332757,332765
332757,331997
332757,332766
332757,332767
332757,332768
332757,332769
332757,332453
332757,331883
332097,332379
332770,332771
332770,332772
332770,332773
332770,332453
332770,332774
332770,332162
332757,332775
332770,332776
332770,332777
332770,332778
332770,332779
332770,332780
332770,332781
332770,332782
332770,332783
332770,332784
332757,331929
332757,332785
332376,332422
332336,332282
332376,332374
332314,331912
332786,332379
332787,332230
332222,332246
332411,332411
332411,332406
332411,332410
332411,332409
332411,332375
332411,332519
332411,332408
332411,332407
332757,332788
332757,332166
332757,332789
332757,331906
332757,332444
332757,332790
332757,332791
332757,332792
332757,332793
332757,332449
332757,332154
332757,332794
332757,332795
332757,332160
332757,332796
332757,332780
332757,332797
332770,332798
332770,332799
332770,332800
332770,332801
332770,332802
332770,332803
332770,332701
332770,332804
332770,332805
332770,332806
332770,332807
332770,332808
332770,332809
332770,332810
332770,332811
332770,332812
332770,332813
332770,332814
332770,332815
332770,332816
332770,332817
332770,332818
332770,332819
332770,332820
332770,331902
332770,332821
332770,332822
332770,332823
332770,332824
332770,332825
332770,332826
332770,332827
332770,332828
332770,332829
332770,332830
332770,332831
332770,332050
332770,332832
332770,332833
332770,332834
332770,332835
332770,332836
332770,332241
332770,332837
332770,332838
332770,332839
332770,332840
332770,332114
332770,332841
332770,332418
332770,332449
332770,332842
332770,332843
332376,332399
332770,332844
332770,332757
332770,332544
332770,332845
332770,332846
332770,332847
332770,331883
332770,332848
332770,332849
332770,332850
332770,332851
332770,332700
332770,332852
332770,332853
332770,332109
332770,332854
332770,332855
332592,332589
332376,332376
332376,332856
332857,332715
332857,332858
332857,332859
332857,332860
332857,332861
332857,332862
332857,332863
332864,332865
332866,332867
332866,332868
332866,332869
332866,332870
332866,332871
332866,332872
332866,332873
332866,332874
332866,332875
332876,332136
332876,332049
332876,332877
332876,332878
332876,332879
332876,332880
332857,332881
332882,332883
332883,332884
332866,332885
332866,332886
332866,332887
332866,332888
332866,332889
332883,332890
332876,332891
332857,332892
332857,332893
332592,332591
332894,332895
332896,332749
332897,332898
332897,332899
332897,332896
332897,332900
332901,331894
332902,332903
332902,332904
332902,332018
332902,332077
331943,331994
332905,332906
332907,332908
332909,332910
332911,332912
332857,332913
332857,332914
332857,332915
332857,332916
332857,332917
332857,332918
332857,332096
332857,332919
332857,332920
332921,332363
332922,332923
332922,332924
332911,332922
332911,332018
332857,332835
332876,332018
332876,332925
332876,332926
332927,332928
332927,332929
332927,332930
332927,332695
332927,332931
332927,332932
332927,332582
332927,332933
332927,332692
332927,332934
332927,332296
332927,332935
332927,332936
332927,332512
332927,332937
332927,332938
332927,332606
332376,332400
332939,332940
332939,332444
332939,332941
332927,332942
332927,332943
332927,332927
332927,332944
332927,332511
332927,332945
332927,332012
332927,332324
332927,332006
332927,332946
332927,332947
332927,332427
332927,332948
332927,332459
332606,332443
332606,332453
332695,332932
332695,332396
332695,332949
332695,332950
332606,332575
332695,332951
332952,332493
332953,332493
332912,332922
332912,332911
332912,332018
332876,332062
332954,332715
332376,332375
332927,332955
332927,332469
332927,332956
332927,332957
332927,332958
332927,332220
332927,332959
332927,332960
332927,332298
332927,332961
332927,332149
332927,332962
332927,332963
332927,332356
332927,332294
332927,332964
332927,332965
332619,332966
332619,332967
332619,332968
332969,332970
332969,332971
332969,332972
332969,332973
332969,332974
332969,332975
332969,332976
332969,332977
332969,332978
332969,332979
332969,332980
332969,332981
332969,332982
332969,332983
332969,332984
332969,332985
332969,332986
332969,332987
332969,332988
332969,332989
332969,332990
332969,332991
332969,332992
332969,332993
332969,332994
332969,332995
332969,332996
332969,332997
332969,332998
332969,332999
332969,333000
332969,333001
332969,333002
332969,333003
332969,333004
333005,333006
333005,333007
333005,333008
333005,333009
333005,333010
333005,333011
333005,333012
333005,333013
333005,333014
333005,333015
333005,333016
333005,333017
333005,333018
333005,333019
333020,333021
333022,332493
332969,333023
332969,333024
332969,333025
332969,333026
332969,333027
332969,333028
332969,333029
332969,333030
332969,333031
332969,333032
332969,333033
332969,333034
332969,333035
332969,333036
332969,333037
332969,333038
332969,333039
332969,333040
332969,333041
332969,333042
332969,333043
332969,333044
332969,333045
332969,333046
332969,333047
332969,333048
332969,333049
332969,333050
332969,333051
332969,333052
332969,333053
332969,333054
332969,333055
332969,333056
332969,333057
332969,333058
332969,333059
332969,333060
332969,333061
332969,333062
332969,333063
332969,333064
332969,333065
332969,333066
332969,333067
332969,333068
332969,333069
332969,333070
332969,333071
332969,333072
332969,333073
332969,333074
332969,333075
332969,333076
332969,333077
332969,333078
332969,333079
332969,333080
332969,333081
332969,333082
332969,333083
332969,333084
332969,333085
332969,333086
332969,333087
332969,333088
332969,333089
332969,333090
332969,333091
333005,333092
332969,333093
332969,333094
332969,333095
332969,333096
332969,333097
332969,333098
332969,333099
332969,333100
332969,333101
332969,333102
332969,333103
332969,333104
332969,332822
332969,333105
332969,333106
332969,333107
332969,332669
332969,333108
333005,333109
333005,333110
333111,333112
333111,333113
333114,332361
333114,333115
333114,333116
333117,333118
333117,333119
333117,332604
333117,332394
333117,333120
333121,332246
333122,332233
333123,333124
333125,332337
333125,332349
333125,333126
333125,332338
333125,333127
333125,333128
333125,333129
333125,333130
333125,333131
333125,333132
333111,333133
333125,333134
333125,333135
333125,333136
333125,332282
333125,332345
333125,333137
333125,332339
333125,333138
333125,333139
333111,333140
333111,333141
333111,333142
333111,333143
333111,333144
333111,333145
333111,333146
333111,333147
333111,333148
333111,333149
333111,333150
333111,333151
333111,333152
333111,333153
333111,333154
333111,333155
333111,333156
333111,333157
333111,333158
333111,333159
333111,333160
333111,333161
333111,333162
333111,333163
333111,333164
333111,333165
333111,333166
333111,333167
333111,332493
333111,333168
333111,333169
333111,333170
333111,333171
333111,333172
333125,333173
333125,333174
333125,333175
332696,332931
332696,332582
332696,332296
332696,333176
332696,331942
332696,333177
332696,331953
332696,332600
332696,332003
332696,332324
332696,332943
333178,332246
333005,332470
333005,333179
333005,333180
333005,332413
333005,333181
333005,333182
333005,333183
333005,333184
333005,333185
333005,333186
333005,333187
332696,332695
333005,332471
333005,333188
333005,333189
333005,333190
333005,333191
333005,333192
333005,333119
333005,333193
332696,332396
332696,331936
332696,331907
333194,332604
333194,333195
332750,333196
333125,333197
333125,333198
333125,333199
333200,333201
333125,332334
333125,333202
333125,332610
333125,333203
333125,333204
333125,333205
333125,333206
333125,333207
333005,333208
333200,333209
333200,333210
332696,332460
332696,333211
332696,333212
332696,332140
332696,332149
332696,332113
333200,333213
332696,332294
333214,332604
333200,331954
333200,333215
333200,333216
333200,333217
333200,333218
332696,332298
332969,333219
332969,333220
332969,333221
333222,333223
333222,333224
333222,333225
333222,333226
333222,333227
333222,333228
333222,333229
333222,333230
333222,333231
333222,333232
333222,333233
333222,333234
333222,333235
333222,333236
333222,333237
333222,333238
333222,333239
333240,333241
333240,333242
333240,333243
333240,333244
333240,333245
333240,332282
333222,333246
333240,333247
333240,332349
333248,332375
333248,332425
333222,333249
333222,333250
333222,332924
333240,332338
333240,333251
333222,333252
333222,333253
333254,333255
333254,333256
333254,333257
333254,333258
333254,333259
333254,333260
333254,333261
333254,333262
333254,333263
333254,333264
333254,332003
333254,333265
333254,333266
333254,333267
333268,333269
333222,333270
333222,333271
333222,333272
333222,333273
333222,333274
333222,333275
333222,333276
333222,333277
333222,333278
333222,333279
333222,333280
333222,333281
333222,333282
333222,333283
333222,333284
333222,333285
333222,333286
333240,333287
333240,332610
333240,333288
333289,333290
333289,333291
333289,333292
333293,333294
333293,333295
333293,333296
333293,333297
333293,333298
333293,332240
333297,333299
333297,333300
333297,332695
333297,333301
333302,333303
332619,333304
332619,333305
332619,333306
332619,333307
332619,333308
332619,333309
332619,333310
332619,333311
332619,333004
333312,332240
332619,333313
332619,333314
332619,333315
332619,333316
332619,333317
332619,333318
332619,333319
332619,333320
333321,333321
332301,333322
332301,333323
333324,332383
333324,333325
333324,332471
333324,332444
333324,332224
333324,332722
333324,332417
333324,333326
333327,331885
333327,333328
333329,332694
333329,333330
333240,333331
333240,332239
333327,333332
332969,333333
333324,331948
333324,333202
332301,332300
333334,332278
333335,332453
333336,331885
331963,331948
331934,331994
333324,333337
333338,332931
333339,333340
333339,332143
333341,332453
333342,332230
333324,333343
333324,333344
333345,333346
332969,333347
332969,333348
332969,333349
332969,333350
332969,333351
332969,333352
332969,333353
332969,333354
332969,333355
332969,333356
332969,333357
332969,333358
332969,333359
332969,333360
332969,333361
332969,333362
332969,333363
332969,333364
332969,333365
332969,333366
332969,333367
332969,333368
332969,333369
332969,333370
332969,333371
332969,333372
332969,333373
332969,332649
332969,333374
332969,333375
332969,333376
332969,333377
332969,333378
332969,333379
332969,333380
332969,333381
332969,333382
332969,333383
332969,333384
332969,333385
332969,333386
332969,333387
332969,333388
332969,333389
332969,333390
332969,333391
332969,332653
332969,333392
332969,333393
332969,333394
332969,333395
332969,333396
332969,333397
332969,333398
332969,333399
332969,333400
332969,333401
332969,333402
332969,333403
332969,333404
332969,333405
332969,333406
332969,333407
332969,333408
332969,333409
332969,333410
332969,333411
332969,333412
332969,333413
332969,333414
332969,333415
332770,333416
332969,333417
332969,333418
332969,333419
332969,333420
332969,333421
332969,333422
332969,333423
332969,333424
332969,333425
332969,333426
332969,333427
332969,332730
332969,333428
332969,332729
332969,333429
332969,333430
332969,333431
332969,333432
332969,333433
332969,333434
332969,333435
332969,333436
332969,333437
332969,333438
332969,333439
332969,333440
332969,333441
332969,333442
332969,333443
332969,333444
332969,333445
332969,333446
332969,333447
332969,333448
332969,333449
332969,333450
332969,333451
332969,333452
332969,333453
332969,333454
332969,333455
332969,333456
332969,333457
332969,332688
332969,333458
332969,333459
332969,333460
332969,332640
332969,333461
332969,333462
332969,333463
332969,332639
332969,333464
332969,333465
332969,333466
332969,333467
332969,333468
332969,333469
332969,333470
332969,333471
332969,333472
332969,333473
332969,333474
332969,333475
332969,333476
332969,333477
332969,333478
332969,333479
332969,333480
332969,333481
332018,333482
332770,333483
332770,333484
332538,331978
332538,331890
332538,332256
332538,331910
332538,331908
332538,331907
332538,331905
332538,333485
332538,331896
332538,331895
332538,331894
332538,331936
332538,331935
332538,331933
332538,331932
332538,331931
332538,331930
332538,331961
332538,331886
332538,331887
332538,333486
332538,331891
332538,331926
332538,333487
332538,331917
332538,331919
332538,331920
332538,331925
332538,331892
332538,331937
332538,331928
332538,331918
332538,331977
332538,332118
332538,333488
332016,333489
332016,333490
332016,332044
332016,333491
332016,333492
332016,333493
332016,333494
332016,333495
332016,333496
332016,333497
332016,332021
332538,333498
332538,332159
332538,332155
332538,333499
332538,332538
332538,333500
332538,332123
332538,332124
332538,332125
332538,332126
332538,332121
332538,333501
332538,332119
332538,332101
332538,332104
332538,332113
332538,332107
332538,332108
332538,332112
332538,332152
332538,332103
332538,331971
332538,331973
332538,331975
333502,332436
333503,332453
333503,332568
332559,332581
332559,332453
332559,333503
332559,332568
332715,333504
332715,331913
332715,332714
332715,333505
332715,333506
332715,332040
332715,333507
332715,332954
332715,332961
332715,333508
331929,333509
331929,333510
331929,332785
331929,331906
331929,332797
331929,332453
333502,332379
331929,332160
331906,331909
331906,332453
332125,331954
333511,332715
333511,333512
332715,333513
331929,332773
333502,332516
333502,332449
333502,333514
332538,331980
332538,331968
332538,331954
332538,331953
332538,331952
332538,331951
332538,332000
332538,333515
332538,331946
332538,331944
332538,331942
332538,332255
332538,331958
332538,331959
332538,331950
332016,333516
332538,332004
332538,332006
333517,332693
333517,332296
333517,332294
333517,332354
332538,331987
332538,333496
332538,332005
332538,331986
332538,332014
332538,332013
332538,332011
332538,332016
332538,333518
332538,332008
332538,331984
332049,332147
332016,333519
332016,333520
332462,333521
332044,332877
332044,333522
332044,332077
332044,332018
332394,333523
332394,333524
332067,333525
332067,332051
332067,332141
332067,333526
333527,332166
333527,332470
333527,332148
333527,332469
333527,332145
333527,332468
333527,332428
333527,332458
333527,332459
333527,332460
333527,332461
333527,332138
332462,333528
333527,332462
333527,332039
333527,332143
333527,332464
333527,332028
333527,332465
333527,332466
333527,332463
333527,332084
332462,333529
332462,333530
333531,332077
333531,332044
333531,332021
333532,333533
333532,332114
333532,333534
333532,331902
333532,331936
333532,332396
333535,333004
333535,333536
333535,333537
333291,333538
333291,332418
333291,333539
333291,333540
333291,333541
332462,333542
332464,333543
332464,332392
332464,332565
332464,332549
332464,333544
332462,332925
332464,332603
333545,332375
333545,333546
333547,333291
333547,333539
333547,332442
333547,332137
333545,333548
333527,332427
333527,332415
333527,332397
331931,333487
331931,331895
331931,331894
331931,331933
331931,331937
331931,331892
331931,331920
331931,331918
331931,331926
331931,333515
331931,331952
331931,331954
331931,331980
331931,333518
331931,332014
331931,331984
331919,333549
332016,331907
332016,333550
332016,333551
332016,333552
332016,332144
332016,333553
331931,332118
332016,332146
332016,333554
332016,333555
332016,333556
332016,332018
332016,332049
331919,331954
332016,332147
331931,332123
331931,332125
331931,332107
333527,332387
333527,332388
333527,332389
333527,332390
333527,332391
333527,332067
333527,332030
333527,332392
333527,332394
333527,332044
333527,332395
333527,332093
333527,332045
333527,332396
333527,332393
332016,332045
333527,332386
331936,332549
331931,332152
331936,331919
331936,331892
331936,331907
331936,332113
331936,332159
333527,332384
331936,333557
331936,333558
331936,332102
331936,331950
331936,333559
331936,331958
331936,332538
331936,331965
333531,332018
332049,332143
332049,332090
332142,332021
332141,332147
332141,332146
332141,332145
332141,332143
332141,332142
332141,333560
332141,332136
332141,332018
332141,332044
332141,332393
332141,333492
332141,332016
332141,332021
332138,332145
332138,332143
332138,333560
332137,332146
332137,332147
332137,332148
332137,332044
332137,333561
332137,332049
332142,332016
332137,332380
332137,332465
332137,333527
332138,332566
332138,332453
332138,332045
332138,332090
332137,332143
332137,332145
332142,333492
332142,332018
332449,331997
332449,333562
332449,332767
332449,333563
332449,332788
332449,333564
332449,333509
332449,333565
332449,333566
332449,332769
332449,332453
332449,332450
332449,332379
332449,332447
332449,332445
332449,332444
332449,332440
332142,332136
332142,333560
332142,332141
332142,332143
332142,332146
332142,332147
332142,332044
332143,332145
332449,332433
332449,332431
332449,332434
332449,332436
332449,332438
332449,332439
332449,332432
332137,332144
332137,332142
332137,332141
332018,333567
332018,333531
332018,332136
332018,332166
332018,333568
332018,333569
332018,333533
332018,332470
332018,333570
332018,333571
332018,332148
332018,333572
332018,333544
332018,333573
332018,333574
332018,332147
332018,333575
332018,332143
332018,333576
332018,333577
332018,333578
332018,332877
332018,333579
332018,333580
332018,333581
332018,332144
332018,333582
332018,333583
332018,333584
332018,333585
332018,333586
332018,332465
332018,332135
332018,332912
332018,332902
332137,332021
332137,332151
332137,332150
332137,332066
332137,332062
332137,332018
332136,332876
332137,332094
332137,332136
332137,332138
332137,332139
332137,332140
332137,332034
332137,332149
332137,332135
332449,333587
332136,332147
332136,332049
332018,333588
332018,333589
332135,332018
332135,333590
332135,332021
332135,333561
332136,333583
332135,332049
332135,332147
332135,332902
332136,332062
332136,332044
332136,332925
332136,332018
332135,332465
332049,332138
332449,333591
332449,332770
332453,333343
332453,333335
332453,333592
332453,332544
332453,333593
332453,332556
332453,333594
332453,333595
332453,333596
332453,332573
332453,332574
332453,332606
332453,332575
332453,332569
332453,332138
332453,332608
332453,332444
332450,333597
332450,333598
332450,332514
332450,332819
332453,332160
332453,332780
332453,333599
332453,333503
332453,332559
332453,333600
332453,332443
332453,331909
332453,332757
332453,332618
332453,333562
332450,332379
332453,333601
332453,333602
332049,332018
332949,333603
332949,333604
332949,333605
332949,332846
332949,332149
332949,333606
332949,332140
332949,332957
332949,332928
332949,333607
332949,333608
332949,333609
332162,332379
331913,332715
332516,332166
332516,333514
332453,332417
332453,333610
332453,333611
332453,333612
332453,333613
332516,333614
332453,333615
332516,332436
332516,333176
332516,333616
332516,333617
332516,331913
332516,333618
332516,332379
332516,333619
332445,332379
332445,332445
332445,332439
332449,333620
332449,332827
332449,332826
332449,331906
332449,333621
332449,331902
332449,332819
332449,332817
332449,331913
332449,331915
332449,331916
332449,333622
332449,331929
332449,333623
332449,333624
332449,333625
332449,331885
332449,333626
332449,333541
332449,332007
332449,333627
332449,333628
332449,333629
332449,332097
332449,333630
332449,333631
332449,333510
332449,333632
332449,333633
332449,333634
332449,333635
332449,331949
332449,333636
332449,332804
332449,332128
332449,333637
332436,333502
332436,332379
332436,332516
332436,332449
332436,333514
332449,333638
332444,332940
332444,333639
332444,332941
332444,333640
332444,333641
332445,332434
332445,332444
332444,332569
332449,333642
332449,332511
332449,332166
332449,332853
332449,332109
332449,332757
332449,331995
332449,333643
332449,332840
332449,333644
332449,332133
332449,333645
332449,332160
332449,332777
332449,332164
332449,333646
332449,332165
332449,332797
333531,332045
333531,332090
333531,332136
333647,333648
333647,333649
333647,333650
333647,333651
333647,333652
333647,333653
333647,333654
333647,333655
333647,333656
333647,332594
333647,333657
333647,333658
333647,333659
333647,333660
333647,333661
333647,333662
333647,333663
333647,333664
333647,333665
333647,333666
333647,333667
333647,333668
333647,333669
333647,333670
333647,333671
333647,333672
333647,333673
333647,333674
333647,332018
333647,333675
333647,333676
333647,333677
333647,333678
333647,333679
333647,333680
332595,332018
332595,332588
332595,332589
332595,332590
332595,332591
332595,332592
333647,333681
333647,333682
333647,333683
333647,333684
333647,333685
333647,333686
333647,333687
333647,333688
333647,333689
333647,333690
333647,333691
333647,333692
333647,333693
333647,333694
333647,333695
333647,333696
333647,333697
333647,333698
333647,333699
333647,333700
333647,333701
333647,333702
333647,333703
333647,333542
333647,333704
333647,333705
333647,333706
333647,333707
333647,333708
333676,333654
333676,332594
333676,333658
333676,332595
333676,333660
333676,333709
333676,332596
333676,333662
333676,333663
333676,333647
333676,332018
333676,333674
333676,333710
333676,332061
333676,333677
333676,332588
333676,333711
333712,333713
333712,333714
333712,333715
333712,333716
333712,333717
333712,333718
333676,333649
333712,333719
333712,333720
333712,333721
333712,333722
333712,333723
333676,333724
333676,333725
333712,333726
333676,333727
333676,333728
333676,333729
333647,333730
333647,333731
333647,333732
333647,333733
333647,333734
333647,333735
333676,333736
333647,333737
333647,333738
333647,333739
333647,333740
333647,333741
333647,332589
333647,333742
333647,332592
332595,332596
333676,332592
333676,333690
333676,333680
333676,333743
333676,333744
333676,333699
333676,333745
333676,333701
333676,333746
333676,333702
333676,333542
333676,333747
333676,333748
333676,333704
333676,333691
333676,333749
333676,333584
333712,333750
332595,332594
332595,332587
332770,332240
332770,333751
332770,332760
332770,331947
332770,332937
332770,333538
332770,333752
332770,332704
332770,331950
332770,332721
332770,333753
332770,333630
332770,333629
332770,333754
332770,333755
332770,333756
332770,332007
332770,332010
332770,333757
332770,333758
332770,333759
332770,333760
332770,333761
332770,333762
332770,332946
332770,333763
332770,333764
332770,333765
332770,333766
332770,333541
332770,332761
332770,333767
332770,333768
332770,333540
332770,333769
332770,333770
332770,332785
332770,333771
332770,333772
332770,333773
332770,331994
332770,333774
332770,331929
332770,332702
332770,333775
332770,333776
332770,332585
332770,333289
332770,333777
332770,331891
332770,333293
332770,333778
332770,332703
332770,333779
332770,333780
332770,333781
332770,333782
332770,333783
332770,331976
332770,333784
332770,331885
332770,333785
332770,331888
332770,333786
332770,333787
332770,333788
332770,333635
332770,333789
332770,333790
332770,333791
333792,332447
333792,333793
333794,333795
333796,333797
332405,332410
332405,332407
332931,333798
332365,333799
332365,332356
332365,333800
332365,333299
332365,333801
332365,333802
332365,333803
332365,333300
332365,332931
332365,333804
332365,333805
332365,332364
332365,332363
332365,333806
332365,333292
332365,333807
333792,332453
332365,333808
332365,333809
332365,333301
332365,333810
332365,333811
332365,332512
332365,333812
332365,333813
333814,333815
333814,333814
333816,333299
332770,333817
332770,333818
332770,333819
332770,333820
332770,333821
332770,331997
332770,333562
332770,333822
332770,332457
332770,333823
332770,331999
332770,333824
332770,333825
332770,333591
332770,333826
332595,332593
332770,332767
332770,333827
333828,332230
333829,333300
333830,332493
332514,332819
332514,332379
332514,332450
332770,332788
331997,333291
332770,332615
332770,333566
332770,332297
332770,333831
332770,333832
332770,333509
332770,333833
333712,333834
333712,333835
333712,333836
332443,332453
331948,333837
331948,333838
331948,332055
331948,332009
331948,333839
332418,332853
332418,333823
332418,333562
332418,332777
332418,331885
332418,333538
332418,333840
332077,333561
332077,332137
332077,332135
332077,332066
332077,333841
332077,333842
332077,333843
332077,333553
332077,333844
332077,332147
332443,333845
332077,333846
332077,333847
332077,333848
332077,332902
332077,333849
332077,333584
332077,332150
332077,333850
332077,332144
332443,332559
333851,332744
332234,332246
333852,332453
333852,332379
331909,332453
331909,331906
332051,333853
332051,333854
332051,333855
332051,333856
332051,333857
332051,333858
332051,333859
332051,333495
332051,333860
332051,333861
332051,333862
332051,333528
332040,332018
332051,333526
332051,333863
332051,333864
332051,333521
332051,333530
332443,333865
332051,333560
332051,333866
332051,333867
332051,333868
332051,333542
332051,333869
332051,333870
332051,333871
332077,332465
332077,332877
332077,333531
332077,333872
332077,331965
332077,332044
332077,333491
332077,333873
332077,333874
332077,332061
332077,332062
332077,333875
332077,333876
332077,333877
332077,333878
332077,333879
332077,333880
332077,333881
332077,333882
332077,333883
333531,332049
333531,332143
333531,332465
333531,333586
333531,332147
332077,333884
332077,333885
332077,333886
332077,333724
332077,333887
332077,333888
332077,333495
332077,333494
332077,333889
332077,333890
332077,333891
332077,332018
332077,333522
332077,333892
332077,333893
332077,332138
332077,333894
332077,332549
332077,333895
332077,333896
332077,332049
332077,333897
332077,333898
332077,332141
332077,333899
332077,332143
332077,333900
332077,333901
332026,333902
332077,333903
332077,333560
332077,333904
332077,333905
332077,333906
332077,333907
332077,333908
332077,333909
332077,333910
332077,332090
332077,333911
332077,333912
332077,333913
332077,333914
332077,332136
332077,333915
332077,333916
332026,333917
332026,332161
332026,332071
333918,333919
333918,333920
333918,333921
333918,333922
333918,333923
333918,333924
333918,333925
333918,333926
333918,333927
333918,333928
333918,333929
333918,333930
333918,333931
333918,333932
333918,333933
333934,333748
333934,333542
333755,333935
333755,333936
333755,333937
333755,333938
333755,332109
333755,332777
333939,332394
333755,333940
333934,333724
333934,332077
333934,332018
333934,333941
333934,332049
333934,333584
333755,333942
332925,332062
332925,333943
332925,332018
333944,333233
333944,333945
333944,333946
333944,333947
333712,333948
333712,333949
333944,333950
333712,333951
333712,333952
333712,333953
333712,333954
333712,333955
333712,333956
333712,333957
333712,333958
333755,333959
333944,333960
333944,333961
332925,332136
332925,332462
332925,333542
332925,332878
332925,332880
332471,332395
333944,333962
332471,333963
333944,333964
333944,333965
333944,333966
333944,333967
333944,333968
333944,333969
332471,333970
332770,331913
332819,332379
333600,332819
333584,333971
333584,332061
333584,332062
333584,333972
333584,333724
333584,333526
333583,332147
333583,332049
333583,332136
333583,332044
333583,332925
333583,332062
333583,332876
333583,332018
332026,333973
332026,332465
332026,333974
332026,333975
332026,332044
332026,333976
332026,332018
332026,333977
332026,333978
333584,332926
332026,333979
332026,333980
332026,333981
332026,333982
332026,333983
332026,333984
332026,333576
332026,333985
333584,332077
333584,333521
333584,333522
332941,332444
332941,333986
332940,332444
333562,332453
331885,331885
333987,332474
332941,332940
333987,332473
333987,332240
333987,333988
333987,332475
333987,333989
333987,332429
333987,333990
333987,333991
333600,332453
332941,333639
333497,332396
333584,333941
333584,333934
333584,332136
333584,333894
333584,332462
333584,333992
333497,332143
333584,333590
333584,332049
333584,333993
333584,333528
333584,332465
333584,333542
333584,333994
333584,333995
332336,333996
332405,332375
332336,333135
333997,331948
333997,332440
333997,332571
333997,332417
333997,332442
333997,331902
333997,332560
333997,332444
333997,333998
333997,333592
333997,333999
332351,331967
333997,334000
332351,331983
332351,332002
332351,331960
332351,332310
332351,334001
332351,334002
332351,334003
332351,332131
334004,334005
334004,334006
334004,334007
334004,334008
331982,332064
332351,331982
333997,334009
333997,332569
332541,332580
332336,334010
333604,334011
333604,334012
333604,334013
333604,334014
333604,334015
333604,334016
333604,334017
333604,334018
333604,334019
333604,334020
333604,334021
333604,334022
333604,334023
333604,332882
333604,334024
333604,332883
333604,334025
333604,334026
333604,334027
334028,334029
334028,332744
332744,334030
332541,333997
332541,334031
332541,334032
332541,332572
331982,332370
331982,332483
333604,334033
332149,334034
332140,333832
332140,332696
333603,334035
332336,334036
332336,333197
332336,334037
332336,334038
332336,332610
332336,333203
332336,333204
332336,334039
332336,333206
332336,334040
332336,333174
332336,334041
332336,333173
332336,333139
332336,333287
332336,334042
332336,332950
332336,334043
332336,334044
332336,334045
332336,334046
332336,333130
332336,334047
334048,332369
332140,332052
332140,332017
332336,334049
332957,334050
332149,333609
332957,334051
332149,333608
332149,333607
332149,332928
332149,332957
332149,332140
332149,332846
332149,333605
332149,333604
332149,333603
332149,334052
332149,332141
332149,332396
332149,333606
333608,333752
332957,334053
332957,332957
332149,334054
332957,334055
332957,334056
332957,334057
332957,334058
332957,334059
332957,334060
332957,334061
332957,334062
332957,334063
