348372,348373
348372,348374
348372,348375
348372,348376
348372,348377
348372,348378
348372,348379
348372,348380
348381,348382
348381,348383
348381,348384
348372,348385
348381,348386
348372,348387
348372,348388
348389,348390
348391,348392
348381,348375
348393,348394
348395,348396
348395,348397
348398,348399
348400,348401
348400,348402
348400,348403
348400,348404
348400,348405
348400,348406
348400,348407
348400,348408
348400,348409
348391,348410
348391,348411
348412,348413
348414,348415
348416,348417
348418,348419
348418,348420
348418,348421
348418,348422
348418,348423
348418,348424
348418,348425
348418,348426
348418,348427
348418,348428
348418,348429
348418,348430
348418,348431
348418,348432
348418,348433
348412,348434
348418,348435
348418,348436
348437,348438
348437,348439
348437,348440
348437,348441
348442,348443
348444,348445
348391,348446
348444,348447
348444,348448
348444,348449
348444,348450
348418,348451
348418,348452
348418,348453
348444,348454
348391,348455
348456,348457
348391,348458
348459,348460
348459,348461
348459,348462
348459,348463
348459,348464
348459,348465
348459,348466
348459,348467
348459,348468
348459,348469
348459,348470
348471,348472
348471,348443
348473,348474
348459,348475
348476,348477
348459,348478
348459,348479
348480,348481
348480,348482
348480,348483
348484,348485
348484,348486
348484,348479
348459,348487
348484,348488
348484,348489
348459,348490
348459,348491
348459,348492
348459,348493
348459,348494
348484,348495
348391,348496
348497,348498
348499,348500
348501,348502
348501,348503
348501,348504
348505,348506
348507,348506
348508,348509
348501,348375
348508,348510
348508,348511
348508,348512
348513,348386
348391,348514
348391,348515
348391,348516
348508,348517
348518,348519
348501,348520
348501,348521
348499,348375
348522,348523
348522,348524
348522,348525
348522,348526
348522,348527
348501,348528
348418,348529
348530,348530
348531,348532
348531,348533
348534,348375
348535,348536
348537,348538
348539,348540
348418,348541
348542,348543
348418,348544
348545,348546
348545,348547
348545,348548
348545,348549
348545,348550
348545,348551
348545,348552
348545,348553
348545,348554
348545,348555
348545,348556
348545,348557
348545,348558
348545,348559
348545,348560
348545,348561
348545,348562
348545,348563
348564,348565
348545,348566
348545,348567
348545,348568
348545,348569
348545,348570
348545,348571
348545,348572
348545,348573
348545,348574
348545,348575
348545,348576
348545,348577
348545,348578
348545,348579
348564,348580
348545,348564
348545,348565
348581,348582
348581,348383
348581,348583
348581,348584
348581,348585
348581,348384
348581,348382
348581,348586
348581,348587
348581,348588
348581,348576
348581,348589
348581,348590
348581,348591
348581,348592
348545,348580
348581,348593
348594,348595
348596,348597
348596,348598
348596,348599
348596,348600
348596,348601
348596,348602
348581,348603
348596,348604
348594,348605
348594,348606
348594,348607
348594,348608
348594,348609
348594,348610
348594,348611
348418,348612
348564,348561
348564,348558
348542,348613
348542,348614
348542,348615
348542,348616
348542,348617
348542,348618
348542,348619
348480,348620
348542,348621
348542,348622
348542,348623
348542,348624
348542,348625
348411,348515
348542,348626
348411,348458
348542,348627
348542,348628
348629,348630
348414,348631
348632,348440
348633,348634
348542,348635
348542,348636
348542,348637
348542,348638
348542,348639
348542,348640
348542,348641
348542,348642
348542,348643
348542,348644
348542,348645
348564,348559
348411,348496
348411,348411
348564,348552
348564,348546
348564,348547
348564,348548
348564,348549
348564,348550
348564,348562
348564,348551
348564,348553
348564,348560
348564,348554
348564,348555
348564,348556
348564,348557
348564,348545
348411,348455
348564,348571
348564,348577
348411,348392
348411,348410
348411,348646
348564,348566
348564,348567
348564,348568
348564,348563
348564,348569
348564,348572
348564,348579
348564,348573
348564,348574
348564,348575
348564,348576
348564,348570
348480,348647
348480,348648
348480,348649
348650,348651
348650,348652
348650,348653
348650,348399
348650,348654
348650,348655
348656,348657
348658,348659
348658,348549
348658,348660
348658,348661
348658,348555
348658,348662
348658,348663
348658,348664
348665,348666
348656,348667
348668,348668
348669,348397
348669,348670
348669,348671
348669,348672
348669,348673
348669,348674
348656,348479
348669,348675
348669,348676
348676,348677
348676,348669
348676,348678
348676,348673
348679,348680
348669,348677
348681,348681
348682,348440
348682,348683
348684,348685
348684,348686
348684,348687
348684,348688
348684,348689
348684,348690
348684,348691
348684,348692
348684,348693
348684,348694
348684,348695
348696,348697
348696,348698
348696,348699
348684,348700
348682,348701
348684,348702
348684,348703
348704,348375
348704,348705
348704,348706
348704,348474
348707,348474
348708,348709
348684,348710
348708,348711
348684,348712
348684,348713
348684,348714
348684,348715
348684,348716
348684,348717
348708,348718
348696,348719
348681,348411
348720,348721
348722,348723
348722,348724
348722,348725
348722,348726
348722,348727
348722,348728
348722,348729
348722,348730
348722,348731
348722,348732
348722,348733
348722,348734
348722,348735
348722,348736
348722,348737
348722,348738
348722,348739
348740,348741
348741,348742
348741,348743
348741,348744
348741,348740
348744,348745
348744,348746
348740,348744
348744,348747
348744,348748
348744,348749
348744,348750
348740,348751
348740,348752
348740,348742
348744,348753
348681,348754
348722,348755
348722,348756
348757,348375
348757,348758
348757,348705
348757,348474
348757,348634
348757,348759
348757,348760
348757,348761
348757,348762
348763,348764
348765,348765
348766,348721
348766,348767
348766,348768
348757,348769
348722,348568
348757,348770
348757,348527
348722,348771
348772,348504
348772,348708
348772,348404
348772,348773
348772,348774
348757,348775
348772,348776
348757,348479
348757,348777
348757,348778
348757,348779
348757,348780
348757,348781
348772,348782
348480,348783
348696,348784
348696,348785
348480,348786
348480,348787
348480,348788
348480,348789
348480,348790
348480,348791
348480,348792
348480,348793
348480,348794
348480,348795
348480,348796
348480,348797
348480,348426
348480,348798
348480,348799
348480,348800
348480,348801
348480,348802
348480,348699
348480,348719
348480,348784
348480,348803
348480,348785
348480,348804
348480,348805
348480,348806
348480,348807
348480,348808
348480,348809
348480,348810
348480,348811
348480,348812
348480,348813
348480,348698
348480,348814
348480,348815
348480,348816
348480,348817
348480,348818
348480,348819
348480,348820
348480,348821
348480,348822
348480,348823
348480,348824
348480,348825
348480,348826
348480,348827
348480,348828
348480,348829
348480,348830
348480,348831
348480,348832
348480,348833
348480,348834
348480,348835
348480,348836
348480,348837
348480,348838
348480,348839
348480,348840
348480,348841
348480,348696
348480,348842
348480,348843
348480,348844
348480,348845
348480,348846
348581,348386
348696,348803
348480,348697
348696,348482
348696,348790
348696,348791
348696,348793
348696,348799
348696,348795
348696,348796
348696,348789
348696,348797
348696,348798
348696,348800
348696,348814
348696,348831
348696,348815
348696,348834
348696,348426
348696,348835
348696,348788
348696,348786
348696,348804
348696,348806
348696,348813
348696,348807
348696,348808
348696,348809
348696,348787
348696,348810
348696,348812
348696,348802
348696,348480
348696,348805
348696,348801
348696,348792
348696,348811
348696,348483
348696,348836
348696,348838
348696,348821
348696,348823
348696,348830
348696,348824
348696,348825
348696,348826
348696,348820
348696,348827
348696,348829
348696,348649
348696,348783
348696,348647
348696,348620
348696,348481
348696,348828
348696,348837
348696,348819
348696,348817
348696,348839
348696,348841
348696,348648
348696,348696
348696,348842
348696,348843
348696,348818
348696,348844
348696,348846
348696,348833
348696,348840
348696,348832
348696,348822
348696,348816
348696,348845
348581,348847
348581,348848
348581,348849
348850,348851
348850,348852
348850,348853
348850,348854
348850,348855
348850,348856
348850,348857
348850,348858
348850,348859
348860,348861
348860,348862
348860,348863
348860,348864
348860,348865
348860,348866
348850,348867
348850,348868
348850,348869
348850,348870
348850,348871
348850,348872
348850,348873
348850,348474
348850,348874
348850,348875
348850,348774
348860,348876
348850,348721
348850,348705
348850,348877
348850,348878
348850,348758
348850,348879
348850,348375
348850,348880
348850,348881
348850,348882
348860,348390
348860,348883
348884,348885
348542,348886
348542,348887
348542,348888
348542,348889
348542,348890
348542,348891
348542,348892
348542,348893
348542,348894
348542,348895
348542,348896
348542,348897
348542,348898
348542,348899
348884,348900
348884,348901
348884,348902
348884,348903
348860,348904
348860,348905
348906,348759
348906,348474
348906,348525
348906,348907
348906,348527
348860,348908
348906,348781
348909,348630
348909,348910
348909,348911
348909,348440
348909,348912
348909,348913
348630,348440
348906,348914
348542,348915
348850,348916
348850,348917
348603,348918
348603,348919
348603,348920
348603,348921
348603,348922
348603,348923
348603,348924
348603,348925
348603,348926
348603,348927
348603,348524
348603,348705
348603,348760
348603,348928
348603,348377
348603,348929
348603,348930
348603,348931
348603,348932
348603,348375
348603,348933
348603,348775
348603,348934
348603,348908
348603,348677
348603,348379
348603,348935
348603,348936
348603,348937
348603,348583
348603,348938
348603,348939
348603,348940
348603,348941
348603,348942
348603,348943
348850,348944
348603,348945
348603,348946
348850,348947
348850,348948
348850,348949
348850,348950
348850,348951
348850,348952
348850,348953
348850,348954
348850,348955
348850,348956
348850,348957
348850,348386
348850,348958
348850,348959
348850,348960
348850,348961
348850,348962
348850,348963
348850,348964
348603,348965
348603,348966
348603,348967
348603,348968
348603,348969
348970,348971
348970,348379
348603,348972
348970,348775
348551,348973
348551,348659
348974,348975
348974,348479
348976,348764
348977,348978
348850,348979
348551,348570
348542,348980
348542,348981
348542,348982
348884,348983
348884,348984
348884,348985
348884,348986
348884,348987
348884,348988
348884,348989
348884,348990
348884,348991
348884,348992
348884,348993
348884,348994
348884,348995
348884,348996
348884,348997
348884,348998
348884,348999
348884,349000
348884,349001
348884,349002
348884,349003
348884,349004
348884,349005
348884,349006
348884,349007
348884,349008
348884,349009
348884,349010
348884,349011
348884,349012
348884,349013
348884,349014
348884,349015
348884,349016
348884,349017
348884,349018
348884,349019
348884,349020
348884,349021
348722,349022
348722,349023
348722,349024
348722,349025
348722,349026
348722,349027
348722,349028
348722,349029
348722,349030
348722,349031
348722,349032
349033,348443
349034,348426
349035,349036
348471,349037
348722,349038
348722,348911
348722,349039
348722,349040
348884,349041
348884,349042
348884,349043
348884,349044
348722,348921
348722,349045
348722,349046
348884,349047
348722,349048
348722,349049
348722,348660
348722,349050
348722,349051
348722,349052
348722,349053
348722,349054
348722,349055
348884,349056
348884,349057
348884,349058
348542,349059
348542,349060
348542,349061
348542,349062
348542,349063
348542,349064
348542,349065
348542,349066
348542,349067
348542,349068
348542,349069
348542,349070
348542,349071
348542,349072
348542,349073
348542,349074
348542,349075
348542,349076
348542,349077
348542,349078
348542,349079
348542,349080
348542,349081
348542,349082
348542,349083
348542,349084
348542,349085
348542,349086
348542,349087
348542,348542
348542,349088
348542,349089
348542,349090
348542,349091
348542,349092
348542,349093
348542,349094
348542,349095
348542,349096
349097,349098
349097,349099
349097,348634
349097,348759
349097,348415
349097,349100
349101,348908
349097,349102
348884,349103
348884,349104
348884,349105
348884,349106
348884,349107
348884,349108
348884,349109
348884,349110
348884,349111
348603,349112
349097,349113
349097,348680
348542,349114
348542,349115
348542,349116
348542,349117
348542,349118
348542,349119
348542,349120
349097,349121
348542,349122
349097,349123
349097,349124
349097,349125
349097,349126
349097,349127
349097,348527
349097,349128
349097,349129
348603,349130
348603,349131
348603,349132
348459,349133
348459,349134
348459,348484
348459,349135
348459,349136
348459,349137
348459,349138
348459,349139
348459,349140
348459,349141
348459,349142
348459,349143
348459,349144
348459,349145
348459,349146
348459,349147
348459,349148
348459,349149
348459,349150
348459,349151
348459,348657
348459,349152
348459,349153
348459,349154
348459,349155
348459,349156
348459,349157
348459,349158
348459,349159
348459,349160
348459,349161
348459,349162
348459,349163
348459,349164
348459,349165
348459,349166
348459,349167
348459,349168
348459,349169
348459,349170
349171,349172
349171,349173
349171,349174
349171,349175
349171,348710
349171,348764
349171,348770
349171,349176
349171,349177
349171,349178
349171,348775
349171,349040
349171,349179
349171,349180
348459,349181
348459,349182
348459,349183
348459,349184
348459,349185
348459,349186
348459,349187
348459,349188
348459,349189
348459,349190
348459,349191
348459,349192
348459,349193
348459,348974
348459,349194
348459,349195
348459,349196
348459,349197
348459,349198
348459,349199
348459,349200
348459,349201
348459,349202
349203,349204
348581,348404
348581,349205
348581,348680
348581,349206
348581,348549
348581,348933
348581,349207
348581,349208
348581,349209
348581,349210
348581,349211
348581,349212
348581,349213
348581,349214
348581,349215
348581,349216
348581,349217
348581,349218
348581,348375
348581,348506
348581,349132
348581,349131
348581,348922
348581,348923
348581,348924
348581,349037
348581,349219
348581,349220
348581,349221
348581,349222
348581,349223
348581,348524
348581,349112
348581,349224
348581,349225
348581,349226
348581,348377
348581,348440
348581,348934
348965,348849
348965,349210
349227,349228
349227,349229
349227,349230
349227,349231
349227,349232
349233,349234
349227,349235
349227,349236
349227,349237
349227,349238
349227,349239
349227,349240
349227,349241
349242,349243
349227,349244
349171,349245
349246,348779
349246,348680
348581,349024
348581,348912
348581,348779
348581,349247
348581,349248
348581,348379
348581,348966
349246,349249
348581,348967
348581,349250
348581,349251
348581,348936
348581,349246
348581,348565
349246,349252
349246,349222
348581,348778
349156,349253
349171,349254
349171,349255
349256,349257
349256,348769
349256,349258
349256,349259
349256,349260
349256,349261
349256,348976
349256,349262
349256,349263
349256,349264
349256,349265
349256,349266
349256,349267
349256,349268
349256,349269
349256,349270
349256,349271
349256,349272
349256,349273
349274,349275
349274,349276
349274,349277
349274,349278
349274,349279
349274,349280
349274,349281
349256,349282
348855,348404
349264,349258
349264,349256
349264,349264
349264,349267
349264,348764
349264,349283
349256,349284
349264,348769
349274,349285
349256,349286
349256,349287
349226,348592
349226,349288
349226,348386
349226,349289
349226,349037
349226,349225
349226,348375
349226,349208
349226,349215
349226,348934
349208,349290
349208,348382
348603,349291
348603,348382
348603,348592
349226,349292
349226,348383
349226,349293
349226,348382
349256,349294
349256,349295
349256,349296
349256,349297
349256,349298
349256,348677
349256,349299
349256,348764
349256,349300
349256,349301
349256,349302
349303,348440
349304,348860
348440,348683
348440,349288
349226,349290
349256,349283
349305,349306
349305,349307
349305,349308
349309,349310
349309,349255
349309,349311
349176,349312
349176,349255
349176,348770
349313,349314
349315,349291
349291,349316
349291,349175
349291,349315
349317,349318
349317,349319
349317,349320
349317,348759
349309,349254
349309,349040
349309,348775
349309,349178
349171,349171
349171,349321
349171,348684
349171,349322
349171,349323
349171,349324
349171,349305
349317,348705
349309,349156
349309,349325
349309,349266
349309,349172
349309,349174
349309,348710
349309,348770
349309,349176
349309,349326
349317,348758
349317,348527
349317,349327
349328,349329
349328,349330
349331,348394
349331,349332
349331,349333
349331,349334
349331,349335
349328,349336
349331,348519
349331,349330
348769,348677
349337,348673
349337,348721
349305,349254
349305,349338
349305,349156
349331,349329
349171,349310
349328,349339
349328,349340
349341,349342
349341,349343
349343,349344
349345,349243
349328,349346
349328,349347
349328,349348
349328,348519
349328,348394
349328,349333
349328,349335
349328,349349
349328,349331
349328,349350
349328,349351
349328,349352
349328,349353
349156,349354
348629,348440
349156,348474
349355,349356
349355,349357
349355,349358
349355,349359
349355,349360
349355,349361
349355,349362
349355,349363
349355,349100
349355,349364
349355,349365
349355,349366
349355,349367
349123,348708
349123,349368
349355,349369
349355,349370
349355,349371
349355,349372
349355,349373
349355,348634
349355,349374
349355,349375
349355,349376
349355,349377
349355,349378
349123,349379
349355,349380
349355,349381
349355,349382
349355,349383
349355,349384
349355,349385
349355,349386
349355,349387
349355,348415
349123,349388
349123,348634
349123,348759
349389,348386
349389,349390
349210,349391
349210,349392
349210,349393
349210,349394
349395,349396
348386,349397
349396,349398
349396,349399
349396,349400
349396,349259
349396,349401
349396,349402
349403,348443
349403,349404
349396,349405
349355,349406
348667,349407
348667,348479
349123,349408
349123,349409
349123,349410
349379,348778
349379,349123
349379,349327
349379,349411
348667,349412
349379,348775
349379,348634
349379,348759
349379,349413
349379,349414
349379,349415
349379,349320
349379,349410
349379,349121
349403,348666
349355,349416
349355,349417
349418,349243
349419,349314
349419,349420
349314,349421
349314,349243
349314,349422
348968,349314
349423,349423
349424,349425
349424,349426
349424,349427
349424,349428
349429,348659
349355,349430
349355,349431
349432,348634
348917,348661
348917,349433
348917,349434
349435,349037
349435,349436
349435,348439
349437,348479
349437,349438
349437,349439
349437,349435
349355,349440
349437,349441
348917,349442
348917,348503
348917,349443
348917,349444
348917,348955
348917,349445
348917,349446
348917,349447
349355,349448
349355,349449
349355,349450
349355,349451
349355,349452
349355,349453
349355,349454
349355,349455
349355,349456
349355,349457
349355,349458
349355,349459
349355,349460
349156,349461
349355,349462
349355,349463
349355,349464
349355,349465
349355,349466
349355,349467
349355,349468
349355,349469
349355,349470
349355,349471
349355,349472
349355,349473
349355,349474
349355,349125
349355,349475
349355,349476
349355,349477
349355,349478
349355,349479
349355,349480
349355,349481
349355,349482
349355,349483
349355,349484
349355,349485
349355,349486
349435,349209
349487,349488
349487,348457
348759,348634
348759,349489
348759,349490
348759,349491
348759,349492
348759,349493
348759,349494
348759,349320
348759,349410
349495,348764
349496,349496
348775,349311
348775,348770
348775,348710
348775,349172
348759,349098
348759,349497
348759,349222
348759,349498
348634,349222
348634,349489
348634,348759
348759,349499
348759,349123
348759,349124
348759,348779
348775,349266
348759,349500
348759,349501
348759,348527
348759,349379
348759,349128
348759,349502
348759,348680
348759,348525
348759,349126
348775,349325
348775,349326
348775,348474
349503,349504
349503,349505
349503,349506
349503,349507
349503,349508
349503,349509
349503,349510
349503,349511
349503,349512
349503,349513
349503,349503
349503,349514
349503,349515
349503,349516
349503,349517
349503,349518
349503,349519
348634,349520
349503,349521
349503,349522
348775,348777
348519,349523
348519,349524
348519,349525
348519,349526
348519,349527
348519,349528
349503,349529
349503,349330
349503,349530
349503,349531
349503,349532
349503,349533
349503,349534
349503,349535
349503,348519
349503,349536
349487,348540
348634,349128
348634,349126
349537,349538
349537,349539
349537,349540
349537,349541
349537,349542
349537,349543
349537,349537
349537,349544
349537,349545
349537,349546
349537,349547
349537,349548
349537,349549
349537,349550
349537,349551
349552,349553
349388,348955
349388,348773
349388,349554
349487,348498
349555,349556
349555,349557
349555,349558
349555,349559
349555,349560
349555,349561
349537,349562
349555,349563
349555,349564
349565,348779
349565,349566
349565,349567
348773,348855
348773,348404
349388,348565
349555,349568
349537,349569
349537,349570
349537,349571
348634,349491
348634,349415
348634,349572
348634,349573
348634,349574
348634,349575
348634,349576
348634,349121
348634,349577
348634,349392
348634,349578
348634,349432
348634,349388
348634,349123
348634,349124
348634,349579
348634,349580
348634,348527
348634,348415
348634,349125
349537,349581
349537,349582
349537,349583
349537,349584
349537,349585
349537,349586
349537,349587
348634,349588
348634,349589
348634,348634
348634,349590
348634,349591
348634,349592
348634,349593
348634,349594
348634,349595
348634,349596
349503,349597
349435,349303
349435,349304
349598,349599
349598,349600
349598,348721
349598,349601
349602,348659
349602,348555
349311,349603
349528,349527
349528,349526
349528,349525
349528,348519
349528,349523
349604,349605
348770,349176
349606,348527
349607,349608
349607,349609
348905,349610
349611,348905
348390,349612
348908,348474
349613,349614
349613,349615
349611,348861
349611,349616
349611,348862
349617,348443
349611,348863
349611,348865
349611,348866
349611,348876
349611,348390
349611,348908
349611,348883
349611,348904
349611,348864
349171,349154
349171,349156
349171,349618
348384,348383
348593,349209
348593,348549
348593,349619
348593,349620
348593,349621
348593,348382
348384,349622
348548,348559
348548,348554
348548,348546
348548,349623
348548,349624
349623,348555
349623,348554
349623,349625
348548,348555
348390,349626
348384,348555
348721,349627
349171,349628
349171,349326
349171,349629
349171,349630
349171,349325
349171,349631
349171,349632
348721,349633
349171,349309
348414,349634
348414,349441
348414,349100
348414,349635
348414,349636
348414,349637
349638,348506
348414,349493
349623,348548
348390,349639
349640,348904
348414,349641
348414,349209
348414,349642
348414,349643
348414,349644
348414,349645
348414,349646
348414,348527
348414,349127
348414,349647
348414,349501
348414,349126
348414,349125
348414,348378
348414,349648
348414,349649
348414,348680
348414,349650
348414,349651
348414,348759
348414,349489
348414,349652
348414,349653
348414,348634
348414,349098
348414,349102
348414,349654
348414,349578
348414,349037
348414,349497
348414,349222
348414,349655
348414,349656
348414,348525
348414,349657
348414,349658
348414,348779
348414,349123
348414,349129
349640,349659
349640,349660
349640,349661
349640,348866
349640,349662
349640,349663
349640,349664
349640,349665
349640,348876
349640,348390
349640,349666
349640,348908
349640,349298
349640,349667
349640,348883
349640,349668
349640,349669
348390,349670
349640,349671
349640,349672
348414,348914
349497,348634
349497,349392
349497,349126
349673,348506
349673,349674
349640,349675
349640,348865
349640,349676
349640,348861
349640,348862
349640,348863
349640,349677
349640,349678
349640,348919
349640,349679
349640,349680
349435,348377
349623,349050
349623,348562
349681,349682
349681,349683
349681,349684
349681,349685
349681,349686
349681,349687
349681,349688
349681,349689
349681,349690
349681,349691
349681,349692
349681,349693
349681,349694
349681,349695
349681,349696
349681,349697
349681,349698
349681,349699
349681,349700
349681,349464
349681,349701
349681,349702
349681,349703
349681,349704
349681,349417
349681,349705
349681,349706
349681,349468
349681,349707
349681,349708
349681,349087
349681,349709
349681,349710
349681,349711
349681,349712
349681,349406
349681,349713
349681,349714
349681,349715
349222,349123
349222,349126
349222,348527
349222,349128
349222,348634
349222,349489
349222,348759
349716,349717
349576,349123
349576,349577
349174,349308
349174,349156
349174,349338
349435,349438
349435,349718
349435,348440
349576,348634
349681,349719
349716,349720
349721,349722
349681,349356
349681,349723
349681,349724
349681,349725
349681,349726
349681,349727
349681,349728
349721,349729
349681,349730
349681,349731
349681,349732
349681,349733
349681,349734
349681,349735
349736,349737
349738,349736
349681,349739
349623,348546
349681,349740
349681,349741
349742,349743
349742,349744
349742,349745
348921,349314
349746,349747
349748,349749
349750,348955
349750,349751
349681,349752
349681,349753
349681,349754
349681,349755
349681,349756
349681,349757
349681,349758
349742,349759
349742,349760
349742,348661
349742,349761
349623,349743
349742,348555
349742,349762
349742,349763
349742,348560
349742,349625
349742,348659
349681,349764
349742,349765
349742,348664
349742,348549
349742,349050
349742,349766
349742,349767
349742,349768
349742,349769
349742,349445
349681,349448
349681,349770
349681,349471
349681,349771
349681,349772
349681,349773
349681,349774
349681,349775
349681,349776
349681,349777
349681,349778
349681,349779
349681,349780
349681,349781
349681,349782
349681,349783
349681,349467
349681,349784
349681,349785
349681,349786
349681,349787
349681,349788
349681,349789
349681,349474
349681,349790
349681,349791
349681,349792
349681,349793
349681,349794
349681,349580
349681,349795
349681,349796
349681,349797
349681,349798
349681,349799
349681,349800
349681,349801
349681,349485
349681,349802
349681,349803
349503,349804
349355,349805
349806,349806
349720,349807
349720,349808
349720,349809
349720,349810
349720,349811
349720,348779
349720,348680
349720,348375
349720,348506
349812,349813
349812,349814
349812,349815
349812,349816
349812,349817
349812,349818
349812,349819
349820,348426
349820,349821
349822,349823
349130,349824
349130,349825
349130,349826
349130,349827
349720,349828
349130,349829
349720,349830
349720,349831
348779,349832
348779,349833
348779,349834
348779,349835
348779,348512
348779,349836
348779,349837
348779,349838
348779,349839
348779,349037
348779,349840
348779,348527
348779,348525
348779,349566
348779,349647
348779,349502
349720,349841
349720,348479
349720,349842
349720,349843
349720,349844
349720,349845
349720,349846
349720,349144
348779,349222
349130,349847
349130,349243
348490,348462
348490,349166
348506,349720
348506,349717
348506,349848
349849,349850
349849,349851
349849,349852
349849,349853
349849,349854
349849,349855
349849,349856
349857,349858
349859,348504
349859,349860
349859,348717
349859,349861
349859,348758
349859,348705
349859,348721
349859,349862
349859,349863
349859,349433
348490,348479
349130,349864
348490,349865
348490,349243
349130,349866
349130,349174
349130,349307
349130,348524
349867,348443
349868,348677
349869,349870
349869,349817
349404,349404
349404,348443
349404,349403
349871,349872
348479,349873
348479,348484
348479,348464
348479,348459
348479,348493
348479,348667
348479,349157
348479,348479
348479,349403
348479,349404
348490,349864
348490,349130
348779,349874
348779,349875
348779,349876
349446,349877
349446,349878
349446,349879
349446,349880
349446,349881
349446,349882
349446,349883
349446,349884
349446,349434
349446,349885
349446,349886
349446,349887
349446,349812
349446,348918
349446,349888
349446,349889
349446,349890
349446,349891
349446,349892
349446,348955
349446,349433
349446,349893
349446,349894
349446,349895
349446,349613
349446,349817
349446,349896
349446,349897
349446,349898
349446,349899
349446,349900
349446,349447
349446,349859
349446,349901
349446,349902
349446,349903
349446,349904
349446,349905
349446,349906
349446,348871
349446,349907
349446,349908
349446,349909
349446,349863
349446,349910
349446,349736
349446,349911
349446,349912
349446,348917
349446,349913
349446,349914
349446,348930
349446,349915
349446,349916
349446,349917
349446,349918
349446,349729
349446,349919
349446,349920
349446,349921
349446,349922
349446,349923
349446,349924
349446,349615
349446,349614
349446,349925
349615,349926
349615,349927
349925,349446
349925,349615
349925,349901
349925,349614
349928,349929
349503,349930
348779,349931
348779,348474
348779,349210
349446,348962
349446,349932
349446,349933
349446,349319
349446,349934
349446,349935
349446,348576
349446,349936
349446,349937
349446,349938
349446,349939
349446,349940
349446,348940
349446,349941
349446,349722
349859,348961
349446,349942
349446,349320
349446,349409
349446,349943
349446,349944
349446,349945
349446,349946
349446,349947
349446,349819
349446,349948
349446,348570
349446,349949
349446,349950
349446,349951
349952,349953
349954,349916
349955,349956
349955,348449
349955,349916
349955,348932
349955,348454
349955,348747
349955,349939
349955,349957
349955,349958
349955,349959
349955,349960
349955,349961
349955,349962
349955,349415
349955,349409
349955,348744
349955,349943
349955,349963
349955,348447
349955,349964
349955,348740
349955,349948
349955,349965
349955,349966
349955,349967
349955,349968
349955,349969
349955,349970
349955,349971
349955,349972
349955,349909
349955,349973
349955,349912
349955,349974
349955,349914
349955,349817
349955,348752
349955,349818
349955,349975
349955,349955
349955,349976
349955,349885
349955,349977
349955,349978
349955,349979
349955,349980
349955,349981
349955,349982
349955,349983
349955,349984
349955,348741
349955,349907
349955,349932
349955,349985
348710,348712
348710,349255
348710,348713
348710,348714
348710,348715
348710,349986
348710,348717
348710,349987
348710,348703
348710,349988
348710,348691
348710,349989
348710,348686
348710,348687
348710,348688
348710,348689
348710,348690
348710,348692
348710,348693
348710,348685
348710,348700
348710,349990
348710,349991
348710,349992
349955,349993
348731,349994
348731,349995
349955,349996
349955,349997
349955,349410
349998,348375
349998,348705
349998,348706
349998,348474
348706,349343
348705,349317
348705,349999
348705,348864
348705,348960
348705,350000
348705,350001
348705,349893
348705,349026
348705,349861
348705,349859
348705,349998
348705,348706
348705,348474
348731,350002
348731,350003
348731,350004
349955,350005
349955,350006
349955,350007
349965,350008
349965,350009
349965,350010
349965,349885
349965,349961
349965,349965
349965,349932
349993,350011
349410,348634
349410,350012
349955,348777
349955,350013
349955,350014
349955,350015
349955,350016
349955,350017
349955,350018
349955,349812
349955,349945
349955,349933
349955,350019
349955,350020
349955,349952
349965,350021
349955,350022
349965,350023
349965,350024
349954,348778
349954,348934
349954,350025
350026,350027
348751,350028
348751,348752
348751,348744
349817,349953
349817,350029
349817,349948
349817,349869
348752,348751
348752,348744
348752,348740
349885,350029
349415,350022
349415,348778
349415,348404
349415,348634
349415,348955
349415,349409
349415,348375
349965,350030
349965,350031
349955,349813
349955,350032
349955,350033
349955,350034
349955,349815
349955,350035
349955,350008
349955,349816
349955,350036
349955,349650
349955,350037
349955,350038
349955,350039
349955,350009
349955,350040
349955,348877
349955,348751
349955,348743
349955,350041
349955,350042
349955,350010
349955,350043
349955,350044
349955,349447
349955,349600
349955,348746
349955,350045
349955,350046
349955,350026
349955,350047
349955,350048
349955,348778
349955,350049
349955,350050
349955,350051
349955,350052
349955,350053
349955,350024
349955,350054
349955,350055
349955,350029
349952,350026
349955,349954
349955,350031
349955,350056
349955,349851
349955,350057
349955,348742
349955,350058
349955,349128
349955,348450
349955,350059
349955,350023
349955,350027
349955,349814
349446,350060
350061,350062
349446,350063
349491,348634
349491,348759
350064,350065
350064,349474
350064,349125
350064,349126
350064,350066
350064,350067
350064,349128
350064,350068
350064,350069
350064,349572
350064,349121
350064,349656
350064,350070
350064,349098
350064,349087
350064,349489
350064,350071
350064,349709
350064,348415
350064,349491
350064,350072
350064,349100
350064,350073
350074,349929
349446,350075
349446,350030
349446,350076
349121,349491
349121,348759
349121,348634
349121,349128
349125,350066
349125,350067
349125,349128
349125,350068
349125,348414
349125,350069
349125,349572
349125,349097
349125,349121
349125,349656
349125,350070
349125,349098
349125,349087
349125,349489
349446,350077
349125,350071
349125,348415
349125,349491
349125,350072
349125,349100
349125,350073
349572,348634
349572,349472
349572,349474
349572,350078
349572,350079
349572,349087
349572,350080
349121,350081
349121,349123
349125,349709
349446,350082
349446,349737
349446,350083
349446,350054
349446,349026
349446,350084
349446,350085
349446,350086
349446,349954
349446,350031
349446,350087
349446,350088
349446,349926
349446,348935
349446,350089
349446,350090
349446,350091
349446,350092
349446,350056
349446,350093
349446,350094
349446,350095
349446,350096
349446,350097
349446,350058
349446,350098
349446,350099
349446,350100
349446,350101
349446,349443
349446,350059
349446,350102
349446,348562
349446,350103
349125,349126
349446,350104
349446,350105
349446,350106
349446,350107
349446,350019
349446,350108
349446,350109
349446,348752
349446,349978
349446,350110
349446,350111
349446,349964
349446,350112
349446,349965
349446,350113
349446,348491
349446,350013
349446,348565
349446,350114
349446,350115
349446,350116
349446,350022
349446,348559
349446,349860
349446,350117
349446,349813
349446,350118
349446,348778
349446,349029
349446,350000
349446,348556
349446,350052
349446,349554
349125,349474
349446,350119
349446,348758
349446,350120
349446,350121
349446,350122
349446,348548
349446,350123
349446,350124
349446,350125
349446,350038
349446,350126
349446,348878
349446,350009
349446,350127
349446,350128
349125,350065
349446,350129
349446,350130
349446,350131
349446,349234
349446,348660
349446,350132
349446,350133
349446,350134
349446,348705
349446,350135
349446,350136
349446,350137
349446,350138
349446,350008
349446,350139
349446,350140
349446,350141
349446,350142
349446,350023
349446,348868
349446,350047
349446,350143
349446,350144
349446,349816
349446,350145
349446,350146
349446,349721
349446,350045
349446,350034
349446,348745
349446,350147
349446,349815
349446,350148
349446,350149
349446,350010
349446,350150
349446,350151
