350152,350153
350152,350154
350152,350155
350152,350156
350152,350157
350158,350159
350152,350160
350152,350161
350152,350162
350152,350163
350152,350164
350152,350165
350152,350166
350152,350167
350152,350168
350152,350169
350170,350171
350170,350172
350170,350173
350170,350174
350170,350175
350170,350176
350170,350177
350170,350178
350170,350179
350170,350180
350170,350181
350170,350182
350170,350183
350170,350184
350170,350185
350170,350186
350170,350187
350170,350188
350170,350189
350170,350190
350170,350191
350170,350192
350170,350193
350170,350194
350170,350195
350170,350196
350170,350197
350170,350198
350170,350199
350152,350200
350170,350201
350170,350202
350152,350203
350152,350204
350152,350205
350152,350206
350152,350207
350152,350208
350152,350209
350152,350210
350152,350211
350152,350212
350213,350214
350213,350215
350216,350217
350170,350218
350219,350220
350221,350222
350221,350223
350224,350223
350224,350225
350226,350227
350170,350228
350170,350229
350170,350230
350170,350231
350170,350232
350170,350233
350170,350234
350170,350235
350219,350197
350152,350236
350152,350237
350170,350238
350239,350240
350239,350241
350242,350243
350244,350244
350245,350246
350247,350248
350247,350249
350250,350251
350250,350252
350250,350253
350250,350254
350250,350255
350250,350256
350257,350258
350250,350259
350250,350260
350250,350261
350250,350262
350250,350263
350250,350264
350250,350265
350250,350266
350250,350267
350268,350269
350268,350270
350268,350271
350268,350272
350268,350273
350250,350274
350257,350275
350257,350276
350257,350277
350257,350278
350257,350279
350257,350280
350257,350281
350257,350282
350257,350283
350257,350284
350257,350285
350257,350286
350257,350287
350257,350288
350257,350289
350257,350290
350257,350291
350257,350292
350257,350179
350257,350293
350257,350294
350257,350295
350257,350296
350257,350297
350257,350214
350257,350271
350257,350298
350257,350299
350257,350300
350257,350301
350257,350302
350257,350303
350268,350304
350152,350305
350306,350307
350306,350308
350309,350310
350309,350311
350309,350312
350309,350313
350309,350314
350309,350315
350309,350316
350309,350317
350309,350318
350319,350320
350319,350321
350319,350322
350319,350323
350309,350324
350325,350227
350152,350326
350152,350327
350152,350328
350152,350329
350152,350330
350152,350331
350152,350332
350152,350333
350152,350334
350152,350335
350152,350336
350152,350337
350152,350338
350152,350339
350309,350340
350309,350341
350342,350223
350306,350343
350306,350344
350306,350345
350306,350346
350306,350347
350306,350348
350306,350349
350306,350350
350306,350243
350306,350351
350306,350352
350306,350353
350306,350354
350306,350355
350306,350356
350306,350357
350306,350180
350306,350181
350306,350358
350306,350359
350306,350360
350306,350361
350306,350306
350306,350362
350306,350363
350306,350364
350306,350365
350270,350269
350366,350223
350306,350367
350170,350368
350369,350370
350170,350371
350372,350373
350372,350374
350375,350179
350375,350376
350377,350378
350377,350377
350377,350379
350377,350380
350381,350374
350382,350383
350372,350384
350382,350385
350382,350386
350382,350387
350382,350388
350382,350389
350382,350390
350382,350391
350382,350392
350382,350393
350382,350394
350389,350395
350382,350396
350389,350393
350372,350397
350269,350398
350377,350399
350377,350400
350377,350401
350377,350402
350377,350403
350377,350404
350377,350405
350377,350406
350377,350407
350377,350408
350271,350269
350377,350409
350377,350410
350377,350411
350377,350223
350377,350412
350377,350413
350369,350414
350269,350415
350269,350268
350269,350416
350269,350271
350377,350417
350394,350418
350394,350419
350158,350420
350158,350421
350158,350422
350158,350423
350158,350424
350158,350425
350158,350314
350158,350426
350158,350427
350158,350428
350158,350315
350158,350429
350158,350430
350158,350431
350158,350432
350158,350433
350158,350434
350158,350435
350158,350436
350158,350437
350158,350217
350158,350438
350158,350439
350158,350440
350158,350441
350158,350442
350158,350311
350158,350443
350158,350444
350158,350445
350158,350446
350158,350447
350158,350448
350158,350449
350158,350450
350426,350451
350437,350217
350437,350317
350158,350341
350158,350452
350158,350453
350158,350324
350158,350454
350158,350455
350158,350456
350158,350457
350158,350458
350158,350459
350158,350460
350158,350461
350377,350462
350377,350463
350377,350464
350377,350465
350369,350388
350369,350466
350369,350170
350369,350174
350369,350177
350369,350183
350467,350468
350467,350469
350467,350470
350467,350471
350369,350390
350467,350472
350467,350473
350467,350474
350467,350475
350467,350347
350467,350345
350467,350476
350467,350477
350467,350478
350467,350479
350467,350480
350467,350481
350369,350482
350369,350483
350158,350317
350170,350484
350170,350485
350170,350486
350170,350487
350170,350488
350170,350489
350170,350490
350170,350363
350170,350491
350177,350183
350177,350174
350177,350488
350177,350492
350369,350493
350369,350494
350369,350324
350369,350495
350369,350496
350369,350311
350369,350497
350369,350217
350369,350317
350369,350498
350467,350499
350170,350500
350467,350501
350467,350502
350409,350405
350409,350406
350409,350407
350409,350408
350409,350417
350409,350410
350409,350411
350409,350223
350409,350412
350409,350413
350409,350404
350409,350378
350409,350379
350409,350380
350377,350503
350377,350504
350377,350505
350377,350506
350377,350507
350377,350508
350377,350509
350377,350510
350409,350377
350409,350403
350409,350402
350409,350401
350467,350511
350467,350512
350467,350513
350467,350232
350467,350514
350467,350515
350467,350516
350467,350517
350467,350518
350467,350519
350467,350520
350467,350521
350467,350522
350467,350523
350467,350524
350467,350410
350467,350525
350257,350526
350409,350463
350409,350462
350409,350527
350409,350399
350409,350400
350467,350528
350522,350179
350529,350530
350531,350532
350533,350534
350535,350194
350535,350536
350535,350342
350535,350537
350535,350538
350535,350539
350535,350540
350535,350541
350542,350183
350543,350183
350544,350209
350545,350223
350546,350183
350535,350547
350548,350549
350550,350551
350552,350183
350553,350492
350553,350554
350553,350555
350553,350556
350553,350557
350553,350558
350553,350559
350553,350560
350553,350561
350553,350494
350553,350562
350553,350563
350548,350564
350535,350433
350535,350170
350535,350565
350566,350567
350566,350568
350566,350569
350570,350571
350570,350572
350573,350574
350573,350575
350576,350574
350576,350575
350577,350578
350579,350580
350579,350581
350579,350582
350579,350583
350579,350584
350579,350585
350579,350586
350535,350587
350535,350588
350589,350590
350589,350591
350589,350592
350589,350593
350553,350594
350589,350595
350589,350393
350596,350597
350596,350598
350599,350183
350600,350601
350579,350224
350589,350389
350553,350602
350553,350495
350553,350390
350553,350490
350553,350603
350553,350604
350562,350605
350562,350606
350562,350607
350608,350609
350608,350610
350608,350564
350608,350611
350490,350179
350490,350612
350603,350613
350603,350299
350603,350614
350603,350615
350603,350616
350617,350618
350617,350619
350617,350240
350617,350620
350621,350622
350623,350183
350553,350488
350603,350624
350603,350625
350603,350626
350603,350627
350603,350628
350603,350629
350603,350630
350603,350631
350566,350632
350553,350633
350553,350414
350553,350634
350553,350635
350553,350636
350553,350637
350553,350174
350553,350638
350553,350639
350553,350177
350553,350180
350553,350640
350553,350641
350553,350642
350553,350183
350553,350643
350553,350644
350553,350608
350553,350645
350553,350646
350553,350647
350553,350648
350553,350649
350553,350650
350553,350198
350553,350651
350553,350246
350553,350652
350553,350653
350553,350654
350553,350655
350553,350656
350553,350657
350553,350272
350617,350658
350566,350659
350568,350660
350661,350662
350661,350663
350661,350664
350661,350665
350661,350666
350661,350667
350661,350668
350661,350669
350661,350670
350661,350671
350661,350672
350661,350673
350661,350674
350661,350675
350661,350676
350661,350677
350661,350678
350661,350679
350661,350680
350661,350681
350661,350682
350661,350683
350661,350684
350661,350685
350661,350562
350661,350686
350661,350687
350661,350688
350661,350689
350661,350690
350661,350691
350661,350692
350661,350693
350661,350694
350684,350695
350684,350696
350684,350690
350684,350688
350684,350687
350684,350684
350684,350683
350697,350698
350697,350315
350697,350427
350533,350699
350533,350700
350533,350701
350533,350702
350684,350703
350684,350704
350684,350705
350661,350706
350661,350707
350661,350708
350661,350709
350661,350710
350661,350711
350661,350696
350661,350712
350684,350713
350684,350714
350684,350715
350684,350716
350684,350414
350684,350717
350661,350718
350661,350695
350661,350719
350661,350720
350721,350722
350721,350723
350721,350724
350721,350725
350721,350726
350721,350727
350721,350728
350721,350729
350721,350730
350721,350731
350732,350733
350732,350734
350732,350735
350732,350566
350732,350554
350732,350736
350732,350737
350568,350738
350739,350740
350739,350741
350739,350742
350739,350743
350739,350744
350721,350745
350739,350701
350739,350746
350742,350701
350747,350183
350747,350170
350732,350568
350732,350748
350739,350749
350568,350566
350750,350751
350750,350179
350661,350703
350661,350704
350661,350752
350661,350753
350661,350754
350661,350755
350661,350756
350661,350717
350661,350757
350661,350758
350661,350759
350661,350760
350661,350414
350661,350716
350661,350715
350661,350714
350661,350761
350750,350762
350763,350751
350764,350183
350765,350539
350766,350183
350755,350414
350750,350763
350755,350760
350755,350755
350755,350753
350755,350695
350755,350684
350661,350713
350661,350767
350755,350661
350531,350768
350533,350769
350770,350771
350772,350773
350772,350459
350772,350774
350772,350775
350772,350776
350467,350777
350467,350351
350467,350778
350467,350243
350467,350779
350467,350406
350467,350780
350467,350781
350467,350782
350772,350783
350467,350784
350467,350785
350467,350786
350467,350787
350467,350788
350467,350789
350467,350790
350467,350791
350467,350792
350467,350793
350467,350794
350467,350795
350467,350796
350467,350797
350467,350798
350467,350799
350800,350800
350801,350802
350801,350374
350617,350803
350617,350804
350617,350246
350617,350805
350806,350807
350806,350808
350806,350809
350806,350810
350806,350811
350806,350812
350806,350311
350806,350813
350806,350814
350806,350422
350806,350815
350806,350816
350806,350817
350801,350818
350801,350819
350801,350820
350801,350821
350806,350822
350806,350823
350467,350824
350806,350825
350806,350826
350806,350827
350806,350828
350806,350829
350806,350830
350806,350317
350806,350561
350467,350831
350467,350832
350467,350833
350529,350834
350529,350835
350529,350836
350529,350837
350529,350838
350529,350839
350529,350840
350529,350841
350529,350315
350529,350842
350529,350775
350529,350843
350529,350844
350529,350845
350529,350846
350847,350387
350848,350746
350849,350183
350849,350170
350850,350851
350848,350852
350848,350742
350848,350853
350854,350855
350848,350856
350848,350744
350848,350857
350848,350858
350848,350859
350848,350701
350848,350749
350848,350860
350617,350861
350854,350197
350772,350862
350467,350863
350467,350864
350467,350865
350467,350866
350467,350867
350467,350868
350467,350869
350467,350870
350467,350871
350467,350872
350467,350349
350467,350873
350467,350874
350467,350875
350467,350467
350467,350876
350467,350877
350772,350317
350467,350878
350467,350283
350467,350879
350467,350880
350467,350881
350772,350829
350467,350882
350467,350883
350467,350884
350467,350885
350467,350886
350467,350219
350467,350887
350467,350888
350770,350889
350617,350890
350617,350555
350607,350891
350607,350578
350607,350892
350607,350719
350607,350893
350607,350894
350607,350321
350607,350562
350895,350183
350895,350494
350896,350647
350896,350183
350467,350897
350467,350898
350607,350572
350467,350197
350467,350899
350467,350900
350467,350901
350467,350902
350467,350903
350467,350904
350467,350905
350467,350906
350467,350907
350467,350908
350467,350909
350467,350361
350467,350763
350467,350214
350467,350910
350607,350911
350607,350912
350607,350913
350770,350914
350770,350915
350770,350916
350770,350917
350770,350918
350770,350919
350770,350920
350770,350921
350770,350922
350770,350923
350770,350924
350770,350925
350770,350926
350770,350927
350770,350928
350770,350929
350770,350930
350931,350269
350770,350932
350770,350933
350770,350934
350770,350935
350770,350936
350467,350937
350770,350938
350770,350939
350770,350940
350770,350941
350770,350942
350770,350943
350770,350944
350770,350945
350467,350360
350467,350946
350467,350947
350467,350948
350467,350949
350467,350950
350467,350951
350467,350952
350467,350953
350467,350954
350467,350955
350467,350956
350467,350355
350467,350957
350467,350958
350467,350289
350467,350959
350467,350960
350467,350961
350467,350962
350617,350963
350617,350964
350617,350820
350467,350352
350467,350965
350467,350966
350467,350967
350467,350968
350467,350969
350467,350970
350467,350971
350467,350972
350467,350315
350467,350973
350467,350974
350617,350641
350467,350975
350467,350179
350467,350976
350467,350977
350467,350978
350467,350979
350467,350980
350467,350439
350467,350981
350467,350982
350467,350224
350467,350983
350467,350984
350467,350985
350467,350986
350467,350987
350467,350988
350467,350358
350467,350989
350467,350612
350467,350990
350467,350991
350467,350992
350467,350993
350467,350994
350467,350995
350467,350996
350467,350997
350467,350181
350467,350998
350467,350999
350467,351000
350467,351001
350467,350357
350409,350464
351002,351003
350409,350510
350217,350808
350217,350453
350217,350216
350217,351004
350217,351005
351006,350943
351007,351008
351007,351009
351007,350445
351007,351010
351007,351011
351007,351012
351007,351013
351007,351014
351007,351015
351007,351016
351007,351017
350217,351018
350217,351019
350217,350313
350217,350431
350390,350386
350390,350396
350390,350387
350390,350695
350390,351020
350390,351021
351022,351023
351022,351024
351007,350450
351022,351025
351022,351026
351027,350217
350217,350317
350217,350283
350217,350311
350217,350458
350217,350324
350217,350159
351022,351028
351007,351029
351007,351030
351007,351031
351007,351032
351007,351033
351007,351034
351007,351035
351007,351036
351007,351037
351007,351038
351007,351039
351007,351040
351007,350457
351007,351041
351007,351042
351007,351043
351007,351044
351007,351045
351007,351046
350457,350846
350457,350445
351007,350838
351047,350388
351007,351048
351007,351049
351007,351050
351007,350217
351007,351051
351007,351052
351007,351053
351007,351054
351007,351055
351007,351056
351007,351057
351007,351058
351007,351059
351007,351060
351007,351061
351007,351062
351007,351063
351007,351064
351007,351065
351007,351066
351007,351067
350457,351068
351069,350374
351070,350374
351071,351072
351071,351073
351071,351074
351071,351075
351071,351076
351071,351077
351071,351078
351071,351079
351071,351080
351071,351081
351071,351082
351071,351083
351071,351084
351071,351085
351071,351086
351071,351087
351071,351088
351071,351089
351071,351090
351071,351091
351071,351092
351071,351093
351071,351094
351071,351095
351071,351096
351071,351097
351071,351098
351071,351099
351071,351100
351071,351101
351071,351102
351071,351103
351071,351104
351071,351105
351071,351106
351071,351107
351071,351108
351071,351109
351071,351110
351071,351111
351071,351112
351071,351113
351071,351114
350374,351115
350374,351116
350374,351117
350374,351118
350374,351070
350374,351119
350374,351120
350374,350819
350374,351121
350374,351122
350374,350261
350374,351123
350374,351124
350374,350820
350374,351125
350374,350821
350374,351126
351070,350557
350374,350555
351070,351120
350374,350489
351115,350821
351115,350489
351115,351121
351115,351116
351115,350374
351115,351117
351115,351118
351115,351070
351115,351119
351115,351126
351115,351120
351115,351122
351115,350555
351115,351127
351115,350261
351115,351123
351115,351124
351115,351069
351115,351125
351115,350819
350457,350829
350457,350450
350457,351128
351129,350830
351129,350191
351129,351130
351129,351131
351129,351132
351129,351133
351129,351134
351129,351135
351129,351136
351129,351137
351129,351138
351129,350814
351129,351139
351129,351140
351129,351141
351129,351142
351143,350493
351129,350194
351129,350561
351129,351144
351129,351143
350317,350829
350317,350862
350317,350776
350317,350775
350317,350774
350317,350459
350317,350773
350317,350783
351141,351145
350283,351146
350283,351147
350283,351148
350283,351149
350283,351150
350283,350242
351129,350822
351129,351151
351129,351152
350283,351153
351141,351154
351141,350829
351141,350317
350183,350603
350183,350490
350183,350488
350183,350633
350183,350651
350183,350414
350183,350646
350183,350647
350183,350604
350183,350648
350183,350650
350183,350198
350183,350246
350183,350272
350183,350652
350183,350653
350183,350654
350183,350655
350183,350649
350317,350453
350643,351155
350643,351156
351141,350217
351141,351157
351141,351027
351141,351158
351141,351159
351141,351160
351141,350380
351141,350566
350643,351161
351162,351163
351162,351164
351162,351165
351162,350563
351162,350411
351162,351166
351162,351167
350643,350183
350643,350667
351162,351168
350317,351169
350317,350431
350317,350817
350223,350976
350223,351170
350223,350224
350223,350999
350223,350221
350223,351171
350223,350219
350223,351172
350223,351173
350223,351174
350223,351175
350223,350180
350223,351176
350223,351177
350223,351178
350223,351179
350223,350643
350223,351180
350223,350784
350223,351181
350223,351182
351183,350223
350457,351184
350457,350159
350457,350775
350457,350437
350457,351185
350457,350430
350457,350774
350457,351186
350223,350258
350457,351187
350457,350158
350457,350868
350457,350313
350457,350880
350457,350839
350457,350458
350457,350838
350457,351188
350457,351189
351071,351190
350223,351191
350223,350366
350321,350675
350321,351192
350321,351193
350321,351194
350321,350638
350321,351195
350321,350319
350321,351196
350321,351197
350321,350607
350317,350217
350317,350313
350317,350283
350317,350311
350317,350458
350317,350324
350317,350825
350317,350159
351198,350563
350223,351199
350321,351200
351201,350321
350223,350342
350223,350778
350223,351202
350223,351203
350223,350225
350223,351204
350659,351205
350659,351206
350321,351207
350659,350323
350659,351201
350659,351208
350659,350321
350659,351209
351205,351210
351205,351211
350323,350319
351212,350321
350659,351212
351071,351213
351071,351214
351071,351215
351002,351216
351002,351217
351002,351218
351002,351219
351002,351220
351002,351221
351002,351222
351002,350780
351002,351223
351002,351224
351002,351225
351002,350859
351002,351226
351002,351227
351002,350872
351002,350701
351002,351228
351002,350858
351002,351229
351002,351230
351002,351231
351002,351232
351002,350856
351002,351233
351002,351234
351002,351235
351002,351236
351002,350860
351002,351237
351002,351238
350467,350393
351002,350744
351002,351239
351002,351240
351002,351241
351002,351242
351002,350857
351002,351002
351002,351243
351002,351244
351002,351245
351002,351246
351002,351247
350746,350701
350746,351248
351249,350388
351249,350695
351250,350388
351251,351252
351251,350695
351253,351254
351255,350383
351256,351257
351258,351259
351260,351261
351260,351262
351260,351263
351260,351264
351260,351265
351260,350368
351260,351266
351267,350388
351002,351268
350701,351247
350701,350742
351002,351269
351002,351270
351002,351271
351002,351272
351002,350501
351002,351273
351002,351274
351002,351275
350701,350700
351002,351248
351002,351276
351002,351277
351002,350749
351002,351278
351002,350746
351002,351279
351217,351280
350701,351281
351002,351282
351002,351283
351002,351284
351002,351285
351248,351242
351248,350857
351248,351002
351248,351231
351248,351216
351248,351217
351248,351220
351248,351222
351248,351239
351248,350780
351248,350859
351248,350869
351248,351226
351248,351227
351248,350701
351248,351238
351248,351246
351248,351247
351248,351286
351248,351270
351248,351003
351248,350830
351287,350209
351287,351287
351288,350388
351289,350227
351248,350852
351248,351290
351248,351291
351248,351292
351248,350860
351248,351293
351248,351294
351248,351295
351248,351296
351248,350853
351248,351285
351248,351283
351248,350856
351248,351233
351248,351297
351260,351298
351248,351255
351248,351271
351248,351277
351002,350852
351002,351299
351002,351300
351002,351290
351002,351291
351002,351301
351002,351292
351248,351302
351002,350848
351002,351293
351002,351297
351002,351294
351002,351303
351002,351296
351002,350742
351002,350853
351002,351304
351002,351305
351248,351306
351248,351273
351248,351228
351248,351274
351248,351275
351248,351307
351248,350749
351248,351278
351248,350746
351248,351279
351248,350848
351248,351269
351248,351304
351248,351268
351248,351232
351248,351308
351248,351237
351248,351309
351248,351218
351248,351221
351248,350872
351248,351284
350183,350656
351260,351310
351260,350980
350324,351311
350324,351312
350324,350312
351313,351314
351315,351315
351316,351317
351318,351319
351318,351320
351071,351321
351071,351322
351071,351323
351071,351324
351071,351325
351071,351326
351071,351327
351071,351328
351071,351329
350324,351330
350324,351331
350324,351332
351021,351333
351334,351335
351334,351336
351334,351337
351334,351338
351334,351339
351334,351340
351334,351341
351334,351160
351071,351342
351343,351344
351343,351345
351346,351347
351021,351348
351021,351349
351021,351350
351021,351351
351021,351352
351021,351353
351343,351354
351071,351355
351071,351356
351071,351357
351071,351358
351071,351359
351071,351360
351071,351361
351071,351362
351071,351363
351071,351364
351071,351365
351071,351366
351071,351367
351071,351368
351071,351369
351071,351370
351071,351371
351071,351372
351071,351373
351071,351374
351071,351375
351071,351376
351334,351377
351071,351378
351071,351379
351071,351380
351071,351381
351071,351382
351071,351383
351071,351384
351071,351385
351071,351386
351071,351387
351071,351388
351071,351389
351071,351390
351071,351391
351071,351392
351071,351393
351071,351394
351071,351395
351071,351396
351071,351397
351071,351398
351334,351399
351334,351022
351334,350423
351260,351400
351260,351401
351260,351402
351265,351403
351265,351404
351265,351405
351265,351406
351265,351407
351260,350324
351265,351408
351265,351409
351265,351410
351265,351411
351265,351412
351265,351354
351265,351413
351265,351414
351265,351415
351265,351416
351265,350435
351260,351417
351260,351346
351260,351347
351260,350433
351260,351418
351260,351419
351260,351420
351260,351421
351260,351422
351260,351423
351260,351021
351260,351424
351260,351425
351260,351426
351260,351427
351260,351332
351260,351428
351260,351343
351260,351429
351260,351430
351260,351334
351260,350194
351265,350728
351265,351431
351334,351432
351334,351433
351334,351434
351334,351435
351334,351436
351334,350536
351334,351437
351334,351438
350433,351439
351334,351440
351334,350183
351334,350433
351334,351441
351334,351442
351334,351424
351334,351443
351334,350170
351334,351444
351334,351445
351265,350251
350433,350540
350980,351446
351265,351447
351265,351448
351265,351449
351265,351450
351265,351451
351265,351452
351265,351453
351265,351454
350980,351455
351265,351456
351265,351457
351265,351345
351265,351458
351265,350456
351265,351459
351265,351460
350980,351461
350980,351462
351265,351463
350183,350657
350183,350645
350183,350608
351464,351207
351464,351210
351464,351465
351464,351466
351464,351467
351464,351468
351464,351469
351464,351470
351464,351471
351464,350323
351464,351472
351464,351473
351464,350659
351464,351474
351464,350666
351464,351475
351464,351201
351464,351476
351464,351477
351464,351478
350241,350240
350161,350326
350161,350339
351479,350502
351479,350223
350387,351480
350387,350847
350387,351481
350387,351482
351464,351483
350387,351484
350387,351485
350387,351486
350387,351487
350387,351488
350387,351489
350387,351490
350387,350396
350387,351491
350387,351492
351464,351493
351464,351464
351464,351494
351495,351496
351495,351497
351498,350217
351499,350240
351499,350246
351499,351500
351499,351501
351499,351123
351495,351495
351499,351502
351499,350812
351499,350620
351499,351503
350620,350240
350620,351500
350620,350861
350620,350186
350620,350174
351499,351504
350161,350327
351505,350194
351472,351506
351464,351507
351464,351508
351464,350321
351464,351509
351464,351510
351464,351511
351464,351512
351464,351505
351472,351513
351464,351514
351464,351515
351464,351516
351477,350388
351477,350389
351477,351517
351477,351518
351472,351519
351472,351520
351464,350393
350161,350328
350161,350329
350161,350330
350784,350751
350784,351521
350784,350406
350784,350502
350784,350410
350784,351468
350784,351522
350784,350223
350751,350502
351523,350572
351199,351524
351199,350223
350214,351525
350214,351526
350214,351527
350214,350516
350214,350215
350214,350213
351199,351528
350214,351529
350751,350784
350776,350783
351530,351531
351530,351346
351530,351417
351530,351532
351530,350324
351530,351339
351530,351533
351530,351341
350751,350406
351530,351534
351530,351535
351536,351537
350776,350829
350776,350862
350776,350775
350776,350774
350776,350459
350776,350773
351530,351538
350620,350620
350778,350223
350778,351539
350161,350166
350161,350160
350161,350162
350161,350163
350161,350164
350161,350165
350161,350169
350161,350236
350161,350153
350161,350305
350161,350338
350161,350337
350161,350336
350161,350335
350161,350334
350161,350333
350161,350332
350161,350331
350161,350237
350778,350538
350161,350154
350161,350156
351540,351541
351540,350485
351540,350214
351540,351542
350161,350212
350161,350211
350161,350210
350161,350209
350161,350155
350161,350208
350161,350206
350161,350205
350161,350204
350161,350203
350161,350168
350161,350200
350161,350167
350161,350157
350161,350207
351530,351345
350620,350617
350197,350412
351543,351544
351543,350311
351543,351019
351543,351545
351543,351546
351543,350808
350315,350846
350315,350845
350315,350844
350315,350843
350315,350775
350315,350842
350315,350315
350315,350841
350315,350530
350315,350312
350315,350529
351543,350421
351543,351547
351543,351548
351543,350315
350493,351549
350493,351550
350493,351551
350493,351552
351553,351554
351553,351555
351553,351556
351553,350311
350315,350840
351553,351557
351543,351558
351543,351559
351543,351543
351543,351560
351543,350217
351543,350434
351543,351561
351543,351562
351563,351564
350315,350839
350315,350838
350315,350837
350503,351565
350503,350401
350503,350403
350503,351566
350503,350404
350503,351567
350503,350409
350503,351568
350503,351569
350503,350223
350503,350377
350409,350503
350409,350504
350409,350505
350409,350506
350409,350507
350409,350508
350409,350509
350503,350412
350493,351570
350503,350505
350503,351571
350315,350836
351548,351572
351548,350304
351548,350317
351548,350295
351548,351573
351548,350324
351548,350808
350503,351574
350385,351563
351529,350214
351575,351576
351575,350493
351577,350551
351577,350517
351577,351578
351577,350197
351577,351579
350385,351470
350493,351580
350493,351143
350493,351581
351582,351583
351582,351584
351582,350505
351582,351585
351582,351586
351582,350487
351582,351587
351582,351151
350785,351588
351582,351589
351582,351206
351582,351590
351582,351591
351582,351592
351582,350323
351582,351593
351582,351594
351582,350748
351582,351205
351582,351595
350785,351596
351597,351598
350197,351599
350197,350224
350197,350219
350197,350283
350197,351600
350197,351601
350996,351602
350996,350243
350785,350214
350432,350217
350432,350318
350432,351543
350432,351603
350432,350426
350432,350421
350432,350313
350432,350453
351597,351604
350432,350458
351605,350261
351582,350659
351582,351201
351582,350281
351582,351606
351582,351607
351582,351608
351609,351205
351609,351206
351609,350659
351609,351201
351582,351610
351609,350321
350493,350194
350493,350170
350493,350493
350493,351289
350493,351611
350493,350325
350493,351612
350493,350606
350493,350601
351582,351212
351582,350492
351582,350632
351582,350401
351582,351613
351582,351614
351582,351609
351582,350403
351582,351615
351582,351521
351582,351464
351582,351616
351582,351617
351582,351618
351582,350609
351582,351619
351582,350569
351582,350321
351582,351620
351582,351621
351582,350554
351582,351622
350409,350465
351530,351536
351530,351336
350453,350312
350453,350529
350453,351623
350453,351624
350453,351625
350453,350283
350453,350311
350453,351626
350453,351627
350453,351628
350453,350459
350453,351158
350453,351629
350453,350458
350453,350310
350453,350810
350453,350809
350453,351630
350453,350390
350453,350313
350453,350567
350453,350774
350453,351631
350453,350315
350453,351632
350453,351633
350453,351634
350453,351635
350453,351636
350453,351531
350453,351637
350453,351638
350453,351639
350453,351027
350453,351640
350453,351641
350453,351642
350453,351643
350453,350814
350453,351136
350453,351018
350453,351644
350453,350854
351158,350991
351158,351645
351158,350243
351158,350795
351158,351158
351158,350347
351158,350479
350243,351602
351158,351000
351646,351647
350551,351648
350551,351649
350551,351650
350551,350517
350551,351651
350551,351470
350551,351652
350551,351653
350551,350481
350453,351654
351158,351001
350453,350309
350453,351655
350453,350340
350453,350453
350453,350772
350453,351656
350453,351657
350453,351658
350453,351659
351158,351660
350453,350494
350453,351661
350453,351662
350453,351663
350453,350307
350453,351140
350453,351141
350453,351664
350453,350380
350453,351665
350453,351666
350453,351667
350453,351668
351669,350314
351669,350311
351669,351603
351669,350315
351669,351332
351669,350324
350431,350217
350453,350318
350183,350494
350453,351670
350453,351671
350453,351672
350453,351673
350453,351674
350453,351675
350453,351676
350453,351677
350453,350855
350453,351678
350453,351679
350183,350562
350183,350594
350183,350644
350183,350643
350183,350183
350183,350642
350183,350641
350183,350640
350183,350180
350183,350177
350183,350563
350183,350639
350183,350174
350183,350637
350183,350636
350183,350635
350183,350634
350183,350390
350183,350495
350183,350602
350183,350638
350823,350318
350453,351680
350453,351681
350453,351682
350453,350830
350453,350317
350453,351683
350453,350159
350453,351684
350453,350217
350453,351685
350453,350829
350453,351686
350453,351131
350453,351687
350453,350435
350453,350432
350453,351133
350453,350431
350453,351688
350453,351689
350453,351690
350453,351691
350453,351692
350453,351693
350453,351694
350453,351695
350453,351144
350453,351696
350453,350561
350453,351697
350453,351698
350453,351699
350453,350657
350453,350222
350453,351700
350453,351154
350453,351701
350453,351702
350453,351703
350453,351704
350453,351705
350453,351603
350453,351706
351530,351337
350823,351697
350823,350317
350517,351707
350517,351708
350517,351709
350517,350224
351710,350179
351711,351712
350695,350386
350695,350757
350695,350767
351530,351261
351530,351713
351530,351262
351530,351674
351530,351714
351530,351435
351530,351681
351530,351715
350517,350376
351648,351716
351648,351717
351648,350580
351648,350220
351648,350406
351648,350784
351648,351223
351648,351718
351648,351719
351648,351720
351648,350469
351530,350368
351648,351707
351648,351721
351648,350502
351648,350410
351648,350519
351648,351722
351648,351723
351648,350223
351648,351724
351648,351725
351530,351726
351530,351727
351530,351728
351530,351729
351530,351442
351530,351730
351530,351443
351530,351731
351530,351732
351530,351426
351530,350172
351530,351733
351530,351633
351530,351636
351530,351332
351530,351734
351530,351022
351530,351735
351530,351428
351530,351399
351530,351377
351530,351444
351648,350778
351530,351420
351530,351689
351530,351736
351530,350536
351530,350980
351530,351437
351530,351737
351530,350191
351530,351438
351530,351440
351530,351738
351530,351739
351530,351445
351530,351690
351530,351740
351530,350183
351530,351741
351530,351742
351530,351419
351530,351447
351530,351743
351648,351566
351648,351744
351648,351649
350823,351745
350823,351746
350823,351747
350823,351748
350823,351125
350823,351749
350823,350618
350823,351750
350823,350177
350823,351751
350823,350806
350823,350174
350823,350422
350823,350602
350823,351752
350823,350617
350312,350846
350312,350845
350823,351753
350312,350844
350823,351754
350823,351755
350823,350217
350823,350774
350823,350312
350823,351756
350823,350340
350823,350453
350823,350488
350823,351757
350823,351758
350823,351759
350823,350381
350823,351760
350823,350654
350823,351761
350823,351762
350823,351763
350823,351764
350823,351120
350823,350374
350823,351765
350312,350843
350312,350842
351766,350317
351766,350311
351766,350341
351686,351767
351648,351768
351648,351571
351648,350507
351648,351769
350340,350494
351648,351770
351648,351771
351648,350222
351648,351772
351648,351773
351648,350907
351648,351774
351648,351775
351648,350572
351648,351776
350312,350775
350340,350453
350340,350312
350312,350315
350312,350841
350312,350530
350312,350529
350312,350840
350312,350839
350312,350838
350312,350837
350340,351756
350312,350836
350340,350823
350340,351680
350340,351697
350340,351765
350340,350317
350340,350217
350340,350774
350340,350390
350340,350318
350467,351777
351778,351779
350467,351780
351778,351781
351778,351782
351778,351783
351778,350387
351778,351784
351778,351785
351778,351786
351778,351787
351778,350692
351778,351788
351778,351789
351778,351790
351778,351791
351778,351792
351778,350415
351778,351793
351778,351794
351778,351795
351778,351796
351778,351797
351778,351798
351778,351799
351778,351800
351778,351801
351778,351802
351778,351803
351778,351804
351778,351805
351778,351806
351778,351807
351778,351808
351778,351809
351778,351810
351778,351811
351778,351812
351778,351813
351778,351814
351778,351815
351778,350690
351778,351816
351778,350696
351778,351817
351778,351818
351778,350389
351778,351819
351778,351820
351778,351821
351778,351822
351778,351823
351778,351824
351778,351825
351778,351826
351778,351827
351778,351828
351778,351829
351778,350589
351778,351830
351778,351831
351778,351480
351778,351832
351778,350535
351778,350704
351778,351833
351778,351834
351778,351835
351778,351836
351778,351837
351778,351838
351778,351839
351778,351840
351778,351841
351778,351778
351778,351842
351778,351843
351778,351844
351778,350818
351778,351845
351778,351846
351778,351847
351778,351848
351778,351849
351778,351850
351778,351851
351778,351852
351778,351239
351778,350182
351778,351853
351778,351854
351778,351855
351778,351856
351778,351857
351778,350595
351778,351858
351778,351859
351778,351860
351778,351861
351778,351862
351778,351863
351778,350703
351778,351864
351778,351865
351778,351755
351778,350664
351778,351866
351778,350564
351778,351867
351778,351868
351778,351869
351778,351870
351778,351482
351778,351871
351778,351872
351778,351873
351778,351874
351778,351875
351778,351876
351778,351542
351778,351877
351778,351878
351778,351879
351778,351880
351778,351881
351778,351487
351778,351882
351778,351883
351778,351277
351778,351884
351778,350684
351778,351885
351778,351886
351778,351887
351778,351888
351778,351889
351778,351890
351778,351891
351778,351892
351778,351893
351778,351194
351778,351894
351778,351895
351778,351896
351778,351897
351778,351898
351778,351899
351778,351900
351778,351901
351778,351902
351778,351903
351904,350561
351904,351266
351905,350489
350720,350562
350720,350696
350720,350661
350767,350695
351906,351907
351778,351908
351778,351909
351778,351910
351778,351911
351778,351912
351778,351913
351778,351914
351778,351915
351778,351916
351778,351917
351778,351918
351778,351919
351778,351516
351778,351515
351778,351920
351778,351921
351778,350616
351778,351922
351778,351923
351778,351924
351778,351925
351778,351926
351778,351927
351778,351928
351778,351929
351778,351930
351778,351931
351778,351932
351778,351933
351778,351710
351778,351934
351778,351935
351778,351936
351778,351937
351778,351938
351778,350391
351778,351245
351778,351939
351778,351940
351778,351228
351778,351941
351778,351942
351778,351943
351778,351944
351778,351945
351778,351946
351778,351947
351778,351948
351778,351949
351778,351950
351778,351951
351778,351952
351778,351953
351778,351954
351778,351955
351778,351956
351778,351957
351778,351958
351778,351959
351778,351960
351778,351961
351778,351962
351778,351963
351778,351964
351778,351965
351778,351966
351778,351967
351778,351968
351778,351969
351778,351970
351778,350687
351778,350688
351778,351971
351778,351972
351778,351510
351778,351973
351778,351974
351778,351306
351778,351975
351904,351976
351778,351977
351778,351978
351778,351197
351778,351979
351778,350715
351778,351980
351778,351981
351778,350489
351778,350591
351778,351982
351778,350714
351778,351983
351778,351984
351778,351985
351778,351986
351778,351987
351778,351988
351778,351989
351778,351990
351778,351991
351778,351992
351778,351993
351778,351994
351778,351995
351778,351996
351778,351997
351778,351998
351778,351999
351778,352000
351778,352001
351778,352002
351778,352003
351778,352004
351778,352005
351778,352006
351778,351492
351778,352007
351778,350716
351778,352008
351778,352009
351778,352010
351778,352011
351778,352012
351778,352013
351778,351484
351778,352014
351778,352015
351778,352016
351778,352017
351778,352018
351778,352019
351778,352020
351778,352021
351778,352022
351778,352023
351778,352024
351778,352025
351778,352026
351778,352027
351778,352028
351778,352029
350660,351593
350660,351592
350660,351591
350660,352030
350660,351205
350660,351589
350660,351586
350660,352031
350660,350505
352032,350566
352032,350748
352033,350406
350660,350748
352034,352035
352034,350429
352034,351023
352034,350314
352034,352036
352034,350431
352034,352037
352034,352038
352034,352039
352034,352040
352034,352041
352042,352035
352042,352043
352034,350324
351778,352044
350660,350659
350660,351614
351778,352045
351778,352046
351778,352047
351778,352048
351778,352049
351778,350713
351778,352050
351778,352051
352052,352053
350660,351607
350660,352054
350660,350281
350660,352055
350660,351568
350660,351616
350660,350632
350660,351209
350660,350554
350660,351621
350660,352056
350660,351619
350660,352057
350660,351208
350660,351617
350660,351521
350660,351615
350660,350492
351778,352058
351778,352059
351778,350760
351778,352060
351778,352061
351778,352062
351778,352063
351778,352064
351778,352065
351778,352066
351778,352067
351778,352068
351778,352069
351778,352070
351778,352071
351778,352072
351778,352073
351778,352074
351778,351472
351778,352075
351778,351761
351778,352076
351778,352077
351778,352078
351778,352079
351778,352080
351778,352081
351778,352082
351778,352083
351778,352084
351778,352085
351778,352086
351778,352087
351778,352088
351778,352089
351778,352090
351778,352091
351778,350437
351778,352092
351778,352093
351778,352094
351778,352095
351778,352096
351778,350396
351778,351701
351778,352097
351778,352098
351778,352099
351778,352100
351778,352101
351778,352102
351778,352103
351778,352104
351778,352105
351778,352106
351778,352107
351778,352108
351778,352109
351778,352110
351778,352111
351778,352112
351778,352113
351778,352114
351778,352115
351778,352116
351778,352117
351778,352118
351778,352119
351778,352120
351778,352121
351778,352122
351778,352123
351778,352124
351778,351906
351778,352125
351778,352126
351778,352127
351778,352128
351778,352129
351778,352130
351778,350675
351778,352131
351778,351115
351778,352132
351778,352133
351778,352134
351778,352135
351778,352136
351778,352137
351778,352138
351778,352139
351778,352140
351778,352141
351778,352142
351778,352143
351778,352144
351778,352145
351778,352146
351778,352147
351778,351709
351778,351471
351778,352148
351778,352149
351778,352150
351778,352151
351778,352152
351778,352153
351778,352154
351778,351178
351778,351118
351778,352155
351778,352156
351778,352157
351778,352158
351778,352159
351778,352160
351778,352161
351778,352162
351778,352163
351904,351436
351904,352164
351904,352165
352166,352167
352166,352168
352166,352169
352166,352170
352166,352171
352166,352172
352166,352173
352166,350725
352166,352174
352166,350598
352166,352175
352166,352176
352166,352177
352166,352178
352166,350597
352166,352179
352166,352180
352166,352181
352166,352182
352166,352183
352166,352184
352166,352185
352166,352186
352166,352187
352166,352188
352166,352189
352166,352190
352166,351955
352166,350456
352191,352192
352191,352193
352191,352194
352191,352195
352191,352196
352191,352197
352198,352199
352198,352200
352198,352201
352198,352202
352166,351911
352166,352203
352166,352204
352166,352205
352166,352206
352166,352207
352166,352208
352166,352209
352166,350393
352166,352210
352166,352211
352166,352212
352166,351460
352166,352213
352166,352214
352166,352215
352166,352216
352166,350596
352166,350727
352166,352217
352166,352218
352166,352219
352166,352220
352166,352221
352166,352222
352166,352223
352166,352224
352166,352225
352166,352226
352166,352227
352228,350746
352228,350749
352166,352229
352228,350701
352228,350744
352228,350742
352228,352230
352228,350740
352231,352200
352231,352202
352232,352233
352232,352234
352232,352235
352232,352236
352237,352238
352237,352239
352228,352240
352191,352241
352166,352242
352166,352140
352166,352243
352166,352244
352166,352245
352166,352246
352166,352247
352166,352248
352166,352249
352166,352250
352166,352251
352166,352252
352166,352253
352166,352254
352166,351408
352166,352255
352166,352256
352166,352257
352166,352258
352166,352259
352166,352260
352166,352261
352166,352262
352166,352263
352166,352264
352166,352265
352166,352266
352166,352267
352166,352268
352269,351257
352191,352270
352191,352271
352272,351264
352272,352273
352274,352275
352276,350174
352276,350177
352276,351778
352276,350183
352277,350640
352278,352279
352278,352280
352281,352282
352283,351460
352283,350596
352283,352259
352284,352285
352284,352286
352284,352287
352284,352288
352289,350388
352290,351345
352290,351447
352290,352291
352290,352292
352290,352293
352294,352295
352272,352296
352272,352297
352272,352298
352272,350644
350467,352299
352300,351347
352301,352302
352301,350617
352301,351720
352301,352303
352301,350466
352301,350174
352301,350177
352301,350179
352301,352304
352301,350861
352294,352305
352301,352306
352301,350488
352307,350323
352308,352309
352310,350588
352311,350657
352312,350943
352272,352313
352272,352314
352272,350170
352272,352315
352272,352316
352272,352317
352301,350222
352294,352318
352294,352319
352294,352320
352191,352321
352191,352322
352191,352323
352191,352324
352191,352325
352191,350781
352191,352326
352191,352327
352191,352328
352191,352329
352191,350179
352191,352330
352191,352331
352191,352332
352191,352333
352191,352334
352191,352335
352191,352336
352191,352337
352191,352338
352191,352339
352191,352340
352191,352341
352191,352342
352191,352343
352191,352344
352191,352345
352191,352346
352191,352347
352191,352348
352294,352349
352294,352350
352294,352351
352294,352352
352294,352353
352294,352354
352294,352355
352294,352356
352294,352357
352294,352358
352294,352359
352294,352360
352191,350233
352361,350635
352362,352363
352364,352365
350733,352366
350733,350566
350733,352367
352368,350170
352368,350183
352191,352369
352191,352370
352191,352371
352191,352372
352191,352373
352374,352375
352376,352377
352376,352378
352376,352379
352380,352381
352380,351470
352380,352382
352380,351592
352380,350826
352380,352383
352380,352384
352380,352385
352380,352386
352380,352387
352380,350579
352380,352388
352380,350463
352380,350464
352380,351771
352380,351589
352380,352389
352380,352390
352380,352391
352380,352392
352380,352393
352380,352394
352380,352395
352380,352396
352380,352397
352380,352398
352380,350462
352380,352399
352380,350323
352380,352400
352380,352401
352380,351180
352380,352402
352380,352403
352380,350186
352380,351520
352380,352087
352380,352055
352380,352404
352380,352405
352380,352406
352380,352134
352380,352407
352380,352408
352380,352409
352380,350748
352380,351594
352380,352410
352380,352411
352380,352412
352380,352413
352380,350912
352380,350763
352380,352414
352380,352415
352380,350572
352380,351587
352380,352416
352380,352417
352418,350701
352418,350700
352418,350742
352419,352420
352419,350611
351904,351159
351904,350738
351904,350568
351904,351160
351904,351141
351904,352421
351904,350566
352418,350769
351904,352422
351904,350567
351904,350814
351904,351136
351904,352423
351904,350351
351904,352424
351904,352425
351904,352426
351904,351418
351904,351131
351904,352427
351904,350830
351904,352428
352380,352238
352429,351252
352430,350740
352380,352431
352380,352432
352380,350487
352380,352433
352380,352434
352380,351586
352380,351207
352380,350225
352380,352435
352380,350507
352380,352436
352380,352437
352438,350566
352380,352439
352380,352031
352380,351708
352380,350505
352380,351574
352380,352440
352380,352441
352380,352442
352380,350275
352380,352443
352380,352444
352380,352445
352446,350183
352380,352447
352380,350401
352380,352448
352380,352449
352380,351661
352380,352450
352380,350223
352380,352451
352380,350586
352380,352452
352380,352453
352380,352454
352380,352455
352380,352456
352380,352457
352380,350410
352380,352458
352380,350517
352380,350492
352380,352459
352380,352460
352380,352461
352380,350514
352380,351512
352380,352462
352380,350513
352380,352463
352380,352464
352380,351159
352380,352465
352380,352466
352380,352467
352380,352468
352380,352469
352376,352470
352376,352471
352376,352472
352376,352473
352376,352474
352376,350701
352376,352475
352376,352476
352376,351508
352376,352477
352376,352478
352376,352479
352380,350580
352376,352480
352376,352481
352376,351483
352376,352482
352376,352483
352376,352484
352376,352485
352376,352486
352376,352487
352380,352488
352380,352489
352380,352490
352380,351607
352376,352491
352042,352492
352380,350409
352380,351725
352380,352493
352380,352057
352380,352494
352380,351622
352380,352495
352380,351204
352380,352496
352380,352497
352380,352498
352380,352499
352380,352500
352380,351617
352380,352501
352380,350734
352380,352502
352380,351494
352380,351464
352380,352503
352380,351493
352380,351521
352380,352504
352380,352505
352380,350403
352380,352506
352380,351609
352380,351614
352380,352507
352380,352508
352380,351619
352380,352509
352380,351707
352380,352510
352380,352511
352380,352512
352380,351621
352380,352513
352380,352514
352380,350750
352380,352515
352380,350391
352380,352516
352380,350587
352380,352517
352380,352518
352380,352519
352380,352032
352380,352520
352380,352521
352380,352522
352380,352523
352380,351718
352380,352524
352380,352525
352380,352526
352380,352527
352380,352528
352380,352529
352042,352530
352166,352531
352042,352532
352533,352534
352533,352535
352533,352536
352533,350386
352533,352537
352533,350628
352533,350385
352533,352538
352533,350695
352533,350388
352533,350389
352533,352056
352533,352539
352533,350390
352533,350387
352533,350391
352533,352540
352533,350383
352541,352172
352541,352170
352541,352542
352541,352190
352541,352211
352541,352209
352533,352411
352541,352206
350892,352543
352544,351320
352533,351477
352533,350603
352533,352545
352533,352546
352541,352216
352541,352547
352533,352548
352533,352549
352550,350179
352550,352551
352550,352552
352550,352553
352550,352554
352555,350183
352550,351578
352555,351442
351539,350778
351539,350223
352556,352239
352557,352558
352557,352559
352557,352239
351539,350538
352533,352560
352550,350486
351886,350646
352533,350392
352533,350393
352533,352533
352533,352561
352533,350589
352533,352562
352550,352563
352533,351943
352533,352362
350611,352564
350611,352565
350611,352566
350611,352567
350611,352419
352533,352568
352541,350598
352541,352178
352541,350597
350467,352569
350467,352570
350467,352571
350467,352572
350467,352573
352574,350217
350467,352575
352574,352576
350232,352577
350232,351000
350232,350179
350232,350511
350232,351722
352578,352579
350881,350243
352578,352580
350467,352581
350467,352582
350467,352583
350467,352584
350467,352585
350467,352586
350467,351503
350467,352587
350467,352588
350467,351724
350467,352589
350467,350367
350467,352590
350467,350242
350467,352591
350467,352592
350467,352593
352578,352594
352578,352595
352596,350183
352541,352597
352541,352224
352541,352229
352541,352242
352541,352598
352541,352256
350757,350695
352541,352599
352541,351431
352541,352246
352541,350596
352541,352185
352541,352600
352541,352601
352541,352602
352603,352604
352605,352606
352607,352608
352596,350494
352609,352610
352611,352612
352611,352613
352614,350715
352614,350374
352614,352615
352614,352616
352614,352617
352614,352618
352614,352619
352620,352239
352239,352523
352239,351471
352239,352621
352557,352622
352623,352624
352557,352625
352626,350566
352623,352627
352623,352628
352623,352629
352623,352630
352623,352631
352623,352632
352623,352633
352623,352634
352623,352635
352623,352636
352623,352637
352623,352638
352623,352639
352623,352640
352623,352641
352623,352642
352623,352643
352623,352644
352623,352645
352623,352646
352623,352647
352623,352648
352623,352649
352623,352650
352623,352651
352623,352652
352623,352653
352623,352654
352623,352655
352623,352656
352623,352657
352623,352658
352623,352659
352623,352660
352623,352661
352623,352662
352623,352663
352623,352664
352623,352665
352623,352666
352623,352667
352623,352668
352623,352669
352623,352670
352623,352671
352623,352672
352623,352673
352623,352674
352623,352675
352623,352676
352623,352677
352623,352678
352623,352679
352623,352680
352623,352681
352623,352682
352623,352683
352623,352684
352623,352685
352623,352686
352623,352687
352623,352688
352623,352689
352623,352690
352623,352691
352623,352692
352623,352693
352623,352694
352623,352695
352623,352696
352623,352697
352623,352698
352699,352700
352699,350179
352701,351252
352702,350183
352702,350170
352703,352704
352705,350566
352703,352706
352703,352707
352703,352708
352703,350648
352703,352709
352703,352710
352703,352711
352703,352712
352703,352069
352705,350568
352713,352713
352714,350240
352714,350246
352714,350197
352714,351618
352714,352715
352714,350620
352529,352087
352716,352717
352718,352718
352719,352720
352719,350183
352719,350642
352721,352722
352721,350618
352723,352724
352703,352084
352703,350217
352703,352725
352703,352726
352703,350453
352703,352727
352703,352728
352564,350611
351912,350323
352703,352729
351912,352730
352623,352731
352623,352732
352623,352733
352623,352734
352623,352735
352623,352736
352737,352738
352703,350458
352703,352739
352703,351974
352703,352740
352703,350432
352703,352741
352703,352742
352703,351632
352703,351186
352703,352743
352703,351189
352703,352744
352703,350421
352703,352745
352703,352746
352703,352747
352703,352748
352703,352749
352557,352750
352042,351018
352623,352751
352623,352752
352623,352753
352623,352754
352623,352755
352623,352756
352623,352757
352623,352758
352623,352759
352623,352760
352623,352761
352623,352762
352623,352763
352623,352764
352623,352765
352623,352766
352623,352767
352623,352768
352623,352769
352623,352770
352623,352771
352623,352772
352623,352773
352623,352774
352623,350618
352623,352775
352623,352776
352623,352777
352623,352778
352623,352779
352623,352780
352623,352781
352623,352782
352623,352783
352623,352784
352623,352785
352623,352786
352623,352787
352623,352788
352623,352789
352623,352790
352623,352791
352623,352792
352623,352793
352623,352794
352623,352795
352623,352796
352623,352797
352623,352798
352623,352799
352623,352800
350467,350223
352623,352801
352623,352802
352623,352803
352623,352804
352623,352805
352623,352806
352623,352807
352623,352808
352623,352809
352623,352810
352623,352811
352623,352812
352623,352813
352623,352814
352623,352815
352623,352816
352623,352817
352623,352818
352623,352819
352623,352820
352623,352821
352623,352822
352042,352823
352042,352824
352565,352825
352565,350611
352826,351512
352826,351513
352042,352827
352826,351510
352826,351193
352826,352523
352826,351507
352826,352497
352826,351494
352826,351464
352826,350321
352042,351433
352623,352828
352042,352829
352042,352830
352042,352831
352042,352034
352042,352832
352042,350314
352042,352036
352042,352833
352042,352834
352042,350431
352042,352835
352042,351242
352042,352038
352042,352039
352042,352041
352042,352836
352826,352837
352826,352838
352042,352839
352826,351474
352623,352840
352623,352841
352623,352842
352623,352843
352623,352844
352623,352845
352623,352846
352623,352847
352623,352848
352623,352849
352623,352850
352623,352851
352623,352852
352826,352853
352623,352854
352623,352855
352623,352856
352623,352857
352826,350675
352826,351469
352826,351205
352826,352858
352826,351210
352826,350323
352826,351477
352826,351207
352826,351478
352826,352859
352623,352860
352623,352861
352623,352862
352826,351472
352623,352863
