352864,352865
352864,352866
352864,352867
352864,352868
352864,352869
352864,352870
352864,352871
352864,352872
352864,352873
352864,352874
352864,352875
352864,352876
352864,352877
352864,352878
352864,352879
352864,352880
352864,352881
352864,352882
352864,352883
352864,352884
352864,352885
352864,352886
352864,352887
352864,352888
352864,352889
352864,352890
352864,352891
352864,352892
352864,352893
352864,352894
352864,352895
352864,352896
352864,352897
352864,352898
352864,352899
352864,352900
352864,352901
352864,352902
352864,352903
352864,352904
352864,352905
352864,352906
352907,352908
352909,352910
352909,352911
352909,352912
352913,352914
352915,352916
352917,352918
352918,352919
352920,352921
352920,352922
352920,352923
352920,352924
352920,352925
352920,352926
352920,352927
352920,352928
352864,352929
352930,352931
352864,352932
352933,352934
352935,352914
352864,352936
352864,352937
352864,352938
352864,352939
352864,352940
352864,352941
352864,352942
352864,352943
352864,352944
352945,352946
352945,352947
352945,352948
352945,352949
352945,352950
352945,352951
352952,352953
352952,352954
352933,352955
352864,352956
352864,352957
352864,352958
352959,352960
352864,352961
352960,352962
352963,352964
352963,352965
352966,352967
352968,352969
352970,352971
352972,352973
352972,352974
352972,352975
352976,352977
352972,352978
352979,352980
352981,352981
352864,352982
352981,352983
352981,352984
352981,352985
352981,352986
352981,352987
352981,352988
352981,352989
352981,352990
352974,352991
352981,352992
352993,352994
352993,352995
352996,352997
352996,352998
352996,352999
352996,353000
352996,353001
352996,353002
352996,353003
352996,352978
352996,353004
352996,353005
352996,353006
352993,353007
352996,353008
352996,353009
352996,353010
352996,353011
352996,353012
352996,353013
352996,353014
352996,353015
352996,353016
352996,353017
352996,353018
352993,353019
352996,353020
352981,353021
352981,353022
352981,353023
352864,353024
352864,353025
352864,353026
352864,353027
352864,353028
352864,353029
352864,353030
352864,353031
352864,353032
352864,353033
352864,353034
352864,353035
352864,353036
352864,353037
352864,353038
352864,353039
352864,353040
352864,353041
352864,353042
352864,353043
352864,353044
352864,353045
352864,353046
352864,353047
352864,353048
352864,353049
352864,353050
352864,353051
352981,353052
352864,353053
352864,353054
352864,353055
352864,353056
352864,353057
352864,353058
352864,353059
352864,353060
352864,353061
352864,353062
352864,353063
352864,353064
352864,353065
352864,353066
352864,353067
352864,353068
352864,352948
352864,353069
352864,353070
352864,353071
352864,353072
352864,353073
352864,353074
352864,353075
352996,353076
352864,353077
352996,353078
352996,353079
352864,353080
352864,353081
352864,353082
352864,353083
352864,353084
352864,353085
352864,353086
352864,353087
352864,353088
352864,353089
352864,353090
352864,353091
352864,353092
352864,353093
352864,353094
352864,353095
352864,353096
352864,353097
352864,353098
352864,353099
352864,353100
352864,353101
352864,353102
352864,353103
352864,353104
352864,353105
352864,353106
352864,353107
352864,353108
352864,353109
352864,353110
352864,353111
352864,353112
352864,353113
352864,353114
352864,353115
352864,353116
352864,353117
352864,353118
352864,353119
352864,353120
352864,353121
352864,353122
352864,353123
352864,353124
352864,353125
352864,353126
352864,353127
352864,353128
352864,353129
352864,353130
352864,353131
352864,353132
352864,353133
352864,353134
352864,353135
353136,353137
353136,353138
353136,353139
353136,353140
353136,353141
353136,353142
353136,353143
353136,353144
353136,353145
353136,353146
353136,353053
353136,353147
353136,353148
353136,353149
353136,353150
353136,353151
353136,353097
353136,353152
353136,353153
353136,353154
352996,353155
352996,353156
352996,353157
352996,353158
353136,353069
353136,353159
353136,353160
353136,353161
352864,353162
352864,353163
352864,353164
352864,353165
353166,353167
353168,353169
353168,353170
353168,353166
353168,353171
352977,353172
352977,353173
352977,353174
352977,352976
352977,353175
352977,353176
352977,353177
353178,353179
353136,353180
353136,353181
353136,353182
353136,353183
353136,353184
353136,353185
353136,353186
353136,353187
352996,353188
352959,353189
353007,353019
353166,352996
352864,353190
352864,353191
352864,353192
352864,353193
352864,353194
352864,353195
352864,353196
352864,353197
352864,353198
352864,353199
352864,353200
352864,353201
352864,353202
352864,353203
352864,353204
352864,353205
352864,353206
352864,353207
352864,353208
352864,353209
352864,353145
352864,353210
352864,353211
352864,353212
352864,353213
352864,353214
352864,353215
352864,353216
352864,353217
352864,353218
352864,353219
352864,353220
353221,353222
353221,353223
353221,353224
353221,353225
353221,353226
353221,353227
353221,353228
353221,353229
353221,353230
353221,353231
353221,353232
353221,353233
353221,353234
353221,353235
352864,353236
352864,353237
352864,353238
352864,352946
352864,353239
352864,353240
352864,353241
352864,353242
352864,353243
352864,353244
352864,353245
352864,353246
352864,353247
352864,353248
352864,353249
352864,353250
353221,353251
352864,353252
352864,353253
352864,353254
352864,353255
352864,353256
352864,353257
352864,353258
352864,353259
352864,353260
352864,353261
352864,353262
352864,353263
352864,353264
352864,353265
352864,353266
352864,353267
352864,353268
352864,352945
352864,353269
352864,353270
352864,353271
352864,353272
352864,353273
352864,353274
352864,353275
352864,353276
352864,353277
352864,353278
352864,353279
352864,353280
352864,353281
352864,353282
352864,353283
352864,353284
352864,353285
352864,353286
352864,353287
352864,353288
352864,353289
352864,353290
352864,353291
352864,353292
352864,353293
352864,353294
352864,353295
352864,353296
352864,353297
352864,353298
352864,352947
352864,353299
352864,353300
352864,353301
352864,353302
352864,353303
352864,353304
352864,353305
352864,353306
352864,353307
352864,353308
352864,353309
352864,353310
352864,353311
352864,353312
352864,353313
352864,353314
353221,353315
353221,353316
352864,353317
352864,353318
352864,353319
352864,353320
352864,353321
352864,353322
352864,353323
352864,353324
352864,353325
352864,353326
352864,353327
352864,353328
352864,353329
352864,353187
352864,353330
352864,353331
352864,353332
352864,353333
352864,353334
352864,353335
352864,353336
352864,353337
352864,353338
352864,353339
352864,353340
352864,353341
352864,353342
352864,353343
352864,353344
352864,353345
352864,353346
352864,353347
352864,353348
352864,353349
352864,353350
352864,353351
352864,353352
352864,353353
352864,353354
352864,353355
352864,353356
352864,353357
352864,353358
352864,353359
352864,353360
352864,353361
352864,353362
352864,353363
352864,353364
352864,353365
352864,353366
352864,353367
352864,353368
352864,353369
352864,353370
352864,353371
352864,353372
352864,353373
352864,353185
352864,353374
352864,353375
352864,353376
353221,353377
352864,353378
352864,353379
352864,353380
352864,353381
352864,353382
352864,353383
352864,353384
352864,353385
352864,353386
352864,353387
352864,353388
352864,353389
352864,353390
352864,353391
352864,353392
352864,353393
352864,353394
352864,353395
352864,353396
352864,353397
352864,353398
352864,353399
352864,353400
352864,353401
352864,353402
352864,353403
352864,353404
352864,353405
353221,353406
353221,353407
352864,353408
352864,353409
352864,353410
352864,353411
352864,353412
352864,353413
352864,353160
352864,353414
352864,353415
352864,353416
352864,353417
352864,353418
352864,353419
352864,353420
352864,353421
352864,353159
352864,353422
352864,353423
352864,353424
352864,353425
352864,353426
352864,353427
352864,353428
352864,353429
352864,353430
352864,353431
352864,353432
352864,353433
352864,353434
352864,353435
352864,353436
352864,353437
352864,353438
352864,353439
353166,353440
352864,353441
352864,353442
352996,353443
352996,353444
352996,353445
352996,353446
352996,353447
352996,353448
352996,352991
352996,353449
352996,353450
352996,353451
352996,353452
352996,353453
352996,353454
352996,353455
352996,353147
352996,352972
352996,353456
352996,353457
352996,353458
352996,353459
352996,353460
352996,353461
352996,353462
352996,353463
352996,353464
352996,353465
352996,353466
352996,353467
352996,353468
352996,353469
352996,353470
352996,353471
353472,353473
353472,353474
353472,353475
353472,353476
353472,353477
352996,353478
352996,353479
352996,353480
352996,353481
352996,353482
352996,353483
352996,353166
352996,353484
352996,353485
352996,353486
352996,353487
352996,353488
352996,353489
352996,353490
352996,353491
352996,353492
352996,353493
352996,353494
352996,353495
352996,353496
352996,353497
352996,353498
352996,353499
352996,353500
352996,353501
353472,353502
352996,353503
352996,353504
353007,352993
353007,353505
353007,352994
353007,353506
353007,353507
353007,353508
353007,353509
353007,353510
353007,353007
353007,353511
353007,353512
353007,353513
353007,353514
353007,353515
353007,353516
353007,353517
353007,352908
353007,353518
353007,353519
353007,353520
353007,352897
353007,353521
353522,353523
353166,353524
353166,353168
353166,353170
353166,353484
353166,353525
353007,352995
352920,353526
353007,353527
353007,353528
352996,353529
352996,353530
352996,353531
352996,353532
352996,353533
352996,353534
352996,353535
352996,353536
352996,353537
352996,353538
352996,353539
352996,353540
352996,353541
352996,353542
352996,353543
352996,353544
352996,353545
352996,353546
352996,353547
352996,353548
352996,353549
352996,353550
352996,353551
352996,353552
352996,353553
352996,353554
353555,352908
353007,353556
353007,353557
352996,353558
352864,353559
353472,353560
353472,352960
353561,353562
353561,353563
353561,353482
353561,353564
353565,353566
353566,353560
353566,353567
353566,353568
353566,353569
353566,353570
353566,353571
353572,353573
353572,353574
353561,353171
353575,353189
353189,353576
353189,353577
353189,353578
353189,353579
353189,353015
353580,352914
353581,353582
353581,353583
353581,353584
353581,353585
353581,353586
353581,353587
353581,353588
353189,352960
353561,353589
353561,353590
353561,353166
352864,353591
352864,353592
353136,353593
353136,353130
353136,353132
353136,353594
353136,352929
353136,353595
353136,353596
353136,353597
353136,353598
353599,353600
353599,353601
353599,353602
353599,353603
353599,353604
353599,353605
353599,353606
353599,353607
353599,353608
353599,353609
353599,353610
353600,353611
353600,353612
353600,353613
353600,352960
353600,353560
353561,353614
353561,353170
353588,353583
353472,353615
353616,353617
353616,353618
353619,353620
353619,353621
353619,353583
353619,353622
353619,353623
353619,353624
353619,353609
353619,353625
353619,353626
353619,353627
353619,353615
353619,353628
353619,353629
353619,353630
353619,353631
353619,353632
353619,353633
353619,353634
353619,353635
353619,353636
353619,353637
353619,353638
353619,353639
353619,353477
353472,353640
353472,353583
353472,353641
353472,353642
353619,353472
353619,353643
353619,353644
353502,353645
353616,353646
353616,353647
353616,353648
353616,353649
353650,353583
353528,353007
353651,353652
353651,353189
353651,353653
353654,353655
353654,352962
353654,353656
353654,353657
353658,353659
353658,353660
353658,352910
353502,353661
353502,353662
353502,353663
353502,353664
353502,353665
353502,353619
353502,353631
353502,353472
353502,353637
353502,353666
353502,353667
353502,353668
353502,353669
353616,353616
353670,353671
353672,353673
353670,353674
353675,353676
353675,353677
353675,353678
353675,353679
353675,353680
353675,353681
353675,353682
353675,353683
353675,353684
353675,353685
353675,353686
353675,353687
353675,353688
353675,353689
353675,353690
353675,353691
353675,353692
353675,353693
353675,353694
353675,353695
353675,353696
353675,353697
353675,353698
353675,353699
353700,353675
353700,353686
353701,353702
353701,353703
353701,353704
353705,353706
353706,353707
353706,353708
353706,353709
353706,353705
353706,353710
353711,353711
353700,353601
353712,353713
353714,353715
353714,353716
353714,353717
353686,353700
353686,353718
353686,353601
353686,353675
353700,353678
353700,353699
353700,353718
353715,353719
353720,353721
353675,353722
353675,353723
353675,353724
353675,353725
353675,353601
353675,353726
353675,353727
353675,353728
353675,353729
353675,353730
353675,353731
353675,353732
353675,353733
353675,353734
353675,353735
353675,353736
353675,353737
353675,353738
353675,353739
353675,353740
353675,353741
353675,353742
353675,353743
353675,353744
353675,353745
353675,353746
353675,353747
353675,353748
353675,353749
353675,353750
353675,353751
353675,353752
353675,353753
353675,353754
353675,353672
353675,353755
353675,353756
353675,353757
353675,353758
353675,353759
353675,353760
353675,353761
353675,353762
353675,353763
353675,353764
353675,353765
353675,353766
353675,353767
353675,353768
353675,353769
353675,353770
353675,353771
353720,353772
353720,353773
353720,353774
353720,353775
353720,353776
353720,353777
353720,353778
353720,353779
353720,353780
353720,353781
353720,353782
353720,353783
353720,353784
353720,353785
353720,353786
353720,353787
353720,353788
353720,353789
353720,353790
353720,353791
353720,353792
353720,353793
353720,353232
353720,353794
353720,353720
353720,353795
353720,353796
353720,353797
353719,353798
353719,353715
353719,353799
353719,353800
353719,353801
353719,353802
353719,353803
353719,353744
353804,353720
353804,353805
353720,353806
353804,353701
353804,352954
353720,352981
353720,353807
353720,353808
353720,353809
353720,353810
353720,353811
353720,353812
353720,353813
353720,353814
353804,353815
353720,353816
353720,353142
353720,353817
353720,353818
353720,353819
353720,353815
353720,353820
353720,353821
353720,353822
353720,353823
353720,353824
353720,353825
353720,353826
353720,353827
353720,353828
353720,353829
353720,353830
353720,353831
353720,352954
353720,353832
353720,353833
353720,353834
353720,353835
353720,353836
353720,353837
353720,353838
353720,353839
353720,353840
353720,353841
353720,353842
353720,353843
353720,353844
353720,353845
353720,353846
353720,353847
353720,353848
353720,353849
353720,353850
353720,353805
353720,353851
353720,353852
353720,353853
353720,353854
353720,353855
353720,353856
353720,353857
353720,353858
353720,353701
353720,353859
353720,353860
353720,353861
353720,353862
353719,353863
353864,353629
353477,353865
353866,353867
353866,353868
353866,353869
353866,353870
353866,353871
353866,353872
353866,353873
353866,353874
353866,353235
353866,353233
353866,353875
353866,353876
353866,353221
353866,353877
353866,353230
353866,353229
353866,353228
353866,353878
353866,353225
353866,353879
353866,353224
353866,353223
353866,353232
353866,353880
353866,353881
353866,353882
353883,353884
353883,353885
353883,353886
353883,353887
353883,353888
353883,353889
353883,353890
353883,353891
353883,353892
353883,353893
353866,353894
353883,353895
353883,353896
353883,353897
353883,353898
353883,353899
353883,353900
353883,353901
353883,353902
353883,353903
353904,353719
353866,353905
353883,353906
353883,353907
353866,353222
353866,353908
353221,353909
353221,353910
353221,353911
353221,353875
353221,353912
353221,353913
353221,353914
353221,353915
353221,353916
353221,353869
353221,353917
353221,353918
353221,353919
353221,353870
353221,353920
353221,353921
353221,353922
353221,353923
353221,353924
353221,353871
353221,353872
353221,353873
353221,353925
353866,353315
353221,353894
353221,353926
353866,353407
353866,353927
353866,353928
353866,353929
353866,353930
353866,353931
353866,353932
353866,353933
353866,353934
353866,353935
353221,353936
353866,353937
353866,353938
353866,353939
353866,353940
353866,353941
353866,353942
353866,353943
353866,353944
353866,353945
353866,353946
353866,353947
353866,353948
353477,353807
353883,353949
353699,353675
353477,353950
353477,353815
353477,353951
353477,353952
353477,353828
353477,353831
353477,352954
353477,353837
353477,353772
353953,353954
353477,353955
353956,353626
352962,353957
353958,353516
353958,353959
353958,353960
353958,353007
353961,353962
353962,353963
353962,353964
353962,353965
353966,353967
352962,353968
353966,353969
353477,353635
353477,353970
353477,353971
353477,353774
353477,353775
353477,353972
353477,353645
353477,353973
353477,353974
353477,353975
353477,353788
353477,353789
353477,353976
353477,353977
353477,353978
353477,353979
353477,353980
353477,353142
353477,353981
353477,353842
353477,353502
353477,353805
353477,353982
353477,353474
353477,353983
353883,353984
353966,353985
353986,353717
353987,353988
353987,352964
353987,353989
353987,353717
353987,353990
353987,353991
353987,353992
353993,353994
353993,353995
353993,353731
353987,353996
353993,353769
353993,353997
353993,353998
353963,353962
353999,353999
354000,353954
353699,353678
353699,353700
353699,353718
353699,353686
353699,353601
353993,353740
353986,354001
353987,353987
353991,353989
353740,354002
353740,353717
354003,354004
354004,353684
354004,353697
354004,353761
354004,353758
354004,353760
354004,354005
354006,354007
353987,354008
354006,353620
353991,354009
353991,353987
353991,353996
353991,353988
353991,352964
353991,353717
353991,354010
353991,353990
353991,353992
353991,354008
354007,353620
353670,354011
354012,354013
354012,354014
354015,353657
354015,353616
353232,354016
353232,352931
353232,354017
353232,354018
353232,354019
353232,353815
353232,354020
353232,353789
354015,353667
353232,353790
353232,353826
353232,353835
353232,354021
353232,354022
353232,354023
353232,353834
354014,354012
353657,352962
354024,354025
354024,353486
353232,353827
354024,354026
354015,352954
354015,354027
352981,354028
352981,353773
352981,354029
352984,353715
352984,353719
353023,354030
353023,354031
354032,352908
354015,354033
354015,352910
354015,353957
354015,354034
354015,353232
354015,352960
354015,353502
354015,353472
354015,353189
354015,354014
354015,352908
354015,354035
354015,353815
354015,354036
354015,353789
352981,353827
354024,354037
354024,354038
353672,353444
353672,354039
353672,354040
353672,352991
353672,352972
353672,354041
353672,354004
353672,353749
353672,354042
353672,353558
353672,354043
353672,354044
353672,354045
353672,354046
353672,353754
353672,353672
353672,353544
353672,353756
353672,353757
353672,354047
353672,354048
353672,353766
353672,353611
354024,354049
353672,353683
353672,353680
354024,354050
354024,354051
354024,354039
354024,352991
354024,352972
354024,354044
354024,354052
354024,354053
354024,354054
354024,353672
353672,354055
354024,353544
354024,354047
354024,352934
354024,354056
354024,354057
354024,354058
354024,352978
354024,353005
352991,354059
352991,354060
353672,354026
354024,354061
353672,353767
352981,354062
352981,353790
354063,354064
354063,354065
354063,354066
354063,354067
354063,354068
354063,354069
354063,354070
354063,354071
354072,354073
354072,354074
354063,354075
354072,354076
354072,354077
354072,354078
354072,354079
354072,354080
354072,354081
354072,353616
354072,354082
354072,354083
354072,354084
354072,353768
354072,354085
354072,354086
354063,354002
354022,353232
353670,353717
353670,354087
354088,354089
354088,354090
354091,354092
354091,352960
354091,353576
354091,353577
354091,353578
354091,353579
354063,354093
354094,354095
354094,354096
354097,354098
354097,354099
354097,354100
354097,354101
354102,354103
354104,354105
354104,354106
354107,354093
354107,354108
354094,353608
352981,353232
354072,354109
354072,354110
354111,352910
354111,354112
354111,352911
354111,354113
354111,354114
354113,354115
354113,354111
354113,354116
354113,354117
354118,354118
354119,353583
354120,354121
354120,353516
354120,354122
354120,354123
354120,352908
354120,353675
354120,354124
354120,352991
354120,354125
352981,354126
352981,353789
354120,353620
354072,353745
354127,354128
354129,354130
354072,354131
354072,354132
354072,354133
354072,354134
354129,354135
354129,354136
354129,354137
354129,354138
354129,354139
354129,354140
354129,354141
354129,354142
354129,354143
354129,353146
354129,354144
354129,354145
354129,354146
354129,354147
354129,354148
354129,354149
354129,353593
354129,354150
354129,354151
354012,354152
353672,354057
353672,353768
353828,353952
353828,353828
353828,353831
353828,353837
353828,353772
353828,353477
353828,353850
353828,354153
354154,353815
353717,353981
353828,353951
353717,354155
353717,354156
353717,353986
353717,354001
353717,353714
353717,353719
353717,353740
353717,352965
353717,354157
353717,354158
353717,354159
353717,354160
353717,354161
353828,353950
353828,353635
353828,353971
353828,353774
353828,353775
353828,353972
353828,353645
353828,353973
353828,353974
353828,353975
353828,353788
353828,353977
353828,353955
353828,353983
353828,353979
353828,353980
353828,353142
353828,353981
353828,353842
353828,353502
353828,353982
353828,353474
353828,353970
353828,353976
353828,353978
353828,353865
353717,354002
353717,354162
353630,353619
353630,353629
353630,353631
353630,353633
353630,353634
353630,353636
353630,353637
353630,353639
353615,353637
353629,354163
353630,353628
354164,354165
354012,353862
354012,354166
354012,354167
354012,354168
354012,354169
354012,354170
354012,354171
354012,354172
354012,354173
354012,354174
354175,353599
353717,354176
353630,353615
353630,353626
353717,353717
353717,354177
353717,354178
353717,352984
353717,354179
353717,354180
353717,353671
353717,354011
353717,353674
353717,353670
353630,353627
353717,354087
353514,353511
353514,353512
353514,353513
353630,353644
353630,353643
353630,353621
353630,353583
353630,353622
353630,353623
353630,353625
353514,353007
353672,354181
353828,353807
353828,353815
354182,354183
354182,354184
354182,354185
354186,354187
354186,354188
354186,354189
354190,354191
354192,352980
354193,352980
354194,352987
354182,354195
354194,353189
354194,353764
354194,353758
354196,352908
354197,354198
354199,354200
354199,353962
354201,354202
354201,353894
354201,354203
354201,353787
354194,353667
354201,353873
354182,354186
354204,354205
353672,353769
353672,354206
353672,353005
353672,354207
352864,354208
353672,352897
353672,353727
353672,353731
353672,354209
353672,354210
354182,354211
353672,354212
354213,353644
354204,353597
354204,354214
354204,354204
354204,354215
354204,353189
354204,354216
354204,353132
354204,354217
354204,354218
353672,353732
353828,352954
354201,354219
354201,353790
354062,354220
354062,353849
354062,353855
354062,354221
354062,353851
354062,353821
354062,353822
354062,353823
354062,353824
354062,354222
354062,353844
354062,353829
354062,353834
354062,353835
354062,353816
353626,353583
354223,354223
354224,354225
354226,352971
354227,352908
353828,353789
353828,353805
354062,353831
354201,354228
354062,353232
354062,353788
354201,354229
354201,354062
354201,354230
354201,354231
354201,353849
354201,354232
354201,354233
354201,354234
354201,353827
354201,354235
354062,353791
354201,354236
354201,353940
354201,353941
354201,354237
354062,353807
354062,353813
354062,353775
354062,353779
354062,353782
354062,353786
354062,353787
354201,353826
352864,354238
354239,354240
352864,354241
354242,353604
353604,354243
353604,354244
353604,354245
353604,354246
353604,354247
353604,354248
353604,354249
353604,354250
353604,354251
353604,354252
353604,354253
353604,353607
353604,354254
353604,354255
353604,354256
353604,354257
353604,353600
353604,354258
353604,354259
353604,354260
354242,353600
353221,354261
353221,354262
353221,354263
353221,354264
353221,353929
353221,354265
353221,353933
353221,354266
353221,354267
353221,354268
353221,354269
353221,353934
353221,353935
353604,354270
353221,353948
353221,353939
353221,353940
353221,354271
353221,353941
353221,353942
353221,353944
353221,353945
353221,353946
353221,353947
353221,354272
353221,353938
353901,352912
354273,354274
354273,354275
354273,354276
354273,353616
354273,354093
354273,354277
354273,354278
354273,354279
354273,354280
354273,352912
353641,352960
354281,352908
354273,354282
354281,354035
354283,353658
354283,354284
353831,353788
353831,353815
354250,353560
354250,353600
354179,352981
354179,352984
354179,353575
354179,353719
354285,354286
353221,353928
354273,354287
354273,353600
354273,354288
354273,354289
354273,353641
354273,354170
354273,354290
354273,354291
354273,354281
354273,354172
354273,354273
354273,354292
354273,354080
354273,353658
354273,354173
354273,354293
354273,354294
354273,353502
354273,354295
354273,354296
354273,354297
354273,352908
354273,354035
354273,353476
354273,352960
354120,353626
354120,354298
354120,353760
354299,354300
354299,354301
354299,354302
354299,354252
354299,354251
354299,354250
354299,354249
354299,354303
354299,354248
354299,354304
354299,354253
354299,354305
354299,354306
354299,354307
354299,354308
354299,354309
354299,354310
354299,354247
354299,354311
354299,354246
354299,354245
354299,354244
354299,354004
354299,354312
354299,354313
354299,354314
354299,354270
354299,354315
354299,354316
354299,354317
354299,354318
354299,354260
354299,354319
354299,354259
354299,354320
354299,354321
354299,354322
354299,354323
354299,354324
354299,354258
354299,354257
354299,354325
354299,354255
354299,354254
354299,354326
354299,354327
354299,354328
354299,353607
354299,354329
354179,353730
354299,354330
354299,354331
354332,354333
354332,354171
354332,354170
354332,352986
354332,354334
354332,353652
354332,354335
354332,354277
354332,354336
354332,354337
354332,352962
354338,354339
354340,354341
354342,352912
354342,354343
354342,354344
354342,354051
354342,354345
354346,353767
354346,354347
354346,354348
354346,353719
354349,353954
354299,354243
354332,354350
354332,354279
354351,354030
354352,353166
354352,353561
354352,353564
354352,353563
354352,353562
354353,352971
354332,354354
354332,354355
354332,353667
354332,354356
354332,354357
354332,354358
354332,354359
354332,354035
354332,354012
354332,353578
354332,353577
354332,353189
354332,354240
354332,353576
354332,352960
354332,354360
354179,353774
354179,352987
354179,353789
354361,352954
354361,353835
354361,354362
354361,353773
353817,353232
353817,353701
353817,354021
353817,352954
354020,353789
354020,353790
354361,353829
354020,353232
354020,353815
354020,353826
354020,353835
354363,353815
354364,353232
354364,353817
354365,353962
354365,353578
354366,353583
354366,354367
354020,353827
354368,354369
354361,354370
354361,353940
354361,353817
354361,354020
354361,353842
354361,354231
354361,353805
354361,354371
354361,353853
354361,353854
354361,354153
354361,354372
354361,353132
354361,354373
354361,353860
354361,353861
354361,354374
354361,354375
354361,354376
354361,353815
354361,354377
354361,354378
354361,353822
354361,353826
354361,354363
354361,354379
354368,354380
354381,354382
354381,354383
354381,354384
354381,354385
354381,354386
354381,354387
354381,354388
354381,354389
354381,354390
354381,354391
354381,354392
354381,354393
354381,354394
353839,353789
353839,353142
353839,353805
353839,354028
353839,353815
353839,353828
353839,352954
353839,353773
354395,354396
354395,354397
354381,354398
354381,354399
354381,354400
354381,354401
354381,354402
354381,354403
354381,354404
354381,354405
354381,354406
354381,354407
354381,354408
354381,354409
354381,354410
354381,354411
354381,354412
354381,354413
354381,354414
354381,354415
354381,354416
354381,354417
354381,354418
354381,354419
354381,354420
354381,354421
354381,354422
354381,354423
354381,354424
354299,353604
354361,354425
354361,354426
353475,354427
353475,354428
353475,353522
353475,353631
353475,354429
353475,354430
353475,354431
353475,353635
353475,354432
353475,354433
353475,354434
353475,354435
353475,353477
354436,353789
354436,354374
354436,353815
354436,352954
354437,354202
354437,354438
354437,354229
354437,354439
354437,354440
353475,354121
354437,354236
353475,354441
353475,354442
354179,354443
354179,353579
354179,352992
354179,354444
354179,353835
354179,353667
354445,353962
354446,353758
354446,353675
354447,353682
353475,353974
354447,354343
354447,354447
354447,354448
354447,354057
354447,354449
354447,352912
353969,353966
353473,353189
353475,354450
353475,353620
353475,354122
354447,354291
354361,353142
354437,353941
354437,354451
353760,353758
353760,354452
353760,354453
354454,353962
354454,354070
354454,352963
353707,353706
354361,354455
354361,354456
354361,354457
353760,353719
354361,353894
354361,353814
354361,353780
354361,354458
354361,353873
354361,353789
354361,353790
354361,353398
354361,354459
354361,353232
354361,354062
354361,354460
354437,354461
353753,353675
354462,353988
354437,354463
354437,354464
354437,354465
354437,354466
354437,354467
354437,354468
354437,354469
354437,353805
354437,354470
354437,354471
354462,354472
354437,354473
354474,354475
354158,353717
354158,354462
354158,354156
354158,354476
354158,354477
354158,354478
354158,354479
354462,353717
354462,354158
354480,353719
354299,354481
354482,354483
354484,354485
354486,354487
354486,354488
354486,354489
354486,354490
354486,354491
354486,354012
354486,354492
354486,354493
354486,354494
354486,354495
354486,354496
354486,354048
354486,354497
354486,354498
354486,354499
354486,354297
354486,354500
354486,354501
354486,354502
354486,354503
354486,354504
354486,354505
354486,354506
354486,354507
354486,354508
354486,354509
354486,354510
354486,354511
354486,354512
354486,354513
354486,354514
354486,354515
354486,354516
354486,354517
354486,354518
354486,354519
354486,354520
354486,354521
354486,354522
354486,353166
354486,354523
354486,354524
354486,354525
354486,354526
354486,354527
354486,354528
354486,354529
354486,354530
354486,354531
354486,354532
354486,354014
354486,354533
354486,353755
354486,354534
354486,353169
354486,354174
354486,354535
354486,354536
354486,354537
354486,354538
354486,354539
354486,354540
354486,354541
354486,354542
354486,354543
354486,354544
354486,354294
354486,354545
354486,354546
354486,354547
354486,354548
354486,354549
354486,354293
354486,354550
354486,354551
354486,354552
354486,354553
354486,354554
354486,354555
354486,354556
354486,354557
354486,353577
354486,354558
354486,354559
354486,354560
354486,354561
354486,353858
354486,354562
354486,354563
354486,354564
354486,354565
354486,353505
354486,354566
354486,353702
354486,354567
354486,354568
354486,354569
354486,354570
354486,354571
354486,354572
354486,354573
354486,354574
354486,354575
354486,354576
354486,354577
354486,354578
354486,354579
354486,354580
354486,354581
354486,354582
354486,354583
354486,354584
354486,354585
354486,354586
354486,354587
354486,354588
354486,354589
354486,354590
354486,354591
354486,354592
354486,354593
354486,354594
354486,354595
354486,354596
354486,354597
354486,354598
354486,354599
354486,354600
354486,354601
354486,354602
354603,353717
354603,354604
354605,354284
354605,354606
354605,354607
354605,353189
354605,354379
354605,354608
354605,352962
354605,354333
354486,354609
354605,354283
354605,354610
354605,354277
354605,354611
354605,354337
354612,354111
354486,354613
354486,354614
354486,354615
354486,354616
354486,354617
354605,354618
354486,354619
354486,354620
354486,354621
354486,354622
354486,354623
354486,354624
354486,354625
354486,354626
354486,354206
354486,354627
354486,354628
354486,354629
354486,354630
354486,354631
354486,354632
354486,354633
354486,354634
354486,354635
354486,354636
354486,353000
354486,354637
354486,353484
354486,354638
354486,354639
354486,354640
354486,354641
354486,354642
354486,354643
354486,354644
354486,354645
354486,354646
354486,354287
354486,354647
354486,354648
354486,354649
354486,354650
354486,354651
354486,354652
354486,354653
354486,354654
354486,354655
354486,354656
354486,354657
354486,354658
354486,354659
354486,354660
354486,354661
354486,354662
354486,354663
354486,354664
354486,354665
354486,354207
354395,354666
354486,354667
354486,354668
354486,354669
354486,354670
354486,354671
354486,354672
354486,354673
354486,354674
354486,354675
354486,354676
354486,354677
354486,354678
354486,354679
354486,354680
354486,354681
354486,354682
354486,354683
354486,354684
354486,354288
354486,354685
354486,354686
354486,354687
354486,354688
354486,354689
354486,354690
354486,354691
354486,354692
354486,354693
354486,354694
354486,354695
354486,354696
354486,354697
354486,353184
354486,354698
354486,354699
354486,354700
354486,354701
354486,354702
354486,354703
354486,354704
354486,354705
354486,354706
354486,354707
354486,354708
354486,354709
354486,354710
354486,354711
354486,354712
354486,354713
354486,354714
354486,354167
354486,354715
354486,354716
354486,354717
354718,354719
354718,354720
354718,354721
354718,354722
354718,354723
354718,354724
354718,354725
354718,354726
354718,354727
354718,354728
354718,354729
354718,354730
354718,354731
354718,354732
354718,354733
354718,354734
354718,353644
354718,354735
354736,352921
354737,352960
354738,352908
354484,352933
354718,354739
354486,354740
354718,354741
354718,354742
354486,354743
354486,354744
354486,353478
354486,354745
354486,354746
354486,354747
354486,354748
354486,354749
354486,354750
354718,354751
354718,354752
354718,354753
354718,354754
354718,354755
354718,354756
354718,354757
354718,354758
354718,354759
354718,354760
354718,354761
354718,354762
354718,354763
354718,354764
354486,354765
354486,354766
354486,354767
354486,354768
354486,354769
354486,354770
354486,354771
354486,354772
354486,354773
354486,354774
354486,354775
354486,354776
354486,354777
354486,354778
354486,354779
354486,354780
354486,354290
354486,354781
354486,354059
354486,354782
354486,354783
354486,354784
354486,352962
354486,354785
354486,354786
354486,354060
354486,354787
354486,354788
354486,354789
354486,354790
354486,354791
354486,354792
354486,354793
354486,354173
354486,354794
354486,354795
354486,354796
354486,354797
354486,354798
354486,353482
354486,354799
354486,354800
354486,354801
354486,354802
354486,354803
354486,354804
354486,354805
354486,354292
354486,354273
354486,354806
354486,354172
354486,354807
354486,354808
354486,354171
354486,354809
354486,354810
354486,354811
354486,354812
354486,354813
354486,354814
354486,354815
354486,353479
354486,354816
354486,354817
354486,353168
354486,354818
354486,354168
354486,354819
354486,354820
354486,354821
354486,354822
354486,354823
354486,354034
354486,354824
354486,354825
354486,354826
354486,354827
354486,354828
354486,354829
354486,354830
354486,354831
354486,354170
354486,354832
354486,354833
354486,354834
354486,354835
354486,354836
354486,353481
354486,354837
354486,354838
354486,354839
354486,354840
354486,354169
354486,353480
354486,354841
354486,354842
354486,354843
354486,354844
354486,354845
354486,354846
354486,354847
354486,354848
354486,354849
354486,354850
352864,354851
354395,354852
354395,354853
354854,354855
354854,353684
354854,354856
354854,354857
354854,354858
354854,353741
354854,354859
354854,354860
354854,354861
354854,354862
354854,354863
354854,354864
354854,354865
354854,354866
354854,353758
354854,354867
352911,354868
352911,352912
352911,354283
354869,353954
354869,354870
354854,353735
354871,354872
354873,354874
353709,353705
354875,354296
354875,353560
354875,352962
354876,354012
354876,354877
354878,354879
354878,354880
354878,354881
354882,354012
354882,354883
354884,354885
354886,353954
354887,354360
354887,354888
354889,354887
354889,354890
354889,354891
354889,354892
354889,354360
354360,354893
354360,354894
353965,353962
354886,353704
354895,354896
354896,354314
354897,354898
354899,354900
354899,354901
354902,352960
354239,354335
354239,353652
354239,353575
354239,354334
354239,354170
354239,354171
354239,354333
354903,354904
354239,352962
354239,354356
354239,354172
354239,354905
354239,352960
354239,353576
354239,353189
354239,353577
354239,353578
354239,354012
354239,354906
354239,354907
354875,354908
354903,353850
354903,354909
354279,354910
354279,354279
354279,354911
354912,354186
354912,354913
354912,354914
354915,354916
354915,354917
354915,354918
354915,354919
354903,352995
354915,354920
354915,354921
354915,354922
354915,354923
354915,354924
354915,354925
354915,354926
354915,354927
354915,354928
354903,353791
354903,352897
354915,354929
354875,354930
354467,354471
354467,354931
352912,353901
354932,354933
354932,354934
354932,354935
354936,354937
354936,354938
354936,353681
354936,354939
354936,354940
354936,354941
352912,352911
354936,354942
354936,354943
354936,354051
354936,354064
354936,354944
354936,354945
354936,352955
354936,352991
354936,354946
354936,354947
354936,354890
354936,354948
354936,354949
354950,354951
354950,354952
354177,354178
354177,354953
354177,354954
354030,354955
353742,353719
353742,354956
354957,354186
354957,354914
354958,354959
354950,354093
354950,354960
354950,354611
354950,354961
354950,354962
354950,353658
354950,354296
354950,353189
354950,354950
354950,354035
354950,354284
354950,353600
354950,352912
354950,354283
354239,354035
354936,353558
354936,353611
354936,354963
354890,354887
354890,354889
354890,354360
354180,353717
354964,354108
354108,354964
354108,354965
354108,354966
354108,354967
354936,353604
354108,354107
354108,354968
354467,354969
354467,354970
354467,354971
354467,354972
354467,354973
354467,354974
354467,354234
354467,354975
354467,354976
354108,354977
354936,353536
354936,354951
354936,354978
354936,353700
354936,354979
354936,354980
354936,354981
354936,353718
354936,354982
354936,353754
354936,353672
354936,354983
354936,354984
354936,354985
354936,353764
354936,354986
354936,354987
354936,354057
354936,354988
354936,354989
354936,354325
354936,354936
354936,354990
354936,354991
354936,354992
354936,354914
354239,354359
354239,354358
354239,354166
354993,354994
354993,354995
354993,354996
354993,354997
354998,354114
354998,354999
355000,354186
355000,354182
355001,353735
355001,354856
354993,353162
355001,355002
355001,354862
355001,355003
355001,354070
355001,355004
355001,353675
355001,354867
355005,353954
355006,354337
355006,353648
355006,355007
355001,355008
355006,354099
354993,353151
354993,355009
355010,355011
355012,355013
355012,355014
355012,355015
355012,355016
355012,355017
355012,354108
355012,355018
355012,355019
355012,355020
354993,353069
355012,355021
355022,355023
355024,355025
354993,355026
354993,353353
354993,355027
354993,353415
354993,352946
354993,353144
354993,353629
354993,353270
353518,353007
355010,354279
355006,353189
355006,355028
352864,355029
352864,355030
352864,355031
352864,355032
352864,355033
352864,355034
352864,355035
352864,355036
352864,355037
352864,355038
352864,355039
352864,355040
352864,355041
352864,355042
352864,355043
352864,355044
352864,355045
352864,355046
352864,355047
352864,355048
352864,355049
352864,355050
352864,355051
355006,353649
352864,355052
352864,355053
355006,354906
355054,354610
355054,355008
355054,353675
355055,353954
355056,355057
355058,353642
352864,355059
352864,355060
352864,355061
352864,355062
352864,355063
352864,355064
352864,355065
352864,355066
352864,355067
352864,355068
352864,355069
352864,355070
352864,355071
352864,355072
352864,355073
352864,355074
354177,354161
355075,355076
355075,354057
355077,353642
355077,352960
355077,353615
355077,353560
355077,353502
355077,353473
355077,353475
355077,353476
355077,353477
355078,354279
355077,353641
355078,355079
355078,354910
355078,354911
355080,355081
354099,355081
354100,354099
355082,353954
355083,352991
355084,355085
355084,353696
355084,355086
355078,355087
355084,354961
355077,353583
355077,353640
354239,354027
354239,354360
354239,354357
354239,353667
354239,355088
354239,353616
354239,355089
354239,354355
355090,354228
355090,353815
355077,355091
355092,352975
355093,354047
355094,353648
355094,354167
355094,355095
355094,355096
355094,354544
355094,354012
355094,354172
355094,354173
355094,354294
355093,352991
355075,354896
355084,353700
355084,354988
355097,355098
355097,355099
355097,355100
355097,355101
355097,355102
355097,355103
355097,355104
355097,355105
355097,355106
355097,355107
355097,355108
355097,355109
355097,355110
355097,355111
355097,355112
355097,355113
355097,355114
355097,355115
355097,355116
355117,355118
355119,354030
355075,355120
355097,355121
355084,353686
355097,355122
355097,355123
355084,353601
355084,353675
355085,353677
355085,355124
355085,353679
355085,353681
355085,355125
355085,353696
355085,353700
355085,353718
355097,355126
355085,355127
355085,355084
355085,353748
355085,355128
355085,353675
355085,353727
355085,353729
355129,355130
355097,355131
355097,355132
355097,355133
355085,353756
354177,355134
354177,355135
354177,354162
355136,354794
355136,353535
355136,353144
355136,355137
355136,353843
355136,354215
355136,354294
355136,353502
355136,355138
355136,355139
355136,355140
355136,353805
355136,353862
355136,353472
355136,353853
355136,355141
355136,355142
355136,353474
355136,355143
355136,354153
355136,354372
355136,354221
355136,355136
355136,355144
355136,355145
355136,354789
355136,355146
355136,353774
355136,354168
355136,355147
355136,355148
355136,355149
355136,354122
355136,355150
355136,355151
355136,355152
355136,355153
355136,355154
355136,355155
355136,353720
355136,355156
355136,355157
355136,353787
355136,355158
355136,355159
355136,355160
355136,352988
355136,353789
355136,353641
355136,353797
355136,355009
355136,355161
355153,353805
355153,355136
355153,354153
355153,354221
355153,355009
355153,353815
355153,354222
355153,352954
355162,355163
355164,354123
355153,354215
355165,355166
353491,354365
353491,353499
353491,353576
353491,353801
353491,353578
353491,353579
353491,353015
353558,352991
353558,355167
355167,353682
355166,355168
355136,353554
355153,355146
355136,355169
355136,353156
355136,355170
355136,355171
355136,354376
355136,355172
355136,354035
355136,354216
355136,353815
355136,353475
355136,354378
355136,354578
355136,354121
355136,353476
355136,354631
355136,353600
355136,355173
355136,353132
355136,354222
355136,355174
355136,352954
355136,355175
355136,355176
355136,355177
355167,355178
355136,353652
355136,354457
353748,355179
353748,353681
353748,354895
353748,353683
353748,355180
353748,355181
353748,355182
353748,355183
353748,355184
353748,353690
353748,353677
353748,355185
353748,355186
353748,355187
353748,353700
353748,355188
353748,353718
353748,353756
353748,353686
353748,353760
353748,355189
353748,355190
353748,355191
353748,355192
353698,353729
353698,353601
354395,355193
354395,355194
354395,355195
354395,355196
354395,355197
354395,355198
354395,355199
354395,355200
353683,355190
353683,353758
353698,353675
353683,353962
353683,355201
353684,353697
353684,353761
353684,353758
353698,353679
353698,353681
353698,353686
353698,353742
353698,353770
353698,353748
353683,353768
355136,354158
353748,353724
353748,353675
355004,355202
355004,353612
355004,354070
355203,355204
355203,355205
355203,353629
355203,355206
355203,355207
355208,354275
355208,354343
355004,355209
355208,355210
355208,355211
355212,354168
355212,354171
355212,355213
355212,354294
355212,354504
355212,353579
355212,354867
354161,353717
355136,354748
355208,355214
353748,353601
355004,353740
355004,355215
353748,353727
353748,355216
353748,355217
353748,353729
353748,355218
353748,353732
353748,353745
353748,353698
353748,353742
353748,353770
355004,355219
353725,353620
353726,353751
353726,353756
353571,355220
353571,353567
353571,355221
353571,355222
353571,354101
353571,353566
355004,354002
355004,353706
353726,354004
354395,355223
355167,355224
355167,355225
355226,355227
355226,355228
355226,355229
355226,355230
355226,355231
355226,355232
355226,355233
355226,355234
355226,355235
355226,355236
355226,355237
355226,355238
355226,355239
355226,355240
355226,355241
355226,355242
355226,355243
355226,355244
355226,355245
355226,355246
355226,355247
355226,355248
355226,355249
355226,355250
355226,355251
355252,355253
355254,355255
355254,355256
355254,355257
354584,354051
354584,353446
354584,355258
354584,353611
354584,354057
354584,355259
353611,353612
355226,355260
353611,353600
355261,355262
355261,355263
355261,353168
355261,353483
355261,355264
355261,355265
355261,355266
355261,353166
355261,354588
355261,353525
355267,354286
355254,355268
355226,355269
355226,355270
355226,355271
355226,355272
355226,355273
355226,355274
355226,355275
355226,355276
355226,355277
355226,355278
355226,355279
355226,355280
355226,355281
355226,355282
355226,355283
355226,355284
355226,355285
355226,355286
355287,355288
354177,353717
354177,355289
354177,355290
354177,355291
354177,355292
355226,355293
355226,355294
355226,355295
355226,355296
355226,355297
355226,355298
355226,355299
355226,355300
355226,355301
355226,355302
355226,355303
355226,355304
355226,355305
355226,355306
355226,355307
355226,355308
355226,355309
355226,355310
355226,355311
355226,355312
355226,355313
355226,355314
355226,355315
355226,355316
355226,355317
355226,355318
355226,355319
355167,355320
355254,355321
355254,355322
355167,354595
355167,354951
355167,355167
355323,354693
355323,355324
355323,353578
355323,353579
355254,355325
355254,354969
355254,355326
355167,354207
355254,355327
355254,355328
355254,355329
355254,355330
355254,355331
355254,355332
355254,355333
355254,354971
355254,354972
355254,355334
355254,355335
355254,355336
355254,355337
355167,355338
355167,354057
355167,355339
355167,354051
355167,354064
355167,355340
355167,354839
355167,352991
355167,355341
355167,355342
355167,353558
355167,354961
355167,354619
355167,352974
355167,353611
355167,355343
355167,355344
355167,355345
355167,355346
355167,355347
355167,355348
355167,355349
355167,355350
355167,355351
355167,354793
355254,355352
355254,355353
355254,355354
355254,355355
355254,355356
355254,355357
355254,355358
355254,355359
355254,354234
355254,355360
355254,355361
355254,355362
355254,355363
355254,355364
355254,355365
355254,354976
355254,355366
355254,354931
355254,355367
355254,355368
355254,355369
355254,354471
355254,355370
355254,355371
355254,355372
355254,355373
355254,355374
355254,355375
355254,355376
355254,355377
355254,355378
355254,355379
355254,355380
355254,355381
355254,354468
355254,355382
355254,355383
355254,355384
355254,355385
355254,355386
355254,354973
355254,355387
355254,355388
355254,355389
355254,355390
355254,355391
355254,355392
355254,355393
355254,355394
355254,355395
355254,355396
355254,355397
355136,354540
