372864,372865
372866,372867
372866,372868
372869,372870
372869,372871
372869,372872
372869,372873
372869,372874
372869,372875
372869,372876
372869,372877
372869,372878
372869,372879
372869,372868
372869,372880
372869,372881
372882,372883
372882,372884
372882,372885
372886,372887
372866,372888
372886,372889
372890,372891
372890,372892
372893,372894
372893,372895
372893,372896
372893,372897
372898,372899
372898,372900
372898,372901
372898,372902
372898,372903
372898,372904
372898,372905
372898,372906
372898,372907
372898,372896
372898,372893
372908,372909
372890,372910
372890,372887
372890,372911
372890,372912
372886,372913
372886,372914
372886,372915
372886,372916
372886,372917
372886,372918
372886,372919
372886,372920
372886,372921
372886,372922
372886,372923
372886,372924
372886,372925
372886,372926
372886,372927
372886,372928
372886,372929
372886,372930
372886,372931
372886,372932
372886,372933
372886,372934
372886,372880
372886,372912
372886,372935
372886,372936
372886,372937
372886,372938
372886,372939
372886,372910
372886,372940
372886,372941
372886,372869
372886,372942
372886,372943
372893,372944
372886,372892
372886,372945
372886,372946
372886,372947
372886,372948
372886,372890
372886,372949
372886,372950
372886,372951
372886,372952
372886,372953
372886,372954
372893,372955
372904,372896
372956,372957
372956,372958
372956,372959
372956,372960
372956,372907
372956,372961
372956,372962
372956,372963
372956,372893
372956,372964
372956,372965
372956,372966
372956,372967
372956,372968
372956,372969
372956,372902
372956,372896
372970,372971
372972,372973
372956,372974
372972,372975
372956,372976
372956,372977
372978,372979
372978,372980
372978,372981
372978,372982
372978,372983
372978,372984
372978,372985
372978,372897
372978,372986
372978,372987
372978,372988
372978,372989
372902,372899
372956,372990
372956,372991
372956,372992
372956,372993
372956,372994
372956,372995
372956,372996
372972,372997
372972,372998
372972,372999
373000,373001
373000,373002
373000,373003
373000,373004
373000,373005
373000,373006
373000,372985
373000,373007
373000,373008
373000,373009
373000,373010
373000,373011
373000,373012
373000,373013
373000,373014
372904,372898
372904,372905
372904,372906
372904,372907
373000,373015
373000,373016
373000,373017
373000,373018
372972,373019
372943,373020
373021,372885
373022,373023
373022,373024
373022,373025
373000,373026
373000,373027
373000,373028
372904,372893
373000,373029
373000,373030
373000,373031
373000,373032
373000,373033
373000,373034
373000,373035
373000,373036
373000,373037
373000,373038
373000,373039
372886,373040
372886,373041
372886,373042
373043,372880
373043,372867
373043,373044
373043,373045
373043,372873
373043,373046
373043,373047
373043,373048
373043,373049
373043,373050
373043,373051
373043,373052
373043,373053
373043,373054
373043,373055
373043,373056
373043,373057
373043,373058
373043,373059
373043,373060
373043,373061
373043,373062
373043,373063
373043,373064
373043,373065
373043,373066
373043,373067
373043,373068
373043,373069
373043,373070
373043,373071
373043,373072
373043,373073
373043,373074
373043,373075
373043,373076
373043,373077
373043,373078
373043,373079
373043,373080
373043,373081
373043,373082
373043,372912
373043,372885
373043,373083
373043,373084
373043,373085
373043,373086
373043,373087
373043,373088
373043,373089
373043,373090
373043,373091
373043,372884
373043,373092
373043,373093
373043,373094
373043,373095
373043,373096
373043,373097
373043,372868
373098,373099
373100,373101
373100,373102
373100,373103
373043,373104
373043,373105
373043,373106
373043,373107
373043,373108
373043,372874
373043,373109
373043,373110
373043,373111
373043,372877
373043,373112
373043,373113
373043,373114
373043,373115
373043,373042
373043,373116
373043,373117
373043,373118
373043,373119
373043,373120
373043,373121
373043,373122
373043,373123
373043,373124
373043,373125
373043,373126
373043,373127
373043,373128
372886,373129
372947,373130
372947,373131
372947,373132
372947,372929
373133,373104
373133,373093
373133,373095
373084,373134
373084,373094
373084,372885
373084,373135
373084,372864
373109,373136
373109,373137
373113,373138
373113,372891
373123,373139
373123,372910
372886,373140
372886,373096
372886,373095
372886,373141
372886,373142
372886,373125
372886,373143
372886,373144
372886,373145
372886,373146
372886,373147
372886,373148
372886,372911
373123,372890
372886,373089
372886,373149
372886,372891
372886,373091
372886,373150
372886,373151
372886,373152
372886,373153
372886,373154
372886,373155
372886,373156
372978,373157
373123,372931
373123,373158
373043,373159
373043,373160
373043,373161
373043,373162
373043,373163
373043,372869
373043,373043
373043,372882
373043,372886
373043,373164
373043,373165
373043,372892
373043,373166
373043,373167
373043,373168
373043,372947
373043,373169
373043,373133
373043,373170
373043,372866
373094,372885
373094,373065
372884,373118
373123,373171
373123,373104
373123,373172
373107,373113
373104,373123
373104,373173
373104,373166
373089,373174
373089,373175
373123,372911
373089,372869
373089,372886
373089,372892
373089,372947
373089,372912
373089,372880
373089,373111
373089,373042
373089,373125
373089,373091
373089,373043
372978,373176
372978,373017
372978,373177
372990,373178
372990,372902
372990,373179
373180,372902
373180,373178
373180,372896
373180,373181
373180,373182
373183,373184
373183,372899
373183,373180
373183,372902
373183,373185
373183,373178
373183,372896
373183,373186
373135,372885
373135,372864
373187,373188
373179,373186
373189,372899
373179,372896
373179,373190
373191,373192
373191,373193
373191,373194
373191,373195
373191,373196
373138,373197
373138,373198
373138,373199
373138,373200
373138,372891
373138,373201
373179,373064
373179,372880
373179,372867
373179,372990
373179,373184
373179,373202
373179,372902
373179,373178
373179,373183
373189,372902
373189,373203
373204,373205
373206,373207
373206,373208
373206,373209
373206,373099
373206,373210
373206,373211
373206,373212
373185,373213
373185,373214
373185,373215
373185,373216
373185,373217
373185,372993
373185,373218
373185,373219
373185,373220
373185,373221
373185,373222
373185,373223
373206,373224
373206,373225
373206,373226
373206,373227
373204,373228
373204,373229
373204,373230
373204,373231
373204,373232
373204,373233
373204,373234
373235,372899
373235,373236
373191,373186
373235,373237
373235,373238
373235,373239
373235,373240
373235,373241
373235,373242
373235,373243
373206,373244
373206,373245
373206,373246
373235,373247
373191,373248
373191,373189
373191,373249
373250,373251
373250,373252
373250,373253
373250,373254
373250,372907
373250,373255
373250,373256
373250,373257
373250,372896
373250,373258
373250,373259
373250,373249
373250,373189
373250,373248
373250,373186
373250,373192
373250,373193
373250,373194
373250,373195
373250,373183
373250,373260
373250,373261
373250,373240
373250,373262
373250,373263
373250,372902
373250,373264
373250,373265
373250,373266
373250,373267
373250,373268
373250,373269
373250,373196
373250,373270
373250,373271
373250,373238
373250,373272
373250,373273
373250,373274
373250,373178
373250,372895
373250,373275
373250,372959
373250,373276
373185,373277
373191,373184
373191,372993
373191,372895
373191,373275
373191,372959
373191,373240
373191,373261
373191,373260
373191,373183
373191,373251
373191,373252
373191,373253
373191,373254
373191,372907
373191,373255
373191,373256
373191,373257
373191,372896
373191,373258
373191,373250
373191,373259
373191,373178
373191,373274
373191,373273
373191,373272
373191,372899
373191,372977
373191,373278
373191,373279
373191,373280
373191,372996
373191,372904
373191,373281
373191,373262
373191,373282
373191,373263
373191,373264
373191,373265
373191,373266
373191,373267
373191,373268
373191,373269
373191,373276
373191,373271
373191,373238
373191,372902
373100,373283
373185,373284
373185,373285
372993,372985
372993,373286
372993,372897
372993,373287
372993,373288
372993,373289
372993,373290
372993,373291
372993,373292
372993,373293
372993,373248
372993,373294
372993,373295
372993,373296
372993,373297
372993,373298
372993,373299
372993,373300
372993,373301
372993,373181
372993,372969
372993,373302
372993,373144
372993,373303
372993,372908
372993,373304
372993,373305
372993,373257
372993,373306
372993,372896
372993,372983
372993,372893
372993,373307
372993,373308
372993,373309
372993,373310
372993,373311
372993,373312
372993,373313
372993,373249
372993,373314
372993,373315
372993,373316
372993,373217
372993,372899
372993,373227
372988,373176
372988,373016
372988,373002
372988,372984
372988,372986
372988,373317
372988,373318
372988,373319
372988,373320
372978,373321
372978,373322
372978,373323
372978,373217
372978,373031
372978,373324
372978,373325
372978,373326
372978,373327
372978,373328
372988,373018
372988,373329
372988,373038
372988,373330
372993,373226
372993,373244
372993,373225
372993,373224
372993,373206
372993,373185
372993,373214
372993,373208
372993,373238
372993,372980
372993,373178
372993,373209
372993,372907
372993,373246
372993,373211
372993,373212
373331,373332
372988,373333
372988,373334
372988,373335
372993,373240
372993,372900
372993,373252
372993,373261
373185,373336
373185,372969
373178,372899
373178,372902
372993,372915
372993,373337
372993,373322
372993,373323
372993,373338
372993,373339
372993,373340
372993,373341
372993,373342
372993,373343
372993,373344
372993,373345
372993,373346
372993,373347
372993,372993
373185,373348
373185,373349
373185,373293
373185,373182
373185,373350
373185,373351
373185,373352
373185,373353
373185,373354
373185,373355
373185,373356
373185,373357
373185,372907
372993,373218
373185,372896
373185,373358
373185,373359
373185,373308
373185,373360
373185,373181
373185,372985
373185,373361
373185,373288
373185,373291
373185,373245
373185,373033
372993,373362
372993,373363
372993,373364
372993,372898
372993,373365
372993,373350
372993,373328
372993,372944
372993,373366
372993,373367
372993,373368
372993,373369
372993,373370
372993,373356
372993,373371
372993,373372
372993,373373
372993,373374
372993,373375
372993,373376
372993,373157
372993,373377
372993,373378
372993,373379
372993,373325
372993,372901
372993,373380
372993,373381
372993,373382
372993,373180
372993,372996
372993,373383
372993,372955
372993,372904
372993,373219
372993,373223
372993,373384
372993,372902
372993,373065
372993,373385
372993,373386
372993,373387
372993,373388
372993,373033
372993,373389
372993,373390
373100,373391
373100,373099
373392,373393
373394,373005
373013,373395
373013,372864
373013,373008
373013,373396
373013,373397
373013,373291
373013,373398
373013,373006
373013,373005
373013,373399
373013,373004
373013,373400
373013,373401
373013,373402
373013,373003
373013,373403
373013,373404
373013,373015
373394,373405
373013,373016
373394,373406
373407,373408
372907,373338
372907,373323
372907,373322
372907,373337
372907,372915
372907,373178
372907,372994
373409,373410
373411,373412
373413,373414
373413,373415
373413,373416
373413,373417
373413,373418
373416,373419
373416,373020
373420,373421
373422,373423
373407,373424
373424,373408
373013,373425
373013,373426
373013,373017
372864,373427
372864,373428
372864,373429
372864,373135
373404,373038
373404,373334
373430,373431
373430,373432
373430,373433
373430,373434
373430,373435
373430,373436
373430,373437
373430,373026
373438,373396
373438,373439
373438,373016
373438,373038
373012,373440
372864,372885
372864,373441
372864,373442
373013,373012
373013,373430
373013,373038
373013,373037
373013,373443
373013,373444
373013,373034
373013,373033
373013,373438
373013,373445
372907,373340
373013,373031
373013,373030
373013,373446
373013,373217
373013,373447
373013,373448
373013,373449
373013,373450
373013,373451
373013,373452
373013,373453
372907,373342
372907,373343
372907,373344
372907,373290
372907,373289
372907,373287
372907,372897
372907,373286
372907,372985
372907,373454
372907,373455
372907,373302
372907,373144
372907,373456
372907,373315
372907,373314
372907,373249
372907,373312
372907,373311
372907,373246
372907,373310
372907,373309
372907,373292
372907,373295
372907,373296
372907,373298
372907,373457
372907,373099
372907,373458
372907,373459
372907,373460
372907,373391
372907,373461
372907,373102
372907,373462
372907,373308
372907,373463
372907,373464
372907,373101
372907,373465
372907,373466
372907,373467
372907,373468
372907,373301
372907,373300
372907,373299
372907,373469
373012,373470
372907,373307
372907,373471
372907,373377
372907,373325
372907,373389
372907,373472
372907,373385
372907,373065
372907,373384
372907,373390
372907,373222
372907,372955
372907,373473
372907,373383
372907,373180
372907,373382
372907,373381
372907,373380
372907,373362
372907,373346
372907,373345
372907,373364
372907,373365
372907,373350
372907,373328
372907,372983
372907,373306
372907,373304
372907,372908
372907,373303
372907,372980
372907,372900
372907,373251
372907,373157
372907,372893
372907,373474
372907,373375
372907,373374
372907,373373
372907,373371
372907,373370
372907,373368
372907,373367
372907,373366
372907,372944
372907,373376
372907,373475
373012,373476
373012,373477
373478,373479
373478,373480
373478,373481
373478,373482
373478,373483
373478,373484
373478,373485
373478,373188
373478,373030
373478,373486
373478,373487
373478,373488
373478,373489
373478,373490
373478,373491
373478,373492
373478,373493
373478,373494
373478,373495
373478,373496
373478,373497
373478,373498
373478,373499
373478,373500
373478,373501
373478,373502
373478,373503
373478,373504
373478,373505
373478,373506
373478,373507
373478,373239
373478,373508
373478,373415
373478,373509
373478,373510
373478,373511
373478,373512
373478,373513
373478,373514
373478,373515
373478,373516
373478,373517
373478,373518
373478,373519
373478,373520
373521,373522
373521,373523
373521,373524
373521,373525
373521,373526
373521,373527
373521,373528
373521,373508
373521,373479
373521,373485
373521,373188
373521,373030
373521,373437
373521,373026
373521,373493
373521,373529
373521,373530
373521,373531
373521,373532
373521,373533
373521,373534
373521,373432
373521,373535
373478,373536
373478,373530
373478,373531
373478,373532
373478,373537
373538,373005
373538,373539
373538,373505
373538,373540
373478,373541
373538,373542
373543,373544
373543,373545
373546,373408
373525,373543
373525,373485
373521,373411
373521,373547
373521,373431
373521,373543
373538,373548
373478,373549
373478,373550
373478,373521
373012,373551
373012,373552
373012,373553
373012,373554
373012,373555
373012,373556
373012,373557
373012,373558
373012,373559
373012,373560
373012,373561
373012,373562
373012,373009
373012,373000
373012,373013
373012,373010
373012,373011
373240,372907
373240,373240
373012,373563
373012,373012
373012,373564
373012,373565
373012,373566
373012,373567
373012,373020
373012,373568
373012,373569
373012,373570
373012,373571
373012,373572
373012,373573
373240,372899
373012,373574
373012,373575
373012,373576
373012,373577
373012,373578
373012,373579
373012,373014
373012,373580
373012,373581
373012,373204
373012,373582
373012,373583
373240,373257
373240,373282
373478,373584
373478,373534
373478,373533
373478,373585
373478,373586
373478,373587
373478,373588
373478,373589
373478,373393
373478,373590
373478,373591
373478,373592
373478,373593
373478,373524
373478,373594
373478,373525
373478,373595
373478,373061
373478,373596
373478,373597
373478,373598
373478,373005
373478,373546
373478,373599
373478,373600
373478,373411
373478,373601
373478,373602
373478,373603
373478,373604
373478,373605
373478,373547
373240,373071
373478,373606
373478,373543
373478,373607
373478,373535
373478,373608
373478,373609
373478,373610
373478,373611
373478,373121
373478,373612
373478,373538
373250,373281
372907,373613
372907,373614
373615,373616
373615,373617
373615,373618
373615,373619
373615,373620
373615,373621
373615,373622
373615,373623
373615,373404
373615,372982
373615,373624
373615,373625
373615,373626
373615,373627
373615,373628
373615,373629
373615,373630
373615,373631
373615,373632
373615,373633
373615,373243
373615,373634
373615,373038
373615,373635
373615,373636
373615,373637
373615,373334
373615,373638
373615,373279
373615,373639
373615,373640
373615,373641
373615,373642
373615,373643
373615,373644
373615,373247
373615,373645
373615,373646
373615,373203
373615,373647
373615,373648
373615,373238
373615,373649
373615,373650
373615,373651
373615,373652
373505,373538
372997,373653
372997,373019
372997,373654
372997,372973
372997,373518
372997,373655
373017,373656
373017,373217
373017,373657
373017,373658
373017,373134
373017,373016
373017,372982
373656,373659
373656,373026
373660,373661
373660,373662
373660,373663
373188,373664
373188,373030
373518,372997
373665,373666
373014,373667
373668,373423
373669,373670
373669,373671
373669,373408
373669,373269
373669,373672
373669,373673
373669,373038
373674,373675
373669,373676
373669,373016
373669,373677
373669,372984
373669,373678
373669,373679
373669,373680
373669,373681
373682,373683
373684,373476
373669,373260
373685,373686
373687,373688
373689,373689
372885,373690
372885,373691
372885,373442
372885,373692
372885,373693
372885,372882
373690,373167
373690,373694
373690,373127
373690,373692
373690,372885
373690,373695
373690,373691
373696,373697
373696,373698
373696,373699
373696,373700
373696,373701
373696,373702
372885,373695
372885,373127
372885,373694
372885,373167
373703,373408
373703,373622
373704,373705
373692,373706
373692,373707
373692,373708
373692,373709
373692,372885
372885,373710
373696,373226
372885,373711
372885,373094
372885,373061
372885,373084
372885,373090
372885,373441
372885,372864
372885,373009
372885,373712
372885,373713
372885,373429
373714,373715
373696,373280
373696,373716
373696,373717
373696,373718
373696,372907
373696,373719
373696,373720
373696,373721
373696,373722
373696,373258
373696,373723
373696,373724
373696,373725
373696,373726
373696,373727
373696,373728
373696,373729
373696,373193
373696,373730
373696,373731
373664,373188
373696,373732
373696,373733
373696,373734
373696,373735
373696,373736
373696,373737
373696,373738
373696,373739
373696,373740
373696,373741
373696,373742
373696,373743
373696,373744
373696,373745
373696,373746
373696,373747
373696,373748
373696,373749
373696,373750
373696,373751
373696,373752
373696,373753
373696,373754
373696,373755
373696,373756
372907,373757
373714,373758
373714,373759
373760,373293
373760,373761
373760,373118
373760,373762
373760,372984
373760,373763
373760,372907
373760,373016
373760,373038
373760,372867
373760,373065
373760,372996
373760,373764
373760,372899
373760,373765
373760,373766
372907,373258
372907,372896
372907,373257
373767,373414
372907,373240
373768,373769
373768,373767
373683,373770
373683,373771
373772,373773
373137,373774
372971,373775
373112,373068
373112,373081
373112,373123
373112,373776
373112,373777
373112,373778
373414,373468
373414,373325
373414,373779
373414,373780
373781,373782
373081,373112
373081,373783
373768,373779
373768,373784
372907,373379
372907,373214
372907,372902
372907,373785
372907,373252
372907,373452
372907,373786
372907,373356
372907,373787
372907,373277
372907,373223
372907,373788
372907,373279
372907,373783
372907,373789
372907,373217
372907,373790
372907,372899
372907,372898
372907,373791
372907,373792
372907,373100
372907,373181
372907,373793
372907,373291
372907,373294
372907,372996
372907,373280
372907,372901
372907,372993
372907,373794
372907,373795
372907,373796
372907,373797
372907,373798
373683,373799
372907,373800
372907,373801
372907,373740
372907,373802
372907,373803
372907,373804
372907,373805
372907,373806
372907,372969
372907,373395
372907,373807
373528,373808
373528,373809
373693,373810
373811,373812
373811,373260
373811,373813
373811,373038
373811,373814
373811,373815
373811,373816
373811,373817
373818,373819
373818,373016
373818,373820
373818,373821
373818,373822
373818,373823
373679,373824
373814,373825
373814,373411
373814,373818
373814,373547
373811,372984
373811,373714
373811,373826
373811,373827
373714,373828
373829,373830
373829,373831
373829,373832
373829,373833
373829,373834
373835,373836
373835,373837
373835,373838
373814,373543
373835,373839
373832,373829
373840,373840
373841,373842
373828,373843
373828,373714
373811,373758
373811,373844
373811,373818
373811,373679
373835,373845
373714,373846
373814,373535
373814,373534
373814,373844
373814,373827
373814,373847
373814,373813
373814,373815
373693,373522
373693,373524
373693,373528
373693,373683
373693,373529
373693,372997
373693,373026
373693,373772
373693,373848
373693,372971
373693,373423
373693,373476
373693,373006
373693,373570
373814,373758
373814,373531
373814,373530
373814,373849
373814,373533
373814,373850
373814,373851
373814,373015
373814,373524
373814,373525
373814,373027
373814,373018
373814,373038
373814,373826
373814,373814
373814,373817
373814,373485
373814,373188
373814,373030
373814,373486
373814,373026
373814,373493
373814,373334
373814,373852
373814,373479
373250,372904
372993,373245
373250,373280
373853,373854
373853,373855
373853,373856
373853,373488
373853,373857
373853,373858
373853,373859
373853,373860
373853,373861
373853,373862
373853,373863
373853,373864
373853,373492
373853,373865
373853,373866
373853,373495
373853,373867
373853,373868
373853,373869
373853,373870
373853,373871
373853,373872
373853,373873
373853,373874
373853,373875
373853,373876
373853,373877
373853,373878
373853,373879
373853,373880
373853,373881
373853,373882
373853,373883
373853,373884
373853,373885
373250,372996
373853,373886
373853,373887
373853,373888
373853,373889
373853,373032
373853,373890
373853,373891
373853,373892
373853,373893
373853,373894
373895,373188
373896,373188
373897,373769
373898,373899
373900,373901
373902,373679
373903,373522
373904,373905
373904,373906
373904,373301
373904,373907
373904,373908
373904,373909
373904,372985
373904,372983
373904,373910
373904,372982
373904,373911
373904,373912
373913,373188
373914,373914
373915,373916
373917,373918
373853,373919
373853,373920
373853,373921
373853,373922
373853,373923
373853,373924
373853,373925
373864,373926
373864,373927
373853,373928
373864,373543
373864,373929
373864,373525
373864,373887
373864,373032
373864,373485
373930,373810
373931,373932
373931,373933
373934,372902
373864,373935
373853,373936
373853,373937
373853,373938
373853,373939
373853,373940
373853,373941
373853,373942
373853,373943
373853,373944
373853,373945
373853,373946
373853,373947
373853,373948
373853,373949
373853,373950
373853,373951
373853,373608
373853,373952
373853,373953
373853,373954
373853,373955
373853,373956
373853,373957
373853,373958
373853,373959
373853,373960
373961,373962
373961,373963
373964,373769
373965,373528
373965,373529
373966,373967
373966,373007
373966,373968
373966,373969
373853,373970
373966,372971
373966,373971
373966,373972
373966,373973
373974,373975
373853,373976
373853,373977
373853,373978
373853,373979
373853,373980
373966,373981
373904,373303
373853,373982
373853,373853
373853,373983
373853,373984
373853,373985
373853,373986
373853,373987
373853,373988
373853,373989
373853,373990
373853,373991
373853,373992
373853,373993
373853,373994
373853,373995
373853,373996
373853,373965
373853,373997
373853,373998
373853,373999
373853,374000
373853,374001
373853,374002
373853,374003
373853,374004
373853,374005
373853,374006
373853,374007
373853,374008
373853,373587
373853,374009
373853,374010
373853,374011
373853,374012
373853,374013
373853,374014
373853,373589
373853,374015
373853,373393
373853,373590
373853,374016
373853,374017
373853,374018
373853,374019
373853,374020
373853,374021
373961,374022
373904,373426
373904,374023
373778,374024
373778,374025
373778,373545
373778,373995
373778,374026
373778,374027
373778,374028
373778,374029
373778,374030
373778,374031
373778,374032
373778,374033
373778,374034
373778,374035
373778,373579
373778,374036
373778,374037
373778,374038
373778,374039
373778,374040
373778,374041
373778,373062
373778,374042
373778,374043
373778,372899
373778,374044
373778,374045
373778,374046
373778,374047
373778,374048
373778,374049
373778,374050
373778,374051
373778,374052
373778,374053
373778,374054
373778,374055
373778,374056
373778,374057
373778,373647
373778,374058
373778,374059
373778,374060
373778,374061
373778,374062
373778,374063
373778,374064
373778,374065
373778,374066
373778,374067
373778,374068
373778,374069
373778,374070
373778,374071
373778,374072
373778,374073
373778,374074
373778,374075
373778,374076
373778,374077
373778,373529
373778,373112
374078,373039
374078,373026
374078,373030
373778,374079
373778,374080
373778,374081
373778,374082
373778,373412
373778,374083
373778,374084
373778,374085
373778,373111
373778,374086
373778,372893
373778,374087
373778,373429
373778,374088
373778,374089
373778,373533
373778,374090
373778,374091
373778,374092
373778,374093
373778,374094
373778,374095
373778,374096
373778,374097
373778,374098
373778,374099
373778,374100
373778,374101
373778,374102
373778,374103
373778,374104
373778,374105
373778,373851
373778,374106
373778,374107
373778,374108
373778,374109
373778,374110
373778,374111
373778,374112
373778,374113
373778,374114
373778,374115
373778,374116
373778,374117
373778,374118
373778,374119
373778,374120
373778,374121
373778,374122
373778,374123
373904,374124
373904,374125
373904,373239
373904,373328
373904,373365
373904,374126
373904,373385
373904,373384
373904,374127
373778,374128
373904,374129
373904,372899
373904,374130
374131,374132
374133,374134
374135,374135
374135,374136
373778,374137
373778,373527
373778,374138
373904,373026
373904,374139
373778,374140
373778,374141
373778,374142
373778,373603
373778,373320
373778,374143
373778,374144
373778,374145
373778,374146
373778,374147
373778,374148
373778,373233
373778,374149
373778,374150
373778,374151
373778,374152
373778,374153
373778,374154
373778,374155
373778,374156
373778,374157
373778,374158
373778,374159
373778,373150
373778,373396
373778,374160
373778,374161
373778,374162
373778,373568
373778,374163
373778,374164
373778,374165
373778,374166
373778,374167
373778,374168
373778,374169
373778,374170
373778,374171
373778,374172
373778,374173
373778,374174
373778,374175
373778,374176
373778,374177
373778,374178
373778,374179
374078,373031
373961,373865
373961,374180
373778,374181
373778,374182
373778,374183
373778,374184
373778,373434
373778,374185
373778,372896
373778,374186
373778,373589
373778,374187
373778,374188
373778,374189
373778,374190
373778,374191
373778,374192
373778,374193
373778,374194
373778,374195
373778,374196
373778,374197
373778,374198
373778,374199
373778,374200
373778,374201
373778,374202
373778,374203
373778,374204
373778,374205
373778,374206
373778,374207
373778,374208
373778,374209
373778,374210
373778,374211
373778,374212
373778,374213
373778,374214
373778,374215
373778,374216
373778,374217
373778,374218
373778,374219
373778,374220
373778,374221
373778,374222
373778,374223
373778,374224
373778,374225
373778,373965
373778,374226
373778,374227
373778,374228
373778,374229
373778,374230
373778,374231
373778,373367
373778,372944
373778,373270
373778,374232
373778,374233
373778,374234
373778,374235
373778,374236
373778,374237
373778,374238
373778,374239
373778,374240
373778,374241
373778,374242
373778,374243
373778,374244
373778,374245
373778,374246
373778,374247
373778,374248
373778,372959
373778,374249
373778,374250
373778,374251
373778,374252
373778,374253
373778,374254
373778,374255
373778,374256
373778,374257
373778,374258
373778,374259
373778,374260
373778,374261
373778,373526
373778,373952
373778,374262
373778,374263
373778,374264
373778,374265
373778,374266
373778,374267
373778,374268
373778,374269
373778,374270
373778,374271
373778,374272
373778,373247
373778,374273
373778,374274
373778,374275
373778,374276
373778,374277
373778,374278
373778,372952
373778,374279
373778,374280
373778,374281
373778,374282
373778,374283
373778,374284
373778,374285
373778,374286
373778,374287
373778,374288
373778,374289
373778,374290
373778,374291
373778,374292
373778,374293
373778,374294
373778,374295
373778,374296
373778,374297
373778,374298
373778,373971
373778,374299
373778,374300
373778,374301
373778,374302
373778,374303
373778,374304
373778,374305
373778,374306
373778,374307
373778,374308
373778,374309
373778,374310
373778,374311
373778,374312
373778,374313
373778,374314
373778,374315
373778,374316
373778,374317
373778,374318
373778,373947
373778,374319
373778,374320
373778,373290
373778,374321
373778,374322
373778,374323
373778,374324
373778,374325
373778,374326
373778,374327
373778,374328
373778,374329
373778,374330
373778,374331
373778,374332
373778,374333
373778,374334
373778,374335
373778,374336
373778,374337
373778,374338
373778,374339
373778,374340
373778,374341
373778,374342
373778,374343
373778,374344
373778,374345
373778,374346
373778,374347
373778,374348
373778,374349
373961,374350
373778,374351
373778,374352
374184,374353
374184,374354
374184,374355
374184,373932
374184,374356
374184,374357
374184,374358
374184,374359
374360,374361
374003,373524
374003,373862
374003,373920
374362,374363
374362,374364
374362,374365
374362,374366
374367,373016
374368,373528
374369,373016
374184,374370
374371,373662
374184,373510
374184,374278
374184,374372
374184,374373
374184,374374
374184,374375
374184,374376
374184,374377
374184,374378
374184,374379
374184,374380
374184,374381
374184,374382
374184,374184
374184,374383
374184,374384
374184,374385
374184,374386
374184,374387
374184,374225
374184,374388
374184,374389
374390,374391
374390,374392
374390,374393
373961,374394
373961,374395
373961,374396
373961,374397
373961,373574
373961,373683
373961,374398
373961,373197
373961,374399
373961,374400
373961,374401
373961,374402
373961,374403
373961,374404
373961,374405
373961,374406
373961,374407
373961,372892
373961,374408
373961,374409
373961,374410
373961,374411
373961,374412
374390,372901
374390,374413
374414,374415
374414,374416
374414,374417
374414,374418
374414,374419
374414,374420
374414,374421
374184,374422
374414,374423
374414,374424
374425,374364
374426,374427
374426,374428
374426,374429
374426,373016
373961,374430
373961,374431
373961,374432
374414,374433
374184,374434
374435,372873
374435,373038
373778,374436
373778,373066
373778,374437
373778,374438
373778,374439
373778,374440
373778,374441
373778,373654
373778,374442
373778,374443
373778,374444
373778,374445
373778,374446
373778,374447
373778,374448
373778,374449
373778,374450
373778,374451
373778,374452
373778,374453
373778,374454
373778,374455
373778,374456
373778,374457
373778,374458
373778,374459
373778,374460
373778,374461
373778,374462
373778,374463
373778,374464
373778,374465
373778,374466
373778,374467
373778,374468
373778,374469
373778,374402
373778,374470
373778,374471
373778,374472
373778,374473
373778,374474
373778,374475
373778,374476
373778,374477
373778,374478
373778,374479
373778,374480
373778,374481
373778,374482
373778,374483
373778,374484
373778,373635
373778,374485
373778,374486
373778,374487
373778,374488
373778,374489
373778,374490
373778,374491
373778,374492
373778,373925
373778,374493
374494,374494
374495,374435
374495,373038
373778,373852
373778,374496
373778,374497
373778,373334
373778,372947
373778,374498
373778,374499
373778,374500
373778,374501
373778,374502
373778,374503
373778,373026
373778,374504
373778,374505
373778,374506
373778,374507
373778,374508
373778,374509
373778,374510
373778,374511
373778,374512
373778,374513
373778,374514
373778,374515
373778,372942
374078,373032
373778,374516
374078,373035
372948,374517
372948,374518
372948,372927
372948,374519
372948,374520
372948,374521
372948,373148
372948,374522
372948,374523
372948,374524
372948,374525
372948,374526
372948,373150
372948,374527
372948,373152
372948,374528
372948,373129
374529,374529
374530,374531
374530,373214
374530,373273
372948,372913
372948,372918
372948,372880
372948,374532
373785,374533
372887,374534
372887,372910
372887,372890
372887,372911
372942,374061
372942,374535
372942,372869
372948,372915
372948,372938
374530,373178
372948,374536
372948,374537
372948,374538
372948,374539
372948,372887
372948,374540
372948,372869
372948,372942
372948,372892
372948,374541
372948,374542
372948,372940
374530,373183
374530,374543
374530,373186
372962,373399
372962,372966
372962,373182
372962,372989
372962,374327
373310,374544
373310,372991
373310,372992
373310,373184
373310,373497
372962,373456
373310,374545
373310,372993
373310,372994
373310,374546
373310,373218
373310,372899
373310,372995
373310,373202
373310,372977
373310,374547
373310,373180
373310,374511
373785,372907
372962,374548
372962,372893
374549,373099
374550,374511
374550,374551
372962,372994
372962,373381
372962,373382
372962,372976
372962,373031
372962,374552
372962,372902
372962,374553
372962,374554
372962,374555
372962,374556
372962,374557
372962,373157
372962,374558
372962,374559
372962,374560
372962,373910
372962,372896
372962,372983
372962,373268
373310,372996
373785,374561
373786,374562
374563,374564
374563,374565
374563,374566
374563,373842
374563,374567
374563,374568
374563,374569
374563,374570
374563,374571
374563,374572
374563,374573
374563,374574
374563,374575
374563,374576
374563,374577
374563,374578
374563,374579
374563,374580
374563,374581
374563,374582
374563,374583
374563,374584
374563,374585
374563,374586
374563,374587
374588,373016
374588,374589
374563,374590
374563,374591
374563,374592
374563,374593
374563,374594
374563,374595
374563,374596
374563,374597
374563,374598
374563,374599
374563,374600
374563,374601
374563,374602
374563,374603
374563,374604
374563,374605
374563,374606
374563,374607
374563,374608
374563,374609
374563,374610
374563,374611
374563,374612
374563,374613
373465,373102
373465,373461
373465,373391
373465,373460
373465,373459
373465,373458
373465,373099
373465,373457
373465,373475
373465,373613
373465,373462
373465,373757
373465,373100
373465,373792
373783,373034
373783,374614
373783,373027
373783,374615
373783,374616
373783,373395
373786,374617
373786,374618
373465,373614
373785,373789
373465,373463
373465,373464
374563,374619
374563,374620
374563,374621
374563,374622
374563,374623
374563,374624
374563,374625
374563,374626
374563,374627
374563,374628
373465,373469
374563,374629
374563,374630
374563,374631
374563,374632
374563,374633
374563,374634
374563,374635
374563,374636
374563,374637
374638,374639
373465,373101
374563,374640
374588,373323
373310,374641
373310,374642
374643,373790
374643,374644
374643,374645
374643,374646
374643,374647
374643,374648
374643,374649
374643,374650
374643,374651
374643,374652
374643,374653
374643,374654
374643,374655
374643,374656
374643,373794
373794,372907
372881,372869
374657,374658
374659,374659
374660,372869
374660,372947
374643,374661
374653,373794
374653,374643
374653,374656
374662,373260
374662,373016
374662,373622
374662,373677
374662,374663
374662,372984
374662,374664
374662,373678
374665,374665
374653,374661
373353,374666
374653,373790
374653,374645
374653,374646
374653,374647
374653,374648
374653,374649
374653,374650
374653,374651
374653,374652
374653,374654
374653,374655
374653,374644
373182,372991
373182,372992
373182,373497
374667,373006
374668,372899
374668,374669
374670,374671
374672,372907
373264,372902
373264,374673
373264,374674
373264,374675
373264,374676
374667,374677
373254,373277
373254,373183
373254,372907
373254,373257
373250,373184
373250,373282
373250,372993
373250,372899
373250,372977
373250,373278
373250,373279
373254,373356
374662,373676
374667,374678
373182,372969
373182,372993
373182,373218
373182,372995
373182,373213
373182,373180
373182,374642
373182,372902
373182,373185
373182,373268
373182,374679
374667,373443
373182,372961
373182,372896
373182,372963
373182,373181
373182,373288
373182,374680
373182,372965
373182,372966
373182,373182
373182,374681
373182,374682
373182,372962
373310,372976
374662,373038
374662,373672
373310,374683
373310,374684
373310,372958
373310,374685
373310,372959
373310,373261
373310,373183
373310,373252
373310,374679
373310,372960
373310,372907
373310,372961
373310,374686
373310,372962
373310,373257
373310,372896
373310,372963
373310,372893
373310,374687
373310,373310
373310,374688
373310,373190
373310,374689
373310,373356
373310,373354
373310,372904
373310,374690
373310,373222
373310,372902
373310,374691
373310,373277
373310,373214
373310,374692
373310,372974
373310,374693
373310,374694
373310,373267
373310,374695
373310,374696
373310,374697
373310,374698
373310,372957
373310,373272
373310,373273
373310,372990
373310,374699
373310,373178
373310,373268
373310,372964
373310,374700
373310,373189
374701,373391
374701,374702
374701,374703
374704,374705
374704,374706
374704,374707
374704,374708
374704,374709
374704,373118
374704,374710
374701,374711
374704,374712
373795,372907
373795,373795
373795,373794
374713,373842
374662,373666
374662,374714
374662,373670
374662,373671
374662,373408
374662,373269
374704,374715
374662,373673
374701,374716
373819,373818
373310,373181
373310,374717
373310,373288
373310,374680
373310,372965
373310,372966
373310,373182
373310,373179
373310,374718
373310,374719
374701,374720
373310,374721
373310,374722
373310,374723
373310,374724
373310,372967
373310,372956
373310,374725
373310,374682
373310,372969
373819,373820
373819,373016
373310,373186
374078,373034
373007,373683
373001,373000
374726,374727
374728,374729
374730,374731
374730,373344
374730,374728
374730,374729
374730,372986
373775,372971
373775,373968
373770,373683
374732,374733
374732,374734
374732,374735
374732,373163
374732,374350
374732,373330
374732,373671
374726,374736
374732,374737
374738,374739
374738,374740
374741,373424
374738,374742
374738,373216
374738,373217
374738,372899
374738,374743
374738,373445
374738,372902
374738,373033
374738,373034
374738,374744
374738,373038
374738,373012
374738,373017
374738,373016
374738,372907
374738,372896
374738,373007
374741,373408
374732,373062
374732,372867
374745,373678
374745,373679
374745,373680
374746,374747
374748,374749
374748,373892
374748,374750
374748,373126
374748,374751
374748,374752
374748,373888
374748,374753
374748,374754
374748,374755
374748,374756
374748,374757
374748,374758
374745,372984
374732,374231
374745,373677
374745,373260
374732,374759
374732,373619
374732,374760
374732,374761
374732,373623
374732,373109
374732,373450
374732,374762
374763,372907
374745,373670
374745,373671
374745,373408
374745,373269
374745,373672
374745,373673
374745,373038
374745,373676
374745,373016
374764,373538
374765,373396
374765,373439
374766,374767
374768,374769
374770,374771
374772,374616
374772,373112
374772,374773
374772,374774
374775,373076
374775,373137
374776,374777
374776,373338
374776,374778
374776,373136
374776,374779
374776,374780
374776,372955
374776,373065
374766,374781
374776,373237
374766,374782
374783,374784
374078,373036
374078,373038
374078,373012
374078,373018
374078,373017
374078,373027
374078,373016
374078,373015
374078,373001
374078,373004
374078,373005
374078,373006
374078,372985
374078,373028
374078,373007
374078,373029
374078,373008
374766,374785
374776,373067
374776,374786
374776,373077
374787,374788
374787,374789
374787,374790
374787,374791
374792,372880
373429,372885
373429,372864
374793,374794
374795,373016
374796,373038
374796,374797
374796,372984
374796,374798
374796,373827
374796,373818
374765,373038
374765,373016
374799,373204
374458,374800
374776,374801
374776,374802
374776,374803
374776,372867
374776,374804
374776,373049
374776,374805
374776,373620
374776,373695
374776,374806
374748,374233
374776,374807
374776,374808
374776,373114
374776,373042
374776,374775
374776,374809
374776,374810
374776,374811
374776,373105
374776,374812
373001,374813
373778,374814
374815,373225
374816,374817
374816,373004
374816,374818
374819,373030
374820,374821
374820,374822
374820,374823
374820,373799
374820,374824
374820,374825
374820,374826
374820,374827
374815,372992
374815,374531
374815,374828
374815,374829
374830,374644
374831,372947
374815,374832
374833,374675
374833,374673
374748,374834
374748,373951
374748,374835
374748,374836
374748,373941
374748,374837
374748,374838
374839,373068
374839,374840
374839,374841
374839,373112
374839,374842
374744,373408
374744,373622
374833,374843
374833,372902
374833,373264
374833,374674
374748,374844
374815,373214
374815,372957
374845,373828
374845,374846
374847,373341
374847,374848
374847,374618
374847,374849
374847,373359
374847,373118
374847,374850
374847,373293
374851,374852
374851,374853
374851,374854
374851,374855
374851,374856
374851,373112
374851,374857
374845,374858
374815,374859
374860,374716
373441,372885
374815,373209
374815,374861
374815,372893
374815,373189
374815,374862
374863,373662
374864,373408
374864,373622
374406,373026
374865,373017
374865,373401
374866,373522
372865,372885
372865,372865
372865,373441
372865,373442
372865,374867
373441,372864
374830,374661
374748,374868
374748,374869
374870,372947
374871,374682
374871,373225
374872,373026
373851,373151
373851,374873
373851,374874
373851,374875
373851,374876
373851,374877
373851,374207
373851,372954
373851,374878
373851,374879
373851,373393
374748,374880
373851,372930
374870,374881
373851,374882
372931,372947
374883,374884
373442,374885
373442,373539
373442,372885
373442,372957
373442,373540
373442,374886
373540,373538
374886,374885
374886,373442
374886,373539
374886,372885
374886,372957
374886,373540
374883,373112
374883,374887
374883,374755
374883,374888
374889,374890
374748,374009
373851,374891
374830,373794
374830,374656
374830,374655
374830,374830
374830,374653
374830,374652
374830,374651
374830,374650
374830,374643
374830,374649
374830,374647
374830,374646
374830,374645
374748,374892
374748,374893
374748,374004
374748,374894
374830,374648
373851,374895
374830,373790
374780,372984
373851,374896
373851,374897
373851,374898
374899,374900
374899,373941
374899,374834
374899,374844
374899,374901
374780,373673
374899,374902
374899,374903
374899,374904
374899,374905
374899,374906
374902,373928
374902,373825
373713,372885
374907,373118
