26718,26719
26720,26721
26720,26722
26720,26723
26720,26724
26720,26725
26720,26726
26720,26727
26720,26728
26720,26729
26720,26730
26720,26731
26720,26732
26720,26733
26720,26734
26720,26735
26720,26736
26720,26737
26738,26739
26738,26722
26738,26720
26720,26738
26720,26740
26741,26742
26741,26743
26744,26745
26744,26746
26747,26748
26747,26749
26747,26750
26741,26751
26741,26752
26741,26753
26741,26754
26741,26755
26741,26756
26741,26757
26741,26758
26741,26759
26741,26760
26741,26761
26741,26762
26741,26763
26741,26764
26741,26765
26741,26766
26738,26767
26768,26769
26768,26770
26768,26771
26772,26773
26772,26774
26772,26775
26772,26776
26772,26777
26772,26778
26772,26779
26772,26780
26772,26781
26772,26782
26772,26783
26772,26784
26772,26785
26772,26786
26772,26787
26772,26788
26772,26789
26772,26790
26772,26791
26772,26792
26772,26793
26772,26794
26744,26744
26772,26795
26772,26796
26768,26797
26768,26798
26768,26799
26768,26800
26768,26801
26768,26802
26768,26803
26804,26805
26772,26806
26772,26807
26772,26808
26772,26809
26772,26810
26772,26811
26772,26812
26772,26813
26772,26814
26772,26815
26772,26816
26772,26817
26772,26818
26772,26819
26718,26760
26744,26820
26744,26821
26718,26822
26718,26823
26718,26824
26718,26825
26718,26826
26718,26827
26718,26828
26718,26829
26718,26830
26718,26831
26718,26832
26718,26833
26834,26760
26834,26752
26834,26835
26834,26836
26834,26837
26834,26718
26834,26838
26834,26839
26718,26840
26718,26841
26718,26842
26718,26843
26718,26844
26718,26845
26718,26846
26718,26847
26718,26848
26718,26805
26718,26849
26718,26850
26718,26851
26718,26852
26718,26853
26718,26854
26718,26855
26718,26856
26718,26857
26718,26858
26718,26859
26718,26860
26718,26861
26718,26862
26718,26863
26834,26864
26834,26865
26834,26852
26834,26824
26749,26866
26749,26867
26749,26868
26749,26748
26749,26869
26749,26870
26749,26871
26749,26872
26873,26874
26873,26875
26760,26758
26760,26835
26760,26846
26760,26834
26760,26832
26760,26826
26760,26718
26744,26876
26744,26877
26744,26829
26744,26878
26749,26879
26744,26880
26749,26881
26749,26882
26834,26883
26834,26884
26834,26885
26834,26886
26834,26887
26834,26888
26834,26889
26834,26805
26890,26891
26890,26749
26749,26749
26749,26892
26749,26893
26749,26894
26749,26895
26749,26896
26749,26897
26749,26898
26749,26899
26749,26900
26749,26901
26749,26747
26718,26902
26805,26822
26718,26837
26731,26903
26731,26729
26731,26720
26731,26738
26731,26904
26731,26905
26731,26722
26906,26907
26906,26908
26906,26735
26906,26909
26906,26910
26906,26911
26906,26912
26906,26731
26906,26729
26906,26913
26906,26914
26906,26915
26906,26722
26722,26916
26731,26912
26722,26917
26731,26911
26731,26735
26918,26919
26918,26920
26918,26921
26918,26922
26918,26923
26918,26924
26772,26925
26918,26926
26918,26927
26918,26928
26918,26929
26918,26930
26918,26931
26918,26932
26918,26933
26934,26935
26934,26936
26934,26930
26937,26938
26937,26722
26731,26907
26731,26910
26722,26939
26722,26940
26722,26941
26722,26735
26722,26909
26722,26910
26722,26911
26722,26912
26722,26731
26722,26729
26722,26913
26722,26906
26942,26805
26805,26943
26805,26804
26805,26944
26805,26945
26805,26946
26805,26947
26805,26948
26805,26949
26805,26836
26805,26950
26805,26835
26722,26907
26722,26951
26722,26952
26722,26953
26722,26954
26722,26955
26722,26956
26722,26957
26722,26958
26722,26959
26722,26960
26722,26961
26722,26962
26722,26874
26918,26963
26722,26964
26722,26965
26722,26966
26722,26967
26722,26903
26722,26720
26722,26968
26722,26969
26722,26970
26722,26971
26722,26972
26722,26973
26722,26722
26974,26722
26975,26976
26835,26977
26835,26836
26835,26978
26835,26979
26835,26947
26835,26980
26835,26760
26835,26981
26835,26837
26835,26834
26835,26805
26835,26982
26835,26719
26835,26983
26835,26884
26835,26984
26835,26985
26835,26986
26835,26987
26835,26988
26835,26989
26835,26990
26835,26991
26835,26992
26718,26834
26718,26993
26718,26994
26718,26995
26718,26996
26718,26997
26718,26978
26718,26998
26718,26999
26718,26821
26718,27000
26718,27001
26718,26835
26718,27002
26718,26758
26718,26883
26718,27003
26718,27004
26718,26889
26718,27005
26718,27006
26718,27007
26835,27008
26835,26826
26835,27009
26835,26718
27010,26860
27010,27011
27010,27012
27010,26926
26975,27013
26975,27014
26975,27015
26975,26860
26975,27011
26975,27016
26975,27017
26975,27018
26975,26975
26975,27019
26975,27020
26975,27021
26975,27022
26975,27023
26975,27010
26975,27024
26975,27012
27010,26975
27010,27025
27010,27022
27022,27010
26835,26822
26835,27026
26835,27027
26835,26759
26835,27028
26835,27029
26835,26848
26835,27030
26835,27031
27011,27032
26974,26955
27011,27019
27011,27033
27011,26860
27011,27010
27016,27011
27016,27020
27016,27010
27022,27034
27022,26975
27022,27019
27022,27035
27011,27036
26772,27037
27038,27039
26772,27040
27041,27042
27041,27043
27041,27044
27041,27045
27046,27047
27046,27048
27046,27049
27046,27050
27046,27051
27046,27052
27046,27053
27046,27054
27046,27055
27046,27056
27046,27057
27038,27058
27038,27059
27038,27060
27038,27061
27038,27062
27038,27063
27038,27064
27038,27065
27038,27066
27038,27067
27038,27068
27046,27069
27038,27070
27038,27071
27038,27072
27038,27073
27038,27074
27038,27075
27038,27076
27038,27077
27038,27078
27038,27079
27046,27080
27046,27081
27046,27082
27046,27083
27046,27084
27046,27085
27046,27086
27046,27087
27046,27088
27046,27046
27046,27089
27046,27090
27091,27091
27092,26749
27093,27094
27095,27096
27095,27097
27046,27098
27046,27099
27046,27100
27046,27101
27046,27102
27046,27103
27046,27041
27046,27104
27046,27105
27046,27106
27046,27107
27046,27108
27046,27109
27046,27110
27046,27111
27046,27112
27046,27113
27046,27043
27046,27114
27046,27115
27046,27116
26886,26834
27038,27117
27038,27118
27119,27120
27119,27121
27119,27122
27119,27123
27119,27124
27119,27125
27119,27126
27119,27127
27119,27128
27119,27129
27119,27130
27119,27131
27119,27132
27119,27133
27119,27134
27119,27135
27119,27136
27119,27137
27119,27138
27119,27139
27119,27140
27119,27141
27119,27142
27119,27143
27119,27144
27119,27145
27119,27146
27119,27147
27119,27148
27119,27149
27119,27150
27119,27151
27119,27152
27119,27153
27119,27154
27119,27155
27038,27156
27119,27157
27119,27158
27119,27159
27119,27160
27119,27161
27119,27162
27163,27164
27163,27165
27163,27166
27038,27167
27038,27168
27038,27169
27038,27170
27038,27171
27038,27172
27038,27173
27038,27174
27119,27175
27119,27176
27119,27177
27119,27178
27119,27179
27119,27180
27119,27181
27119,27182
27119,27183
27119,27184
27119,27185
27119,27186
27119,27187
27119,27188
27119,27189
27119,27190
27119,27191
27119,26944
27119,27192
27119,27193
27119,27194
26886,27195
26886,27196
26885,27197
27198,27199
27198,27200
27198,27201
27198,27202
27198,27203
27198,27204
27198,27205
27198,27206
27198,27207
27198,27208
27198,27209
27198,27210
27198,27211
27198,27212
27198,27213
27198,27214
27198,27215
27198,27216
27198,27217
27198,27218
27198,27219
27198,27220
27198,27221
27198,27222
27198,27223
27198,27224
27198,27225
27198,27226
27198,27227
27198,27228
27198,27229
27198,27230
27198,27231
27198,27232
27198,27233
27198,27234
27198,27235
27236,27237
27236,27238
27239,27240
27239,27241
27242,27243
27242,27244
27242,27245
27242,27246
27242,27247
27242,27248
27242,27249
27242,27250
27242,27251
27242,27252
27242,27253
27242,27254
27242,27255
27239,27256
26879,26747
26879,27257
26745,26744
27236,27258
26839,26834
27259,26834
26941,26834
27260,26800
27260,27261
27260,27262
27236,26805
27260,26803
27260,27263
27260,27264
27260,27132
27260,27265
27260,27180
26887,26834
26745,26746
27260,27266
27198,27267
27198,27268
27198,27269
27270,27015
27270,27034
27270,27271
27270,27010
27270,27272
27270,27273
27274,27275
26764,27276
27277,26822
27277,27278
27279,26834
27279,26824
27279,27280
27279,27281
27279,26962
27270,27036
27270,27282
27270,27019
27270,27013
26885,27283
26885,27284
26885,27285
26885,26805
26885,27286
26885,27287
26885,27288
27198,27289
26885,27290
26885,27291
26885,27292
26885,26997
26885,27293
26885,26836
27270,27017
27270,26926
26885,26837
27198,27294
27198,27295
27198,27296
27198,27297
27198,27298
27198,27299
27198,27300
27198,27301
27198,27302
27198,27303
27198,27304
27198,27305
27198,27306
27198,27307
27198,27308
27198,27309
27198,27310
27198,27311
27198,27312
27198,27313
27119,27314
27198,27315
27198,27316
27198,27317
27198,27318
27198,27319
27198,27320
27198,27321
27198,27042
27198,27322
27198,27323
27198,27324
27198,27325
27198,27326
27198,27327
27198,27328
27198,27329
27198,27330
27198,27331
27198,27332
27242,27333
27119,27334
27119,27335
27336,27192
27336,27193
27336,27178
27336,27337
27336,27177
27336,27176
27336,27175
27336,27159
27336,27160
27336,27161
27336,27338
27339,27340
27341,26872
27341,27342
27343,26718
27336,26944
27336,27191
27336,27190
27336,27189
27336,27134
27336,27146
27336,27186
27336,27158
27336,27179
27336,27180
27336,27181
27343,26822
27336,27344
27336,27183
27336,27184
27336,27185
27336,27345
27336,27187
27336,27194
27336,27346
27336,27182
27336,27133
27347,26822
27348,27349
27350,27351
27350,27352
27350,27353
27350,27354
27350,27355
27350,27356
27350,27357
27350,27358
27350,27359
27350,27360
27350,27361
27362,27363
27362,27016
27362,27364
27362,27365
27350,27366
27350,27367
27350,27368
27350,27369
27370,26771
27371,27372
27350,27373
27350,27374
27350,27375
27350,27261
27350,27376
27347,27377
27350,27378
27350,27379
27350,27380
27350,27381
27350,27382
27350,27383
27350,27384
27350,27385
27350,27386
27362,27023
27336,27132
27336,27387
27336,27388
27336,27119
27336,27389
27336,27390
27336,27391
27336,27392
27336,27393
27336,27394
27336,27395
27336,27396
27336,27397
27336,27398
27336,27399
27336,26803
27336,27400
27336,27162
27336,27401
27336,27402
27336,27403
27404,27405
27406,26749
27406,26747
27407,27094
27408,27409
27336,27410
27336,27411
27336,27412
27336,27413
27336,27414
27336,27415
27336,27416
27336,27042
27336,27417
27336,27261
27336,27418
27336,27419
27336,27131
27336,27420
27336,27421
27336,27154
27336,27138
27336,27137
27336,27136
27336,27135
27336,27120
27336,27122
27336,27123
27336,27124
27336,27125
27336,27126
27336,27127
27336,27128
27336,27129
27336,27130
27336,27153
27336,27152
27336,27151
27336,27150
27336,27335
27336,27422
27336,27334
27336,27314
27336,27139
27336,27140
27336,27141
27336,27423
27336,27142
27336,27144
27336,27145
27336,27147
27336,27155
27336,27148
27336,27149
27336,27424
27336,27143
27362,27010
27362,27012
27425,27426
27427,27428
27427,27429
27427,26909
27427,27013
27427,27430
27427,27019
27427,27431
27427,27036
27427,27432
27427,26912
27427,27433
27427,27434
27427,27435
27427,27436
27427,27437
27427,27438
27439,27440
27439,27441
27442,27443
27128,27393
27128,27444
27128,27412
27128,27445
27128,27446
27128,27314
27128,27154
27427,27010
27128,27122
27128,27447
27128,27190
27128,27159
27128,27448
27449,26834
27449,26837
27442,27450
27128,27451
27128,27392
27427,27452
27427,27453
27119,27391
27119,27392
27119,27393
27119,27394
27119,27396
27119,27397
27119,27398
27119,27454
27119,27399
27119,26803
27119,27400
27119,27412
27119,27420
27119,27423
27119,27421
27119,27390
27119,27389
27119,27455
27119,27388
26888,27456
27457,26884
27119,27410
27119,27411
27119,27413
27119,27419
27119,27414
27427,26964
27119,27415
27119,27042
27119,27417
27119,27261
27119,27418
27119,27403
27119,27402
27119,27401
27119,27416
27128,27119
27128,27162
27458,27459
27460,27461
27460,27462
27460,27463
27464,27465
27464,27466
27464,27467
27464,27468
27464,27469
27470,27261
27470,26803
27470,27471
27470,27472
27470,27473
27458,27474
27458,27475
27460,27190
27460,27476
27460,27477
27460,27478
27479,27480
27479,27481
27479,27382
27482,27372
27483,26822
27483,27484
27460,27485
27458,27486
27460,27487
27460,27488
27460,27162
27460,27489
27460,27392
27460,27490
27460,27491
27460,27492
27460,27493
27458,27494
27458,27495
27458,27496
27458,27497
27458,27498
27458,27499
27458,27500
27458,27501
27458,27502
27458,27503
27458,27504
27458,27278
27458,27505
27458,27506
27458,27507
27458,27508
27458,27509
27458,27510
27458,27511
27458,27512
26772,27513
27458,27514
27458,27515
27458,27516
27458,27517
27458,27518
27458,26822
27458,27519
27458,27520
27458,27470
27458,27521
27458,27522
27458,27523
27458,27524
27458,27525
27458,27526
27458,27458
27458,27527
27458,27528
27458,27529
27242,27530
27119,27422
27242,27531
26822,27532
26822,26718
26822,26850
26822,26991
26822,27533
26822,26884
26822,27534
26822,27285
26822,27484
26822,27535
26822,26835
26822,26764
26822,27536
27537,27538
26822,27483
26822,27343
27539,27540
27541,27010
27430,27542
27430,27543
27430,27544
27430,27545
27430,27546
27430,27547
27430,27548
27372,27549
27372,27550
27372,27551
26822,27552
27553,26762
26948,27554
26948,27555
27182,27556
27182,27123
27182,27314
27182,27194
27042,27557
27042,27558
27042,27559
27042,27560
27042,27561
27042,26838
27042,27182
27042,27147
27042,27411
26948,27562
27042,27563
27042,26852
27042,27564
26948,27565
26948,27566
26948,27567
26948,27568
26948,27569
26948,27570
26948,27571
26948,27572
26948,27573
26948,26805
26948,27574
27042,27575
27553,27576
27553,27577
27553,27578
26826,26997
26826,26996
26826,26995
26826,26994
26826,26837
26826,26831
26826,26841
26826,26842
26826,26843
26826,26863
26826,26862
26826,26861
26826,26860
26826,26978
26826,26859
26826,26857
26826,26856
26826,26855
26826,26902
26826,26853
26826,26852
26826,26851
26826,26850
26826,26849
26826,26805
26826,26848
26826,26847
26826,26846
26826,26858
26826,26998
26826,27000
26826,27001
27553,27579
27553,27580
27553,27581
27553,26896
27553,27582
27553,27583
27553,27584
27553,27585
27553,27586
26762,27553
26838,26834
26883,26834
26861,26850
26861,26826
26861,26718
26861,26834
26860,27010
26860,26975
26860,27025
26826,27007
26826,27006
26826,27005
26826,26889
26826,27004
26826,27003
26826,26883
26826,26758
26826,27002
26826,26835
27182,27587
27182,27588
27182,27589
27182,27590
26772,27591
26772,27592
26772,27593
26772,27445
26772,27594
26772,27595
26772,27596
26772,27597
26772,27598
26772,27599
26772,27600
26772,27601
26772,27602
26772,27603
26772,27604
26772,27605
26772,27606
26772,27607
26772,27608
26772,27609
26772,27610
26772,26747
26772,27611
26772,27612
26772,27613
26772,27614
26772,27615
26772,27616
26772,27617
26772,27618
26772,27619
26772,27620
27242,27621
26772,27622
26772,27623
26772,27624
26772,27625
26772,27626
26772,27627
26772,27628
26772,27629
26772,27630
26772,27631
26772,27632
26772,27633
26772,27634
26772,27635
26772,27636
26772,27637
26772,27638
26772,27639
26772,27640
26772,27641
26772,27642
26772,27643
26772,27644
26772,27645
26772,27446
26772,27646
26772,27647
26772,27648
26772,27649
26826,26845
26772,27650
26772,27651
27466,27652
27466,27653
27654,27655
27654,27656
27654,27657
27654,27658
27654,27659
27654,27660
27654,27661
27662,27663
27662,27664
27662,27665
27662,27666
27466,27667
27182,27145
27182,27147
27182,27176
27182,27183
27182,27158
27182,27133
27182,27668
27182,27141
27182,27395
27182,27392
27182,27669
27182,27670
27182,27403
27182,27671
27182,27672
27466,27673
27466,27674
27466,27675
26772,27676
26772,27677
26772,27678
26772,27679
26772,26749
26772,27680
26772,27681
26772,27682
27683,27684
27683,27685
27683,27272
27683,27271
27683,27686
27683,27687
27683,27688
27683,27689
27683,27690
27683,27282
27683,27691
27683,27692
27683,27693
27683,27694
27683,27695
27683,27696
27683,27697
27683,27698
27271,27010
27699,26771
27699,27700
26772,27701
26826,26844
27430,27702
26826,26760
27392,27703
27392,27392
27392,27704
27392,27705
26898,27706
26898,26749
26898,26747
26898,27707
26898,26901
26898,27708
26898,27709
27710,27466
27711,27712
27713,27261
27713,27391
27713,26803
27713,27714
27713,27715
27713,27716
26901,27717
27713,27718
26901,26882
27719,27720
27721,27722
27721,27723
27719,27724
27719,27725
27719,27726
27719,27727
27719,27728
27719,27729
27719,27730
27719,27721
27719,27731
27719,27732
27719,27733
27719,27734
27719,27735
27719,27736
27719,27737
27719,27738
27719,27372
26901,26749
27721,27739
27740,26771
27741,27742
27743,27744
27743,27745
27743,27746
26897,26749
27453,27017
27453,27013
27453,27697
27453,27015
27453,27271
27453,27747
27453,27272
27453,27748
27453,27019
27453,27749
27453,27750
27453,27692
27453,27010
27453,27273
27751,26805
26903,26722
27741,27417
27752,27753
27754,27000
27741,27713
27741,27755
27741,27700
27741,26771
27741,27756
27741,27740
26947,26834
26947,26947
26947,27031
26947,26718
26947,26826
26947,26822
26947,26805
26947,26850
26947,26764
26947,27757
26947,26835
26947,27758
27754,26831
27754,27759
27760,27761
27721,27762
27721,27763
27764,27765
27766,26822
27766,27767
27766,26805
27766,27238
27768,27769
27768,26805
27768,27770
27768,27771
27768,27766
26982,26834
26982,26759
26982,27772
26982,26741
26982,26889
27238,27663
27473,26834
27773,27774
27773,27775
27764,27776
27773,27777
27778,27094
27242,27779
27242,27780
27242,27781
27242,27782
27242,27783
27242,27784
27242,27785
27242,27786
27242,27787
27242,27788
27242,27789
27242,27790
27242,27242
27242,27791
27242,27792
27242,27793
27242,27794
27242,27795
27242,27796
27242,27372
27242,27797
27721,27736
27773,27798
27773,27466
27721,27799
27721,26749
27721,27800
27721,26898
27721,27801
27721,27802
27721,27803
27721,27804
27721,27238
27721,27634
27721,26792
27721,27805
27721,27806
27721,27807
27721,26755
27721,27808
27721,27809
27721,27810
27721,26881
27811,27812
27773,26908
27811,27813
26884,26834
27773,27814
27773,27815
27773,27816
27773,27817
27773,27818
27773,27633
27773,27819
26826,26719
27773,27820
27773,27821
27773,27734
27773,27473
27773,27722
27773,27453
27773,27822
27773,27823
26949,26805
27534,27824
27534,26822
27811,27466
27760,27825
27773,27826
27827,27828
27728,27372
27829,27830
27829,27831
27829,27832
27829,27734
27829,27466
27833,27834
27833,27281
26830,26834
26830,26718
26830,26826
26830,26850
26830,26861
26830,26758
26826,26833
26826,26832
26826,26830
26826,26829
26826,26827
26826,26834
26826,26718
26826,26825
26826,26824
26826,26823
26826,26822
27835,27836
26826,26854
27835,27837
27838,27838
27193,26792
27193,27730
27193,27839
27193,27840
27193,27841
27193,27391
27261,27125
27261,26803
27261,27391
27842,27843
27842,27844
27842,27845
27842,27846
27827,27847
27827,27848
27193,27849
27827,27850
27827,27851
27827,27852
27827,27853
27193,27854
27193,27855
27193,27261
27193,26803
27193,27125
27835,27856
27193,27857
27193,26744
27827,27466
27827,27858
27827,27429
27827,27859
27827,27860
26991,26884
26991,26822
27861,26771
27706,27862
27706,27863
27706,27864
27760,27533
27760,27865
27760,27866
27832,27867
27760,27868
