393845,393846
393847,393848
393847,393849
393850,393851
393850,393852
393850,393853
393850,393854
393855,393856
393855,393857
393855,393858
393855,393859
393850,393860
393861,393862
393861,393863
393861,393864
393861,393865
393861,393866
393861,393867
393861,393868
393861,393845
393861,393869
393866,393864
393861,393870
393850,393871
393850,393872
393850,393873
393847,393874
393847,393875
393847,393876
393847,393877
393850,393878
393850,393879
393850,393880
393850,393881
393850,393882
393850,393883
393850,393884
393850,393857
393850,393885
393850,393886
393850,393855
393850,393887
393850,393888
393850,393889
393850,393890
393850,393891
393850,393859
393847,393892
393850,393893
393894,393895
393847,393896
393897,393898
393897,393899
393897,393900
393897,393901
393897,393902
393897,393903
393897,393904
393897,393905
393897,393906
393897,393845
393897,393907
393897,393908
393897,393909
393897,393910
393897,393911
393912,393913
393897,393863
393897,393914
393915,393916
393915,393845
393915,393917
393916,393863
393916,393845
393916,393846
393897,393918
393917,393845
393897,393919
393897,393920
393897,393921
393897,393922
393897,393923
393897,393924
393925,393926
393927,393928
393929,393930
393929,393931
393932,393933
393932,393934
393932,393935
393932,393936
393932,393916
393932,393937
393932,393938
393932,393939
393932,393940
393932,393932
393932,393941
393932,393942
393932,393870
393932,393863
393932,393943
393929,393944
393932,393862
393932,393945
393929,393946
393932,393947
393932,393948
393932,393949
393932,393950
393932,393951
393932,393921
393932,393952
393932,393953
393932,393954
393932,393955
393932,393927
393932,393920
393932,393956
393932,393957
393927,393846
393927,393958
393927,393845
393959,393960
393959,393961
393959,393962
393959,393963
393959,393964
393959,393965
393959,393966
393959,393967
393959,393968
393959,393969
393959,393970
393959,393971
393959,393959
393959,393972
393959,393973
393959,393974
393884,393854
393884,393975
393884,393976
393884,393977
393884,393978
393884,393979
393884,393980
393884,393889
393884,393852
393884,393891
393884,393981
393884,393873
393884,393982
393884,393983
393884,393984
393884,393871
393884,393859
393959,393985
393959,393986
393959,393987
393988,393989
393988,393990
393988,393845
393988,393991
393992,393864
393993,393994
393988,393932
393993,393995
393996,393994
393996,393995
393997,393998
393888,393944
393888,393999
393927,393865
393993,393996
393988,394000
393988,394001
393988,394002
394003,394003
394004,394005
394006,394007
394006,394008
394009,393857
394009,393859
394010,394011
394012,394013
394012,394014
394015,393864
393990,393988
393990,393845
393990,394002
393990,393989
393988,394016
393932,393861
393884,394017
393932,394018
393932,394019
393950,394020
394021,394021
394022,393998
394023,394024
394025,394026
394027,393894
393950,393845
394028,394029
394030,394031
394030,394032
394030,394033
394030,394034
394030,393998
394030,394035
394028,394036
394030,394037
393950,394038
393950,394039
394040,394041
394040,394042
394040,394043
394040,394044
394040,394045
394040,394046
393950,393863
394040,394047
394048,394049
394050,394051
394051,394052
394053,393994
394053,393995
394053,394054
394055,394005
394040,393967
394030,394056
394030,394057
394058,394059
394060,394024
394061,394062
394063,393977
394064,394065
394064,394066
394058,394024
394064,394067
394068,394069
394070,394071
394070,394072
394070,394073
394070,394074
394070,394075
394068,394005
394030,394030
394076,394074
394076,394077
394030,394078
394030,394079
394030,394044
394030,394080
394030,394081
394030,394082
394076,394083
394030,394084
394085,394086
394087,393998
394087,394088
394089,394076
394076,394090
394076,394005
394091,394091
394040,394087
394040,394092
394040,394093
393932,394094
393932,394095
393932,394038
393932,394096
393932,394097
393932,394098
393932,394099
393932,394100
393932,394101
393932,394102
393932,394103
393932,394104
393932,393867
393932,394105
393932,394106
393932,394107
393932,394108
393932,394109
393932,393864
393932,394110
393932,394111
393932,394112
393932,394113
393932,393992
393932,393865
393932,394114
393932,394115
393932,394116
393932,394117
393932,394118
393932,394119
393932,394120
393932,394121
393932,393845
393932,394122
393932,394123
393932,394124
393932,394125
393932,394126
394127,394128
394129,394130
394040,394131
393932,394132
394040,393859
394040,394035
394040,394133
394040,394134
394040,394135
394040,394031
394040,394136
394040,393998
393932,394137
393932,394138
393932,393909
393932,394139
393932,394140
393932,394141
393932,394142
393932,394143
393932,393907
393932,394144
393932,394145
393932,394146
393932,394020
393932,393846
393932,394147
393932,393917
393932,393869
393932,394148
393932,394149
393847,394150
393884,394151
393884,394152
393977,393847
393977,394153
393977,393883
393977,393854
393977,394154
393977,394155
393977,394156
394157,393995
394157,394158
394157,394159
394160,394160
394161,394162
394161,393857
394159,393995
394157,394163
394164,394165
393977,394166
393977,394167
394168,394153
394168,394169
394170,394171
394170,394172
394170,393995
394170,394173
393977,394174
394175,394176
394175,393977
394175,393889
394175,394177
394175,394178
394175,394179
393977,394092
394175,394180
394168,394181
394182,394183
394182,394184
394185,394186
394185,394187
394185,394188
394035,393859
394035,394189
394035,394190
394185,394191
394035,393998
394035,394192
394035,394035
394035,394193
394035,394131
394035,394041
394035,394194
394035,394195
394182,394165
394185,394196
394185,393977
394182,394197
394182,394198
394182,393853
394182,394199
394185,394200
394185,394201
394185,394153
394185,394202
394185,394180
394185,394181
394185,394203
394185,394204
394185,393848
394185,394205
394185,394178
394168,394206
394207,394208
394207,394185
393994,394209
393994,394210
393994,393995
393994,394211
393994,394212
393994,394213
393994,394214
393994,393993
393994,394053
394088,393967
394088,393968
394088,394044
394088,393974
394088,394215
393994,393996
394088,394087
393994,394216
393847,394217
393847,394218
393847,394219
393847,394220
393847,394221
393847,394222
393847,394223
393847,394224
393847,394225
393847,394181
393847,394226
393847,394227
393847,394228
393847,394229
393847,394230
393847,394184
394088,394231
394088,393866
394088,394232
394207,394233
394207,394234
394207,394235
394207,394236
394207,393967
394207,394237
394238,394239
394207,394240
394207,394168
394207,394241
394207,394242
394207,394243
394207,394244
394207,394245
394207,393972
393894,394246
393894,394247
393894,394248
394088,394249
394088,393861
394088,393845
394088,393846
394088,393998
394088,394043
394088,394250
394251,394178
394251,394252
394251,394253
394251,394254
394255,393894
393894,394256
393894,394133
393850,394224
394035,394257
393884,394083
394035,394258
394035,394078
393852,393976
393852,393977
393852,393978
393852,393979
393852,393884
393852,393980
393852,394017
393852,393889
393852,393859
393852,393981
393852,393873
393852,393982
393852,393983
393852,393984
393852,393891
393852,393871
393852,394151
393852,394152
394083,393859
393852,394259
393852,394260
393852,394261
393852,394262
393852,394263
393852,394083
393852,394264
393852,394265
393852,394266
393852,394267
393852,394268
393852,394269
393852,394270
393852,394271
394083,393891
393852,393975
393852,393854
394259,393852
393884,394259
393884,394260
393884,394261
393884,394262
393884,394263
394259,393871
393884,394264
393884,394265
393884,394266
393884,394267
393884,394268
393884,394269
393884,394270
393884,394271
393852,393852
394259,393873
394259,393859
394272,394090
394273,394168
394259,394274
394259,394275
394259,394276
394259,394277
394259,393981
394259,394278
394259,394151
394259,394221
394259,394017
394259,394279
394259,393884
394259,394280
394259,394152
394281,394282
394281,394283
394281,394284
394285,394196
394286,393995
394287,393864
394288,393845
394288,394289
394288,394290
394285,394218
394288,394291
394223,394292
394189,394293
394294,394294
394225,393847
394203,394295
394203,394168
394223,394178
394188,394296
394285,394297
394285,394298
394035,394045
394035,394299
394035,394082
394035,394300
394035,394135
394035,393887
394285,394168
394035,394301
394035,394302
394285,394303
394285,394304
394285,394305
394285,393875
394285,394306
394035,394188
394188,394189
394188,394307
394188,394308
393945,394097
393945,394309
393945,394310
394311,393893
394311,393889
394311,394008
393945,394099
394311,394312
394311,394181
394311,394313
394314,394315
394316,394317
394167,394092
394167,393977
394311,394318
393945,394319
393945,394320
393945,394321
394188,393859
394188,394188
394322,394322
394323,394324
394323,394325
394323,394326
394323,394327
394328,394090
393945,394113
393945,394118
393945,393865
393945,393845
393945,393953
393945,393927
393945,394329
394035,394330
393850,394331
394332,394333
393850,393977
394148,393861
394148,394334
394148,394335
394148,394127
394148,394336
394148,394337
394148,394223
394148,394112
394148,394338
394148,394339
394148,394340
394148,394341
394148,394342
394148,394343
394148,394344
394148,394345
394148,394120
394148,393863
394148,393942
394148,393936
394148,394346
394148,394347
394148,394184
394148,394348
394148,394349
394148,394350
394148,394351
394148,394352
394148,394353
394148,394354
394148,393932
394148,394355
394148,394066
394148,394356
394148,394357
394148,394358
394148,393865
394148,394359
394148,394360
394148,394196
394148,393845
394148,394361
394148,394362
394148,394363
394148,394139
394148,394364
394148,394365
394148,393907
394148,394366
394148,394367
394148,394368
394148,394369
394148,394370
394148,394371
394148,394372
394148,394373
394148,393868
394148,394374
394148,394375
394148,394376
394148,394377
394148,394378
394148,394379
394148,394380
394148,394381
394148,394382
394148,394383
394148,394384
394148,394129
394148,394385
394148,393867
394148,394386
394148,394387
394148,394388
394148,394389
394148,394390
394148,394391
393867,394392
393867,394113
393867,393868
393867,394148
394105,393947
394105,394393
394105,393921
394105,393934
394105,394394
394105,394381
394105,393936
394105,394395
394105,393863
394105,393864
394105,394392
393867,393864
393867,393861
393867,393863
393867,393934
393864,393877
393864,394396
393864,394397
393864,394398
393864,393854
393864,393865
393864,393869
394105,394112
393864,394399
393864,394015
393864,394400
393864,394401
394402,394403
394402,394404
394402,394405
393867,393947
393864,393992
394148,394169
394105,394120
394105,394386
394148,393947
394148,394406
394148,394407
394148,394408
394148,394409
394148,394002
394148,394410
394148,394411
394148,393929
394148,394412
394148,394413
394148,394414
394148,394415
394148,394416
394148,394417
394148,394143
394148,394418
394148,393992
394148,393934
394105,393868
394105,393845
394105,394122
394105,394419
394105,394143
394105,394420
394105,393846
394105,393867
394105,394147
394105,394421
394105,394422
394105,394423
394424,394425
394148,393864
394148,394231
394148,394292
394105,394148
394148,394426
394148,394147
394148,394148
394427,394428
394427,394427
394427,394429
394427,394283
394427,394430
394427,394431
394427,394432
394427,394433
394427,394434
394427,394435
394427,394282
394431,394436
394437,394438
394437,394439
394440,394441
394427,394442
394427,394443
394428,394444
394442,394445
394430,394427
394430,394429
394430,394283
394430,394430
394430,394431
394430,394432
394430,394433
394162,394446
394430,394434
394430,394282
394442,394447
394442,394448
394442,394449
394442,394427
394442,394450
394442,394451
394430,394435
394430,394428
394162,394452
394162,393889
394446,394157
394446,393859
394446,394453
394446,394454
394446,394452
394446,394455
394452,394456
394452,393857
394452,394457
394452,394458
393857,393859
393857,394180
393857,394273
393857,394452
393857,394459
394446,393850
394446,393889
394446,393857
394446,394460
394162,394461
394446,394462
394446,394463
394446,394175
394446,394464
394446,393847
394446,394162
394162,393857
394446,394465
394446,394180
394446,394466
394446,394467
394446,394468
394446,393977
394446,394461
394446,394469
394446,394176
393864,394470
394430,394442
394471,393913
394148,394472
394148,394473
394148,394474
394148,394475
394148,394476
394148,394477
394148,394424
394148,394478
394148,394479
394148,394480
394148,394403
394148,394481
394148,394482
394148,394483
394148,394484
394148,394485
394148,394486
394148,393921
394148,394487
394148,394488
394148,394489
394148,394490
394148,394491
394148,394492
394148,394493
394148,394494
394495,394008
394148,393860
394148,394496
394148,393877
394148,394396
394148,394397
394148,394398
394148,393854
394148,394497
394148,394470
394430,394443
394498,394024
394499,394500
394499,394385
394499,394501
394499,394502
394499,394503
394499,394504
394499,394493
394505,394024
394506,393968
394506,394044
394506,394507
394508,394509
394510,394284
394510,394511
394510,394512
394510,394451
394499,394129
394499,393910
394499,394378
394499,394513
394499,394514
394499,394250
394499,394515
394499,394516
394499,394206
394499,394381
394499,394517
394518,394519
394499,394520
394499,394357
394499,394337
394499,393968
394499,394521
394499,394522
394499,394523
394499,394524
394499,394525
393857,394161
393864,394494
393864,394492
394136,394073
394136,394422
394136,394526
394136,394044
394136,394045
394136,394527
394136,394135
394136,394528
394136,394005
394136,394074
394136,394529
394136,394051
394136,394530
394136,394507
394136,394531
394136,394090
394136,394532
394136,394431
394136,394194
393910,394533
393910,394534
393910,394535
393910,394536
393910,394537
394136,394538
394136,394539
394136,393998
394136,394540
394136,394076
394136,394541
394136,394131
394136,394542
394136,394543
394136,394544
394136,394545
394136,394546
394136,394547
394136,394548
394067,394549
394067,394550
394067,394484
394551,394552
393868,393947
393868,394403
393868,394553
393868,394487
393868,394413
393868,393921
393868,393934
393868,394486
393868,393936
393868,394554
393868,394555
394067,394485
394067,394556
394067,394403
394557,394558
394136,394195
394136,394035
394136,394133
394136,394056
394136,393976
394136,393887
394136,394559
393910,394560
394136,393982
394476,394561
394476,394562
394476,394482
394476,394493
394476,394563
394476,394067
394493,394564
394476,394565
393910,394566
393910,394136
394393,394008
394567,394568
394568,394569
394568,394570
394568,394571
394568,394572
394573,393913
394573,393998
394573,394051
393913,394048
393913,394574
393913,394575
393998,394131
393998,394087
393998,394576
393998,394577
394567,394578
394579,394580
394008,394581
394008,394582
394583,394584
394583,394481
394583,394585
394583,394586
394583,394587
394588,394589
394588,394008
393998,394590
394588,394588
394008,394393
394008,394591
394008,394420
394008,394455
394008,394181
394008,393931
394008,394592
394008,394593
393868,394066
393998,394594
393998,394595
394062,394596
394062,394597
394062,394598
394062,394599
394062,394600
394062,394601
394556,394014
394556,394486
394556,394424
394602,393913
394178,394603
394178,394413
394593,394393
394593,394008
394593,394604
394062,394605
394062,394606
394062,394607
394062,394608
393998,394188
393998,394609
393998,394319
394610,394611
394610,394612
394610,394613
394610,394614
393998,394046
394610,394615
394616,394062
394616,394617
394616,394618
394616,394619
394062,394620
394062,394621
394062,394622
394623,394624
393868,394625
393868,393863
393868,393864
393864,394345
393864,393861
393864,394335
393864,394127
393864,394336
393864,394337
393864,394223
393864,394112
393864,394626
393864,394338
393864,394231
393864,394627
393864,394339
393864,394340
393864,394341
393864,393863
393864,394357
393864,394628
393864,394629
393864,394630
393864,394631
393864,394346
393864,394184
393864,394632
393864,394348
393864,394349
393864,394342
393864,394350
393864,394353
393864,394354
393864,393932
393864,394355
393864,394066
393864,394356
393864,393942
393864,394352
393864,394381
393864,394344
393864,394374
393864,394364
393864,394633
393864,394365
393864,394143
393864,393907
393864,394366
393864,394367
393864,394634
393864,394368
393864,394369
393864,394426
393864,394148
393864,394489
393864,394490
393864,394491
393864,394122
393864,394362
393864,394361
393864,393845
393864,394375
393864,394376
393864,394377
393864,394378
393864,394379
393864,394380
393864,394292
393864,394358
393864,394382
393864,394384
393864,394129
393864,394385
393864,394635
393864,393867
393864,394360
393864,394196
393864,394388
393864,394493
393864,394389
393864,394391
393868,394636
393868,394415
393868,394637
393868,394100
393868,394475
393868,394638
393868,394478
393868,394169
393868,394479
393868,394639
393868,393865
393868,393868
393947,393863
393947,393864
393947,393921
393868,394497
393868,394480
393868,394484
393868,394493
393868,394485
393868,394120
393868,394402
393868,394549
393868,394474
393868,394482
393868,394379
393947,394392
393868,394476
393868,394477
393868,394105
393868,394363
393868,394424
393868,394483
393868,394147
393868,394148
393868,393867
393864,394390
393947,394112
393947,393867
393863,393845
393864,393866
393864,393947
393864,394406
393864,394407
393864,394408
393864,394409
393864,394410
393864,394411
393864,393929
393864,394412
393864,394414
393864,394416
393864,394417
393864,394215
393863,394019
393863,393861
393863,393870
393863,393963
393947,393868
393947,394105
393947,394143
393947,394148
393947,393934
393947,393861
393947,394113
393947,394120
393934,393864
393934,393863
393934,393861
393934,394392
393934,394113
393934,393867
393934,393868
393934,394148
393934,393947
393857,394640
394641,394642
394641,393921
394643,394644
394643,394645
394643,394646
394643,394647
394643,394648
394643,394649
394643,394643
394643,394650
394643,393873
394643,394651
394643,394652
394643,394653
394643,394654
394643,394655
394643,394656
394643,394657
394643,394658
394643,394659
394643,394660
394643,394661
394643,394662
394643,394663
394643,394664
394643,394665
394643,394666
394643,394667
394643,394668
394643,394669
394643,394670
394643,394671
394643,394672
394643,394673
394643,394674
394643,394675
394643,394676
394643,394677
394643,394678
394643,394679
394158,393995
394680,394005
394005,394681
394005,394074
394682,394570
394682,394683
394682,394568
394684,394685
394332,394686
394332,394687
394332,394688
394332,394689
394332,394690
394332,394691
394332,394692
394693,394694
394695,394696
394695,394556
394695,394012
394643,394697
394643,394698
394643,394699
394643,394700
394643,394701
394643,394702
393944,394323
394643,394703
393944,394704
393944,393999
393944,394157
393944,394705
394672,394008
394706,394707
394708,394709
394695,394710
393944,393888
394643,394711
394643,394712
394643,394713
394643,394714
394643,394715
394643,394716
394643,394717
394643,394718
394643,394719
394643,394720
394643,394721
394643,394722
394643,394723
394643,394724
394643,394725
394643,394726
394643,394727
394643,394728
394643,394729
394643,394730
394643,394731
394643,394591
394643,394732
394643,394733
394643,394734
394643,394735
394643,394736
394643,394737
394643,394738
394643,394739
394643,394740
394643,394741
394643,394742
394643,394743
394643,394744
394643,394745
394643,394746
394643,394747
394643,394748
394332,394749
394643,394750
394643,394751
394643,394752
394643,394753
394643,394754
394643,394755
394643,394756
394643,394757
394643,394758
394643,394759
394643,394760
394643,394761
394643,394762
394643,394763
394643,394764
394643,394765
394643,394766
394643,394767
394643,394768
394643,394769
394643,394770
394643,394771
394643,394772
394643,394773
394643,394774
394643,394775
394643,394776
394643,394777
394643,394778
394643,394779
394643,394780
394643,394781
394643,394782
394643,394783
394643,394784
394643,394785
394643,394786
394643,394787
394332,394788
394332,394789
394332,394790
393859,394791
393859,393891
393859,393873
393859,393871
393850,394259
393850,394792
393850,394462
393850,394463
393850,394793
393850,394275
393850,394276
393850,394794
393850,394261
393850,394795
393850,394263
393859,394796
393859,394267
393859,394261
393859,394276
393859,394797
393859,394131
393859,394040
393859,394189
393859,394798
393859,394184
393859,394200
393850,394464
393859,394799
393859,393874
393859,394800
393859,394181
393859,394801
393859,394802
393859,394153
393859,394803
393859,394804
393859,394805
393850,393847
393850,394806
393850,394807
393850,394808
393850,394152
393850,394221
393850,394809
393850,393997
393850,394796
393850,394810
393850,394017
393850,394811
393850,394812
393850,393976
393850,394813
393850,394452
393850,394791
393850,394814
393850,394815
393850,394816
393850,394817
393850,394818
393850,394162
393850,394819
393850,394267
393850,394820
393850,394821
393850,394822
393850,394037
393850,394184
393850,394176
393850,394278
393850,394180
393850,394823
393850,394824
393850,394825
393850,394721
393850,394277
394643,394826
393859,394827
393859,394828
394332,394829
394332,394830
394332,394831
394332,394832
394332,394833
394332,394834
394332,394835
394332,394836
394332,394837
394332,394838
394332,394839
394332,394840
394332,394841
394332,394842
394332,394843
394332,394844
394332,393864
394332,394845
394332,394846
394332,394847
394332,394848
394332,394849
394332,394850
394332,394851
394332,394852
394332,394853
394332,394854
394332,394855
394332,394856
394332,394857
394332,394858
394332,394859
394332,394860
394332,394861
394332,394862
394332,394863
393859,394461
394332,394864
394332,394865
394332,394866
394332,394867
394332,394868
394332,394869
394332,394870
394332,394871
394332,394872
394332,394873
394332,394874
394332,394875
394332,394876
393859,393850
393859,393856
393859,393858
393859,393855
394070,394547
394332,394877
394332,394878
394332,394879
394332,394880
394332,394881
394332,394882
394332,394883
394332,394884
394332,394885
394332,394886
394332,394887
394332,394888
394332,394889
394332,394890
394332,394891
394332,394892
394332,394893
394332,394894
394332,394895
394332,394896
394643,394897
394643,394898
394643,394899
394216,394212
394216,394213
394216,394214
394900,394685
394461,394162
394461,394901
394461,394178
394461,394902
394461,394903
394461,394904
394461,394905
394461,393853
394461,393854
394906,394907
394906,394908
394216,394211
394216,393995
394216,394210
394216,394209
394591,393944
394909,394910
394910,394911
394912,394913
394914,394915
394914,394093
394914,394216
394906,394916
394914,394917
394914,393913
394914,394918
394914,394568
394914,394572
394914,394919
394093,394575
394216,393994
394914,393967
394591,394008
394906,394920
394906,394921
394906,394922
394906,394923
394906,394924
394906,394925
394906,394926
394906,394927
394906,394928
394906,394929
394906,394930
394906,394931
394906,394932
394906,394933
394925,394049
394594,394934
394594,393998
394906,394935
394906,394936
394906,394937
394906,394938
394906,394939
394906,394940
394906,394941
394906,394942
394906,394943
394906,394944
394906,394945
394906,394946
394906,394947
394906,394948
394906,393913
394906,394949
394906,394950
394906,394951
394906,394952
394906,394953
394906,394954
394594,394955
394373,394480
394373,394493
394184,393859
393995,394956
393995,393994
393995,394216
393995,394209
393995,394210
393995,394211
393995,394212
393995,394213
393995,394171
393995,394172
393995,394173
393995,394170
393995,394957
393995,394958
394641,394959
394641,394960
394641,394503
394641,394961
394641,394962
394641,394963
394641,394617
394641,394184
394641,394964
394641,394965
394641,394966
393995,394314
394641,394967
394641,394968
394641,394969
394641,394970
394641,394811
394641,394566
394641,394971
394641,394972
394641,393995
394373,394484
393995,394641
393995,394159
394373,393936
394373,394481
394373,393863
394373,393864
394373,394485
394373,394112
394373,394472
394373,394473
394373,394474
394373,394482
394373,394476
394373,393845
394373,394363
394373,393907
394373,394483
394373,393921
394373,394413
394373,394487
394373,394553
393995,394053
393995,394181
393995,394973
393995,394974
393995,394975
393995,394603
393995,394976
393995,394178
393995,394977
394373,393934
394373,394486
394373,393868
394373,394424
394373,394147
394373,394148
394373,394403
394373,393947
393850,394461
394594,394978
394594,394979
394980,394981
394980,394982
394980,394983
394980,394984
394980,394985
394980,394986
394980,394987
394980,394988
394980,394989
394980,394990
394980,394991
394354,394439
394992,394993
394994,394685
394995,394996
394980,394980
394980,394997
394998,394024
394999,395000
393848,395001
393848,395002
393848,395003
393848,395004
393848,395005
393848,395006
393848,393877
395007,395008
394958,393995
394999,395009
394999,395010
394999,394295
394999,395011
394999,395012
394999,395013
394999,395014
394999,395015
393848,395016
395017,394044
395017,393968
394643,395018
394643,395019
394643,395020
394643,395021
394643,395022
394643,395023
394643,395024
394643,395025
394643,395026
394643,395027
394643,395028
394643,395029
394643,395030
394643,395031
394643,393944
394643,395032
394643,395033
394643,395034
394643,395035
395036,395037
395038,393913
394643,395039
394643,395040
394643,395041
394643,395042
394643,394463
395017,394507
394643,395043
394643,395044
394643,395045
394643,395046
394643,395047
394643,395048
394643,395049
394643,395050
394643,395051
394594,395052
393848,395053
393848,394344
394306,393875
394306,395054
394306,395055
394306,393967
394306,394828
394306,395056
394306,395057
394306,394295
394306,395058
394306,394725
394306,393968
394306,395059
394306,395060
394306,393848
394306,394306
394306,395061
395062,394024
395063,395064
395063,394196
394594,395065
394594,395066
394594,395067
394594,393871
393871,394083
393871,395068
393871,393976
394306,394958
393871,393859
395069,394059
395070,393926
395071,395072
395071,395071
395073,394519
395074,395075
395076,395077
393871,393852
393848,394168
394306,395078
394306,395079
393848,395080
393848,395081
393848,394285
393848,395082
393848,395083
393848,395084
393848,395085
393848,395086
393848,394295
393848,394185
393848,395087
393848,395088
393848,395089
393848,394446
393848,395090
393848,394201
393848,395091
394306,395092
394306,395093
394306,394044
394306,395094
394306,395095
394306,394760
394306,395096
394306,395097
394306,395098
394306,395099
394306,395100
394306,395101
394306,395102
394306,395103
394306,395104
394306,395105
394306,395106
394306,395107
394306,394999
394075,394076
395108,394295
394075,394077
395109,395110
395109,394960
395109,395111
395109,394069
395109,395112
395109,393887
395109,394419
395109,395113
395109,394451
395109,394713
395109,395114
395109,394812
395109,395115
395109,393997
395109,394151
395109,395116
395109,395117
395109,394152
395109,394450
395109,395118
395109,395119
395109,395120
395109,395121
395109,394714
395109,394421
395109,395122
395109,395123
395109,393981
395109,394075
395124,395020
395124,395125
395124,395126
395124,395127
395124,395049
395124,395128
395124,395129
395124,395130
395124,395131
395124,395132
395124,395133
395124,395134
395124,395135
395136,395064
394525,394514
394525,394378
394525,394515
395137,395138
395139,394960
395139,395140
395139,395141
395139,395142
395143,393913
395143,395144
395143,395145
395109,394532
395109,394427
395109,394736
395109,395146
395147,394484
395147,394493
395147,393846
395147,395148
395147,395149
395147,393845
395147,393910
395147,394476
395147,395150
395147,395151
395147,394044
395147,394566
395147,394422
395147,393968
395147,393913
395147,393864
395147,393863
395147,395152
395147,395153
395147,394413
395147,395154
395147,394553
395147,395155
395147,393947
395156,395157
395158,395159
395160,394005
395161,395162
395163,394024
395109,395164
395109,394449
395109,394511
395109,395024
395109,394442
395109,394448
395109,395165
395109,395126
395109,395166
395109,395167
395109,395168
395109,395169
395124,395022
395109,395170
395171,394685
395172,395173
395174,395175
395174,394458
395174,395176
395174,395177
395174,395178
395174,394756
395174,395179
395174,395180
395181,394705
395182,395183
395184,395185
395156,395186
395124,395023
395124,394071
395124,395187
395124,394070
395124,395188
395124,395189
395124,395190
395124,395191
395124,395192
395124,394660
395124,395193
395124,394419
395124,395194
395124,395113
395124,395195
395124,395196
395124,395197
395124,394666
395124,394586
395124,395198
395124,395199
395124,395200
395124,395201
395124,395202
395124,395203
395124,395204
395124,395205
395124,395206
395124,395207
395124,395208
395124,395209
395124,395210
395124,394700
395124,395211
395124,395212
395124,395213
395124,394075
395124,395214
395124,395215
395124,395216
395124,395217
395124,394655
395124,395218
395124,394654
395124,395219
395124,394652
395124,395220
395124,395221
395124,395222
395124,395223
395124,394423
395124,395224
395124,395225
395124,395226
395124,395111
395124,394069
395124,395227
395124,395228
395124,395229
395124,394759
395124,395230
395124,395231
395124,395232
395124,394716
395124,394715
395124,394729
395124,395233
395124,395234
395124,395235
395124,395236
395124,395237
395124,395238
395124,395239
395124,394736
395124,395240
395124,395241
395124,395164
395124,395242
395124,395243
395124,395029
395124,394077
395124,395244
395124,394072
395124,395245
395124,395246
395124,394685
395124,395247
395124,395248
395124,394723
395124,395249
395124,395250
395124,394757
395124,395251
395124,395252
395124,395253
395124,395254
395124,395255
395124,394754
395124,395256
395124,395257
395124,395258
395124,395259
395124,395260
395124,394770
395124,395261
395124,394777
395124,395262
395124,394771
395124,395263
395124,395264
395124,394728
395124,395265
395124,395266
395124,395267
395124,395268
395124,395269
395156,395270
395156,395271
395156,395272
395273,395274
395273,395275
395273,395276
395273,395277
395273,395278
395273,395279
395273,395280
395273,395281
395273,395282
395273,395283
395273,395284
395273,395285
395273,395286
395273,395287
395273,395288
395273,395289
395273,395290
395273,395291
395273,395292
395273,395293
395273,395294
395273,395295
395273,395296
395273,395297
395273,395298
395273,395299
395273,395300
395273,394315
395273,395301
395302,395303
395304,394074
395304,394620
395304,393944
395305,393913
395306,395173
395306,395307
395273,395308
395273,395309
395273,395273
395273,395310
395273,395311
395273,395312
395273,395313
395273,395314
395273,395315
395273,395316
395273,395317
395273,395318
395273,395319
395273,395320
395273,395321
395273,395322
395273,395323
395273,395324
395273,395325
395273,395326
395273,395327
395273,395328
395329,395330
395329,394047
395329,394082
395329,393866
395329,395331
395329,394044
395329,394043
395329,395332
395329,394042
395329,395333
395329,395334
395329,394215
395329,394131
395329,395335
395329,395336
395329,395337
395329,395338
395329,394033
395329,395339
395340,394076
395341,394129
395341,395342
395341,394485
395341,394130
395343,395344
395329,393845
395345,395346
395347,394685
395348,395349
395273,395350
395273,395351
395273,395352
395273,395353
395273,395354
395273,395355
395273,395356
395273,395357
395273,395358
395273,395359
395273,395360
395273,395361
395362,395363
395273,395364
395273,395365
395273,395366
395273,395367
395273,395368
395273,395369
395273,395370
395273,395371
395273,395372
394538,395373
395348,395173
395348,395374
395348,395375
395273,395376
395377,394575
395378,395379
395378,395380
395381,395382
395381,395383
395381,395096
395381,394760
395381,395094
395381,395099
395381,395107
395381,395078
395381,394306
395381,393848
395381,395060
395381,395059
395381,393968
395381,395058
395381,394295
395381,394828
395381,393967
395381,395055
395381,395061
395381,394285
395381,394303
395175,393894
395384,394575
395385,395386
395385,394396
395381,394999
395381,395101
395381,395092
395381,395102
395156,395387
395156,395388
395156,395389
395156,395379
395156,395390
395156,395391
395156,395392
395156,395393
395156,395394
395156,395395
395156,395396
395156,395397
395385,395398
395399,394919
395400,395064
395401,395402
395401,395403
395401,394925
395401,395404
395401,395405
395401,395406
395401,395407
395401,395408
395116,393999
395116,395120
395409,395410
395399,393913
395124,395411
395385,395412
395385,395413
395414,395415
395414,395416
395414,395417
395414,394574
395418,395418
395418,394550
395418,395419
395418,394013
395418,395420
395418,395421
395418,395422
395418,394130
395418,395423
395424,395425
395426,394049
395427,394544
395428,394049
395428,395429
395430,394187
395430,395431
395430,394211
395430,393995
395430,395432
395430,395433
395430,394403
395414,393913
395414,395434
395414,395435
395414,395436
395385,395436
395385,395435
395385,395434
395385,393913
395385,395415
395385,395417
395385,395437
395385,394574
395438,395439
395438,395438
395440,394178
395440,394413
395385,394960
395441,394059
395442,393967
395443,395444
395445,394074
395446,394564
395414,394044
395414,393968
395414,395447
395414,395386
395414,394396
395414,395398
395414,394960
395414,395413
395442,393913
395448,395448
395449,395449
395450,394381
395451,395388
395451,395452
395451,395453
395451,393845
395451,395454
395451,393868
395451,395455
395451,395456
395451,395457
395451,395458
395451,395459
395451,394388
395451,395460
395451,395461
395451,395462
395451,395463
395451,395464
395451,395465
395451,395466
395451,394980
395451,395012
395451,395467
395451,395468
395451,394099
395451,395469
395451,395470
395451,393865
395451,395387
395451,395471
395472,394136
395472,394031
395451,395157
395451,395473
395451,395474
395451,394132
395451,395475
395451,395476
395451,394929
395451,395477
395451,395478
395451,394148
395451,393846
395451,395479
395451,395271
395451,395480
395451,395481
395451,395173
395451,395482
395451,394581
395451,395483
395451,394990
395451,395484
395451,393907
395451,395444
395451,394139
395451,395485
395451,395486
395451,395487
395451,393936
395451,395488
395451,395489
395451,395490
395451,395394
395451,395491
395451,395492
395451,393862
395451,395015
395451,393921
395451,395493
395451,395494
395451,395495
395451,395496
395451,395497
395451,393947
394601,394062
395498,395499
395500,395501
395502,395503
395504,394024
395505,395173
395505,395506
395507,395508
394559,394249
395451,395509
395451,395510
395451,395511
395451,395084
395451,395512
395451,395513
395451,395514
395451,395515
395451,395390
395451,395516
395451,394114
395451,395011
395451,395517
395451,395518
395451,394112
395451,395519
395472,394033
395451,395520
395451,395521
395451,395522
395451,395523
395451,393863
395451,395524
395451,395525
395451,395526
395451,395527
395451,395528
395451,395054
395451,393937
395451,393916
395451,395529
394559,394532
395472,393998
395472,395530
395531,394519
395532,394575
395533,395533
395534,395535
395534,394919
395534,395536
395534,395537
395534,395538
395534,393913
395534,395539
395540,394519
395541,395064
395541,395542
395543,394067
395472,394249
395472,394532
395472,395544
395472,395545
395472,394493
395472,395546
395472,394531
395472,394507
395472,395547
395472,395548
395472,393846
395549,394005
395472,395550
395551,395396
395552,394404
395553,394452
395554,394049
395555,394090
395556,394024
395557,394090
395558,395559
395560,395561
395562,395563
395562,393913
395564,395565
395566,394519
395567,395568
395569,394044
395569,393967
395569,394056
395569,394035
395569,393998
395570,395571
395572,393926
395552,394480
395552,394405
395552,394474
395552,394549
395552,395573
395552,395543
395551,395173
395472,395574
395472,393887
395472,395575
395472,394040
395472,394567
395472,394042
395472,394577
395472,395333
395472,395576
395472,394545
395472,394194
395472,394575
395472,395577
395472,395578
395472,395579
395472,393967
395472,394319
395472,395580
395472,394088
395472,394542
395472,394215
395472,394131
395472,395581
395472,394056
395472,395582
395472,395583
395472,395336
395472,394035
395472,394043
395472,394231
395472,394707
395472,395584
395472,394135
395472,394514
395472,395330
395472,395436
395472,395585
395472,395586
395472,394082
395472,393987
395472,394568
395472,395587
395472,394046
395472,395588
395472,394093
395472,394045
395472,395589
395472,393866
395472,393985
395472,394168
395472,393974
395472,395066
395472,394576
395472,394044
395472,395590
395472,395065
395472,393959
395472,394526
395472,393977
394559,395544
394559,395545
394559,394493
395591,395592
395591,395593
395591,395064
395591,395594
395591,395595
395591,395596
395591,395597
395591,395598
395591,395599
395591,395600
395591,395601
395591,395602
395591,395603
395591,395604
395591,395605
395591,395606
395591,395607
395591,395608
395591,395609
395610,394246
395610,395611
395610,395612
395613,394024
395614,395615
395614,395616
395591,395617
395614,395618
395591,395619
395591,395620
395621,395622
395623,395624
395623,395625
395626,395006
395626,394295
395627,395628
395629,395630
395591,395631
395591,395632
395591,395633
395591,395634
395591,395635
395591,395636
395591,395637
395591,395638
395591,395639
395591,395640
395591,395641
395591,395642
395591,395643
395591,395644
395591,395645
395591,395646
395591,395647
395591,395648
395591,395649
395614,395650
395651,395173
395651,395396
395652,394517
395652,395653
395652,395654
395652,395655
395652,395656
395652,395657
395652,395658
395652,395659
395652,395166
395652,395660
395652,394515
395652,395661
395652,395662
395652,395663
395652,395664
395665,394044
395665,393968
395666,394024
395667,395379
395450,394250
395450,394493
395450,394503
395450,393910
395450,394500
395450,393968
395652,395668
395652,395669
395652,395670
395652,395671
395672,395673
395672,395674
395672,395675
395672,395676
395677,395678
395652,394250
395652,394499
395652,395679
395652,395680
395652,395681
395652,395682
395652,394514
395621,395683
395652,395684
395652,395685
395652,395686
395652,395687
395652,395688
395652,395689
395652,395690
395652,395691
395652,395692
395652,395693
395652,395694
395652,395695
395652,395696
395652,395697
395621,395698
395621,394206
395699,394215
394559,394576
394559,394044
394559,395590
394559,395065
394559,393959
394559,394526
394559,395584
394559,394707
394559,394231
394559,394043
394559,394040
394559,394567
394559,394042
394559,394577
394559,395333
394559,395576
394559,394545
394559,394194
394559,394575
394559,395577
394559,395578
394559,395579
394559,393967
394559,394319
394559,395580
394559,395066
394559,393974
394559,394168
394559,393985
394559,395546
394559,394531
394559,394507
394559,395547
394559,395548
394559,393846
394559,395550
394559,395574
394559,393887
394559,395575
394559,394135
394559,394514
394559,394088
394559,395330
394559,395585
394559,395586
394559,394082
394559,393987
394559,394568
394559,395587
394559,394046
394559,395588
394559,394045
394559,393977
394559,395589
394559,393866
394559,395436
395450,395700
394559,394542
394559,394131
395701,394087
395701,395702
395701,395654
395701,395703
395701,395704
395701,395145
395701,393998
395701,394031
395705,393998
395706,394059
395706,394024
395707,395708
394607,394051
395699,395709
395699,395710
395699,395711
395699,393958
395699,395712
395699,393987
395699,393985
395699,393959
395699,394707
395699,393973
395699,394575
395699,395713
395701,394041
395701,395714
395701,395715
395701,395692
394559,395581
394559,394056
394559,395582
394559,395583
394559,395336
394559,394035
394559,395530
394559,394093
394559,393998
394559,394033
394559,394136
394559,394031
394559,394215
395716,395410
395717,395718
395719,395720
395719,395721
395701,395544
395701,395547
395701,395722
395701,395574
395701,394514
395701,394308
395701,395723
395701,395724
395701,393977
395717,395725
394043,394088
394043,393998
395726,393854
395727,394017
395727,395728
395727,395729
395727,395730
395727,395731
395727,395732
395727,395733
395727,395734
395727,395735
395727,395736
395727,395737
395727,395738
395727,394221
395727,395739
395727,395740
395727,395741
395727,395742
395727,395743
395727,395744
395727,395437
395727,395745
395727,395746
395727,395747
395727,395748
395727,395749
395727,395750
395727,395751
395727,395752
395727,395753
395727,395754
395727,395436
395727,395755
395727,393881
395727,393880
395727,395756
395727,395727
395727,393879
395727,395757
395727,395434
395727,395758
395727,395759
395727,395760
395727,394292
395727,395761
395727,395762
395727,395763
395727,395764
395727,395765
395727,395766
395727,395767
395727,395768
395727,395769
395727,395770
395727,395771
395727,395772
395727,395773
395727,395774
395727,395775
395727,395776
395727,394275
395727,394274
395727,395777
395727,395778
395727,395779
395727,395780
394973,393995
395781,395782
395781,395783
395781,395784
393931,394008
394576,395785
394576,395786
394576,395787
394576,393998
395788,394575
395788,393967
395789,394575
395789,393967
394574,395790
394574,393967
394135,395630
394135,395791
394135,393998
395727,395792
395727,395793
395727,395794
395727,395795
395727,395796
395727,395797
395727,394184
395727,395798
395727,395799
395727,393856
395727,395800
395727,395801
395727,395802
395727,394574
395727,395803
395727,395804
395727,395805
395727,394819
395727,395806
395727,395807
395727,395808
395727,394216
395727,395809
395727,394220
395727,394263
395727,395810
395727,395811
395727,394955
395727,395447
395727,395812
395727,395813
395814,393913
395727,395815
395727,394362
395816,395817
395816,395818
395816,394026
395816,395819
395816,395820
395816,395821
395816,395822
395816,395823
395816,395824
395816,395825
395816,395826
395827,395827
395828,393924
395829,394317
395830,395173
395542,395831
395542,395830
395108,395092
395108,395107
395108,395102
395108,395101
395108,394999
395108,395382
395108,395383
395108,395096
395816,395832
395108,394760
395816,395833
395816,395834
395816,395835
395816,395836
395816,395837
395816,395838
395816,395839
395816,395840
395816,395841
395816,395842
395816,395843
395816,395844
395816,395845
395816,395846
395816,395847
395816,395848
395816,395849
395816,395850
395816,395851
395816,395852
395816,395853
395816,395854
395816,395855
395816,395856
395816,395857
395816,395858
395816,395859
395816,395860
395108,395094
395108,395099
395108,395078
395675,395513
395675,395861
395727,395862
395727,395863
395727,393853
395727,393852
395727,395864
395727,394396
395727,395865
395727,393851
395727,393893
395727,393860
395727,393871
395727,394492
395727,395866
395727,393873
395727,395867
395727,395868
395727,395869
395727,395870
395727,393858
395727,395575
395727,393883
395727,393882
395727,395871
395675,395872
395675,395873
395675,395675
395675,395271
395108,394306
395108,393848
395108,395060
395108,395059
395108,393968
395108,394725
395108,395058
395108,395057
395108,394828
395108,393967
395108,395055
395108,395061
395727,394242
395108,394285
394974,393995
395874,395875
395874,394168
395874,393974
395874,395876
395874,393968
395874,395877
395874,395803
395878,395879
395878,395880
395878,393913
395675,395881
395108,394303
395882,395883
395882,395884
395882,395885
395886,395879
395886,394471
395886,395887
395888,394005
395889,393845
395889,393990
395889,393989
395889,394098
395890,394090
394621,394062
394621,395412
394621,394051
394621,395891
394621,395154
394621,395892
395893,395894
395893,395895
395893,395896
395893,394621
395893,395154
395154,394051
395896,395897
395896,395894
395896,395895
395896,395896
395886,394925
395896,394621
395886,395898
395886,394574
395899,395900
395899,395145
395899,394093
395899,395661
395899,395901
395899,394200
395899,395902
395903,394250
395903,393866
395903,393974
395903,394044
395903,394231
395903,393968
395903,393967
395903,394215
395252,395904
395254,394051
395254,395905
395906,395252
395906,394705
395906,395254
395907,394967
395907,395908
394481,394583
395886,394575
395886,394048
395896,395893
395896,395154
395909,395910
395911,394137
395911,394253
395911,394064
395911,394971
395911,395912
395911,394966
395911,393918
395911,394252
395911,395913
395911,395170
395914,395915
394075,394547
394075,395222
394075,395225
394075,394074
394075,395189
394075,394528
394075,394419
394075,395916
394075,395114
394075,395256
394075,395890
394075,395264
394075,395268
394075,395917
395911,394959
395911,395911
395918,395919
395919,395918
395909,395920
394002,393845
395885,395921
395885,395922
395885,395923
395885,395924
395885,395925
395885,395926
395885,395927
395885,395928
395885,395929
395885,395930
395899,395899
395931,395921
395931,395885
395931,395932
395931,395933
395931,395934
395935,395935
395710,393845
395936,395936
395937,395173
395937,395390
395937,395084
395938,394709
395939,394519
395931,395940
395899,395658
395899,395941
395899,395942
395943,393986
395943,395944
395943,394568
395943,395151
395943,393974
395943,395945
395943,395590
395943,394099
395943,394682
395943,395946
395943,395947
395943,394952
395943,393913
395943,395948
395943,395949
395943,395950
395943,395951
395943,395696
395943,395952
395943,395580
395943,394947
395943,394569
395943,395953
395943,395954
395943,395955
395943,395956
395943,395685
395943,395957
395943,394572
395882,395958
395882,395959
395882,395934
395960,394051
395960,395961
395960,395962
395960,394705
395960,395963
395960,395964
395960,395965
395960,395966
395943,395785
395943,395967
395943,395679
395943,395968
395943,395969
395943,395970
395943,394925
395943,395971
395943,395972
395943,395711
395943,395148
395943,394514
395943,395973
395943,395974
395943,395975
395943,395976
395816,395977
395943,395581
395943,395941
395899,394568
395899,395151
395899,393974
395899,395945
395899,395590
395899,394099
395899,394682
395899,395946
395899,395947
395899,394952
395899,393913
395899,395948
395899,395949
395899,395950
395899,395951
395899,395696
395899,395952
395899,395580
395899,394947
395899,394569
395899,395953
395899,395954
395899,395955
395899,395967
395899,395581
395899,395944
395899,393986
395899,395956
395899,395685
395943,395658
395943,395899
395943,395900
395943,395145
395943,394093
395943,395661
395943,395901
395943,394200
395943,395978
395899,395785
395899,395679
395899,395976
395943,395942
395899,395968
395899,395970
395899,394925
395899,395971
395899,395972
395899,395711
395899,395148
395899,394514
395899,395973
395899,395974
395899,395975
395899,394572
395899,395957
395899,395969
395816,395979
395816,395980
395816,395981
395982,395983
395982,395984
395982,395985
395982,394202
395982,395986
395987,394024
395988,395894
395988,395989
395990,395991
395990,395992
395990,395993
395990,395994
395990,395995
395990,395996
395990,394369
395990,395997
395990,395998
395990,395999
395990,396000
395990,396001
395990,396002
395990,396003
395990,396004
395990,396005
395990,396006
395982,395084
395990,396007
395982,395085
395982,396008
394206,396009
394206,396010
395982,396011
395982,393877
395982,395006
395982,396012
395982,396013
395982,395004
395982,394364
395982,394196
395982,395002
395982,396014
395982,395001
395982,396015
395982,396016
395982,394168
395982,396017
395982,394298
395982,395090
395982,395089
395982,394204
395982,395088
395982,396018
395982,395521
395982,396019
395982,394180
395990,396020
395990,396021
395990,396022
394094,393932
395559,394014
396023,394519
396024,396025
395120,395196
396026,394011
396026,396027
396026,395577
396028,395173
396028,396029
396030,395138
396031,394564
396032,396033
396034,396035
396034,394959
396034,396036
396034,396037
396034,396038
396034,396039
396034,393908
396034,396040
396034,396041
396034,394503
396034,396042
396034,396043
394094,393845
393895,393894
393895,394133
393895,396044
395990,396045
395990,396046
395990,396047
395990,396048
395990,396049
395990,396050
395990,396051
395990,396052
395990,396053
395990,396054
395990,396055
396056,394049
394206,395702
394133,394056
394133,393998
394133,396057
394133,396058
394133,394451
394133,393894
394133,396059
394133,396060
394133,394449
396044,393894
396044,393895
396044,394133
396061,394295
394133,394035
394206,396062
394206,396063
394206,394521
395726,394168
395726,393974
395726,395066
395726,394576
395726,394044
395726,395065
395726,393959
395726,394526
395726,395584
395726,394707
395726,394231
395726,394043
395726,394040
395726,394567
395726,394042
395726,394683
395726,394577
395726,395333
395726,395576
395726,394545
395726,394194
395726,394575
395726,394570
395726,395577
395726,395578
395726,393985
395726,393866
395726,395589
395726,393977
395726,394249
395726,394532
395726,395544
395726,395545
395726,394493
395726,395546
395726,394531
395726,394507
395726,395547
395726,395548
395726,393846
395726,395550
395726,395579
395726,393887
395726,394514
395726,395330
395726,395585
395726,394232
395726,395586
395726,394082
395726,393987
395726,394568
395726,395587
395726,394046
395726,395588
395726,394045
395726,394135
396034,394560
395726,393967
395726,395580
396064,394049
395444,396065
396066,395444
396067,393859
396068,396069
396070,395112
396070,394161
396070,396071
396070,394514
396070,396072
396070,394523
396070,396073
396070,395670
396070,394947
396070,396074
396070,396075
396070,394511
394206,396076
394206,394168
394206,396077
394206,394250
394206,393846
394206,394514
394206,396078
394206,396079
396080,393998
396080,394035
396080,395704
396080,394056
395726,394088
395726,394267
395726,394542
395726,394215
395726,394131
395726,395581
395726,394056
395726,395582
395726,395583
395726,395336
395726,394035
395726,395530
395726,394319
395726,393998
395726,394136
396081,393859
396080,394532
396080,395544
396080,395574
396080,394046
396080,394194
396080,396082
396080,394087
396080,395702
396080,395703
396080,394131
395726,394033
394075,394072
396034,396083
396034,396084
396085,395170
396086,396087
396086,396088
396089,394076
393955,393869
393955,394146
393955,394144
393955,393845
393955,396090
393955,394101
393955,393915
393955,394038
393955,393865
393955,394117
393955,396091
393955,394626
393955,393864
393955,393937
393955,393955
393955,393951
393955,393949
394976,393995
396092,393968
394590,396093
394590,393998
396085,395913
393948,393845
396085,393924
396085,393900
396094,396095
396094,396096
396094,396097
396094,396098
396094,396099
396094,396100
396094,396101
396094,395885
396094,396102
396094,396103
396094,396104
396094,396105
396094,396106
396094,396107
396094,396108
396094,396109
396094,396110
396094,396111
396094,396112
396094,396074
396094,396113
396094,395239
396094,396114
396094,396115
396094,396116
396085,396033
396117,393894
394805,393859
396118,395790
396119,393871
396119,394531
396119,393859
396119,396120
396119,393891
396119,394960
396119,396121
396119,394224
396119,396122
396119,393977
396119,394802
396119,393976
396119,394258
396119,394151
396119,394152
396119,396123
396119,395437
396119,396124
396119,396125
396119,394955
396126,396127
396126,393913
395816,396128
395816,396129
395816,396130
396119,394532
396119,394092
396119,394796
396119,396131
396118,394479
396118,394493
396118,393846
396118,394169
396118,395148
396118,395149
396118,393845
396118,394386
396118,394476
396118,395150
396118,395151
396118,394044
396132,395173
396118,394566
396118,393968
396118,393864
396118,393863
396118,395153
396118,394415
396118,394413
396118,395154
396118,395155
396118,393947
396133,393856
396133,394393
396119,396134
396118,393902
396135,394273
396135,393857
395421,394130
396034,396136
396034,396137
396034,394966
396034,396138
396034,396139
396034,396032
396034,396140
396034,396034
396034,396141
396034,395162
396034,396142
396034,396143
396034,394965
396034,396144
396034,396145
396034,396146
396034,394964
396034,396147
396034,393918
396034,393914
396034,396033
396034,396148
396034,394252
396034,393924
396034,396149
396034,393904
396034,396150
396034,393898
396034,396151
396034,393906
396034,396152
396034,396153
396034,393910
396034,396154
396034,396155
396034,396156
396034,394064
396034,393905
396034,394537
396034,396157
396034,396158
396034,393923
396034,394971
396034,396159
396034,396160
396034,395911
396034,394970
396034,396161
396034,394969
396034,394968
396034,396162
396034,393901
396034,393900
396034,394536
396034,393899
396034,396163
396034,396164
396034,396165
396034,394962
396166,393963
396166,393962
396166,393960
396166,396167
396166,393966
396168,394049
396169,394024
396170,396171
396170,394685
396170,396172
396170,396173
396174,394005
396175,395410
395410,396176
395410,396177
395410,396175
396178,393857
396179,394024
396180,393859
396180,396181
396180,393977
394681,394005
394550,394564
395421,394550
395421,396182
396166,393964
396166,393967
396166,393973
396166,393968
396034,395913
396034,396183
396034,396184
396034,393922
396034,396185
396034,396186
396034,394535
396034,396187
396034,393919
396034,396188
396034,396189
396034,393897
396034,396190
396034,396191
396034,396192
396034,396193
395926,395885
396166,393987
396166,393986
396166,393985
396166,393974
396166,393972
396166,393959
396166,393971
396166,393970
396166,393969
396034,396194
395414,395412
