401939,401940
401941,401941
401942,401943
401942,401944
401945,401946
401942,401947
401945,401948
401949,401950
401949,401951
401942,401952
401949,401953
401949,401954
401949,401955
401949,401956
401949,401957
401949,401958
401949,401959
401949,401960
401949,401961
401949,401962
401949,401963
401949,401964
401949,401965
401949,401949
401949,401966
401949,401967
401949,401968
401949,401969
401949,401970
401949,401971
401949,401972
401949,401973
401949,401974
401949,401975
401949,401976
401949,401977
401949,401978
401949,401979
401949,401980
401949,401981
401949,401982
401949,401983
401949,401984
401949,401985
401949,401986
401949,401987
401949,401988
401989,401990
401991,401992
401993,401994
401993,401995
401993,401996
401993,401997
401993,401998
401993,401999
401993,402000
401993,402001
401993,402002
401993,402003
401993,402004
401993,402005
401993,402006
401993,402007
401993,402008
401993,402009
401993,402010
401993,402011
401993,401968
401993,402012
401993,402013
401993,402014
401993,402015
401993,402016
401949,402017
401993,402018
401993,402019
401993,402020
402021,402022
401993,402023
401993,402024
402025,402026
402025,402027
402025,401947
402025,402028
402029,402030
402029,402031
402029,402032
402029,402033
402034,402035
401989,402036
401989,402037
401989,402038
401989,402039
401989,402040
401989,402041
401989,402042
401989,402043
401989,402044
401989,402045
401989,402046
401989,402047
401989,402048
401989,402049
401989,402050
401989,402051
401989,402052
401989,402053
401993,402054
401949,402055
402056,402057
401949,402058
402059,402060
402061,402062
402061,402063
402061,402064
402061,402065
402061,402066
402061,402067
402068,401948
402069,402070
402071,402072
402073,402003
402074,402075
402076,401990
402077,402078
402079,402060
402077,402080
402081,401948
402082,402083
402084,402003
401949,402085
401949,402086
401949,402087
401949,402088
401949,402089
401949,402090
401949,402091
401949,402092
401949,402093
401949,402094
401949,402095
402096,402097
401949,402098
402099,402100
402101,402057
402102,402103
401993,402104
402102,402105
402102,402106
402102,402107
402102,402108
402102,402109
402102,402110
402102,402111
402102,402112
402102,402113
402102,402114
402102,402115
402102,402116
402099,402117
402102,402118
402119,402120
402119,402121
402122,402122
402123,402124
402125,401948
402126,401946
402127,402128
402129,402129
402129,402130
402131,402132
402131,402133
402131,402003
402131,402134
402135,402060
402136,402137
401949,402138
401949,402139
401949,402140
401949,402141
401949,402142
401949,402143
401949,402144
401949,402145
401949,402146
401949,402147
401949,402148
401949,402149
401949,402150
401949,402151
401949,402152
401949,402153
401949,402154
401949,402155
401949,402156
401949,402157
401949,402158
401949,402159
401949,402160
401949,402161
401949,402162
401949,402163
401949,402164
401949,402165
401949,402166
401949,402167
401949,402168
401949,402169
401949,402170
401949,402171
401949,402172
401949,402173
401949,402174
401949,402175
401949,402176
401949,402177
401949,402178
401949,402179
401949,402180
401949,402181
401949,402182
401949,402183
401949,402184
401949,402185
401949,402186
401949,402187
401949,402188
401949,402189
401949,402190
401949,402191
401949,402192
401949,402193
401949,402194
401949,402195
401949,402196
401949,402197
401949,402198
401949,402199
401949,402200
401949,402201
402202,402203
401949,402204
401949,402205
401949,402206
401949,402207
401993,402208
402209,402210
401993,402211
402212,402213
402212,402214
402212,402215
402212,402216
402212,402217
402212,402218
402209,402219
402209,402220
402209,402221
402209,402222
402209,402223
402209,402224
402209,402225
402209,402226
402212,402227
402209,402228
402209,402229
402209,402230
402209,402231
402232,402233
402234,402235
402234,402236
402234,402046
402234,402237
402234,402238
402234,402239
402240,402241
402240,402242
402240,402243
402240,402244
402209,402245
402246,401990
402212,402247
402212,401947
402248,402249
402248,402250
402248,402251
402248,402252
402248,402253
402248,402254
402248,402255
402248,402256
402248,402257
402248,402258
402248,402259
402248,402260
402248,402261
402262,402263
402212,402264
402265,402266
402265,401947
402265,402267
402265,402247
402265,402268
402265,402269
402265,402270
402265,402271
402265,402272
402265,402273
402265,402274
402265,402275
402265,402276
402265,402277
402265,402278
402265,402279
402248,402280
402246,402281
402246,402237
402282,402283
402282,402284
402282,402285
402282,402286
402282,402287
402282,402288
402282,402289
402282,402290
402282,402291
402282,402292
402282,402293
402282,402294
402282,402295
402282,402296
402282,402297
402282,402298
402282,402299
402282,402300
402282,402301
402282,402302
402282,402303
402282,402304
402282,402305
402282,402306
402282,402307
402282,402308
402282,402309
402282,402310
402282,402311
402102,402312
402282,402313
402246,402046
402282,402314
402282,402315
402246,402238
402246,402239
402246,402316
402317,402318
401964,402319
401964,402320
402321,401970
402321,401976
402321,401978
402321,401964
402321,402322
402321,402204
402323,402324
402323,402325
402282,402326
402323,402327
402323,402328
402323,402329
402323,402323
402323,402330
402331,402332
402331,402333
402331,402334
402331,402335
402331,402280
402336,402337
402336,402338
402339,402340
402341,402342
402282,402343
402323,402344
402248,402345
402248,402346
402248,402347
402348,402349
402348,402350
402348,402351
402348,402352
402348,402353
402348,402354
402348,402355
402348,402356
402357,402120
402358,402359
402360,402361
402362,402361
402363,402364
402363,402365
402348,402366
402363,402367
402363,402368
402363,402369
402363,402370
402363,402371
402363,402372
402363,402373
402363,402374
402363,402375
402363,402376
402363,402377
402363,402378
402363,402379
402363,402380
402363,402381
402363,402382
402363,402383
402348,402384
402348,402340
401993,402385
401993,402386
401993,402387
401993,402388
401993,402389
401993,402390
401993,402391
402202,402392
401993,402393
401993,402394
401993,402395
402396,402320
402397,402397
402397,402398
402348,402399
402400,402401
402348,402402
402348,402403
402348,402404
402348,402405
402348,402406
402348,402407
402348,402408
402348,402409
402348,402410
402348,402411
402348,402003
402348,402361
402348,402412
402348,402413
402348,402414
402363,402415
402363,402416
402363,402417
402248,402418
402248,402419
402248,402420
402248,402421
402248,402422
402248,402423
402248,402424
402248,402425
402248,402426
402248,402427
402248,402428
402248,402429
402248,402430
402248,402431
402248,402432
402248,402433
402248,402434
402248,402435
402248,402436
402248,402437
402248,402438
402248,402439
402248,402440
402248,402441
402248,402442
402248,402443
402248,402444
402248,402445
402248,402446
402248,402447
402248,402335
402248,402448
402248,402449
402248,402450
402451,402401
402452,402361
402453,402454
402455,402456
402455,402457
402455,402060
402458,402459
402458,402460
402458,402461
402458,402462
402458,402463
402458,402464
402458,402465
402458,402466
402458,402467
402458,402468
402458,402469
402248,402248
402248,402470
402248,402471
402248,402472
402248,402473
402248,402474
401993,402475
402248,402334
402458,402356
402458,402355
402458,402476
402458,402100
402458,402366
402458,402477
402458,402478
402102,402479
402480,402481
402102,402482
402483,402484
402483,402485
402483,402486
402483,402487
402483,402488
402483,402489
402483,402490
402483,402491
402483,402492
402483,402493
402483,402494
402483,402495
402483,402496
402497,402340
402483,402498
402497,402499
402500,402500
402501,402502
402501,402503
402504,402505
402504,402506
402504,402507
402504,402508
402504,402509
402504,402510
402504,402511
402504,402512
402504,402513
402504,402514
402504,402515
402500,402516
402504,402517
402483,402518
402480,402519
402480,402520
402480,402521
402480,402522
402480,402523
402480,402524
402480,402525
402480,402526
402282,402527
402480,402097
402480,402528
402480,402529
402480,402530
402480,402531
402480,402532
402480,402533
402480,402534
402480,402535
402480,402536
402480,402537
402480,402538
402480,402539
402480,402540
402480,402541
402480,402542
402480,402543
402480,402544
402480,402545
402480,402546
402480,402547
402480,402548
402480,402549
402480,402550
402504,402551
402504,402552
402553,402554
402553,402555
402553,402556
402553,402557
402553,402558
402553,402559
402553,402560
402553,402561
402553,402562
402553,402563
402553,402564
402553,402565
402553,402566
402553,402567
402568,402569
402553,402570
402553,402057
402553,402571
402553,402572
402553,402573
402553,402574
402553,402575
402576,402577
402576,402578
402576,402579
402580,402581
402580,402582
402580,402583
402580,402584
402580,402585
402553,402586
402504,402587
402568,402588
402589,402590
402504,402591
402504,402592
402504,402593
402504,402594
402504,402595
402504,402596
402504,402597
402504,402598
402504,402599
402504,402504
402504,402600
402504,402601
402504,402602
402504,402603
402604,402605
402504,402606
402504,402607
402504,402608
402504,402609
402504,402610
402611,402612
402613,402278
402613,402614
402613,402615
402613,402035
402613,402340
402616,402617
402618,402361
402618,402619
402589,402620
402504,402621
402480,402622
402480,402623
402480,402624
402625,402626
402625,402627
402625,402628
402625,402629
402625,402630
402625,402631
402625,402632
402625,402633
402625,402634
402625,402635
402625,402273
402625,402035
402625,402636
402625,401940
402625,402637
402625,402638
402625,402639
402625,402031
402625,402640
402625,402641
402625,402642
402625,402643
402625,402644
402625,402645
402625,402361
402625,402646
402625,402647
402625,402648
402625,402649
402625,402650
402625,402651
402625,402652
402625,402653
402625,402654
402248,402655
402248,402656
402248,402657
402248,402658
402248,402659
402248,402660
402248,402661
402248,402662
402248,402663
402248,402664
402248,402665
402248,402666
402248,402667
402248,402668
402625,402669
402248,402670
402248,402333
402248,402671
402248,402332
402248,402672
402673,402494
402674,401948
402625,402675
402625,402676
402625,402677
402625,402678
402625,402617
402625,402679
402625,402680
402625,402681
402248,402682
402625,402683
402625,402684
402625,402033
402625,401957
402625,402308
402625,402685
402625,402686
402625,402687
402625,402688
402625,402060
402625,402354
402625,402689
402625,402690
402625,402691
402625,402279
402625,402692
402625,402693
402625,401952
402625,402694
402480,402695
402480,402696
402480,402697
402480,402698
402480,402699
402480,402700
402480,402701
402480,402702
402480,402703
402480,402704
402480,402705
402480,402706
402480,402707
402480,402708
402480,402709
402625,402710
402625,402711
402625,402712
402625,402713
402625,402714
402625,402715
402625,402148
402625,402716
402625,402717
402625,402718
402625,402719
402625,402720
402625,402721
402625,402722
402625,402340
402625,402723
402625,402724
402625,402725
402625,402726
402625,402727
402625,402728
402625,402729
402625,402730
402625,402731
402625,402732
402625,402733
402580,402734
402625,402735
402625,402736
402625,402737
402625,402738
402625,402739
402625,402740
402625,402741
402625,402742
402102,402743
402580,402744
402580,402745
402746,402747
402746,402748
402746,402749
402746,402750
402746,402751
402746,402752
402746,402753
402746,402754
402746,402008
402746,402150
402746,402755
402746,402756
402746,402757
402746,402758
402746,402759
402746,402760
402746,402761
402746,402762
402746,402763
402746,402764
402746,402765
402746,402766
402746,402767
402746,402612
402746,402170
402746,402768
402746,402769
402746,402770
402746,402771
402746,402772
402746,402773
402746,402774
402746,402775
402746,402776
402746,402777
402746,402778
402746,402779
402746,402780
402746,402781
402746,402782
402746,402783
402746,402784
402746,402785
402746,402786
402746,402787
402746,402788
402746,402789
402746,402790
402746,402791
402746,402792
402746,402793
402746,402172
402746,402369
402746,402794
402746,402795
402746,402796
402746,402797
402746,402798
402746,402799
402746,402800
402746,402801
402746,402802
402746,402803
402746,402804
402746,402368
402746,402805
402746,402806
402746,402807
402746,402808
402746,402809
402746,402810
402746,402811
402746,402812
402746,402813
402746,402814
402746,402815
402746,402816
402746,402817
402746,402818
402746,402819
402746,402820
402746,402821
402746,402822
402746,402823
402746,402824
402746,402825
402826,402797
402826,402827
402828,402060
402828,402057
402828,402829
402102,402830
402102,402831
402102,402832
402102,402833
402102,402834
402102,402835
402102,402836
402746,402837
402746,402838
402746,402682
402746,402839
402746,402840
402746,402841
402746,402842
402746,402843
402746,402844
402746,402845
402746,401965
402746,402846
402746,402847
402746,402848
402746,402849
402746,402850
402746,402851
402746,402852
402746,402853
402746,402854
402746,402855
402746,402856
402746,402857
402746,402858
402746,402859
402746,402860
402746,402861
402746,402862
402746,402863
402746,402864
402746,402865
402746,402866
402746,402867
402746,402868
402746,402869
402746,402870
402746,402871
402746,402872
402580,402873
402580,402874
402580,402875
402580,402876
402580,402877
402580,402878
402580,402879
402580,402880
402580,402881
402580,402882
402580,402883
402580,402884
402580,402885
402580,402886
402580,402887
402580,402888
402580,402889
402580,402890
402580,402891
402580,402892
402580,402893
402580,402894
402580,402895
402580,402896
402580,402897
402580,402898
402580,402899
402580,402900
402580,402901
402580,402902
402580,402903
402580,402904
402580,402905
402580,402401
402580,402906
402580,402907
402580,402908
402580,402909
402580,402910
402580,402911
402580,402912
402580,402913
402580,402914
402580,402915
402580,402916
402580,402917
402580,402918
402580,402919
402580,402920
402580,402921
402580,402922
402580,402923
402580,402924
402580,402925
402580,402926
402580,402927
402580,402928
402580,402929
402580,402930
402580,402931
402580,402932
402580,402933
402580,402934
402580,402935
402580,402936
402580,402937
402580,402938
402580,402939
402746,402940
402746,402941
402746,402942
402746,402943
402746,402944
402746,402945
402746,402946
402746,402095
402746,402947
402746,402948
402746,402949
402746,402950
402746,402951
402746,402952
402746,402953
402746,402954
402746,402955
402746,402956
402746,402957
402746,402117
402746,402958
402746,402959
402746,402960
402746,402961
402746,402962
402746,402963
402746,402964
402746,402965
402746,402966
402746,402967
402746,402968
402746,402969
402746,402970
402746,402971
402580,402972
402580,402973
402580,402974
402580,402975
402580,402976
402580,402977
402580,402978
402580,402979
402580,402980
402580,402981
402580,402982
402580,402983
402580,402984
402985,402551
402986,402987
402986,402117
402988,402060
402746,402989
402746,402990
402746,402991
402746,402992
402746,402993
402994,401948
402580,402995
402996,402997
402998,402957
402999,401948
403000,402341
403001,402797
403001,402612
403002,402278
403003,403004
402282,403005
402279,402277
402282,403006
403007,403008
403007,403009
403007,402247
403007,403010
403007,402349
403007,403011
403007,403012
403007,403013
403007,403014
403007,402340
403007,403015
403007,403016
403007,403017
403007,403018
403007,403019
403007,403020
403007,403021
403007,403022
403007,403023
403007,402426
403007,403024
403007,403025
403007,402412
403007,403026
403007,403027
403007,403028
403007,403029
403007,402431
403007,402003
403007,402657
403007,403030
403007,402351
403007,402267
403025,403031
403025,403032
403025,403033
403025,402669
403025,403034
403025,403035
403025,403036
403025,403037
403025,402276
403025,403038
403025,401943
403025,403039
403025,403040
403025,403041
403040,402022
403007,402619
403007,403042
403007,403043
403007,402289
403007,402691
403007,402689
403007,403044
403007,402022
403007,403045
403007,403046
403007,402313
403007,402353
403007,402300
403007,401947
403007,403047
403007,403048
403007,403049
403007,403050
403007,403041
402202,403051
402202,403052
402202,403053
402202,403054
402202,403055
402202,403056
402202,403057
402202,403058
402202,403059
402202,403060
402202,403061
402202,403062
402202,403063
402202,402545
402202,403064
402202,403065
402202,403066
402202,403067
402202,403068
402202,403069
402202,403070
402202,403071
402202,403072
402202,403073
402202,403074
402202,403075
402202,403076
402202,403077
403007,403040
403007,403039
403007,401943
403007,403038
403007,403078
403007,403079
403007,403080
403007,403081
403007,403082
403007,401999
403007,403083
403007,403084
403007,403085
403007,402408
403007,402444
403007,403086
403007,402447
403007,402462
403025,403087
403007,403088
403007,403089
403007,403090
403007,403091
403007,403092
403007,403093
403007,403087
403007,403031
403007,403032
403007,403033
403007,402669
403007,403034
403007,403036
403007,403037
403007,402276
403007,403094
402202,403095
403025,403093
403025,403091
402247,403096
402247,403097
402247,403098
402247,402215
402247,402273
402247,403099
402247,403100
402247,403101
402247,402212
402247,403089
402247,403102
402247,403103
402247,403033
402247,403104
402247,402217
402247,402218
402247,401943
402349,403049
402349,403105
402349,402361
402349,403106
402349,403107
402349,402003
403025,402619
403025,403042
403025,403043
403025,402289
403025,402691
403025,402689
402247,402214
403025,403044
402247,402213
402247,403108
403109,403110
403111,403112
403111,403109
402117,403113
402117,403114
402117,402468
403115,402100
403115,403116
403115,403117
403115,402465
403115,403118
403115,402117
403119,402494
403120,402551
403121,402075
401971,403122
401971,403123
403124,403125
403126,403127
402289,402731
402247,402619
402247,403128
402247,403045
402247,403129
402247,401947
402247,403130
402247,403131
402247,402227
402247,403132
402247,402265
403025,402022
403025,403045
403025,403046
403025,403027
403025,403028
403025,403029
403025,402431
403025,402003
403025,403030
403025,403048
403025,403049
403025,403050
403025,403078
403025,403079
403025,403080
403025,403081
403025,403082
403025,403133
403025,401999
403025,403083
403025,403084
403025,403085
403025,403134
403025,402408
403025,402444
403025,403086
403025,402447
403025,402462
403025,403088
403025,403094
403025,403089
403025,403090
403025,403026
403025,403135
403025,402412
403025,403025
403025,402313
403025,402353
403025,402300
403025,401947
403025,402267
403025,403047
403025,402351
403025,402657
403025,403008
403025,403136
403025,403009
403025,402247
403025,403010
403025,402349
403025,403092
403025,403011
403025,403013
403025,403014
403025,402340
403025,403015
403025,403016
403025,403017
403025,403018
403025,403019
403025,403020
403025,403021
403025,403022
403025,403023
403025,402426
403025,403024
403025,403012
402202,403137
402202,403138
402202,403139
403140,403141
403140,403142
403140,403143
403140,403144
403140,403145
403146,403147
403146,403148
403149,402382
403150,402003
403150,402395
403151,402003
403152,403153
403152,402617
403152,403154
403152,402139
403152,403155
403152,403156
403152,403157
403152,403158
403152,403159
403152,403160
403152,403161
403152,403162
403152,403163
403152,403164
403152,403165
403152,403166
403152,403167
403152,403168
403140,402075
403152,403169
403170,402120
402461,403171
402202,403172
402202,403173
402202,403174
402202,403175
402202,403176
402202,403177
402202,403178
402202,403179
402202,403180
402202,403181
402202,403182
402202,403183
402202,403184
402202,403185
402202,403186
402202,403187
402202,403188
402202,403189
402202,403190
402202,403191
402202,403192
402458,402382
402461,402463
402461,403193
402461,403194
402461,403195
402461,403196
402461,402469
402461,403197
402461,402478
403152,402818
403152,402314
403152,402326
403198,402120
403199,402341
403200,402948
403200,403104
403200,403201
403200,403202
403200,402790
403200,403203
403200,403200
403200,403029
403200,403204
403200,403205
403200,403206
403200,403207
403200,403208
403209,403209
403209,403210
403209,403211
403209,402308
403209,402060
403212,403209
403212,403210
403212,403211
403212,402308
403212,402060
403213,403214
403213,403203
403213,403208
403215,402121
403198,403216
403198,403217
403198,403218
403198,403219
403152,403220
403221,402003
403222,402361
403222,402031
403223,403224
403225,403226
403227,402022
403228,402003
403228,403229
403230,403231
403230,402003
403232,402120
403233,402137
403234,403235
402202,403236
403237,402031
403238,403239
403238,403240
403238,403241
403238,403242
403238,403128
403243,403244
403245,403246
403245,403247
403248,402361
403248,403249
403198,403250
403198,403251
403198,403252
403198,403253
403238,402218
402202,403254
402202,403255
402202,403256
402202,403257
402202,403258
402202,403259
402202,403260
402202,403261
402202,403262
402202,403263
402202,403264
402202,403265
402202,403266
402202,403267
402202,403268
402202,403269
402202,403270
402202,402097
402202,403271
402202,403272
402202,403273
402202,403274
402202,403275
402202,403276
402202,403277
402202,403278
402202,403279
402202,403280
402202,403281
402202,403282
402202,403283
402202,403284
402202,403285
402202,403286
402202,403287
402202,403288
402202,403289
402202,403290
402202,403291
402202,403292
402202,403293
402202,403294
402202,403295
402202,403296
402202,403297
402202,403298
402202,403299
402202,403300
402202,403301
402202,403302
402202,403303
402202,403304
402202,403305
402202,403306
402202,403307
402202,403308
402202,403309
402202,403310
402202,403311
402202,403312
402202,403313
402202,403314
402202,403315
402202,403316
402202,403317
402202,403318
402202,403319
403109,402300
402202,403320
402202,403321
402202,403322
402202,403323
402202,403324
402202,403325
402202,403326
402202,403327
402202,403328
402202,403329
402202,403330
402202,403331
402202,403332
402202,403333
402202,403334
402202,403335
402202,403336
402202,403337
402202,403338
402202,403339
402202,403340
402202,403341
402202,403342
402202,403343
402202,403344
402202,403345
402202,403346
402202,403347
402202,403348
402202,403349
402202,403350
402202,403351
402202,403352
402202,403353
402202,403354
402202,402525
402202,403355
402202,403356
402202,403357
402202,403358
402202,403359
402202,403360
402202,403361
402202,403362
402202,403363
402202,403364
402202,403365
402202,403366
402202,403367
402202,403368
402202,403369
402202,403370
402202,403371
402202,403372
402202,403373
402202,403374
402202,403375
402202,403376
402202,403377
402202,403378
402202,403379
402202,403380
402202,403381
402202,403382
402202,403383
402202,403384
403385,403386
403385,402244
403385,403387
402282,403388
402282,403389
402282,403390
402282,403391
402282,403392
402282,403393
402282,402614
402282,403156
402282,403394
402282,403395
402282,403396
402282,403397
402282,403398
402282,402341
402282,403399
402282,403400
402282,403401
402282,403402
402282,403403
402282,403404
402282,403405
402282,403041
403406,402022
403406,403407
403408,402731
403409,403410
403411,402003
403412,403413
403414,403415
402282,402132
403414,403416
402282,403417
402282,403418
402282,402274
402282,403419
402282,403094
402282,402365
402282,403420
402282,402186
402282,403421
402282,403090
402282,403422
402282,403423
402282,403424
402282,403091
402282,402615
402282,402338
402282,403425
402282,403426
402282,403427
402282,403428
402282,402406
402282,403429
402282,403430
402282,403431
402282,402404
402282,403432
402282,403433
402282,403434
402282,403435
402282,403157
402282,403436
402282,403437
403414,403438
403414,403439
403414,402569
402067,402062
402067,403440
402067,403441
402067,402340
402067,402064
402067,403442
402067,402276
402067,402675
402342,402957
403443,403444
403443,403445
403443,403446
403443,402767
403443,403447
403443,403448
403443,403449
403443,403423
403443,403450
403443,403451
403443,403452
403453,402064
403454,401947
403455,402688
403455,402031
402221,402228
403456,403457
403456,403458
403456,403459
403460,402060
402067,402063
402067,402065
402067,403461
402067,403462
403414,403463
403414,402328
403414,403464
403414,403465
403414,402329
403414,403466
403414,403467
403414,403468
403414,403469
403414,403470
403414,403471
403414,403472
403473,403474
403473,402003
402282,403475
403476,402031
403477,402615
403477,402614
403477,402278
403478,401948
403478,401946
403479,403457
403479,403480
403479,403481
403482,402361
402067,403483
402067,403484
402067,402066
402067,403485
402067,403486
403477,403421
402282,403487
402282,403488
402282,403086
402282,403489
402282,402399
402282,403490
402282,402163
402282,402739
402282,402469
402282,402374
402282,403491
402282,403492
402282,403493
402282,403494
402282,403249
402282,403495
402282,403015
402282,403016
402282,402413
402282,403496
402282,403497
402282,403498
402282,403499
402282,403500
402282,403019
402282,403501
402282,402371
402282,403502
402282,403503
402282,403504
402282,403505
402282,403506
402282,403507
402282,403508
402282,403229
402282,403509
402282,403510
402282,403511
402282,403512
402282,403513
402282,403514
402282,403166
402282,403515
402282,403516
402282,403517
402282,402015
402282,403518
402282,403519
402282,403520
402282,403521
402282,403522
402282,403523
402282,403524
402282,403525
402282,403526
402282,403527
402282,403528
402282,403529
402282,403530
402282,403531
402282,402366
402282,402384
402282,403532
402282,403533
402282,403534
402282,403535
402282,403536
403460,402743
402282,403537
402282,403538
402282,403539
402282,403540
402282,403467
402282,403541
402282,403542
402282,403543
402282,403544
402282,403545
402282,403162
402282,402464
402282,403546
402282,403547
402282,403548
402282,403549
402282,403550
402282,403551
402282,403552
402282,403553
402282,403554
402282,403555
402282,403556
402282,403557
402282,402408
402282,402339
402282,403558
402282,403559
402282,403202
402282,403161
402282,402443
402282,403560
402282,403561
402282,403562
402282,403563
402282,403564
402282,403565
402282,403566
402282,403567
402282,403568
402282,403569
402282,403570
402282,403571
402282,403572
402282,403573
402282,403574
402282,403575
402282,403576
402282,403577
402282,403578
402282,403579
402282,403029
402282,403580
402282,403581
402282,403582
402282,403583
402282,403584
402282,403585
402282,403586
402282,403587
402282,403588
402282,403049
402282,402466
402282,403589
402282,402133
402282,403590
402282,402350
403591,403592
403593,402003
403594,403595
403594,403594
403596,403597
403596,403598
403596,403599
403596,402060
403596,403600
403596,403601
403596,403602
403596,403603
403596,403604
403596,402457
403596,403605
403596,403606
403596,403607
403596,403608
403596,403609
403596,403610
403596,403611
403596,403612
403596,403613
403596,403614
403596,403615
403596,402456
403596,403616
403596,403617
403618,402075
403619,403620
403619,403621
403594,403622
403619,403529
403594,403623
403594,403624
403625,402413
403625,403568
403625,403105
403625,403110
403625,403106
403625,403163
403625,403626
403625,403627
403625,402338
403625,403628
403625,403629
403630,403631
403630,403632
403594,402264
403594,403633
403594,402063
403594,403634
403594,403635
403594,403636
403594,403637
403594,403638
403594,403639
403594,403640
403594,403641
403594,403642
403594,403643
403594,403644
403594,403645
403594,402797
403594,403646
403619,403642
403619,403565
403619,403647
403648,403649
403648,403650
403648,403651
403648,403652
403653,401948
403654,403655
403656,403415
403656,403416
403656,403438
403656,403439
403656,402569
403656,403463
403656,402328
403656,403464
403656,403465
403656,402329
403656,403466
403656,403467
403656,403468
403656,403469
403656,403470
403656,403471
403656,403472
403385,403657
403385,403658
403385,403659
403385,403660
403385,403661
403385,403662
403663,403664
403665,403666
403665,402121
403667,402022
403619,403668
402556,402553
403669,403670
403671,403672
403673,403206
403206,403673
403674,403675
403676,402060
403676,402308
403676,403677
403678,403679
403680,403681
403680,403682
403680,403683
403625,402349
402064,403684
402064,403453
403685,402064
403686,403687
403686,403423
403686,403688
403689,403690
403689,403691
403689,402349
403689,403692
403693,403666
403110,402022
403110,402404
403110,403694
403695,403696
402064,403697
403625,402352
403105,402349
403105,402499
403698,403699
403698,403700
403698,403701
403698,403702
403698,403703
403698,403704
403698,403705
403698,403706
403707,403697
403707,403708
403707,402064
403707,403709
403707,403488
403697,402064
403697,403488
403710,401992
403711,402643
403711,403712
403711,401940
403711,403713
403714,403715
403714,401990
403714,403716
403714,402046
403714,403717
403714,403718
403714,403719
403714,403720
403714,403721
403722,402280
403722,402335
403722,403723
403722,402334
403724,402121
403725,402281
403725,403726
403725,402236
403725,402046
403725,402239
402332,402333
402332,402334
402332,402471
402332,403727
402332,402437
402332,402442
402332,402345
402332,402280
403714,403728
402332,402255
402280,403722
402280,403729
402280,403730
402280,402332
402280,402333
402280,402335
402280,402658
402280,402334
402280,402437
402280,403731
403722,403729
403722,403730
403722,402332
403722,402333
402332,402261
403593,402361
403732,403732
401944,401947
402279,403733
402279,403734
402279,402267
402279,403735
402279,402728
402279,402268
402279,402269
402279,403736
402279,403566
402279,403737
402279,403738
402279,402272
402279,403739
402279,403740
402279,402274
402279,403741
402279,403742
402279,402275
402279,402276
402279,402278
403743,402033
403743,402031
403744,402033
403744,402031
403745,403625
403745,403568
403745,403627
403746,403747
403746,402957
402279,402028
402279,403748
402279,403749
402269,402278
401944,402731
403750,403751
403242,401947
403752,402494
402760,402767
403753,403754
403753,402320
403753,403755
403753,403756
403757,402797
402741,402035
402269,402279
402269,402304
402269,403130
401944,402354
402269,403758
402269,403759
402269,403760
402269,402268
402269,403761
402269,403762
402269,403763
402269,403764
402269,402272
402269,402273
402269,403421
402269,403765
402269,402614
402269,403766
402269,403767
402269,403768
402202,403769
403770,403771
402202,403772
402410,402354
402410,403439
402410,402620
402410,403773
402410,403496
402410,402328
402410,403774
402410,403775
402410,403776
402411,402414
402410,402350
402410,403480
402406,402278
402405,403777
402405,401978
402405,402355
402405,402366
402405,403778
402405,402464
402405,403779
402410,403457
402404,402022
402411,403403
402411,403780
402411,403781
402411,403782
402411,403783
402411,402204
402411,403784
402411,403785
402411,403786
402411,402407
402411,403787
402411,403788
402411,403419
402411,402026
402411,402628
402411,403427
402411,403103
402411,403789
402411,403779
402411,403790
402411,402654
402411,403791
402411,403792
402411,403559
402404,402384
402404,402412
402414,402410
402414,402465
402414,402464
402414,402463
402414,403793
402414,402987
402414,402460
403794,403795
403794,403523
402414,402466
403794,403796
403794,403797
403794,402133
403794,402796
403794,402035
403794,403551
403794,403798
403794,403799
403794,403800
403794,403801
403794,403802
402404,403803
402414,402469
402414,403804
402414,403801
402414,403457
402414,403805
402414,402325
402414,403806
402414,402411
402414,403807
402414,402478
402414,402356
402414,403808
402414,402355
402414,403809
402414,402476
402414,403810
402414,402350
402414,403463
402414,403811
402414,402366
402414,403812
402414,402477
402414,403813
403794,402355
402411,403814
402411,403807
402411,403815
402411,403816
402411,403817
402411,402355
402411,401987
402411,403818
402411,403819
402411,403820
402411,403813
402411,401974
402411,403821
402411,402686
402411,402602
402411,403822
402411,402302
402411,403439
402411,402601
402411,403823
402411,403824
402411,403825
402411,403826
402411,403827
402411,403828
402411,403777
403829,402797
402411,402564
402411,403830
402411,403831
402411,403832
402411,403833
402411,403834
402411,403835
402411,403836
402411,403837
402411,403838
402411,402551
402411,403839
402411,403840
402411,402735
402411,402310
402411,403841
402411,403842
402411,403843
402411,403844
402411,403845
402411,403846
402411,401956
402411,402350
402411,403847
402411,403567
402411,403848
402411,403849
402411,403850
402411,403851
402411,402642
402411,403852
402411,403853
402411,403024
402411,403854
402411,402410
402411,402409
402411,403855
402411,403856
402411,403857
402411,403858
402411,402464
402411,403548
402411,403859
402411,403860
402411,403861
402411,403862
402411,403538
402411,403457
402411,403510
402411,402325
402411,403863
402411,403864
402411,403865
402411,402588
402411,403866
402411,403796
402411,402650
402411,402055
402411,403867
402411,403132
402411,402736
402411,403868
402411,403869
402411,402738
402411,403870
402411,403871
402411,403872
402411,403532
403793,402414
403794,402354
403794,402353
403873,403874
403873,402420
403873,403875
403873,403876
403877,402322
403877,403878
403877,403879
403877,402188
403877,401970
403873,403880
403877,403881
403877,402405
403877,403882
403877,402320
403877,402491
403877,403883
403877,403884
403877,403850
403877,402204
403877,403885
403877,403886
403877,401978
403873,403887
403888,403888
403889,403881
403889,402319
403889,402491
403889,403890
403889,403891
403122,403892
403122,403893
403122,403894
403122,403873
403873,403895
403122,403896
403122,403897
403122,403898
403122,403899
403122,402184
403900,402322
403900,403901
403888,403902
403888,402415
403888,403125
403122,403903
403889,402494
403877,403904
403877,403905
403906,403876
403906,403907
403906,402415
403906,403908
403906,402320
403906,402663
403906,403909
403906,403910
403906,403911
403906,402319
403906,403912
403906,403883
403906,403457
403906,403913
403906,403914
403906,403915
403906,403916
403906,403917
403906,402474
403906,403918
403906,403919
403877,403920
403906,403921
403906,403881
403877,403922
403877,403923
403877,403924
403877,403925
403926,403683
403926,403927
403926,403457
403926,403773
403926,403928
403906,403929
403926,403026
403906,403930
403906,403895
403906,403931
403906,403932
403906,403933
403906,403934
403906,402494
403906,403935
403906,403902
403926,403936
403794,403937
403938,403877
403939,403940
402494,403941
402494,403942
402494,403943
402494,403944
402494,403945
402494,403946
402494,403947
402494,402499
402494,403948
402494,403949
402494,403950
402494,403951
402494,403952
402494,403953
402494,403954
402494,403955
403902,402415
403902,403888
403902,403956
403902,403125
402494,403939
403876,403939
402494,403957
403794,402414
403794,402352
403794,402351
403794,402350
403794,403958
403794,402366
403794,402384
403794,402399
403794,402340
403794,402413
402494,403119
403794,403959
403794,402411
403794,402410
403794,402409
403794,402407
403794,402406
403794,403960
403794,402405
403794,402404
403794,402402
403794,402361
403651,402320
403876,403961
403876,403962
403963,403917
403963,403964
403963,403965
403963,403125
403963,403966
403963,403967
403963,403939
403963,403968
403963,403122
403963,403912
403963,403873
403963,403969
403963,403970
403963,403971
403939,403972
403939,403973
403939,403777
403939,403974
403939,403947
403939,402322
403963,403975
403876,403976
403963,403910
403963,403908
403876,403977
403876,403978
403876,403979
403876,403980
403911,403125
402499,402494
403897,403981
403897,403122
403928,403457
403963,403909
403928,403773
403963,403982
403963,403891
403963,403895
403963,403933
403963,403935
403963,403902
403963,403983
403963,403929
403963,403876
403963,402320
403793,403984
403793,403779
403793,402987
403859,402327
403859,403985
403859,403986
403859,403987
403859,403988
403859,403989
403859,402735
403859,402762
403859,403990
403859,402325
403859,403991
403859,402344
403859,403496
403859,403992
403859,402328
403859,403993
403859,403994
403859,403995
403859,403996
403859,403997
403859,403998
403859,403999
403859,404000
403859,403827
403859,404001
403859,404002
403859,404003
403859,402574
403859,403813
403859,403844
403859,404004
403859,404005
403859,402354
403859,404006
403859,404007
403859,404008
403859,404009
403859,403439
403859,402601
403859,404010
403859,404011
403859,404012
403859,404013
403859,404014
403859,404015
403859,404016
403859,404017
403859,404018
403859,404019
403859,404020
403859,403774
403859,404021
403859,404022
403859,403776
403859,404023
403859,404024
403859,403470
403859,404025
403859,404026
403859,404027
403859,404028
403859,404029
403859,404030
403859,404031
403859,402414
403859,402350
404032,404004
404032,402350
403859,404033
403859,404034
403859,403793
403859,403468
403859,404035
403859,402329
403859,403849
403859,404036
403859,404037
403859,402411
403859,403561
403859,404038
403859,404039
403859,404040
403859,403854
403859,404041
403859,403857
403859,404042
403859,403859
403859,404043
403859,404044
403859,404045
403859,404046
403859,404047
403859,402410
404032,403859
403859,403415
403774,402322
404029,404048
404029,404049
404029,404050
404029,402410
404029,404051
404029,404052
404029,404053
404029,404054
404029,404055
404029,404056
404029,404057
403880,403873
402731,404058
402731,403519
402731,402399
402731,403019
402731,404059
402731,403049
402731,402641
402731,404060
404029,404061
402731,404062
404029,404063
404029,404064
404065,403856
404065,404066
404065,404067
404065,402512
404065,404068
404065,404069
404065,402508
404065,404070
404065,402506
404029,404071
404065,404072
403945,402494
403878,402494
404029,404073
404029,404074
404029,404075
404029,402350
404029,404076
404029,404077
404029,404078
404065,404079
403859,404080
402731,403551
402731,403091
404081,403807
404081,403681
404081,404082
404083,403407
404083,402120
404084,401992
404084,402121
404085,403125
403774,404086
404081,404087
403774,402355
403774,402349
403774,402412
403774,403990
403774,403421
403774,403439
403774,402620
403774,403496
403774,403939
403774,402410
403774,402300
402731,402444
404081,404088
404082,403807
402731,404089
402731,402728
402731,404090
402731,403440
402731,404091
402731,402669
402720,404092
402720,402035
402720,402619
404081,404093
402720,403045
404094,403125
403947,403777
403947,403974
403947,403457
403947,403939
403947,403940
404082,403681
404082,404081
404082,404095
404096,402551
404032,404030
404097,403125
404097,403967
404098,404099
404098,403681
404100,404101
404102,401948
404103,404104
404105,401948
404106,404107
404108,404109
404110,402797
404099,403681
404111,402278
402046,404112
402046,404113
402046,402246
402046,403725
404114,404115
404114,404116
404114,402046
404114,404117
404114,404118
404119,404120
404114,404121
404099,404098
404122,404123
404124,404125
404126,404127
404092,402731
404092,402720
404092,404060
404092,402035
404128,404129
404128,404130
404128,401940
404131,404132
404128,404133
404128,404134
404135,402401
404136,404137
404138,401948
404122,404139
404122,402097
404122,404140
404122,404141
404122,404142
404128,404143
404144,403687
404145,402743
404146,403973
403813,402410
403813,403793
403813,403470
403813,404147
403813,402414
403811,404148
402465,404149
402465,404150
402465,402100
403813,403854
402465,402466
402465,402459
403793,402465
403793,402460
403793,402355
403793,403813
403793,404005
403793,403463
403793,402411
403793,402410
402465,402117
404145,403968
403813,402411
403813,402329
403813,403815
403813,402354
403813,403822
403813,402638
403813,402407
403813,402631
403813,404151
403813,404035
403813,403857
403813,402802
403813,404001
403813,403439
403813,402601
403813,402350
403813,402325
403813,402327
403813,402055
403813,403806
403813,402328
403813,403847
403813,402355
404152,402121
404153,402003
404154,402120
404155,404156
404155,403497
404155,404157
404155,403125
404155,404158
404155,404159
404155,404160
404155,402460
404155,403397
404155,404161
404162,404163
404164,403125
403887,403235
404165,403777
404165,401955
404165,404166
404165,401980
404165,404167
404165,402496
404165,403119
404164,404168
404165,401988
404155,403911
404155,402415
404169,404170
404171,403971
404171,403397
404171,404172
404171,403125
404171,404173
404171,404174
404171,404175
403497,403911
404155,404155
403497,403125
403497,404176
403497,403397
403397,404177
403397,404178
403397,404179
403397,404180
403397,403125
403397,404181
404155,404182
403497,403967
404165,402495
404165,402494
404165,403949
404183,402494
404184,401955
404184,401980
404184,401988
404184,402495
404184,402494
404184,404185
404184,404165
404184,404183
404183,401980
404184,402157
404184,404186
404184,404187
404184,404188
404184,404189
404184,402518
404184,402090
404184,402089
404190,404191
404192,402767
404184,402145
404165,404184
404165,404193
404165,402498
404165,402319
404165,404194
404165,404195
404165,404196
404165,404197
404165,402620
404165,402490
404165,402157
404165,404186
404165,404198
404165,404187
404165,404199
404165,404200
404165,404201
404165,402485
404165,404202
404165,404203
404165,404204
404165,402484
404165,402176
404165,404205
403906,402473
404065,404206
403906,404207
403906,404208
402322,404209
402322,404210
402322,402322
402322,404211
404212,404213
404212,404214
404212,404215
404212,404216
404212,404217
402322,404218
404212,404219
404212,402097
404212,404220
404212,404221
404212,404222
404212,404223
404212,404224
404225,401948
404226,403474
404226,402003
404212,404227
404228,402644
402322,404229
402322,404230
402227,404231
402227,401947
402227,402273
402227,402274
404232,404231
404232,401947
404232,402227
404232,404233
404232,403566
402322,404234
404232,402027
404232,402274
404232,402276
402322,404235
402322,403877
402322,404236
402322,404237
402322,403773
402322,404238
402322,404239
404232,404240
404241,404242
404228,402643
404228,402641
404228,402680
404228,402679
404228,402617
404228,402678
404228,402677
404228,402676
404228,402675
404243,402003
404244,402494
404228,402681
404244,402320
404180,404178
404180,404179
404180,404245
404180,403125
404180,404246
404180,404247
404180,403397
404180,404248
404249,404250
404180,404251
404228,402642
404228,402654
404228,402653
404228,402640
404228,402031
404228,402639
404228,402651
404228,402638
404228,401940
404228,402636
404228,402035
404228,402273
404228,402669
404228,402635
404228,402633
404228,402632
404228,402631
404228,402630
404228,402629
404228,402628
404228,402627
404228,402626
404228,402637
404228,402634
404249,404252
404241,404253
404241,404254
404255,404256
404255,404257
404255,404258
404255,404259
404255,404260
404255,404261
404255,404262
404255,404263
404255,404264
404255,404265
404255,404266
404255,404255
404255,404267
404255,404268
404255,404269
404241,404270
404241,404271
404241,404272
404241,404273
404241,404274
404255,404275
404241,404276
404255,404277
404255,404278
404279,402615
404279,402614
404279,402278
402300,402864
402300,403109
402300,403591
404280,404281
404280,402300
404280,402003
404255,404282
402366,404283
404284,402612
404284,404191
404284,402120
404284,401992
404284,404285
404255,404286
404255,404287
404255,404288
404255,404289
404284,402137
404241,404290
404241,404291
404241,404292
404241,404293
404241,404294
404241,404295
404241,404296
404241,404297
404241,404298
404241,404299
404241,404300
404241,404301
404241,404302
404241,404303
404241,404304
404241,404266
404241,404305
404241,404306
404241,404307
404241,404255
404241,404308
404241,404309
404241,404310
404241,404311
404241,404312
404241,404313
404241,404314
404241,404315
404241,404316
404241,404317
404241,404286
404241,404318
404241,404319
404241,404320
404241,404321
404241,404322
404241,404323
404241,404324
404241,404325
404241,404326
404241,404327
404241,404328
404241,404329
404241,404241
404241,404330
404241,404331
404241,404332
404241,404333
404279,402035
404249,403457
404249,404334
404335,402003
404336,404336
404337,402120
404338,404339
404338,404340
404338,404341
404338,404342
404338,404343
404338,404344
404345,404346
404338,404347
404338,404348
404338,404349
404338,404350
404338,404351
404338,404352
404338,404353
404338,404354
404338,404355
404338,404356
404338,404357
404338,404358
404345,404359
404345,404360
404345,403565
404345,404361
404345,404362
404345,403585
404345,404363
404345,404364
404345,404365
404345,404366
404345,403202
404345,404367
404345,404368
404345,404369
404345,403423
404345,404370
404345,404371
404345,403104
404345,404372
404345,404373
404345,403647
404345,402217
404345,404374
404345,404187
404338,404375
404338,404376
404338,404377
404338,404378
404338,404379
404338,404380
404338,404381
404338,404382
404338,404383
404338,404384
404338,404385
404338,404386
404338,404387
404338,404388
404338,404389
404338,404390
404338,404391
404338,404392
404338,404393
404338,404394
404338,404395
404338,404396
404338,404397
404338,404398
404338,404399
404338,404400
404338,404401
404338,404402
404338,404403
404338,404404
404338,404405
404338,404406
404338,404407
404338,404408
404338,404409
404338,404410
404338,404411
404338,404412
404338,404413
404338,404414
404338,404415
404338,404416
404338,404417
404338,404418
404338,404419
404338,404420
404338,404421
404249,403773
404345,404422
404345,404186
404423,403421
404423,404424
404423,404425
404423,402614
404423,403766
404423,404426
404423,402278
404423,402675
402562,402057
404423,404427
402562,402570
402562,402560
404428,404429
404428,403866
404428,404430
404428,404431
404428,404432
404428,403939
404428,404433
402631,402731
402562,402565
402631,402715
404423,404434
404423,404435
404249,404436
404249,404437
404249,401940
404438,402322
404236,402322
403759,402278
404423,404058
404423,404439
404423,404440
404423,404441
404423,402304
404423,404442
404423,404443
404423,403759
404423,404444
404423,404445
404423,403763
404423,404446
404423,402272
404423,404447
404423,404448
404345,404449
402631,404450
404451,403815
404345,404452
404345,403635
404345,402283
404345,402495
404345,404453
404345,404454
404345,403128
404345,403621
404345,404455
404372,404456
404345,404457
404345,404458
404345,404345
404345,402264
404345,404459
404345,403529
404345,404460
404345,404461
404345,403116
404345,402488
404345,404231
402631,402361
403423,403687
403423,404462
404451,404463
404451,404464
404451,404428
404451,403773
404451,402642
404451,403939
404451,402638
404451,402407
404451,402188
403423,403080
404451,404465
404451,403427
404466,402003
404467,402626
404467,402060
404467,404468
404467,404469
403130,402278
404468,402620
402488,402278
404451,402631
404279,402340
402278,402340
402278,404111
404470,404471
404470,404472
404470,404473
404470,404474
404470,404475
404470,404476
404470,404477
404470,404478
404470,404479
404470,404480
404470,404481
404470,404482
404470,404483
404470,404484
404470,404485
404470,404486
404470,404487
404470,404488
404489,401948
403941,403944
404470,404490
403941,402615
404470,404491
404470,404492
404470,404493
404470,404494
404470,404495
404470,404496
404470,404497
404470,404498
404470,404499
404470,404500
404470,404501
404470,404502
404470,404503
404470,404504
404470,404505
404470,404506
404470,404507
404470,404508
404470,404509
404470,404510
404470,404511
404470,404512
404470,404513
404470,404514
403941,404515
403941,402494
403125,404516
403125,404517
403125,404518
403125,404519
403125,403467
403125,404520
403125,403876
403125,404148
403125,403122
403125,403888
403125,403939
403125,404178
403125,404521
403125,404094
403125,402851
403125,404522
403125,404523
403125,404085
403125,403774
403125,404524
403125,404525
403941,403760
403125,403900
403125,404526
403941,404527
403941,402614
403457,403941
404528,404529
404530,402060
404530,402308
404530,403849
404530,404531
404530,402629
403125,402204
404532,404237
402851,404533
402851,404534
402851,404522
402851,403125
402851,404148
402851,404523
402851,404085
403125,403967
403125,404535
404532,402322
403125,404097
404470,404536
404470,404537
403906,403023
403906,403125
403906,403967
403906,404538
403906,403950
403906,403939
403906,403885
403906,403651
403906,403952
403906,403963
403906,404238
403906,403938
403906,404539
403906,404540
403906,404541
403906,403889
403906,402322
403906,404542
403906,404543
403906,404544
403906,403968
403906,402347
403906,403965
403906,403018
403906,404545
403906,404546
403906,404547
403906,403964
403906,402450
403906,404548
403906,402491
403906,404549
403906,402449
403906,404550
403906,402620
403906,403890
403906,402448
403906,402499
403906,403897
403906,404551
403906,403928
403906,404552
403906,403480
403906,403948
403906,403941
404470,404553
403906,404554
403906,403088
404470,404555
404470,404556
404470,404557
404470,404558
404470,404559
404470,404560
404470,404561
404470,404562
404470,404563
404470,404564
404470,404565
404470,404566
404470,404567
404470,404568
404470,404569
404470,404570
402202,404571
404470,404572
404470,404573
404470,404574
404470,401947
403906,403122
404470,404575
403906,404576
403906,403900
403906,403888
403906,402249
403906,403873
403906,404577
403906,402251
403906,404578
403906,403891
403906,404579
403906,403955
403906,404580
403906,403975
403906,404581
403906,403969
403906,404582
403906,403970
403906,403971
403906,404583
403906,404584
403906,403926
403906,403877
403125,404171
403125,404181
403125,404182
404585,402340
404585,402716
404585,402412
404585,404586
404585,404587
404585,403029
404585,404588
404585,404589
404585,404590
404585,404591
404585,402075
404585,404592
404585,403694
404585,402283
404585,404593
404585,404594
404585,404595
404585,404596
404585,404597
404585,402641
404585,404598
404585,403421
404585,402304
404585,402121
402273,401947
402273,403759
402273,402272
402273,402278
402273,402675
403421,402278
404585,403119
404585,402490
404585,402615
404585,404599
404585,403452
404585,404600
404585,403126
404585,404601
404585,402819
404585,402691
404585,404602
404585,402022
404585,404603
404585,402300
404585,402614
402272,402675
404585,402617
402675,403759
402035,404604
402035,402741
402035,404092
402035,402361
402035,404060
402614,402494
402614,403941
402278,402675
402278,402273
402340,402278
402278,403002
402278,402406
402278,403477
402278,402304
402278,403759
402278,403760
402278,402272
402278,403421
402278,402614
402278,404605
402278,404597
404585,402278
404210,402322
404606,404585
402675,402272
402675,402273
402675,402278
404606,404279
404606,403452
404606,402304
404606,404607
404606,403760
404606,404595
404606,402675
404606,402340
404606,402646
404606,402272
404606,402035
404606,402273
404606,403421
404606,402952
404606,402614
404606,402617
404606,402278
404606,402270
402272,402278
402272,402273
402272,403759
404608,402715
404608,404450
404608,402361
403214,403529
403214,403565
403214,404372
404609,403203
404609,403214
404610,402401
404608,402731
402767,402760
402412,402404
404611,402384
404611,402767
404611,402412
404611,404612
404611,404613
404614,401947
402320,402620
402320,403982
402412,402356
402320,401970
404615,404616
404617,404618
403125,402415
403125,403911
403125,404156
403125,403497
403125,404157
403125,403125
403125,404619
403125,404543
403125,402460
404617,404620
403125,403397
403125,404155
403125,404621
403125,404164
404622,402851
404622,404623
404622,404533
404622,403125
404622,404516
404622,404624
403125,403902
402320,403926
402320,403890
402320,403755
404607,404625
404607,403768
404607,403760
404607,404626
404607,404627
404607,402270
404607,404628
404607,402646
404607,404629
404607,403119
404607,402273
404607,404630
404607,404631
404607,403421
404607,404632
404607,402952
404607,402614
404607,404633
404607,402278
403760,402278
404607,404240
404607,402340
404607,402499
403452,403694
402320,402405
403891,404634
403891,402320
403891,402491
403891,402620
402612,404635
402612,404636
402612,402611
404637,402460
404637,402478
404637,402469
404637,403195
402460,402464
404638,404639
404638,402460
404640,402121
403452,402046
403452,403687
403452,403585
403452,403443
403452,403423
403906,403973
404065,404641
404470,404642
404065,404643
404644,404645
404644,404646
404644,404647
404644,404648
404644,403645
404644,404649
404644,404650
404644,404651
404644,404652
404644,404653
404644,404654
404644,404655
404644,404656
404644,402797
404644,404657
404644,403624
404644,404658
404644,404659
404644,404660
404644,404661
404644,404662
404644,404663
404644,404664
404644,404665
404644,403619
404644,404666
404644,404667
404644,404668
404644,404669
404644,404670
404644,403642
404644,404671
404644,403643
404644,404672
404644,404673
404644,404674
404644,404675
404644,404676
404644,403644
404644,403641
404644,404677
404644,404678
404644,404679
404644,404680
404644,404681
404644,404682
404644,404683
404644,403647
404644,404684
404644,404685
404644,403668
404644,404686
404644,404687
404644,404688
404644,404689
404644,404690
404644,404691
404644,404692
403638,404601
404644,403595
404644,404693
404644,404694
404644,403622
404644,403646
404644,404695
404644,404696
404644,404697
404644,404698
404644,404699
404644,404700
404644,404701
404644,404368
404644,404702
404644,404703
404644,404369
404644,404704
404644,403623
404644,404705
404644,404706
404644,404707
404644,404708
403638,403635
404644,404709
404644,404710
403635,404674
403635,404711
403635,403645
403635,404653
403635,404712
403635,404706
403635,403622
403635,402075
404644,404713
404644,404714
404644,404715
404644,404716
404644,403634
404644,404717
404644,403635
404644,404718
404644,404719
403635,404461
404644,403636
403635,404720
403635,404599
404721,402187
404721,404722
404721,403239
404721,404370
404721,404723
404721,404724
404721,402218
404721,403405
404725,404726
404725,404727
404728,402075
404729,402121
403635,404601
403635,404730
403635,404731
403635,402300
403635,404732
403635,402264
404644,404733
404644,404644
404644,404734
404644,404732
404644,404735
404644,404736
404644,404737
404644,404738
404644,404739
404644,402264
404644,403639
404644,404459
404644,404740
404644,404741
404644,404742
404644,404743
404644,403640
404644,404744
404644,404745
404644,404746
404644,404747
404644,404748
404644,403638
404644,404749
404644,404750
404644,404751
404644,404752
404644,404753
404644,404754
404644,403637
404644,404730
404644,404755
404644,404756
404644,404757
404644,404731
404644,404758
404644,403621
404644,404455
404644,404759
404644,403618
404644,404760
404644,404761
403638,402300
403638,404586
403638,404653
404762,403926
404763,404764
404763,404765
404763,404766
404763,404767
404763,402046
404763,404768
404763,404769
404763,404770
404771,402137
404772,403968
404518,403927
404518,404773
404518,404520
404518,404774
403467,403125
404517,404518
404762,404775
404517,404519
404762,404776
404762,404777
404778,402121
403029,404779
404780,404781
404780,403125
402022,402404
402022,404000
404782,402767
404783,404587
404784,402731
403977,402499
403977,403127
403977,404785
404786,404787
404762,404788
404762,404789
404762,403681
404762,404790
404762,404791
404792,401948
404517,403125
404517,404520
404793,404794
404793,404795
404793,404796
404793,404797
404793,404798
404793,404799
404793,404800
404793,404801
404793,404802
404793,404803
404793,404804
404793,404066
404793,404805
404793,404806
404793,404807
404793,404808
404793,404809
404035,404810
404517,403467
404035,402411
404035,404811
401970,402320
401970,404812
401970,401978
401970,403886
401970,404813
401970,402405
401970,403877
403886,401970
403886,401978
403886,404813
403886,402405
403886,403877
404814,404814
404035,403813
404035,402325
404035,403998
404035,402414
404035,402601
404815,402731
402997,402997
404816,404817
404740,404732
404740,402264
404740,403639
404740,403640
404740,404745
404740,404746
404740,404710
404740,403641
404740,404667
404740,404669
404740,403642
404740,403643
404740,404672
404740,404674
404740,403644
404740,404818
404740,404659
404740,404747
404740,403645
404740,403638
404740,404749
403638,404706
403638,403622
404740,403634
404740,403635
404740,403636
404740,404644
404740,404748
404740,404734
404740,404750
404740,404752
404740,404754
404740,403637
404740,404730
404740,404755
404740,404756
404740,404731
404740,404455
404740,404761
404740,404650
404740,404652
404740,404653
404819,401947
404819,404820
404819,404821
404819,402658
404819,402334
404819,404822
404819,404823
404819,402434
404819,402435
404819,402441
404819,404824
404819,404577
404819,404825
404826,402320
404827,403675
404828,401946
404828,401948
403957,402494
404829,404819
404829,402494
404740,404692
404740,404655
404740,404656
404740,402797
404740,403624
404740,404678
404740,403646
404740,404695
404740,404699
404721,404830
404740,404368
404740,403623
404740,404706
404740,404707
404740,403622
404740,404694
404740,403595
404740,404682
404740,404684
404740,404369
404721,404831
404721,404832
404721,401961
404833,404834
404833,402394
404833,404835
404836,402401
404837,403643
404837,402605
404837,403642
402605,402604
404838,404242
404838,404253
404838,404254
404838,404839
404838,404308
404838,404840
404838,404255
404838,404841
404838,404842
404833,404843
404838,404844
404833,404845
404833,404846
404847,404848
404849,404850
404849,402031
404849,404851
404833,402003
404833,402024
404833,404852
404833,404853
404833,404854
404833,404855
404833,404856
404833,404857
404833,404858
404833,404859
404833,404860
404833,404861
404833,404862
404833,404863
404847,402862
404838,404266
404838,402560
404864,402694
402202,404865
402202,404866
402202,404867
402202,404868
402202,404869
402202,404870
402202,404871
402202,404872
402202,404873
404065,404804
404338,404874
404338,404875
404338,404876
404338,404877
404338,404878
404338,404879
404864,402730
404838,404880
404864,402003
402643,401940
404838,404294
404838,404881
404838,404331
404838,402570
404838,404882
404838,404883
404838,402057
404838,404884
404838,404885
404838,404886
404838,404887
404838,404316
404838,404888
404887,402556
404889,404890
404889,404891
404892,404892
402643,404252
404847,402612
404893,404847
404893,402612
404228,402722
404228,402340
404228,402723
404228,402724
404228,402725
404228,402726
404228,402727
404228,402741
404228,402740
404228,402739
404228,402738
404228,402737
404228,402736
404228,402742
404228,402735
404228,402733
404228,402732
404228,402721
404228,402731
404228,402720
404228,402718
404228,402645
404228,402361
404228,402646
404228,402647
404228,402648
404228,402649
404228,402650
404228,402652
404228,402683
404228,402684
404228,402033
404228,402713
404228,402714
404228,402715
404228,402148
404228,402716
404228,402717
404228,402719
404228,402730
404228,402729
404228,402728
404635,404894
404635,404893
404635,404612
404635,404895
404635,404896
404635,402612
404635,404897
404635,404898
404635,404847
404894,403040
404894,402404
404894,402022
404893,402404
404893,404635
404893,404894
404893,404893
404893,404895
404635,402404
403739,401974
403739,401947
404228,402694
404228,402712
404228,402711
404228,402710
404228,401952
404228,401957
404228,402308
404228,402685
404228,402686
404338,404899
404228,402687
404228,402060
404228,402354
404228,402689
404228,402690
404228,402691
404228,402279
404228,402692
404228,402693
404228,402688
404793,404900
404338,404901
404338,404902
404338,404903
404338,404904
404338,402411
404338,404905
404338,404906
404338,404907
404338,404908
404338,404909
404338,404643
404338,404910
404338,404911
404338,404912
404338,404913
404338,404914
404338,404915
404338,404916
404338,404917
404338,404918
404338,404919
404338,404920
404338,404921
404338,404922
404338,404923
404338,404924
404338,404925
404338,404926
404338,404927
404338,404928
404338,404929
404338,404930
404338,404931
404338,404932
404338,402033
404338,404933
404338,404934
404338,404935
404338,404936
404338,404937
404338,404938
404338,404939
404338,404940
404338,404941
404942,404466
404942,404943
404942,402020
404942,404610
404942,404827
401957,402684
402218,401947
402218,402247
402218,404363
402218,404359
404721,404944
404721,401982
404721,403441
404721,404945
404721,404457
404721,401947
404721,401957
404942,403082
404338,404946
404942,402009
404942,401942
404338,404947
404338,404948
404338,404949
404338,404950
404338,404951
404338,404952
404338,404953
404338,404954
404338,404955
404956,402046
404957,404958
404959,401948
404960,404961
404962,404962
404942,402617
404942,403473
404942,404963
404942,402349
404338,404964
404338,404965
404338,404966
404338,404967
404338,404968
404338,404969
404338,404970
404338,404971
404338,404972
404338,404973
404338,404974
404338,404975
404338,404976
404338,404977
404338,404978
404338,404979
404338,404980
404338,404981
404338,404982
404338,404983
404338,404984
404338,404985
404338,404986
404338,404987
404338,404988
404338,404989
404338,404990
404338,404991
404338,404992
404338,404993
404338,404994
404338,404995
404338,404996
404338,404997
404338,404998
404338,404999
404338,405000
404338,405001
404338,405002
404338,405003
404338,405004
404338,405005
404338,405006
404338,405007
404338,405008
404338,405009
404338,405010
404338,405011
404338,405012
404338,405013
404338,405014
404338,405015
404338,405016
404338,405017
404338,405018
404338,405019
404338,405020
404338,405021
404338,405022
404338,405023
404338,405024
404338,405025
404338,405026
404338,405027
404338,405028
404338,405029
404338,405030
404338,405031
404338,405032
404338,405033
404338,405034
404338,405035
404338,405036
404338,405037
404338,405038
404338,405039
404338,405040
404338,405041
404338,405042
404338,405043
404338,405044
404338,405045
404338,405046
404338,405047
404338,405048
404793,405049
404338,405050
404793,405051
402183,402035
402183,402407
402183,403419
402183,402187
402183,405052
402183,404370
402183,403434
405053,405054
405053,403457
405053,403480
405053,403481
405053,403926
405055,403480
405055,405056
405055,405057
405055,403926
405055,403457
402183,402409
405055,405058
402183,402638
402183,403851
404031,402350
402183,405059
402183,403828
402183,401974
402183,402355
402183,403129
402183,402352
402183,405060
402183,403865
402183,401968
402183,402017
402183,403132
402183,405061
402183,403959
402183,405062
402183,403567
402183,405063
402183,405064
402619,404060
405055,404545
405055,405065
405066,401940
405066,405067
405066,404539
405066,404249
405066,405068
405066,405069
405066,405070
405066,405071
405066,405072
405066,403125
405066,405073
405066,404531
405066,402230
405066,402249
405066,405074
402602,402610
402602,402609
405066,405075
405055,405076
405066,405077
405066,405078
405055,403952
405055,405079
405055,403955
405080,403128
405066,402219
405066,405081
405066,402223
405066,402225
405066,402229
405066,405082
405066,405083
405066,405084
405066,404252
405066,405085
405066,403973
405066,404208
405066,405086
405066,405087
402602,402608
402619,402731
404178,405088
403773,405089
403773,403908
403773,403926
403773,402322
403773,405090
405091,402620
401978,401970
401978,401976
401978,402321
401978,401964
401978,402322
401978,402204
403825,404250
403825,404252
403825,403457
403825,403773
403825,404334
403773,405092
403825,404436
405093,402411
405094,402411
402176,404540
405095,402350
403509,402494
405096,405096
402228,405097
402228,402221
402228,402222
402228,405098
405099,402219
405099,405100
405099,405101
405099,402223
405099,402225
405099,402228
405099,402229
405099,405102
405103,403235
405094,403840
402619,401952
403825,404437
402055,402411
404178,404251
404178,405104
404178,405105
404178,405106
404178,405107
404178,403125
404178,405108
404178,405109
404178,405110
404178,405111
404178,405112
404178,404246
404178,405113
404178,405114
404178,405115
404178,405116
404178,403397
404178,405117
403825,401940
401952,401943
401952,401947
402055,402322
403807,404087
403807,405118
403807,403681
403807,405119
403807,405120
403807,404093
403807,404081
403807,405121
403807,404082
403807,403683
403807,405122
403807,405123
404046,402350
404046,403496
402334,405124
405124,402334
401952,401944
402602,402607
402602,402621
402602,402606
405125,405042
405125,405126
405125,402603
405125,405127
405125,405128
405125,405129
405125,405130
405125,405131
405125,405132
405125,405133
405125,402621
405125,405134
405125,405135
405125,405136
405125,405137
405125,405138
402602,403472
405125,405139
402602,404147
405125,405140
405125,404797
405125,405141
405125,405142
405125,405143
405125,405144
405125,405145
405125,402596
405125,405146
405125,405147
405125,404800
405125,405148
405125,405149
405125,405150
405125,405151
405125,405152
405125,404798
405125,405153
405125,405154
405125,405155
405125,405156
402602,402506
402602,405157
402602,402508
402602,402509
402602,402510
402602,402511
402602,402512
402602,402513
402602,402514
402602,402515
402602,402517
402602,402587
402602,402552
402602,402591
402602,402592
402602,402593
402602,402595
402602,402596
404793,405158
402602,402507
402602,402026
402602,402505
402602,402603
402602,403857
402602,403856
402602,405159
402602,403854
402602,402551
402602,402802
402602,402032
402602,405160
402602,403994
402602,405161
402602,402594
402602,402376
402602,405162
402602,402325
402602,405163
402602,402569
402602,402601
402602,405164
405125,405165
405125,405166
405125,405167
404065,405168
404065,402597
404065,405169
404065,405170
404065,405171
404065,405172
404065,405173
404065,404797
404065,405174
404065,405175
404065,405139
404065,405042
404065,402602
404065,402603
404065,405176
404065,405177
404065,405127
404065,405145
404065,405129
404065,405178
404065,405179
402602,402600
402602,405180
402602,402599
402602,402598
402602,402597
404065,402411
404065,402587
404065,405125
404065,405181
404065,405182
404065,405183
404065,405184
404065,405185
404065,405186
404065,405187
404065,405188
404065,405189
404065,405156
404065,405190
404065,405130
405125,404079
405125,405191
405125,405192
405125,404066
405125,405193
405125,405194
405125,404804
405125,402411
405125,405195
405125,402587
405125,405181
405125,405182
405125,405196
405125,405185
405125,405197
405125,405188
405125,405198
405125,405179
405125,405199
405125,405200
405125,405201
405125,404067
405125,405202
405125,405203
405125,405204
405125,405205
405125,405206
405125,405207
405125,405158
405125,405208
402176,403881
405125,405209
405125,404809
405125,402365
405125,405210
405125,405211
405125,405212
405125,405213
405125,405214
405125,405215
405125,405216
405217,405218
404370,402494
403844,402411
405219,405220
405219,405221
405219,405222
405217,405223
405219,405224
405219,405225
405219,405226
405219,405227
405219,405228
405219,405229
405219,405230
405219,405231
405219,405232
405219,405233
405219,405234
405219,405235
405219,405236
405219,404799
405219,405237
405219,403681
405219,405238
405221,405225
405221,405226
405221,405227
405221,405228
405221,405229
405221,405230
405221,405231
405221,405239
405221,405232
405221,405233
405221,405235
405221,405236
405221,405240
405221,405241
405221,405242
405219,405243
405219,405244
405219,405245
405221,405224
405219,405240
405219,405242
403046,403019
403046,404059
403046,403049
403046,404060
403046,404062
403046,403551
403046,402444
403046,403091
403046,405246
403944,402494
403944,403941
403944,403942
403944,403943
403943,402494
403943,405247
403943,403941
403943,403942
403046,402399
405219,405241
403046,402731
403046,405248
405219,405249
405219,405219
403949,401980
403949,402490
403949,404186
403949,404187
403949,402494
402075,403121
405250,402075
404001,402354
404001,402620
404001,402328
405251,402121
402564,402411
405252,402003
403019,402731
403019,404060
403046,403519
405221,405253
405221,405221
405221,405220
403770,405254
403770,405255
403770,405256
403770,405257
403770,405258
403770,405259
403770,405260
403770,405261
403770,405262
403770,405263
403770,405264
403770,405265
403770,405266
403770,405267
403770,405268
403770,405269
403770,405270
403770,405271
403770,405272
403770,405273
405274,403466
404793,405275
404793,405276
404793,405277
404793,405278
404793,404013
404793,402411
405279,402228
405280,404788
405280,404789
405280,403681
405280,404790
405280,404777
405280,404791
405280,404776
405280,404775
405280,403926
405281,402551
405274,402322
403770,405282
403770,405283
403770,405284
403770,405285
403770,405286
403770,405287
405288,402361
403692,405289
403692,402361
405290,402411
405291,402003
404161,404155
404161,403125
404161,404158
405292,402361
405221,405243
405221,405238
405221,405245
405221,403681
405221,404799
403770,405293
403770,405294
403770,405295
403770,405296
403770,405297
403770,405298
403770,405299
403770,405300
403770,405301
403770,405302
403770,405303
403770,405304
403943,403944
403770,405305
403770,405306
403770,405307
403770,405308
403770,405309
403770,405310
403770,405311
403770,404137
403770,405312
403770,405313
405314,403681
405219,405253
405315,402641
402594,402591
402594,402552
402594,402587
402594,402551
402594,402517
402594,402515
402594,402514
402594,402513
402594,402512
402594,402592
402594,402511
402594,402509
402594,402508
402594,402507
402594,402506
402594,402505
402735,404228
402728,402326
402728,402279
402728,403749
402594,402510
402594,402593
402594,402594
402594,402595
405162,403799
405162,402506
405162,404147
405162,405316
405162,405317
405162,405318
402594,402610
402594,402609
402594,402608
402594,402607
402594,402621
402594,402606
402594,402603
402594,402602
402594,402601
402594,402600
402594,405180
402594,402599
402594,402598
402594,402597
402594,402596
402728,403748
405162,403470
402728,403733
402728,401947
402728,403391
402728,402276
402728,402277
402728,402278
403842,402411
402743,403460
404250,403457
404250,403773
404250,404249
402728,402275
404250,404252
404250,403681
404250,405319
404250,404334
404250,404436
404250,404437
404250,401940
404252,401940
402669,402731
402669,404060
404250,405118
402728,405320
402728,404632
402728,402274
402728,402267
402728,403735
402728,404625
402728,402247
402728,402268
402728,402620
402728,402269
402728,402265
402728,405321
402728,403736
402728,403002
402728,403738
402728,402271
402728,402272
402728,405322
402728,405323
402728,403651
402728,403082
402728,405324
405315,402731
402728,405325
402728,405326
405162,403789
402728,403739
405327,405327
405162,404077
405162,402350
405162,405328
405162,402310
405162,404013
405162,402601
405162,402602
405162,404468
405162,405329
405162,404008
405162,402354
405162,403813
405162,405330
405162,404001
403755,402320
405331,405332
405331,405333
405162,404047
405331,405334
405331,405335
405331,405336
405315,402669
405331,405337
405162,405338
405315,404060
405331,404059
405331,405339
405331,405340
405331,403968
405331,405341
405331,403154
405331,402862
405162,402327
405162,405342
405162,403987
405162,402646
405162,402329
405162,403848
405162,405343
405162,405344
405162,402802
405162,404035
405162,402411
405162,405345
405162,403854
405162,402410
405162,403856
405162,405346
405162,403559
405162,405347
405162,403847
405162,403849
405162,404018
405162,405348
405162,405349
405162,403797
405162,405350
405162,403988
405162,405351
405162,402344
405162,403998
405162,405352
405162,402328
405162,405353
405162,402423
405162,405160
405162,403806
