405354,405355
405354,405356
405357,405358
405357,405359
405360,405354
405361,405362
405354,405360
405360,405363
405360,405364
405365,405366
405365,405367
405368,405361
405369,405370
405361,405368
405357,405371
405357,405372
405373,405374
405357,405375
405376,405377
405376,405378
405369,405379
405380,405381
405380,405377
405380,405382
405383,405384
405385,405386
405385,405387
405388,405389
405388,405385
405388,405390
405389,405391
405389,405392
405389,405393
405389,405394
405395,405396
405357,405397
405357,405398
405357,405399
405357,405400
405357,405401
405369,405402
405403,405404
405369,405405
405406,405407
405408,405409
405376,405410
405403,405411
405403,405412
405411,405404
405411,405403
405413,405413
405414,405415
405416,405417
405416,405410
405418,405419
405418,405420
405418,405421
405418,405422
405418,405423
405418,405424
405418,405425
405418,405426
405406,405427
405369,405428
405407,405406
405429,405430
405369,405431
405432,405370
405432,405379
405432,405433
405432,405434
405432,405405
405432,405431
405429,405435
405429,405436
405429,405437
405429,405438
405429,405439
405429,405440
405429,405441
405429,405442
405429,405443
405429,405444
405429,405445
405429,405446
405407,405427
405447,405448
405449,405450
405451,405452
405453,405454
405453,405453
405455,405456
405457,405458
405373,405459
405373,405460
405373,405461
405373,405462
405463,405464
405465,405466
405465,405467
405468,405469
405470,405471
405470,405472
405470,405473
405470,405474
405470,405475
405470,405377
405465,405476
405463,405477
405463,405478
405463,405479
405418,405480
405373,405481
405482,405416
405482,405410
405482,405483
405484,405485
405484,405486
405484,405487
405484,405482
405484,405488
405484,405489
405484,405490
405484,405491
405484,405492
405463,405493
405463,405494
405463,405495
405463,405496
405463,405497
405470,405376
405498,405499
405500,405501
405500,405474
405502,405396
405502,405503
405504,405505
405506,405506
405507,405508
405509,405392
405510,405511
405512,405512
405513,405490
405514,405515
405514,405487
405514,405516
405516,405517
405516,405518
405516,405519
405516,405520
405516,405521
405522,405523
405514,405490
405524,405523
405524,405525
405524,405526
405500,405527
405500,405528
405500,405486
405529,405530
405531,405532
405533,405419
405533,405534
405533,405535
405533,405536
405533,405537
405538,405539
405540,405370
405540,405541
405540,405378
405542,405370
405542,405541
405542,405378
405543,405544
405524,405545
405500,405546
405418,405547
405548,405549
405418,405550
405551,405552
405551,405553
405551,405554
405551,405555
405551,405556
405551,405557
405551,405558
405551,405559
405551,405560
405551,405561
405551,405562
405551,405563
405551,405564
405551,405565
405551,405566
405551,405567
405551,405568
405556,405569
405551,405570
405551,405571
405551,405572
405551,405573
405574,405575
405574,405576
405574,405577
405574,405578
405574,405579
405574,405580
405574,405412
405574,405581
405574,405582
405574,405583
405574,405584
405574,405585
405574,405586
405574,405587
405574,405588
405589,405590
405591,405404
405592,405530
405551,405593
405567,405594
405574,405595
405596,405511
405597,405598
405548,405599
405548,405600
405548,405601
405548,405602
405548,405603
405548,405604
405548,405605
405548,405606
405548,405607
405548,405608
405548,405609
405548,405610
405548,405364
405548,405611
405548,405612
405373,405613
405548,405614
405548,405615
405548,405616
405548,405617
405548,405618
405548,405619
405597,405620
405597,405621
405597,405622
405597,405623
405597,405624
405625,405626
405625,405627
405625,405628
405625,405629
405625,405625
405548,405630
405548,405631
405548,405632
405548,405633
405548,405363
405548,405634
405548,405635
405548,405636
405548,405637
405638,405639
405418,405640
405574,405641
405574,405642
405643,405474
405643,405644
405643,405645
405643,405646
405643,405527
405643,405370
405643,405575
405643,405647
405643,405648
405643,405649
405643,405576
405643,405650
405643,405651
405643,405652
405643,405653
405643,405654
405643,405655
405643,405541
405643,405656
405643,405657
405643,405517
405643,405658
405418,405536
405418,405418
405418,405659
405418,405660
405418,405537
405418,405661
405643,405662
405643,405663
405643,405404
405643,405664
405643,405665
405643,405666
405643,405667
405643,405668
405643,405642
405643,405669
405643,405670
405643,405671
405643,405672
405643,405673
405574,405670
405643,405487
405643,405674
405643,405675
405643,405410
405643,405676
405643,405677
405643,405678
405643,405679
405643,405680
405643,405681
405643,405682
405643,405683
405643,405587
405643,405684
405643,405685
405642,405404
405574,405686
405574,405687
405574,405665
405574,405688
405643,405689
405643,405585
405643,405537
405643,405690
405643,405378
405643,405574
405643,405691
405643,405528
405643,405601
405643,405692
405643,405693
405643,405694
405643,405508
405643,405695
405643,405696
405643,405412
405643,405697
405643,405486
405643,405698
405643,405583
405643,405699
405643,405700
405643,405701
405643,405702
405373,405703
405704,405705
405373,405706
405707,405610
405707,405708
405707,405709
405707,405710
405707,405711
405707,405571
405707,405712
405707,405713
405707,405714
405707,405634
405707,405715
405716,405717
405716,405718
405719,405720
405716,405721
405716,405722
405716,405723
405716,405724
405716,405581
405716,405725
405716,405726
405716,405578
405716,405727
405716,405595
405716,405728
405716,405729
405716,405730
405716,405731
405716,405585
405716,405732
405733,405734
405733,405735
405736,405737
405736,405378
405736,405738
405736,405739
405736,405740
405736,405741
405736,405519
405736,405742
405736,405743
405736,405744
405736,405745
405736,405746
405736,405747
405733,405748
405736,405749
405736,405750
405736,405751
405736,405752
405736,405753
405736,405754
405736,405755
405756,405757
405758,405720
405759,405760
405733,405761
405733,405762
405733,405639
405733,405763
405736,405764
405716,405670
405716,405765
405716,405766
405762,405539
405762,405734
405762,405748
405762,405767
405762,405735
405762,405768
405762,405769
405762,405770
405762,405771
405762,405772
405762,405391
405762,405773
405762,405774
405775,405404
405762,405639
405762,405776
405762,405761
405762,405401
405777,405571
405777,405778
405777,405779
405780,405634
405781,405782
405781,405475
405781,405783
405782,405784
405782,405785
405782,405544
405762,405786
405787,405788
405787,405789
405790,405790
405716,405665
405716,405687
405791,405792
405791,405793
405794,405410
405794,405795
405794,405532
405794,405796
405797,405523
405798,405751
405799,405598
405799,405800
405799,405622
405799,405623
405801,405802
405801,405803
405801,405804
405801,405805
405806,405807
405806,405808
405806,405634
405806,405809
405806,405810
405806,405811
405812,405813
405812,405814
405812,405360
405815,405539
405815,405816
405736,405817
405782,405818
405736,405819
405736,405820
405821,405487
405821,405482
405821,405488
405821,405489
405821,405490
405821,405491
405821,405492
405822,405378
405822,405490
405822,405376
405823,405824
405823,405515
405825,405826
405821,405486
405825,405762
405825,405827
405825,405828
405825,405829
405825,405776
405825,405786
405825,405830
405825,405733
405825,405774
405825,405772
405825,405831
405825,405832
405825,405833
405825,405390
405825,405834
405825,405389
405821,405485
405835,405370
405836,405837
405548,405838
405839,405530
405840,405840
405841,405530
405842,405843
405844,405845
405844,405846
405844,405847
405848,405523
405849,405396
405850,405851
405850,405852
405835,405646
405850,405853
405854,405855
405856,405530
405857,405858
405859,405540
405860,405530
405861,405862
405863,405864
405865,405865
405866,405867
405868,405869
405868,405870
405871,405472
405872,405404
405850,405873
405825,405874
405825,405770
405825,405394
405875,405876
405875,405877
405875,405878
405875,405879
405880,405881
405882,405883
405882,405884
405885,405396
405886,405537
405886,405887
405886,405888
405886,405889
405886,405890
405875,405392
405886,405424
405886,405891
405886,405419
405736,405712
405736,405892
405736,405893
405736,405894
405736,405895
405736,405896
405736,405897
405736,405678
405736,405898
405736,405899
405736,405900
405886,405901
405902,405903
405902,405904
405902,405905
405825,405393
405825,405769
405825,405906
405825,405768
405825,405907
405825,405789
405825,405908
405825,405909
405825,405910
405825,405734
405825,405911
405825,405912
405825,405913
405914,405454
405914,405453
405387,405385
405387,405915
405916,405684
405916,405917
405902,405918
405902,405919
405902,405920
405902,405921
405902,405922
405902,405923
405902,405924
405902,405870
405548,405452
405902,405925
405736,405926
405782,405927
405782,405639
405704,405928
405929,405532
405929,405930
405929,405931
405929,405932
405929,405933
405929,405934
405929,405935
405929,405936
405929,405450
405929,405937
405929,405938
405929,405939
405929,405940
405929,405941
405929,405942
405929,405943
405929,405944
405929,405945
405929,405946
405929,405947
405929,405410
405929,405948
405929,405949
405929,405950
405929,405951
405929,405952
405929,405953
405929,405954
405929,405955
405929,405956
405929,405957
405929,405958
405929,405959
405929,405960
405929,405961
405929,405962
405929,405963
405929,405964
405929,405965
405929,405966
405929,405967
405929,405968
405929,405969
405929,405970
405929,405971
405929,405972
405929,405973
405929,405974
405929,405975
405929,405976
405929,405977
405929,405978
405929,405979
405929,405980
405929,405981
405929,405982
405929,405983
405929,405984
405929,405985
405929,405986
405929,405987
405929,405988
405929,405989
405990,405464
405373,405991
405373,405992
405373,405993
405373,405994
405373,405995
405373,405996
405373,405997
405373,405998
405373,405999
405373,406000
405373,406001
405373,406002
405373,406003
405373,406004
405373,406005
405373,406006
405373,405541
405373,406007
405373,406008
405373,406009
405373,406010
405373,406011
405373,406012
405373,406013
405373,406014
405373,406015
405373,406016
405373,406017
405373,406018
405373,406019
405373,406020
405373,406021
405990,405616
406022,406023
406022,406024
406025,406025
406026,406027
406028,405381
405709,405634
405709,405708
406029,406030
406029,406031
406029,406032
406033,405356
406034,406035
406034,406036
406034,406037
406034,406038
406034,406039
406034,406040
406034,405622
406034,406041
406039,406042
406039,406035
406039,406036
406039,406037
406039,406038
406039,406040
406039,406034
406039,405622
406039,406041
405929,406043
405929,406044
405929,406045
405929,406046
405475,405898
405475,405639
405475,405392
405475,406047
405475,406030
405427,405407
405427,405406
406048,406049
406050,406051
406050,406052
406050,406053
406050,405544
406054,406035
405475,405391
406054,405486
406055,406056
405515,406057
405515,405517
405515,406058
405515,406059
405585,405404
406060,406061
406062,406063
406064,406065
406064,406066
406067,405943
406068,406069
406070,405490
406055,405857
405475,406071
405475,405382
405475,406072
405704,406073
405704,406074
405704,406075
405704,406076
405704,406077
405704,406078
405704,406079
405704,406080
405704,406081
405704,406082
405704,406083
405704,406084
405704,405458
406080,405523
405475,406085
405475,405427
405475,405715
405475,405753
405475,406086
405475,406087
405475,406088
405475,406089
405475,406090
405475,406091
405475,406092
405475,406093
405475,406094
405475,405781
405475,405377
406095,405530
405373,406096
406097,405784
406097,405544
405929,406098
405929,406099
405929,406100
405929,406101
405929,406102
405929,406103
405929,406104
405929,406105
405929,406106
405929,406107
405929,406108
405929,405990
405929,406109
405929,406110
405929,406111
405929,406112
405929,406113
405929,406114
405929,406115
405929,406116
405929,406117
405929,405795
405929,406118
405929,406119
405929,406120
405929,406121
405929,406122
405929,406123
405929,406124
405929,406125
405929,406126
405929,406127
406128,405631
406129,406130
406131,406131
406132,406133
406134,406135
405653,405404
405653,405665
405653,406136
405653,405670
405653,406137
405653,405585
405653,405662
405653,406138
405653,405641
405653,405474
405653,405595
405653,405527
405653,405651
405653,405654
405653,405378
405653,405695
405653,405412
405653,405700
405653,406139
405653,406140
405653,405775
405929,405593
405929,406141
405929,406142
406097,405785
405548,406143
406144,405490
406145,405523
406146,405495
405808,406147
405808,405634
405808,406148
406149,405847
406149,406150
406150,406149
406150,405847
406151,406151
406152,405523
406153,405396
406153,405508
406154,406155
406146,406066
406154,406156
406154,405495
406154,406157
406154,406158
406154,406159
406154,406160
406154,406161
406154,406162
406154,406163
406154,406164
406154,406165
406154,406166
406154,406154
406154,406167
406154,406168
406154,406169
406146,406170
406146,405523
406171,406066
406171,405544
406171,405508
406172,406173
406172,406172
406172,405616
406172,406174
406172,406175
406176,406176
406177,405720
406177,406178
406179,405486
406180,406179
406146,406181
406180,405486
406180,405527
406180,406182
406180,406183
406180,406184
406180,406185
405511,406186
405511,406187
405511,406188
405511,405596
406189,405511
406190,406191
406146,406192
406146,405530
406180,406193
406154,406194
406154,406195
406154,406196
405713,406197
405713,406198
405713,406199
405713,406200
405713,406201
405713,406202
405713,406203
405713,405634
405713,405715
406204,406205
406204,406206
406204,406207
406204,406208
405713,405517
406204,405948
406204,406209
406204,406210
406204,406211
406204,406212
406204,406213
406204,406214
406204,406215
406204,405937
406204,406216
406204,406217
406204,406218
406204,406219
406204,405935
406204,406220
405713,406221
405713,406222
405713,405739
406154,406223
406154,406224
406154,406225
406154,406226
406227,406228
406227,405452
406229,405713
406229,406229
406229,406230
406229,405634
406229,405715
406230,405713
406230,406229
406230,405715
406230,405634
406231,406133
406231,405415
406231,406232
406231,405458
405713,406230
405713,406233
405713,406234
405713,406235
405713,406236
405713,406237
405713,406238
405713,406229
405713,406239
405713,406240
406241,406242
406204,406243
406244,405593
406244,406110
406130,406245
406130,406246
406130,406247
406248,406249
406250,405458
406251,405476
406252,405427
406252,405639
406252,405537
406252,406253
406252,406069
406252,405392
406252,405404
406130,406254
406252,406255
406256,406257
406256,405954
406256,405796
406256,406235
406256,406258
406256,405931
406256,405532
406256,406259
406256,406260
406256,406261
406256,406262
406256,405969
406256,406263
406264,405532
406256,406265
406130,406266
406267,406268
406269,406270
406269,406271
406269,406272
405536,405537
405536,405901
405536,406273
406274,405392
406274,406275
406274,405490
406274,405515
406276,405415
405415,406277
405415,406091
406267,405634
405415,405414
405415,406278
405415,406279
406280,405486
406253,406281
406282,406283
406282,406253
406282,406284
406282,406282
406282,406285
406282,406286
406282,405878
406287,406288
406289,405530
405415,406276
406256,405847
406256,405795
406256,406290
406291,406292
406291,406293
406294,405544
406294,406053
406294,405665
406295,405720
406296,406297
406296,405530
406298,406299
406298,405474
406298,406300
406301,406302
406244,405948
406291,406303
406244,406209
406244,406304
406244,405937
406244,406243
406244,405957
406244,406305
406244,406306
406244,406307
406244,405847
406244,405795
406244,406308
406244,406106
406244,406090
406244,406309
406244,406310
406291,406311
406291,406312
406291,406313
406256,406204
406256,406314
406256,406315
406256,406316
406256,406317
406318,406319
406318,405634
406318,406320
406321,405452
406144,405378
405598,406322
405598,406323
405598,406038
405598,406324
405598,405624
405598,405623
405598,405622
405598,405620
405598,406325
405598,406326
406327,405624
406327,405623
406327,405622
406327,405620
406327,405598
406311,406328
406291,406329
406291,406330
406291,406331
406244,405355
406204,406244
406204,405957
406204,405794
406332,406333
406332,406334
406332,406335
406332,406336
406332,406337
406332,406338
406332,406111
406332,406339
406332,406340
406332,406341
406332,405795
406332,406342
406332,406119
406332,406343
406332,406344
406332,406345
406332,406346
406332,406046
406332,406347
406332,406348
406332,405651
406332,406349
406332,405655
406332,406350
406332,405959
406332,406351
406332,406352
406332,406353
406332,405847
406332,405969
406332,406354
406355,406356
406357,405847
406357,405795
406348,405954
406348,405681
406348,405410
406348,405532
406348,406259
406348,405969
406348,405795
406348,406337
406348,405593
406344,405684
406344,406358
406359,405847
406344,405654
406341,406360
406341,406361
406341,406362
405622,406363
406323,405622
406323,406364
406323,405598
406323,406035
406323,405624
406365,406366
406365,406249
406365,406367
406355,406368
406344,405404
406332,406369
406332,406370
406332,406371
406341,406372
406341,406373
406341,406341
406341,406374
406341,405720
406341,406375
406341,406376
406341,406377
406341,406378
406341,406379
406341,406380
406341,406381
406341,406382
406341,406383
406341,406384
406341,406385
406341,406386
406341,406387
406341,406388
406341,406389
406341,406390
406341,406391
406341,406392
406341,406393
406341,406394
406341,406395
406341,406396
406397,405539
406341,406398
406341,406399
406341,406400
406341,406401
406332,406402
406332,405693
406332,406403
406332,406404
406332,405697
406332,406262
406332,406261
406332,406405
406332,406259
406332,406357
406332,406406
406332,405532
406332,406407
406332,405931
406332,406408
406332,405935
406332,406216
406332,406393
406332,405940
406332,406409
406332,406211
406332,405410
406332,405948
406332,406410
406332,405954
406341,406411
406341,406412
406341,406413
406341,406414
406357,405655
406357,405948
406393,406415
406393,406334
406204,406345
406204,406416
406204,406417
406204,406418
406204,406342
406204,406419
406204,406420
406204,406421
406204,406422
406204,406423
406204,406204
406204,406424
406204,406425
406204,406426
406204,406124
406204,406106
406204,406309
406204,406427
406204,406099
406204,406110
406204,406428
406204,406429
406204,406430
406204,406431
406204,406432
406204,406337
406204,406433
406204,406434
406204,406435
406204,406436
406204,406437
406204,406347
406204,406438
406204,406332
406204,406439
406204,406440
406204,406441
406204,406442
406204,406443
406204,406444
406204,406239
406204,406445
406204,406446
406204,406447
406204,406370
406204,405971
406204,406448
406204,406449
406204,406450
406204,406306
406204,405968
406204,406307
406204,406451
406204,406452
406204,406453
406204,406454
406204,405531
406204,405959
406204,406455
406204,406456
406204,406348
406204,406334
406269,405491
406204,406457
406204,406458
406459,406460
405539,406461
405539,405786
405539,406277
405539,406069
406462,405539
406393,406463
406393,406464
406393,406216
406393,406465
406393,406466
406393,405794
406393,406332
406459,406467
406393,406468
406393,406441
406393,406307
406393,406351
406393,406469
406393,406345
406393,405720
406393,406342
406393,406470
406393,406341
406393,406290
406393,406471
406393,405671
406393,406335
406393,406385
406459,405495
406459,406472
406459,406473
406204,406264
406204,406474
406204,405593
406204,406257
406204,405954
406204,405796
406204,406235
406204,406258
406204,405931
406204,405532
406204,406259
406204,406260
406204,406261
406204,406262
406204,405969
406204,406263
406204,406265
406204,405795
406204,406290
406204,406314
406204,406315
406204,406316
406204,406317
406204,406256
406204,406349
406204,405847
406459,406475
406459,406476
406459,406477
406204,406478
406479,405404
406269,406480
406269,405669
406481,406482
406481,406481
406483,406484
406483,406485
406483,406486
406483,405540
406487,405396
406488,406066
406489,406490
406489,406491
406492,406493
406494,405404
406495,405824
406496,406497
406498,406499
405582,405666
405582,406500
405582,405670
405582,405404
406501,406055
406501,405385
406502,405631
406503,405532
406504,405539
406505,405539
406506,406507
406506,406508
406506,406509
405582,406510
406506,406511
406496,406512
406496,405363
406513,406514
406513,405604
406513,406515
406513,406516
406513,406517
406513,406518
406513,406519
406513,406520
406513,406521
406513,405791
406513,406522
406513,406523
406513,406524
406496,406525
406513,405490
406513,405476
406513,406526
406513,406527
406513,405474
406513,406528
406513,406112
406513,406529
406513,406530
406513,406531
406513,406532
406513,406533
406513,406534
406496,406535
406513,406536
406506,406537
406538,405410
406538,405943
406539,405489
406539,406540
406539,406541
406539,406542
406539,406543
406539,406544
406539,406545
406539,406546
406539,406547
406539,406548
406539,406549
406539,406090
406539,406550
406539,406298
406539,406273
406539,406551
406539,405501
406552,406553
406552,405943
406552,405392
406552,406554
406552,406555
406552,406556
406552,406557
406552,406558
406552,406559
406552,406560
406552,406561
406539,406562
406539,406561
406539,406560
406539,406559
406538,405940
406538,405937
406538,405934
406538,406244
406538,405941
406538,406307
406538,405961
406538,405795
406538,406109
406538,406106
406538,406110
406563,406563
406564,406565
406564,406566
406567,405881
406568,406569
406570,405670
406570,405642
406570,405665
406570,405404
406571,406571
406539,406553
406539,405943
406539,405392
406539,406554
406539,406555
406539,406556
406539,406557
406539,406558
406513,406572
406552,406298
406513,406573
406513,406574
406575,406576
406575,406323
406575,406577
406575,406578
406575,406579
406575,406580
406575,405623
406575,406581
406575,405624
406575,406582
406583,406035
406583,405622
405716,406584
406575,406585
405716,405404
406586,406586
406587,406588
406587,406589
406188,405511
406590,406493
406591,406592
406593,406594
406593,406493
406595,406596
406595,406597
406595,406598
406595,406599
406595,406600
405716,406140
406601,405361
406575,405622
406575,405800
406533,406175
406533,405617
406533,405616
406602,405355
406602,405356
406602,406603
406604,406605
406604,405847
406604,406385
406575,406606
406575,406607
406575,406608
406575,406364
406575,406609
406575,406610
406575,406611
406575,406325
406575,406612
406575,406613
406575,406614
406575,406035
406575,406615
406575,406583
406575,406616
406575,406617
406575,406618
406575,406352
406575,406619
406575,406620
406601,406621
406601,406622
406601,405781
406623,406059
406623,406624
406623,406625
406623,406626
406623,406627
406623,405657
406623,406628
406623,406629
406623,406325
406623,406630
406623,406611
406623,406631
406623,405671
406623,406616
406623,405669
406623,406632
406623,405421
406623,405491
406623,406633
406623,405420
406623,405775
406623,405419
406623,406634
406623,406635
406623,406636
406626,405641
406626,405404
406626,406140
406623,406637
406623,406493
406623,406638
406623,406639
406623,406640
406623,406641
406623,406642
406623,406575
406623,406643
406623,406644
406623,406645
406623,406646
406623,406647
406623,406269
406623,406648
406623,405537
406623,405660
406623,406576
406623,406649
406623,406650
406623,406179
406623,405536
406623,406651
406623,406652
406623,406274
406623,405486
406623,406653
406623,405528
406623,406654
406623,406655
406623,405971
406623,406656
406623,406657
406513,406658
406552,405489
406552,406540
406552,406541
405791,406573
405791,406514
405791,406659
405791,406660
405791,406661
405791,406515
405791,406517
405791,406662
405791,406518
405791,406663
405791,406299
405791,405791
405791,406524
405791,406658
405791,406536
405791,406526
405791,406527
405791,406528
405791,406112
405791,406664
405791,406529
405791,406530
406665,406658
406665,406518
406665,406529
406665,406534
406665,406574
406665,406573
405791,405476
406665,406572
405791,406574
405791,406666
406667,406440
406667,406668
406669,405401
405625,405947
405625,406670
405625,406671
405625,406672
405625,406673
405625,406674
405625,406675
405625,406676
405625,406677
405625,406678
405791,406679
405625,406680
405625,406681
405625,406682
405625,406683
405625,406684
405625,406685
405625,406686
405625,406687
405622,406035
405622,406583
405622,406688
405791,406689
405791,406690
405791,406691
405625,406692
406665,406514
406665,406693
406665,405604
406269,406694
406269,406695
406269,406649
406269,406696
406269,406179
406269,405486
406269,406697
406269,406698
406269,406653
406269,406656
406269,406639
406269,405673
406269,406699
406269,406700
406269,406638
406269,405650
406269,406624
406269,405527
406269,406701
406269,406702
406269,406703
406269,405657
406269,406628
406269,406629
406269,406630
406269,406704
406269,405376
406269,406705
406269,405380
406269,406645
406269,406706
406269,406707
406665,406515
406665,406516
406665,406517
406665,406519
406665,406520
406665,406521
406665,405791
406665,406522
406665,406523
406665,406524
406665,405490
406665,406708
406665,406536
406665,405476
406665,406701
406665,406526
406665,406527
406665,405474
406665,406528
406665,406112
406665,406530
406665,406531
406665,406532
406665,406533
406709,406710
406709,405528
406709,405474
406709,405486
406709,405527
406667,406711
406667,406406
406667,405532
406712,406713
406714,405490
406714,405646
406714,405474
406714,405376
406714,405491
406714,406714
406715,406716
406715,406717
406715,406718
406715,406719
406715,405696
406715,406720
406715,406721
406714,405651
406715,406722
406715,406723
406715,406724
406715,406725
406715,406336
406715,406726
406715,406343
406715,405532
406715,405690
406715,406139
406715,405583
406715,405697
406715,405693
406715,406727
406715,406728
406714,406699
406714,405487
406714,406729
406552,406542
406552,406543
406552,406544
406552,406545
406552,406546
406552,406547
406552,406548
406552,406549
406552,406090
406552,406550
406552,406273
406552,406562
406552,406551
406552,405501
406730,405415
406731,405537
406731,406732
406714,406733
406714,406734
406714,406695
406714,406735
406714,405700
406714,406731
406714,406652
406714,405486
406714,405528
406714,406736
406714,406737
406714,406738
406715,405378
406269,406739
406715,405654
406715,405651
406740,405450
406740,406741
406740,405958
406740,405804
406740,406742
406740,405961
406740,406043
406740,406743
406740,405801
406740,406744
406740,406745
406740,406746
406747,406253
406740,405943
406748,406253
406749,406750
406749,406751
406749,406752
406749,406753
406754,405476
406755,405378
406755,405474
406755,405642
406755,405665
406755,405404
406756,406757
406758,405943
406758,406759
406749,406760
406740,405946
406761,406762
406761,405891
406715,405656
406715,406763
406715,406668
406715,406764
406715,405671
406715,405670
406715,406765
406715,405666
406715,406766
406715,405663
406715,406354
406767,405363
406761,406768
406761,406769
406761,406770
406761,406771
406761,406772
406761,405537
406761,406773
406761,406774
406761,406775
406761,406776
406761,406777
406761,406778
406761,406779
406761,406780
406761,406781
406761,406782
406761,406783
406715,406784
406397,406785
405902,406786
406787,406778
406788,406635
406788,406789
406788,406790
406788,406174
406788,406791
406788,405616
406788,405464
406788,406792
406788,405617
405553,405571
405553,405778
406793,406794
406795,406796
405971,405508
406797,406798
406797,406799
406797,406800
406797,406801
406797,406802
406797,406803
406797,406804
406797,406805
406797,406806
406797,406807
406808,406809
406808,406810
406808,406811
406808,406066
406797,406812
406808,406813
405971,405486
405612,405634
406814,406815
406814,405634
406497,406816
406497,406817
406497,405893
406497,406818
406497,406819
406497,406820
406497,405612
406497,406821
406497,406822
406497,406823
406497,406824
405971,405532
406497,405814
406497,405548
406497,406365
406497,406066
406497,406825
406497,406826
406497,406248
406497,405745
406497,406827
406497,406128
406818,406249
406818,406819
406818,406820
406818,405612
406497,405895
405641,406828
406829,405486
406829,406830
405633,406831
405633,406832
405633,406833
405633,405630
405633,405631
405633,406826
405633,406790
405633,406834
405633,405632
405633,405363
405633,406835
405633,406522
405633,406320
405633,406836
405633,405634
405633,406837
405633,406838
405633,406839
405633,406840
405633,405618
405633,405617
405633,405607
405633,405599
405633,406841
405633,406842
405633,405600
405633,406843
405633,406811
405633,406844
406829,405508
405633,405452
405633,406845
406829,405943
405633,406635
405633,406846
405633,405464
405633,406847
405633,406848
405633,406849
405633,405366
405633,406850
405633,406851
405633,406185
405633,406852
405633,406497
405633,406853
405633,406854
405633,406855
405633,406856
405633,406610
405633,406857
405633,405356
405633,406620
405633,406858
405633,406859
405633,406860
405633,405456
405633,406861
405633,406862
405633,406863
405633,406864
405633,406053
405641,405404
405662,405689
405464,406865
406218,406866
406218,406418
406218,406867
406218,405532
406218,405796
406868,405634
405528,405474
405474,405528
405662,405404
405662,405665
405662,405641
405662,405474
405464,405616
405662,405575
405662,405487
405662,405378
405662,405412
405662,405700
405662,405678
405662,405679
405662,405587
405662,406140
405662,405775
405662,405670
405662,406624
405662,405695
405662,406869
405662,405647
405662,405427
405464,405601
405356,405366
405527,406870
405527,406871
405486,405652
405486,406270
405486,405527
405486,406641
405486,406280
406855,406066
405363,406066
405363,405456
405363,405364
405363,405548
405363,405464
405356,405363
405363,405601
406066,406872
406066,406065
406066,406064
406066,406488
405600,405544
406873,405363
406873,405472
406873,406874
406875,405356
405356,406876
405356,406877
405356,406878
405356,406879
406066,405900
405641,406140
405662,406880
405662,405539
405662,405569
405662,406881
405662,405764
405662,406882
405662,405730
405662,405649
405662,405656
405662,406883
405662,405472
405662,406618
405662,406275
405662,405673
405662,406655
405662,406884
405662,406653
405662,406885
405662,405690
405662,405898
405662,406886
405662,406660
405662,406643
405662,405680
405662,406887
405662,406888
405662,406047
405662,405674
405662,406889
405662,405537
405662,405516
405662,406890
405662,406891
405662,406892
405662,406893
405662,406894
405662,406055
405662,405515
405662,406069
405662,405763
405662,405781
405662,406895
405662,405585
405662,405773
405662,405523
405662,405639
405662,406896
405662,405751
405662,405392
405662,406897
405662,405761
405662,406898
405662,405686
405662,406136
405662,405642
405662,405580
405662,405586
405662,406899
405662,405419
405662,405666
405662,406900
405662,405901
405662,406060
405633,405508
405633,406901
405633,406902
406903,406904
406903,406905
406903,405824
406903,406906
406903,405823
406903,405515
406903,406907
406903,406908
406903,406730
406903,406903
406903,405498
406903,405901
406903,406909
406910,405864
406911,406465
406912,406908
406912,406913
406914,406297
406915,405404
406916,405678
406916,405378
406916,405490
406917,406918
406917,406919
406917,406920
406917,406921
406917,406922
406917,405717
406912,406904
406917,406923
406924,406925
406926,406030
406851,405356
406851,406620
406851,406858
406851,406927
406851,406859
406851,406860
406851,405456
406851,406861
406851,406862
406851,406863
406851,406845
406851,406928
406851,405452
406929,406930
406851,406836
406851,406832
406851,406931
406851,405630
406851,405631
406851,406932
406851,406826
406851,406790
406851,406834
406851,406933
406851,405632
406851,405633
406851,406934
406935,406936
406851,406831
406851,406937
406917,405410
406917,406938
406917,406939
406917,406940
406917,406941
406917,406942
406917,406943
406917,406944
406917,406945
406917,406946
406917,406865
406917,406947
406917,405491
406917,406948
406917,406949
406917,406950
406917,406951
406917,406952
406953,406954
406955,405458
406956,405458
406957,405396
406958,406959
406958,406960
406961,406962
406961,406963
406964,406733
406964,406735
406964,406731
406964,406652
406917,406965
406917,406966
406917,406967
406917,406968
406917,406969
406917,406970
406917,406971
406917,406917
406917,406972
406917,406973
406917,406974
406917,406975
406917,406976
406917,406977
406917,405723
406917,406978
406917,406979
406917,406980
406917,406981
406917,406982
406917,406983
406917,406440
406917,406984
406917,406985
406917,406986
406917,406987
406917,406988
406917,406989
406917,406990
406917,406991
406917,406992
406917,406993
406917,406994
406851,406857
406851,406610
406851,406995
405633,405612
405633,405549
405633,405544
405633,405614
405633,405615
405633,405838
405633,406143
405633,406875
405633,406996
405633,406997
405633,406998
405633,406999
405633,407000
405633,406825
405633,407001
405633,405569
405633,407002
405633,407003
405633,407004
405633,405474
405633,405476
405633,405795
405633,406165
405633,407005
405633,406046
405633,406349
405633,407006
405633,405488
405633,406300
405633,405487
405633,405611
405633,406872
405633,407007
405633,405602
405633,407008
405633,405603
405633,405604
405633,407009
405633,406791
405633,405605
405633,405606
405633,407010
405633,406651
405633,405608
405633,407011
405633,407012
405633,407013
405633,407014
405633,405616
405633,407015
405633,405609
405633,407016
405633,405714
405633,407017
405633,407018
405633,407019
405633,406066
405633,407020
405633,405610
405633,405364
405633,407021
405633,407022
405633,406737
405633,405378
405366,407018
405366,407023
405366,405427
405366,407024
405366,405525
405366,405490
405366,407025
405366,406047
406851,406635
406851,406846
406851,407026
406851,407027
406851,405464
405366,406878
406851,406847
406851,406848
406851,406849
406851,405366
406851,406850
406851,406851
406851,406185
406851,406852
406851,406497
406851,406854
406851,406864
406851,406855
406851,407028
406851,406816
406851,407029
405366,407030
405366,405363
405366,406094
405633,407031
405633,405693
405633,406385
405633,407032
405633,407033
405633,405845
405633,405532
405633,406773
405633,407034
405633,406243
405633,407035
405633,406216
405633,407036
405633,407037
405633,405410
405633,405678
405633,405681
405633,407038
405633,405685
405633,406816
405633,406934
405633,405548
405633,405465
405633,406251
405633,407039
405633,407040
405366,405356
405366,407041
405366,407042
405527,407043
406964,405486
405527,406270
405527,406641
407044,405404
407045,405593
407045,407046
407045,405878
407045,406816
407045,407047
407045,407044
407045,406090
407045,406548
407045,405795
407045,405847
407045,405490
407045,405739
407048,406653
407045,405382
407045,406653
407045,406621
407045,407049
407045,406305
407045,405532
407045,406874
407045,405898
407045,406648
407045,406310
407045,405410
407045,405681
407045,407050
407045,407051
407045,405378
405593,405355
407048,407052
407048,407044
406832,406811
406811,407053
406811,406808
406811,406066
406811,406813
406811,407054
406811,407055
406811,407056
406811,406836
406811,406832
406811,406834
406811,407007
406811,407013
407048,406493
406811,405549
406268,405634
405634,406868
405634,405612
405634,406859
405634,405745
405634,405810
405634,406268
405634,406318
405634,406320
405634,405715
405634,406230
405634,406229
405634,405713
406811,405544
407057,407057
405593,406110
405593,406090
405878,407058
405878,405392
405878,406283
405878,405875
406816,406497
406816,407059
406816,406817
406816,405893
406090,406548
406090,405616
406548,406090
406548,405616
405795,405532
405878,407060
405795,406110
405795,406418
405795,406262
405795,407061
405795,405937
405795,407062
405795,406428
405795,405969
405795,405971
405795,405508
405795,406046
405795,405490
405795,405378
405490,405474
405795,406106
405593,406309
405878,405876
405878,407063
405593,406106
405593,406308
405593,405795
405593,405847
405593,406307
405593,406306
405593,406305
405593,405957
405593,406244
405593,406243
405593,405937
405593,406304
405593,406310
405878,407064
405593,406209
405878,407065
405878,407066
405878,406495
405878,407067
405878,405879
405878,407068
405878,405878
405878,407069
405878,407070
405878,407071
405878,407072
405878,406281
405878,405877
405593,405948
405532,406256
405467,405693
405467,407073
405639,405436
405639,405437
405639,405438
405639,405439
405639,405440
405639,405441
405639,405442
405639,405429
405639,405443
405639,405444
405639,405445
405639,405446
405639,405430
405639,405435
405639,407074
407075,406908
407075,406904
405424,405537
407076,407077
407076,406537
407076,407078
407076,405554
407076,407079
407076,407080
407076,407081
407076,405563
407076,407082
407076,405568
407075,406913
406537,406506
407083,407084
405452,406228
406093,405392
406093,405639
405392,407085
405392,405389
405392,405878
407086,407087
406247,405943
407088,405452
407088,406493
407088,405639
407088,407089
407088,405490
405452,407090
407083,406493
405452,406497
405452,405630
405452,406826
405452,407091
405452,405618
405452,407061
405452,407092
405452,406175
405452,405452
405452,407093
405452,407094
405452,406840
405452,407007
405452,406227
405452,406110
405467,405655
406537,407082
407082,405420
407095,405943
407095,405541
407095,405370
405476,406754
405476,407096
405476,405410
407097,405472
405892,407098
405892,407099
405892,407100
405892,405894
407101,407101
407102,407103
407095,405476
407104,407105
407104,405476
407104,406663
407104,405601
407104,407073
407104,405467
407104,407038
405601,405363
405601,407106
405601,405633
405601,407107
405467,405476
405467,405474
405467,405528
407104,406109
407082,407108
405404,405585
405404,406643
407082,405888
407082,405516
407082,405537
407082,407109
407082,405681
405568,405571
405568,405563
405568,407082
405568,406537
405568,407110
407111,406302
407112,405458
405473,406913
405404,405642
405473,405472
405404,406140
405404,405641
405404,405665
405404,406344
405404,405654
405404,406358
405404,405684
405404,405411
405404,405412
405404,405403
405404,406494
405404,407044
405404,405872
405670,405404
405532,406317
405532,406316
405532,406315
406872,407007
406872,407113
406872,407059
406872,407114
406872,407115
406872,407116
406872,406128
406872,407117
406872,407118
406872,407119
406872,407120
406872,407121
406872,407122
406872,405508
406872,407123
406872,405782
406872,406825
406872,405544
406872,406879
406872,407124
406872,405818
406872,405895
406872,407125
406872,407126
406872,405927
406872,405893
406872,405685
405544,406635
406872,407127
405544,406185
406872,407128
406872,407129
406872,405658
406872,407130
406872,407131
406872,407132
406872,407133
406872,405745
406872,406831
406872,406832
406872,406097
406872,407134
406872,406834
406872,407135
406872,407136
406872,406811
406872,407137
406872,407138
406872,407139
406872,407140
406872,405784
406872,406820
406872,407141
406872,407142
406872,406064
406872,407143
406872,407144
406872,405888
406872,407145
406872,405580
406872,406065
406872,407146
405544,406855
405544,406831
406514,406098
406514,407147
406514,405476
406514,406043
406514,405974
406514,407148
406514,407149
406514,406490
407150,405720
407151,406297
407152,405523
407153,405456
407153,407154
406514,407104
407153,405363
407153,407155
407153,407018
405456,407156
405456,407157
405456,405455
405456,407158
405456,405548
405456,405633
405456,407159
405456,407160
406576,405527
406576,405486
405527,405486
407153,407030
405544,405452
406514,406173
406514,407161
405544,406832
405544,405363
405544,405508
405544,407007
405544,406066
405544,406872
405544,406825
405544,407027
405544,407162
405544,406790
405544,406933
405544,406835
405544,405618
406514,407073
405544,405600
405544,407163
405544,407164
405544,406050
405544,406053
405544,405543
405544,407165
405544,407166
406514,407167
406514,406620
406514,407168
406514,406109
406514,407169
406514,405634
405544,406873
406872,405688
406872,406855
406872,407170
405423,407171
405423,407172
407173,405525
405525,407174
405525,407173
405525,405427
405525,405366
405525,407024
405525,405490
405975,406108
405975,405975
405975,407175
405975,405940
405423,407176
405975,407177
405975,407178
405975,407179
405975,407180
407181,405458
407182,407183
407184,406465
407185,407186
407187,407186
407188,405530
407189,407190
407191,405530
407192,407193
407194,405458
405975,407195
407196,405523
405423,407197
405423,405891
405532,406314
405532,406204
405532,406290
405532,405795
405532,405847
405532,406265
405532,406263
405532,405969
405532,406262
405532,406261
405532,406260
405532,406259
405532,405931
405423,406780
405532,406258
405532,405796
405532,405954
405532,406257
405410,405655
405410,405693
405410,407198
405410,406440
405410,405795
405410,406121
405681,407199
407200,405858
407200,407201
407202,407203
405532,406235
407204,405523
407205,405396
407206,405458
407007,406185
407007,406497
407007,406836
407007,407207
407007,406832
407007,405508
407007,407007
407007,407015
407007,407208
407007,406066
406872,405900
406872,407209
406872,406066
407007,406848
406872,407210
406872,407211
406872,406847
406872,407212
406872,407213
406872,407214
406872,407053
406872,407215
406872,407216
406872,407217
406872,406185
406872,407218
406872,406900
406872,407219
406872,407220
407007,406847
407007,405544
405791,407221
406876,406027
407222,405452
407223,406493
407223,405362
406787,406808
407223,406461
407224,405508
405508,407224
405508,405544
405508,405517
405508,405508
405508,405548
407225,406192
407225,405530
407225,405458
407226,407226
407227,407228
407227,407229
407227,407230
407227,407231
407227,407232
407229,405472
406110,405452
406110,407091
406110,405618
406110,407061
407007,406811
407007,406872
407007,406825
405527,407233
406964,405528
407223,407074
406964,406737
406046,405795
406046,406307
406046,407234
406046,405941
406046,406244
406046,405934
406046,405937
406046,405940
406046,405943
406046,405410
406349,407235
406349,407236
406349,407237
406046,406109
406349,406999
406349,407238
406349,407239
406349,407240
406349,407241
406349,407242
406349,405847
406349,407243
406349,407244
406349,407245
406349,405812
406349,407246
406349,406441
406349,407247
406349,407248
406349,406468
406046,406106
405969,406204
407249,407250
407249,407251
407252,407252
406453,406478
406453,407253
406453,406124
406453,405847
406453,406347
406453,407254
406453,406263
406453,405969
406453,406239
406453,406443
406046,406110
406453,406261
406453,406215
406453,406210
406453,406220
406453,405796
405969,405971
405969,405532
405969,405795
405969,406348
405969,405693
405969,406259
405969,405937
405969,405410
405969,405954
406453,405532
407249,405490
406349,407255
406349,407256
407257,407258
407257,405983
405810,405634
406138,405452
406138,405618
407259,407260
407261,407262
407261,407263
407261,407264
407261,405634
407261,407265
407265,407262
407265,407261
407257,407266
407265,407263
407265,405634
407265,407265
405521,407267
405521,407268
405521,407269
405521,407270
405521,407271
405521,407272
405521,407273
405521,407274
407270,405639
405548,406635
405548,406848
407265,407264
406349,406261
407257,405363
407257,407275
406349,407276
406349,407277
406349,407278
406349,407279
406349,406216
406349,407280
406349,407281
406349,405948
406349,407282
406349,407283
406349,405593
406349,406371
406349,405794
407257,407284
406773,407285
407286,405715
407286,407287
407286,405634
407286,407288
405715,407289
405715,405634
405715,406230
405715,406229
405715,405713
405715,405707
405715,407290
405715,407287
405715,407288
406243,405616
405548,405366
407249,407291
407292,407293
407294,407295
407294,407296
407294,407297
407294,407298
407294,406155
407292,407299
407292,407300
407292,407301
407292,407302
407292,407303
407292,407304
407292,407305
407292,407306
407294,407307
407292,407308
407292,407309
407292,407310
407292,407311
407292,407312
407292,407313
407292,407314
407292,407315
407292,407316
407292,407317
407292,407004
407292,407318
407292,407319
407292,407320
407292,407321
407292,407322
407294,407323
407294,407324
407294,407325
407294,407326
407294,407327
407294,407328
407294,407329
407294,407330
407294,407331
407294,407332
407294,407333
407294,407334
407294,407335
407294,407336
407294,405495
407294,407337
407294,407338
407294,407034
407294,407339
407294,407340
407294,407341
407294,407342
407294,407343
407294,407036
407294,407344
407294,407345
407294,407346
407294,407347
407294,407348
407294,407349
407294,407350
407351,407352
407292,407353
407292,407354
407292,407355
407292,407326
407292,407328
407292,407329
407292,407330
407292,407331
407292,407332
407292,407356
407292,407336
407292,405495
407292,407338
407292,407034
407292,407339
407292,407351
407292,407340
407292,407036
407292,407344
407292,407345
407292,407346
407292,407347
407292,407348
407292,407349
407292,407324
407292,407337
407292,407323
407292,407307
407292,407296
407292,407298
407292,407342
407292,407357
407292,407358
407292,407359
407292,407360
407292,407361
407292,407362
407292,407363
407292,407364
407292,407365
407292,407366
407292,407367
407292,407368
407292,407369
407292,407370
407292,407371
407292,407292
407292,407372
407292,407373
407292,407374
407292,407375
407292,407376
407292,407377
407292,407378
407292,407379
407292,407294
407292,407380
407292,407381
407292,407382
407292,407383
407292,407384
407292,407385
407292,407386
405548,406851
405548,406185
405548,406854
407387,405679
407387,405678
407387,405677
407387,405676
407387,405410
407387,405675
407387,407096
407387,405682
407387,407040
407387,405585
407387,405537
407387,405690
407387,406774
407387,405680
407387,405701
407387,405583
407387,405698
407387,405486
407387,405697
407387,405412
407387,405696
407387,405695
407387,405508
407387,405694
407387,405693
407387,405692
407387,405601
407387,405528
407387,405699
407387,405691
407387,405681
407387,405689
407388,407211
407388,407389
407388,407390
407388,407391
407388,407392
407393,405396
407394,405508
407395,406710
407395,407396
407395,405537
407395,407397
407395,407398
407395,405888
407387,405683
407395,407399
407395,406527
407395,407400
407395,407401
407402,405639
407403,405571
407404,405392
407404,406275
407404,405490
407404,405515
407405,406465
407405,405495
407387,405684
407387,405587
407395,407406
407388,407213
407387,405574
407387,406655
407387,405664
407387,405775
407387,405404
407387,405663
407387,405662
407387,406140
407407,405490
407407,407024
407407,405366
407407,405427
407408,406297
407408,405530
407409,407410
407387,405665
407411,406735
407411,405370
407411,405476
407412,406735
407412,405541
407412,405370
407412,405476
406787,407413
406787,407414
406787,407415
406787,407416
406787,406493
406787,407417
406964,406736
407411,405541
407387,405378
407387,405666
407387,405668
407387,405674
407387,405702
407387,405487
407387,405673
407387,405541
407387,405655
407387,405654
407387,405653
407387,405652
407387,405651
407387,405576
407387,405656
407387,405649
407387,405667
407387,405647
407387,405370
407387,405646
407387,405645
407387,405644
407387,405474
407387,405648
407387,405657
407387,405517
407387,405672
407387,405671
407387,405670
407387,405669
407387,405642
407387,405575
407388,406809
407388,407418
407388,407419
405548,406651
405548,407011
405548,407021
405548,407014
405548,407015
405548,407208
405548,407017
405548,407019
405548,406066
405548,406872
405548,406825
405548,405544
405548,406996
405548,407010
405548,406846
405548,406847
405548,406849
405548,406850
405548,406852
405548,406497
405548,406856
405548,406859
405548,405456
405548,406861
405548,406863
405548,406845
407388,407416
407388,407420
405548,405464
407388,407421
405548,406791
405548,407008
405548,406864
405548,406855
405548,406610
405548,406857
405548,406620
405548,406858
405548,406860
405548,406862
405548,406853
405548,406831
405548,406832
405548,406790
405548,406834
405548,407009
405548,406835
405548,406837
405548,406840
405548,407422
405548,407423
405548,407424
405548,406841
405548,406842
405548,406843
405548,406811
405548,406053
405548,405508
405548,406901
405548,407007
405548,406522
407388,407425
407388,407426
407388,407427
407388,407428
407388,407429
407388,405745
407388,407430
407388,407431
407388,406810
407388,407417
407388,407432
407388,407284
407388,406778
407388,406183
407388,407433
407388,407146
407388,407434
407388,407435
407388,407436
407388,407437
407388,406184
407388,406808
407388,407438
407388,407217
407388,407439
407388,407440
407388,407441
407388,407442
407388,407443
407388,407444
407388,407445
407388,407446
407388,407447
407388,407448
407388,407449
407388,407450
407388,407451
407388,407452
407388,407453
407388,407144
407388,407454
407388,407455
407388,407456
407388,407457
407388,407458
407388,407459
407388,407460
407388,405844
407388,407039
407388,407461
407388,407462
407388,406820
407388,407463
407388,407464
407388,407465
407388,407466
407388,407467
407388,407468
407388,407469
407388,407470
407388,407471
407388,407472
407388,407473
407388,407474
407294,407351
407294,407358
405791,407475
407294,407359
406851,407476
406851,407020
406851,405610
406851,405364
406851,406872
406851,407012
406851,407477
406851,405611
406851,407478
406851,406825
406851,407479
406851,405612
406851,405549
406851,407121
406851,405544
406851,405615
406851,407480
406851,405838
406851,406143
406851,406875
406851,406996
406851,407481
406859,407482
406859,405452
406859,405838
406863,407483
406863,407484
406863,405633
406851,405614
406863,407107
406851,406066
406851,407018
406851,405508
406851,406901
406851,406902
406851,407485
406851,407007
406851,405602
406851,407008
406851,405603
406851,407486
406851,405604
406851,407009
406851,406791
406851,407487
406851,407019
406851,405605
406851,407010
406851,406651
406851,405608
406851,406873
406851,407011
406851,407013
406851,407021
406851,405616
406851,407015
406851,405609
406851,407016
406851,405714
406851,407208
406851,405606
406851,407488
406863,406839
406320,405634
406651,406066
406651,406996
405608,406635
405608,406846
405608,405366
405608,406854
405608,405452
405608,406833
405608,406834
405608,405633
405608,405363
405608,406522
405608,406837
406651,407489
405608,406839
405608,405605
405608,406651
405608,405616
405608,405610
405608,406143
405364,407216
405364,406138
405364,407490
405364,407491
405364,407123
405364,407492
405364,406128
405364,405548
405608,405508
406863,405601
406651,407015
406651,407010
406840,405452
405617,405464
405617,405616
405599,405452
405599,406165
405599,407038
406053,407493
406053,407494
406053,405544
406053,406898
406053,407495
406053,407496
406053,407497
406651,407021
405605,405363
405605,407498
405605,405889
405605,407499
406651,406635
406651,407029
406651,406185
406651,406857
406651,406620
406651,407500
406651,406835
406651,407165
406651,407486
406651,406791
405605,407501
406851,405601
406851,406053
406851,406843
407502,405370
407502,405671
407502,405501
407502,407412
407503,405587
407503,405689
407503,405678
407503,405682
407503,405537
407503,406731
407503,405536
407503,405887
407503,406738
407502,407504
407503,407505
407503,407506
407503,405424
407503,407507
407503,405891
407508,407038
407508,405476
407509,405881
407510,405490
407510,405525
407510,407024
407510,405427
407511,407512
407513,407087
407503,405575
407388,407514
407502,405692
407502,405698
407294,407372
406964,406738
406964,406729
406964,405487
406964,406699
406964,405651
406964,405490
406964,405646
406964,405474
406964,407515
406964,405376
406964,405491
406964,406714
407502,405693
406964,407516
407517,405490
407518,406465
407518,407519
407520,407521
407522,406646
407522,406493
407523,405458
407524,407525
407526,407526
407527,405490
407528,405508
407502,405410
407502,407529
406964,406140
407388,407530
407388,405893
407388,405927
407388,407415
407388,407531
407388,405845
407388,407532
407388,407032
407388,407533
407388,407534
407388,407535
406851,405363
406851,406835
406851,406522
406851,407536
406851,406320
407388,407537
406851,405634
406851,406837
406851,406838
406851,406839
406851,406840
406851,405618
406851,405543
406851,405617
406851,407145
406851,405607
406851,406449
406851,405599
406851,406841
406851,405600
406851,406844
407388,407538
407388,407539
407388,407115
407388,407540
407388,407541
407388,406813
407388,407126
407388,407125
407388,405895
407388,405818
407388,407542
407388,407543
407388,406879
407388,406769
407388,407544
407388,407545
407388,407546
407388,407547
407388,407040
407388,407117
407388,406128
407388,407548
407388,406773
407388,407549
407388,407550
407388,407414
407388,406774
407388,407551
407388,407116
407388,405900
407388,407552
407388,407388
405364,407553
405549,406811
407388,407413
405549,407208
405948,406290
405948,405795
405948,405794
405948,405532
405948,405693
405948,405845
405948,406216
405948,406393
405948,406357
405948,405593
405948,406349
405948,407554
406175,405616
405948,405655
406175,406172
407164,407555
407164,405544
407093,407092
407093,406175
407093,405452
407556,407222
407556,405452
406531,405601
406531,405616
406531,407557
406531,405467
406531,406514
407294,407299
406175,406173
407294,407558
405948,405847
405655,407412
407037,406143
407037,407038
407559,407559
407560,405745
407560,405452
407560,405900
407560,405895
407560,407126
407560,405893
407126,405452
406877,406027
407561,405847
407561,405935
405655,405671
407561,407562
405655,405847
405655,405795
405655,406357
405655,405948
405655,405501
405655,407563
405655,405370
405655,407504
405655,405692
405655,405693
405655,405698
405655,407529
405655,405410
407561,407564
407037,407565
407294,407300
407294,407566
407294,407361
407294,407362
407294,407363
407294,407364
407294,407365
407294,407567
407294,407366
407294,407568
407294,407367
407294,407368
407294,407369
407294,407370
407294,407371
407294,407360
407294,407292
407294,407373
407294,407386
407294,407374
407294,407375
407294,407376
407294,407377
407294,407378
407294,407294
407294,407380
407294,407381
405549,405508
407294,407385
407294,407383
407294,407569
407294,407301
407294,407354
407294,407357
407294,407302
407294,407570
407294,407571
407294,407572
407294,407304
407294,407305
407294,407306
407294,407308
407294,407321
407294,407573
407294,407574
407294,407309
407294,407575
407294,406308
407294,407310
407294,407311
407294,407312
407294,407313
407294,407576
407294,407314
407294,407315
407294,407316
407294,407317
407294,407004
407294,407318
407294,407319
407294,407322
407294,407577
407294,407578
407037,405467
407294,407579
407037,405616
405491,406059
405491,405650
405491,406638
405491,407580
405491,406639
405491,406657
405491,406656
405491,405637
405491,405971
405491,407581
405491,405528
405491,406653
405491,405486
405491,406624
405491,406274
405491,406651
405491,405536
405491,406179
405491,406650
405491,406649
405491,406576
405491,405537
405491,406648
405491,406269
405491,406647
405491,406646
405491,406645
405491,406709
405491,406652
405491,405527
405491,406703
405491,406627
405549,406825
405549,405544
407037,407557
405549,406872
405838,407582
405838,405508
405838,407583
406143,405601
406737,405474
407584,405847
405491,407585
405491,406635
405491,406634
405491,405420
405491,406271
405491,407586
405491,406270
405491,406633
405491,405491
405491,405421
405491,407587
405491,406632
405491,406637
405491,405669
405491,406630
405491,406325
405491,406629
405491,406628
405491,405657
405491,406644
405491,406643
405491,406631
405491,406642
407435,405740
407435,405739
407435,407588
407435,406559
407435,407531
407435,407538
407435,407589
407435,407590
407435,405898
407435,407591
407435,405681
407435,407541
407435,407592
407435,407593
407037,407594
407037,407595
407037,406109
407037,407596
407037,407597
407037,407598
407037,407599
407037,405633
407037,407600
407037,407601
407037,407073
407037,406663
405491,406575
407037,407022
407037,405601
407435,407602
407435,407603
407037,407604
407435,407605
405491,407051
405491,406640
405491,406636
407435,407606
405491,405419
405491,405775
405491,405671
405491,406611
405491,406626
405491,406616
405491,406493
405491,406655
405491,406654
405491,406641
405491,405660
405491,406625
406641,405527
406641,406270
407435,405474
407435,407607
407435,406548
407435,406090
407435,407608
407435,406778
407435,407609
406641,405486
407435,406546
407435,406781
