419230,419231
419232,419233
419230,419234
419235,419236
419235,419237
419235,419238
419235,419239
419235,419240
419235,419241
419242,419243
419244,419231
419235,419245
419235,419246
419235,419247
419235,419248
419235,419249
419235,419250
419235,419251
419235,419252
419235,419253
419235,419254
419232,419255
419235,419256
419235,419257
419235,419258
419235,419259
419232,419260
419261,419262
419232,419263
419261,419264
419261,419265
419235,419266
419261,419267
419261,419268
419261,419234
419261,419269
419261,419270
419261,419271
419261,419241
419261,419272
419261,419273
419232,419274
419261,419275
419261,419276
419261,419277
419261,419278
419261,419279
419260,419280
419260,419281
419260,419282
419232,419283
419232,419280
419232,419284
419232,419285
419232,419286
419261,419287
419235,419288
419235,419289
419235,419290
419235,419291
419235,419244
419292,419293
419292,419294
419295,419296
419295,419297
419295,419250
419295,419280
419295,419298
419295,419299
419295,419264
419295,419300
419295,419234
419295,419301
419302,419303
419302,419304
419302,419280
419302,419305
419302,419231
419302,419306
419302,419307
419302,419308
419302,419309
419302,419310
419302,419311
419261,419312
419302,419264
419235,419313
419235,419314
419235,419315
419235,419316
419235,419317
419235,419318
419235,419319
419235,419320
419235,419321
419235,419322
419235,419323
419235,419324
419235,419325
419235,419326
419235,419327
419235,419328
419235,419312
419235,419329
419235,419264
419235,419230
419235,419330
419235,419234
419235,419331
419235,419301
419235,419332
419235,419333
419235,419334
419235,419335
419235,419336
419235,419337
419235,419338
419235,419339
419235,419340
419261,419341
419342,419264
419261,419343
419344,419345
419344,419346
419344,419347
419344,419348
419344,419349
419344,419350
419344,419351
419344,419352
419344,419353
419344,419354
419344,419279
419342,419251
419342,419355
419342,419356
419342,419231
419342,419357
419342,419358
419342,419238
419342,419322
419342,419310
419342,419359
419342,419360
419342,419343
419342,419361
419342,419342
419342,419313
419342,419362
419344,419363
419344,419364
419344,419234
419344,419365
419302,419234
419344,419366
419344,419231
419344,419367
419344,419368
419344,419307
419344,419369
419344,419370
419344,419371
419344,419372
419344,419298
419344,419373
419344,419374
419375,419231
419344,419376
419344,419377
419344,419378
419344,419379
419344,419380
419344,419381
419344,419382
419344,419383
419344,419384
419344,419264
419344,419300
419344,419385
419344,419386
419344,419387
419344,419388
419261,419389
419390,419391
419390,419392
419261,419393
419261,419231
419261,419394
419261,419395
419261,419308
419261,419396
419261,419358
419261,419397
419261,419281
419261,419398
419261,419399
419261,419400
419261,419309
419261,419401
419261,419402
419261,419403
419261,419404
419261,419310
419261,419377
419261,419405
419261,419406
419261,419240
419261,419407
419261,419408
419261,419409
419261,419282
419261,419302
419261,419410
419261,419411
419261,419266
419261,419412
419390,419413
419390,419307
419390,419237
419390,419414
419390,419298
419390,419320
419390,419323
419390,419406
419390,419415
419390,419312
419390,419416
419390,419268
419390,419417
419390,419418
419390,419269
419390,419419
419390,419420
419390,419287
419390,419276
419390,419421
419261,419303
419261,419422
419261,419250
419261,419280
419261,419254
419261,419423
419261,419424
419261,419390
419390,419301
419302,419273
419425,419426
419427,419428
419429,419430
419429,419431
419429,419432
419429,419433
419429,419434
419429,419435
419429,419436
419429,419437
419429,419438
419429,419439
419429,419440
419429,419441
419429,419442
419429,419443
419429,419444
419429,419445
419429,419446
419429,419447
419429,419448
419429,419298
419429,419449
419429,419450
419429,419451
419429,419452
419429,419453
419429,419454
419429,419455
419429,419456
419429,419457
419429,419458
419429,419459
419425,419460
419425,419461
419425,419462
419425,419463
419425,419464
419425,419465
419425,419466
419425,419467
419425,419468
419425,419469
419425,419470
419425,419471
419425,419472
419344,419295
419425,419473
419425,419474
419425,419475
419425,419476
419425,419477
419425,419478
419425,419479
419425,419480
419425,419481
419425,419482
419425,419483
419425,419484
419429,419485
419429,419486
419425,419487
419429,419488
419429,419489
419429,419490
419429,419429
419429,419491
419429,419492
419429,419493
419429,419494
419429,419495
419429,419496
419429,419425
419429,419497
419429,419498
419429,419499
419429,419500
419429,419501
419429,419502
419429,419503
419429,419504
419429,419505
419429,419506
419429,419507
419429,419508
419429,419509
419429,419510
419429,419511
419429,419512
419429,419513
419429,419487
419429,419514
419429,419515
419429,419516
419429,419416
419429,419517
419429,419518
419429,419519
419429,419520
419429,419521
419429,419522
419429,419523
419429,419524
419429,419525
419429,419526
419429,419527
419429,419528
419429,419529
419429,419530
419429,419531
419429,419532
419429,419533
419429,419534
419429,419535
419429,419536
419429,419537
419429,419538
419429,419539
419429,419540
419429,419541
419429,419542
419429,419543
419429,419544
419425,419513
419425,419512
419425,419511
419425,419485
419425,419459
419425,419486
419425,419458
419425,419456
419425,419430
419425,419431
419425,419432
419425,419433
419425,419434
419425,419435
419425,419436
419425,419437
419425,419438
419425,419439
419425,419440
419425,419441
419425,419442
419425,419443
419425,419444
419425,419445
419425,419446
419425,419447
419425,419448
419425,419298
419425,419449
419425,419450
419425,419545
419425,419451
419546,419547
419546,419548
419427,419549
419550,419546
419550,419551
419550,419552
419550,419553
419550,419554
419550,419363
419550,419548
419550,419555
419550,419556
419550,419557
419546,419554
419546,419558
419546,419555
419546,419556
419546,419551
419546,419559
419546,419427
419546,419552
419546,419560
419546,419561
419546,419378
419546,419562
419546,419563
419546,419363
419546,419550
419546,419564
419546,419557
419425,419452
419425,419453
419425,419454
419425,419416
419425,419544
419425,419516
419425,419514
419425,419490
419425,419429
419425,419491
419425,419492
419425,419493
419425,419494
419425,419495
419425,419496
419425,419497
419425,419498
419425,419499
419425,419500
419425,419501
419425,419502
419425,419503
419425,419504
419425,419505
419425,419506
419425,419507
419425,419565
419425,419508
419425,419509
419425,419510
419425,419543
419425,419542
419425,419541
419425,419540
419425,419455
419425,419457
419425,419488
419425,419515
419425,419489
419425,419517
419425,419518
419425,419519
419425,419520
419425,419521
419425,419522
419425,419523
419425,419524
419302,419279
419425,419525
419425,419527
419425,419528
419425,419529
419425,419530
419425,419531
419425,419532
419425,419533
419425,419534
419425,419535
419425,419536
419425,419537
419425,419538
419425,419539
419425,419526
419344,419566
419264,419310
419344,419567
419568,419569
419568,419570
419568,419560
419568,419571
419568,419572
419573,419280
419574,419280
419574,419573
419574,419309
419574,419408
419574,419575
419576,419574
419576,419577
419578,419280
419578,419305
419578,419231
419578,419234
419578,419579
419580,419305
419580,419323
419580,419234
419580,419581
419580,419579
419582,419264
419583,419280
419584,419560
419585,419586
419587,419588
419585,419589
419587,419268
419590,419591
419592,419593
419592,419594
419592,419595
419592,419596
419592,419597
419592,419598
419592,419599
419592,419600
419592,419601
419592,419602
419592,419603
419592,419604
419592,419605
419592,419606
419607,419608
419607,419609
419610,419611
419612,419613
419612,419614
419615,419616
419590,419617
419590,419618
419590,419619
419590,419620
419590,419621
419590,419622
419590,419623
419587,419624
419592,419625
419585,419626
419626,419627
419588,419628
419588,419629
419588,419630
419588,419631
419588,419632
419633,419634
419633,419635
419633,419588
419633,419636
419630,419637
419630,419638
419630,419639
419630,419640
419630,419641
419630,419588
419630,419642
419630,419633
419630,419643
419644,419645
419646,419647
419646,419648
419646,419649
419646,419650
419646,419651
419646,419652
419646,419653
419646,419654
419588,419268
419626,419585
419588,419655
419656,419657
419658,419585
419658,419658
419658,419626
419659,419660
419659,419661
419659,419662
419659,419663
419659,419664
419659,419589
419665,419666
419667,419668
419667,419669
419667,419577
419670,419671
419670,419588
419672,419414
419672,419560
419672,419673
419672,419674
419675,419676
419675,419577
419428,419677
419428,419678
419428,419679
419428,419680
419428,419681
419428,419682
419683,419656
419592,419684
419592,419685
419592,419686
419687,419688
419687,419689
419687,419690
419691,419692
419691,419693
419691,419694
419691,419695
419691,419696
419691,419697
419691,419698
419691,419699
419691,419700
419691,419701
419691,419702
419691,419264
419691,419703
419691,419704
419691,419705
419691,419706
419691,419707
419691,419708
419691,419709
419691,419710
419691,419711
419691,419712
419691,419713
419691,419714
419715,419716
419691,419717
419715,419718
419715,419719
419715,419264
419715,419720
419715,419721
419715,419722
419715,419723
419715,419724
419715,419725
419715,419726
419715,419727
419715,419728
419715,419729
419715,419730
419715,419731
419715,419732
419715,419733
419715,419734
419715,419735
419715,419736
419715,419674
419715,419737
419715,419738
419715,419739
419715,419740
419715,419468
419715,419741
419715,419742
419715,419743
419715,419480
419744,419231
419745,419746
419745,419747
419748,419749
419748,419750
419748,419751
419748,419752
419748,419753
419748,419754
419748,419755
419748,419756
419748,419757
419748,419610
419748,419758
419748,419759
419748,419760
419748,419761
419748,419762
419748,419763
419748,419764
419748,419765
419748,419766
419748,419767
419748,419768
419748,419769
419748,419770
419748,419771
419748,419606
419592,419772
419592,419773
419748,419600
419748,419774
419748,419775
419748,419598
419745,419776
419745,419777
419745,419593
419745,419778
419745,419748
419745,419779
419748,419780
419748,419781
419748,419782
419748,419783
419748,419784
419748,419428
419748,419785
419646,419786
419748,419776
419748,419787
419748,419788
419748,419789
419748,419745
419748,419790
419748,419625
419748,419595
419748,419791
419748,419792
419748,419597
419748,419592
419748,419793
419748,419794
419748,419795
419344,419796
419646,419797
419646,419279
419268,419403
419268,419375
419268,419310
419268,419376
419268,419323
419590,419798
419590,419799
419590,419800
419590,419801
419798,419590
419802,419264
419802,419803
419802,419280
419802,419804
419802,419408
419625,419805
419625,419748
419625,419806
419625,419807
419625,419808
419625,419304
419625,419582
419625,419646
419625,419772
419625,419593
419385,419809
419385,419810
419268,419309
419385,419811
419268,419804
419268,419812
419264,419813
419264,419814
419264,419231
419264,419815
419264,419307
419264,419409
419264,419234
419264,419672
419264,419816
419268,419588
419268,419303
419268,419422
419268,419250
419268,419251
419268,419578
419268,419280
419268,419253
419268,419390
419268,419356
419268,419305
419268,419266
419268,419329
419268,419393
419268,419231
419268,419306
419268,419307
419268,419308
419268,419237
419264,419250
419385,419304
419385,419280
419385,419817
419385,419818
419385,419819
419385,419820
419385,419821
419385,419348
419385,419822
419385,419823
419385,419824
419385,419825
419826,419363
419827,419828
419827,419829
419827,419830
419827,419831
419827,419832
419827,419833
419827,419834
419827,419835
419344,419836
419344,419810
419344,419304
419344,419250
419344,419280
419344,419837
419344,419838
419344,419839
419385,419363
419385,419559
419385,419840
419385,419841
419385,419842
419385,419843
419385,419412
419385,419844
419385,419295
419385,419329
419385,419552
419385,419231
419385,419845
419385,419372
419385,419846
419385,419298
419385,419299
419385,419309
419385,419374
419385,419560
419385,419561
419385,419847
419385,419848
419385,419849
419385,419378
419385,419379
419385,419344
419385,419850
419385,419409
419385,419389
419385,419851
419385,419234
419264,419304
419264,419852
419264,419853
419306,419854
419306,419855
419306,419856
419306,419303
419306,419857
419306,419858
419306,419304
419306,419280
419306,419813
419306,419859
419306,419860
419306,419305
419306,419861
419306,419231
419306,419862
419306,419306
419306,419863
419306,419307
419306,419864
419306,419865
419306,419866
419306,419867
419306,419868
419306,419869
419306,419309
419306,419374
419306,419870
419306,419871
419306,419560
419306,419872
419306,419873
419646,419874
419646,419625
419646,419875
419646,419646
419646,419306
419279,419304
419279,419250
419279,419578
419279,419671
419279,419329
419279,419580
419279,419815
419279,419376
419279,419323
419279,419409
419279,419264
419279,419234
419279,419876
419279,419582
419279,419581
419279,419346
419279,419579
419279,419877
419279,419878
419279,419852
419306,419879
419306,419880
419306,419881
419306,419310
419306,419882
419306,419302
419883,419560
419307,419814
419307,419231
419307,419264
419264,419804
419264,419817
419264,419884
419264,419251
419264,419885
419429,419460
419264,419408
419264,419268
419264,419886
419264,419424
419264,419580
419264,419323
419264,419389
419264,419581
419264,419312
419264,419301
419264,419279
419264,419582
419264,419887
419264,419671
419264,419888
419264,419889
419264,419834
419306,419279
419306,419646
419306,419852
419306,419579
419306,419381
419306,419389
419306,419890
419306,419384
419306,419363
419306,419891
419306,419892
419306,419347
419306,419420
419306,419672
419306,419816
419306,419893
419306,419894
419646,419895
419306,419877
419306,419578
419306,419671
419306,419329
419306,419580
419306,419815
419306,419376
419306,419323
419306,419264
419306,419234
419306,419876
419306,419581
419306,419346
419306,419896
419306,419250
419429,419461
419897,419583
419429,419463
419898,419899
419898,419900
419898,419901
419898,419687
419898,419902
419898,419903
419898,419904
419898,419847
419898,419905
419898,419906
419898,419907
419898,419908
419898,419909
419898,419910
419898,419911
419898,419912
419898,419641
419898,419913
419898,419914
419898,419915
419898,419916
419898,419917
419898,419918
419898,419919
419898,419920
419898,419921
419898,419922
419898,419923
419898,419588
419898,419623
419898,419630
419898,419924
419898,419925
419898,419926
419898,419590
419898,419927
419898,419928
419898,419929
419898,419930
419898,419931
419898,419932
419898,419933
419898,419934
419898,419935
419898,419936
419898,419937
419898,419938
419898,419939
419898,419940
419898,419941
419898,419942
419898,419640
419898,419943
419898,419944
419898,419945
419898,419946
419898,419947
419898,419948
419898,419949
419898,419950
419898,419951
419898,419952
419898,419953
419898,419954
419898,419955
419956,419957
419958,419959
419958,419960
419958,419961
419958,419962
419958,419963
419958,419964
419958,419965
419958,419966
419958,419967
419968,419864
419968,419969
419968,419626
419970,419971
419972,419577
419973,419974
419973,419975
419973,419976
419973,419977
419973,419978
419973,419864
419973,419979
419973,419980
419973,419981
419898,419982
419898,419983
419898,419984
419898,419985
419898,419986
419898,419987
419898,419988
419898,419989
419898,419642
419898,419990
419898,419991
419898,419992
419898,419993
419898,419633
419898,419994
419898,419995
419898,419996
419898,419997
419898,419998
419898,419999
419898,420000
419898,420001
419898,420002
419898,420003
419898,420004
419898,420005
419898,419643
419898,420006
419898,420007
419898,420008
419898,420009
419898,420010
419898,420011
419898,419639
419898,420012
420013,420014
420013,420015
420013,420016
420013,420017
420013,420018
420013,420019
420013,420020
420013,420021
420013,420022
420013,420023
420013,420024
420025,420026
420025,420027
420028,419957
420029,419957
420029,420030
420031,420032
420031,420033
420031,420034
420031,420035
420031,420036
420031,420037
420031,419814
420031,420038
420031,420039
420031,420040
420031,420041
420013,420042
420031,420043
420013,420044
420013,420045
420046,419374
420046,420047
420046,419309
420046,420048
420046,419900
420046,420049
420050,420051
420052,419560
419653,419647
419653,419648
419653,419649
419653,419650
419653,419651
419653,419652
419653,419874
419653,419654
419653,419786
419653,419797
419653,419895
419653,419662
419653,419646
420013,420053
420013,420054
420013,420055
420013,420056
420013,420057
420013,420058
420013,420059
420031,420060
420031,420061
420031,420062
420063,419756
420063,419581
420063,419764
420063,420064
420063,419579
420063,420065
420066,420067
420068,419588
420068,420069
420070,420006
420071,420072
420071,420073
420071,420074
420071,420075
420071,420076
420071,420077
420071,420078
420071,420079
420071,420080
419898,420081
419898,419637
419898,419811
419898,420082
419898,419638
419898,419898
419898,420083
419898,420084
420063,420085
420063,420086
420063,420087
420063,420088
420031,420089
420031,420090
420031,420091
420031,420092
420031,420093
420031,420094
420031,420095
420031,420096
420031,420097
420031,420098
420099,420100
420063,419305
420063,420101
419973,419626
420063,420102
420063,420103
420063,420104
420063,420105
420063,419625
420063,419594
420063,419596
420063,419598
420063,420106
420063,420107
420063,420108
420063,420109
420063,419234
420063,419752
420063,419257
420110,420111
420110,419858
420110,419304
420112,419795
420112,420113
420112,420114
420112,420049
420112,419560
420112,420115
420112,419282
420112,419554
420112,420116
420112,419363
420112,420117
420112,420118
420112,420119
420112,420120
420112,420121
420112,420122
420123,420027
420124,420125
420124,420126
420124,419830
420124,420127
420128,420129
419647,419646
420130,419676
420130,419577
420131,420132
420131,420051
420112,420133
420134,420134
420135,420051
420136,420137
419623,419983
419623,420138
419623,420139
419623,419800
419623,420140
419623,419801
419623,420141
420142,420143
420142,420144
420142,419623
420142,420145
420142,419632
420142,420146
420142,419983
420142,420138
420142,420147
420142,419800
420142,420148
420142,420140
420142,420141
420136,420149
420136,420150
420136,420151
420136,420152
420136,420153
420136,420154
420136,420155
420156,419588
420157,420158
420159,420160
420159,420161
420162,420163
420046,419809
420046,420164
420046,420165
420046,420166
420046,420167
420046,419304
420046,420168
420046,420169
420046,419559
420046,420170
420046,420171
420046,419280
420046,420172
420046,420173
420046,420133
420046,420174
420046,420175
420046,420176
420046,420177
420046,420178
420046,420179
420046,420180
420046,419281
420046,420114
420046,420181
419715,420182
419856,419855
419856,419989
419856,419279
419856,420183
420159,420184
420159,420185
420159,420186
420159,420187
420159,419448
420159,420188
420159,420189
420159,419517
420159,420190
420159,420191
420159,419416
420159,420192
420159,420193
419623,420194
420159,420195
420159,420196
420159,420197
420159,420198
420159,420199
420159,420200
420159,420201
420159,420202
420159,420203
419856,419250
419856,419305
419856,419579
419856,419816
419856,419646
420159,420204
420046,420205
419623,420206
419623,420207
420208,420209
420208,420210
420208,420211
420208,420212
420208,420213
420208,420214
420208,420215
420208,420216
420208,420217
420208,420218
420208,420219
420208,420220
420208,420221
420208,420222
420208,420223
420208,420208
420208,420224
420208,420225
420208,420226
420208,420227
420208,420228
420208,420229
420208,420230
420208,420231
420208,420232
420208,420233
420208,420234
420208,420235
420208,420236
420208,420237
420238,420239
420110,419280
420110,419813
420110,420240
420110,420103
420110,420241
420110,419231
420110,419306
420110,419815
420110,419865
420110,419866
420110,420242
420110,419560
420110,419593
420110,419311
420110,419381
420110,419264
420110,419234
420110,419364
420110,419346
420110,419348
420110,420243
420110,419672
420110,419816
420110,420244
420110,420245
420110,419279
420238,420246
420247,420247
420208,420248
420208,420249
420208,420250
419755,420251
419755,419756
419755,420252
419755,420253
419755,419759
419755,420254
419755,419681
419755,420255
419755,420256
419755,420257
420144,420142
420144,420143
420144,419623
420144,420145
420144,419632
420144,420146
420144,419983
420144,420138
420144,420147
420144,419800
420144,420148
420144,420140
420144,420141
419623,420143
419623,420258
419623,419619
419623,420144
419755,420259
419755,420260
419755,420261
419755,419793
420208,420262
420208,420263
420264,420265
420266,420267
419874,419646
420239,420268
420239,420269
420270,420270
419755,420271
419755,419780
419755,420272
419755,419883
419755,420273
419623,420274
419755,419783
419755,419559
419755,420275
419755,420103
419755,420276
419755,420277
419755,420278
419755,419787
419755,420279
419755,420280
419755,419560
419755,419791
419755,419311
419755,419562
419755,419784
419429,419462
420046,420281
420046,419560
419312,420282
419312,420283
419301,419810
419301,419304
419301,419250
419301,419567
419301,419796
419301,419231
419301,419371
419301,419373
419301,419309
419301,419377
419301,419408
419301,419383
419301,419312
419301,419264
419301,419386
419301,419268
419301,419234
419301,419364
419301,419346
419301,419347
419301,419348
419301,419349
419552,420236
419552,419670
419804,419403
419810,419855
419804,419264
420284,420285
420286,419560
419751,420287
419751,420288
419751,420289
419751,420290
419806,420291
419806,419598
419806,419751
419806,420085
419806,419760
419806,420292
420174,419560
419897,419568
419897,419374
419897,420205
419897,419560
419897,419381
419897,420293
419300,419296
419300,419297
419300,420294
419300,419391
419300,420295
419300,420296
419300,419298
419300,419264
419300,419417
419300,419301
420286,420297
419751,420298
419804,419280
419381,419560
420236,419842
420236,420299
420236,419574
420236,420300
420236,419838
420236,419573
420236,420301
420236,420302
420236,419552
420236,420303
420236,420304
420236,420305
420236,420176
420236,419815
420236,420113
420236,419368
420236,420306
420236,420307
420236,420180
420236,420308
420236,419804
420236,420309
420236,419373
420236,420310
420236,420311
420236,420312
420236,420047
420236,420313
419804,420218
420236,419280
420236,420314
419554,419551
419554,419427
419554,419552
419554,419561
419554,419562
419554,419553
419554,420315
419554,419363
419554,419558
419554,419550
419554,419546
419554,419564
419554,419548
419554,419555
419554,419557
419554,419547
420316,420205
420316,419363
420317,419363
419363,419348
419233,419577
420236,420318
420236,420319
420236,420320
420236,420321
420236,420166
420236,419559
420236,420322
419751,420323
419751,420324
419751,420325
420326,420327
420326,420328
420329,420330
420329,420331
420329,420332
420329,420333
420334,420335
419751,420336
419751,419772
419751,420337
419751,420338
419751,420339
419751,420340
419751,420341
419751,420342
419751,420101
419751,420103
419751,420343
419751,420344
419751,419776
419751,419773
419751,420345
419751,419685
419751,420346
419751,419611
419751,420347
419751,419745
420326,420348
419751,420349
420326,419264
420326,420350
419429,419464
419429,419465
419429,419466
419429,419467
419429,419468
419429,419469
419429,419470
419429,419471
419429,419472
419429,419426
419429,419473
419429,419474
419429,419475
419429,419476
419429,419477
419429,419478
419429,419479
419429,419480
419429,419481
419429,419482
419429,419483
419429,419484
420326,420351
420326,420352
420326,420353
420326,420354
420326,420355
420326,420356
419751,420105
419751,420357
419751,419625
419751,420088
419751,420087
419751,419754
419751,420358
419751,420359
419751,419607
419751,419601
419751,420360
419751,420085
419751,420361
419751,419610
419751,420362
419751,420254
419751,419760
419751,420363
419751,419602
419751,419762
419751,420255
419751,419765
419751,419603
419751,420364
419751,420365
419751,419806
419751,420366
419751,419604
419751,419612
419751,420065
419751,419753
419751,420367
419751,419751
419751,420368
419751,420369
419751,420370
419751,419777
419751,420371
419751,420372
419751,419748
419751,420373
419751,419594
419751,419595
419751,419596
419751,420374
419751,419597
419751,419592
420236,420205
419751,420375
419751,419598
419751,420376
419751,420377
419751,420378
419751,420379
419751,420380
419751,420381
419751,420382
419751,420383
419751,419600
419751,420384
419751,420385
419751,420386
419751,420291
420236,420387
420236,420388
420236,419560
420389,420390
419800,419800
419800,420139
419800,420138
419800,420143
420391,420121
420391,420120
420391,420392
420391,419363
420391,419560
419893,419892
419892,419659
419892,419589
419892,419664
419892,419860
420393,419577
420394,420395
420394,419589
420394,420396
420394,420397
420394,420398
420394,420399
420394,420400
420394,420401
420394,420402
420394,420403
420394,420404
420389,420405
420394,420406
420389,420407
420389,420408
419250,419251
419250,419280
419250,419329
419250,419231
419250,419307
419250,419309
419250,419310
419250,419323
419250,419408
419250,419264
419250,419268
419250,419234
420409,419574
420409,419814
420409,419577
420410,420411
420398,419626
420398,419658
420398,420412
420398,420413
420398,419585
420414,420415
420414,420158
420414,420416
420416,420417
420389,419800
420389,420147
420389,420418
420394,419660
420394,419648
420394,420419
420046,420420
420046,420421
420046,420422
420046,420117
420046,419363
420046,420423
420046,420424
420046,420316
420046,419554
420046,419577
420046,420425
420046,420426
420046,419669
420046,420427
420046,420428
420046,420429
420046,419553
420046,419282
420046,420430
420046,420431
420046,420115
420046,419408
420046,419676
420046,420432
420046,419378
420046,420433
420046,420434
420046,420435
420046,420436
420046,420437
420046,419420
420394,420438
420397,419646
420412,419646
420439,419885
420439,419814
419875,419646
420440,419817
420440,419302
420440,420441
420440,419310
420440,420442
420440,419403
420440,419308
419234,419346
420440,419231
420443,419957
420444,420445
420444,420446
420046,420122
420046,420447
420046,420121
420046,420448
420046,420120
420046,420449
420046,420450
420046,420392
420046,420451
420046,420118
420440,419303
420046,420452
419234,419363
419234,419373
420236,419386
420236,420453
420236,420317
420236,419840
420236,420454
420236,420455
420236,420456
420236,419363
420236,420117
420236,419345
420236,420457
420236,420458
420236,420459
420236,419348
420236,420460
420236,420461
420236,419349
420236,420462
420236,420463
420236,419233
420236,420464
420236,420465
420236,419352
420236,420466
420236,420467
420236,420468
420236,420469
420236,420316
420236,420470
420236,419554
420236,419577
420236,420471
420236,419561
420236,420472
420236,420473
420236,420474
420236,419378
420236,420475
420236,420476
420236,420477
420236,420478
420236,419676
420236,419379
420236,420479
420236,420480
420236,420481
420236,420482
420236,419850
420236,420483
420236,420297
420236,420484
420236,419282
420236,419381
420236,419575
420236,419669
420236,419383
420236,420315
420236,420485
420236,420486
420236,420487
420236,420488
420236,420489
419234,419295
419234,419366
419234,419307
419234,419371
419234,419298
419234,419377
419234,419344
419234,419383
419234,419384
419234,419264
419234,419300
419234,419386
419234,419365
419234,419364
419234,419301
419234,419347
419234,419348
419234,419349
419234,419350
419234,419354
419234,419279
419234,419836
419234,419810
419234,419304
419234,419280
419234,419231
419234,419372
419234,419796
419234,419567
419234,419839
419234,419250
419587,420490
419268,420491
419268,419240
419268,419408
419268,419302
419268,419851
419268,419341
419268,419312
419268,419264
419268,420492
419268,419230
419268,419234
419268,419331
419234,419381
419268,419269
419268,419817
419268,419361
419268,419581
419268,420493
419268,419579
419268,419287
419268,419262
419268,419279
419234,419855
419234,420494
419234,420006
419234,419845
419234,419374
419268,419301
419715,420495
419646,420496
419715,420497
419715,420185
419715,420498
419715,420499
419715,420500
419715,420501
419715,420502
419715,420184
419715,419418
419715,420503
419715,420504
419715,420505
419715,420506
419715,420507
420001,419910
420001,419590
420001,419950
419715,420508
419896,419279
419715,420509
419715,420510
419715,420511
419715,420512
419715,420513
419715,420514
419715,420515
419715,420516
419715,420517
419715,420518
419715,420519
419715,420520
419715,420521
419715,420522
419715,420523
419715,420524
419715,420525
419715,420526
419715,420527
420410,420528
419896,419579
419896,419578
420529,420161
420529,420160
420530,419577
420530,420531
419792,419957
420532,420395
420533,420533
420529,420185
420533,419889
420533,420534
420533,420158
420533,419887
420533,420535
420533,420536
420537,420538
420410,419646
420533,420539
419896,419234
420529,420187
420529,419448
420540,419588
420540,420541
420529,420202
420529,420200
420529,420199
420529,420198
420529,420197
420529,420542
420529,420543
420529,420204
420529,420192
420529,419416
420529,420191
420529,420190
420529,419517
420529,420188
420529,420196
419715,420544
420410,420398
419715,420545
419715,420546
419715,420547
419715,420548
419715,420549
419715,420550
419715,420551
419715,420552
419715,420553
419715,420554
419715,420555
419715,420556
419715,420557
