439839,439840
439841,439842
439843,439844
439843,439845
439843,439846
439843,439847
439843,439848
439843,439849
439843,439850
439843,439851
439843,439852
439843,439853
439843,439854
439843,439855
439843,439856
439843,439857
439843,439858
439843,439859
439843,439860
439843,439861
439843,439862
439843,439863
439843,439864
439843,439865
439843,439866
439843,439867
439843,439868
439843,439869
439843,439870
439843,439871
439843,439872
439843,439873
439843,439874
439843,439875
439843,439876
439843,439877
439843,439878
439843,439879
439843,439880
439843,439881
439843,439882
439843,439883
439843,439884
439885,439886
439885,439887
439885,439888
439885,439889
439885,439890
439885,439891
439885,439892
439893,439894
439885,439895
439885,439896
439885,439897
439885,439898
439885,439899
439885,439900
439885,439901
439885,439902
439885,439903
439893,439904
439893,439905
439906,439907
439843,439908
439843,439909
439843,439910
439843,439911
439843,439912
439843,439913
439843,439914
439843,439915
439843,439916
439843,439917
439843,439918
439843,439919
439843,439920
439906,439921
439906,439922
439906,439899
439906,439923
439843,439924
439843,439925
439843,439926
439843,439927
439928,439929
439928,439866
439928,439868
439928,439877
439928,439924
439930,439929
439927,439929
439928,439931
439927,439866
439843,439932
439843,439933
439843,439928
439843,439934
439843,439935
439843,439936
439843,439937
439927,439938
439939,439895
439940,439941
439942,439943
439944,439841
439944,439945
439944,439946
439944,439947
439944,439948
439944,439949
439944,439950
439944,439951
439944,439952
439944,439953
439954,439955
439954,439956
439954,439957
439942,439958
439942,439959
439942,439960
439942,439961
439843,439962
439843,439931
439843,439963
439843,439964
439843,439965
439843,439966
439843,439967
439843,439968
439843,439929
439843,439969
439843,439970
439843,439971
439843,439972
439843,439973
439843,439974
439843,439975
439843,439976
439843,439977
439843,439978
439843,439979
439843,439980
439843,439981
439885,439982
439843,439983
439843,439930
439843,439984
439843,439985
439843,439986
439843,439987
439843,439988
439843,439989
439843,439990
439843,439991
439843,439992
439843,439993
439843,439994
439843,439995
439843,439996
439843,439997
439843,439998
439843,439999
439843,440000
439843,440001
439885,440002
439885,439840
439885,440003
440004,440005
440004,440006
440004,440007
440004,440008
440004,440009
440004,440010
440004,440011
440004,440012
440004,440013
440004,440014
440004,440015
440004,440016
440004,440017
440004,440018
440004,440019
440020,440021
440004,440022
440004,440023
440004,440024
440004,440025
440026,440027
440026,440028
440026,439959
440026,439943
440026,440029
439943,439960
439943,440030
439943,440031
439943,440032
439943,439958
440033,440034
440004,440035
440004,439991
440004,440036
440004,439895
440004,440037
440004,440038
440020,440039
439866,439848
440040,440041
440042,440043
440044,440045
440044,440046
440044,440047
440044,440048
440044,440049
440044,440050
440044,440051
440044,440052
440044,440053
440044,440054
440055,440056
440057,440058
440057,440059
440057,440060
440057,440061
440057,440062
440057,440063
440044,440025
439959,440029
440044,440064
440065,440066
440067,440068
440067,440069
440067,440070
440067,440071
440067,440072
440067,440073
440067,440074
440067,440020
440067,440075
440067,440076
440077,440078
440077,440079
440077,440080
440077,440081
440077,439902
440077,440082
440065,439895
440083,440084
439944,440085
439959,439943
439959,440026
440086,440087
440086,440088
440086,440089
440086,439839
440086,439840
440086,440090
440086,440091
440086,440092
440086,440093
440086,440094
440086,440095
440086,440096
440086,440086
440097,440098
440099,440100
440101,440099
440086,440102
440086,440103
440086,440104
440086,440105
439885,440106
439885,440107
439885,440108
439885,440109
439885,440110
439885,440111
439885,440112
439885,440113
439885,440114
440086,440115
440086,440116
440086,440117
440086,440118
440086,440119
440086,440120
440086,440121
440086,440122
440101,440100
440123,440124
440125,440126
440125,440127
439975,440128
439975,440129
439975,440130
439975,440131
440132,440133
440132,440134
439960,440135
439960,440136
439960,440117
439960,439895
439960,440137
439960,439840
439960,440003
439960,440138
439960,440139
439960,440140
439959,440027
439975,440141
439959,440028
439975,440142
440143,440144
440125,440145
440125,440123
439929,440146
440143,440078
440143,440147
440143,440040
440143,440148
440143,440149
440143,440150
440143,440151
440143,440041
440143,440079
440143,440152
440143,440153
440143,440154
440143,440155
440143,440156
439975,440000
440057,440157
439944,440158
439944,440159
440160,440161
440160,440162
440160,440163
440160,440164
440160,440165
440160,440166
440167,440168
440160,440169
440170,440171
440172,439905
440172,440173
440174,440174
440175,440176
440177,440021
440178,440179
440180,440181
440172,440021
440160,440182
440160,440183
440160,440184
440185,440186
440185,440187
440185,440188
440189,440190
440189,440191
440189,440192
440189,440193
440160,440194
440160,440195
440160,440196
440160,440197
440160,440198
440160,440199
440160,440200
440160,440201
440160,440202
440160,440203
440204,440205
440185,440206
440204,440172
440204,440207
440208,440209
440210,439866
440211,439888
440212,439866
440213,440123
440214,440034
440215,440214
440208,440193
440216,440143
440124,440217
440124,440124
440124,440218
440124,440213
440124,440125
440124,440123
440124,440219
440124,440220
440208,440221
440208,440222
440223,440224
440225,440225
440226,440227
440228,440229
440228,440230
440228,440231
440228,440232
440228,440021
440228,439956
440228,440233
440228,440234
440235,439866
440236,440236
440223,440237
440223,440238
440223,440239
440223,440240
440223,440241
440204,440021
440185,440242
440185,440243
440185,440244
440245,439893
440246,440247
440248,439895
440248,440022
440248,440249
440248,440250
440251,440252
440245,440253
440251,440254
440251,440255
440251,440256
440251,440169
440251,440257
440258,440259
440258,440260
440258,439976
440251,440261
440262,440263
440264,440193
440264,440265
440266,440267
440266,440268
440266,440265
440266,440269
440266,440270
440271,440168
440272,440273
440274,440275
440274,440179
440274,440276
440274,440021
440274,440277
440274,440278
440274,440279
440274,440280
440274,440281
440282,440123
440258,440283
440258,439866
440258,440284
440258,440285
440286,440287
440288,440156
440289,439922
440185,440290
440185,440291
440185,440292
440185,440293
440185,440294
440185,440295
440185,440296
440185,440297
440185,440298
440185,440299
440185,440300
440185,440301
440185,440302
440185,440303
440304,439938
440124,440305
440304,439929
440306,440200
440258,440307
440258,440097
440258,440308
440258,440309
440310,440260
440310,439976
440310,439867
440310,440285
440310,440258
440310,440311
440310,440309
440312,440312
440312,440313
440314,439929
440315,440316
440317,440150
440306,440318
440306,439950
440124,440319
440124,440320
440124,440321
440322,440323
440322,440324
440322,440325
440326,440327
440326,440328
440326,440329
440330,440331
440322,440332
440330,440333
440330,440334
440330,440335
440330,440336
440330,440337
440330,440338
440330,440339
440330,440340
440330,440341
440322,440107
440322,440342
440322,440343
440322,440344
440322,440345
440322,439891
440322,440346
440322,440347
440322,440348
440322,440349
440322,440350
440322,440326
440322,440021
440322,440322
440322,440351
440322,440352
440322,440353
440322,440354
440322,440355
440322,440356
440330,440357
440330,439840
440330,440358
440330,440359
439944,440360
439944,440361
439944,440362
439944,440363
439944,440364
439944,440365
439944,440366
439944,440318
439944,440367
439944,440368
439944,440369
439944,440200
439944,440370
439944,440371
439944,440372
439944,440373
439944,440374
439944,440375
440322,440376
439944,440377
439944,440378
440330,440379
440330,440380
440330,440381
440330,440382
440330,440383
440330,440384
440330,440385
440330,440386
440330,440387
440330,440388
440330,440389
440330,440390
440330,440391
439945,440392
439945,440200
439945,440393
439945,440373
439944,440394
439944,440395
440322,440396
440322,440397
440398,440399
440398,440400
440398,440401
440398,440252
440398,440402
440403,440404
440403,440405
440398,440406
440403,440407
440403,439895
440403,440121
440403,440408
440403,440409
440403,440049
440403,440410
440403,440411
440403,440412
440398,440413
440398,440414
440398,440415
440416,440200
440417,440418
440417,439890
440417,440419
440417,440420
440417,440421
440417,440422
440417,440423
440417,439956
440417,440424
440417,440425
440417,440426
440417,440427
440417,440428
440398,440429
440398,440430
440398,440431
440403,440432
440403,439840
440403,440433
440403,440403
440434,440435
440434,440436
440434,440437
440434,440434
440434,439868
440434,440438
440434,439847
440434,439938
440434,440439
440355,440440
440355,440150
440355,440143
440324,440441
440322,440442
440322,440443
440322,440444
440322,440445
440434,440000
440322,440446
440434,440447
440434,439991
440403,440448
440403,440449
440450,440321
440451,440452
440451,440453
440451,440454
440451,440455
440451,440456
440457,440457
440458,439893
440458,440205
440458,440459
440460,440461
440462,440168
440434,439986
440434,440463
440434,439988
440434,440464
440057,440465
440132,440466
440057,440467
440022,440468
440022,440186
440022,440018
440022,440469
440022,440470
440022,440471
440022,440472
440022,440473
440022,440403
440022,440474
440022,440475
440022,440476
440022,440477
440022,440478
440022,440448
440022,440479
440022,440480
440022,440481
440022,440482
440022,440483
440022,440484
440022,440485
440022,440486
440022,440022
440022,440487
440022,440488
440022,440489
440022,440490
440022,440491
440022,440492
440022,440493
440022,440494
440057,440495
440022,440496
440022,440016
440022,440497
440022,440498
440022,440499
440022,440500
440022,440501
440022,440502
440503,440504
440503,440505
440503,440506
440503,440507
440503,440508
440503,440509
440503,440270
440503,439898
440503,440510
440503,440511
440503,440512
440503,440209
440513,440514
440513,440515
440516,440517
440049,440518
440503,440519
440503,440517
440503,440520
440503,440521
440022,440449
440022,440522
440022,440523
440022,440114
440022,439839
440022,439840
440484,439895
440484,440022
440524,440525
440524,440526
440524,440527
440524,440138
440528,439840
440511,440529
440503,440267
440503,440327
440503,440529
440022,440530
440022,440138
440022,440531
440022,440532
440022,440533
440022,440534
440022,440121
440022,440535
440022,440012
440022,440536
440022,440005
440022,440537
440022,440538
440022,440539
440022,440540
440022,440541
440022,440542
440022,440543
440022,440544
440022,440545
440022,440546
440022,440045
440022,440025
440022,440038
440022,440547
440022,440548
440022,440549
440022,440550
440022,440412
440022,440551
440022,440552
440022,440553
440022,440554
440022,440555
440022,440556
440022,440557
440022,440558
440022,439895
440022,440559
440022,440560
440022,439903
440022,440408
440022,440561
440022,440008
440022,440562
440022,440432
440022,440563
440022,440564
440022,440565
440022,440566
440022,440567
440022,440568
440022,440569
440022,440570
440022,440571
440022,440572
440022,440573
440022,440574
440022,440575
440022,440576
440022,440003
440022,440577
440022,440578
440049,439888
440022,440579
440022,440580
440022,440581
440022,440048
440022,440582
440022,440583
440022,440584
440022,440585
440022,440049
440022,440586
440022,440587
440022,440588
440022,440589
440022,440010
440022,440410
440022,440590
440022,440591
440022,440592
440022,440593
440022,440594
440049,439895
440049,440543
440049,440003
440595,440596
440595,440597
440595,440598
440595,440599
440595,440600
440595,440601
440595,440602
440595,440603
440595,440604
440595,440605
440595,440606
440595,440607
440595,440608
440595,440609
440595,440610
440595,440611
440595,440612
440595,440613
440595,440614
440595,440615
440616,440458
440616,440617
440618,440619
440618,440620
440618,440621
440618,440616
440622,440623
440624,440316
440595,440625
440595,440626
440595,440627
440595,440628
440595,440629
440595,440630
440595,440631
440595,440632
440595,440595
440595,440633
440595,440634
440595,440635
440595,440636
440209,440637
440209,440638
440209,440639
440209,440640
440209,440641
440209,440642
440209,440643
440209,440209
440209,440644
440645,440646
440645,440021
440645,440647
440529,440648
440529,440649
440649,440209
440649,440529
440650,440168
440209,440651
440616,440652
440209,440653
440209,440504
440595,440654
440595,440655
440595,440656
440595,440657
440595,440658
440654,440600
440654,440659
440640,440660
440640,440209
440640,440661
440640,440270
440641,440662
440641,440663
440642,440209
440209,440664
440209,440649
440209,439898
440209,440665
440022,440666
440616,440667
440616,440668
440117,440022
440117,440095
440117,440114
440327,439958
440327,440326
440327,440021
440327,440669
440117,440138
440327,440509
439895,439840
440003,439960
440003,440117
440003,440137
440003,440140
440003,440135
440003,440327
440327,440108
440117,440003
440117,439840
440117,439839
440594,439895
440594,439840
440117,440670
440117,440405
440117,439888
440117,440671
440117,440045
440117,440543
440117,440049
440117,440588
440117,440594
440117,440576
440117,439895
440117,440672
440117,439903
440117,440025
440117,440008
440003,439895
440003,440673
440003,440674
440003,440509
439840,440675
439840,440414
439840,440049
439840,440588
439840,440676
439840,440594
439840,440576
439840,440117
439840,439895
439840,440003
439840,440138
440677,440168
440677,439840
440677,440678
440679,439840
440679,440526
440679,440680
439840,440025
440616,440681
439840,440620
439840,440679
440003,439840
440003,440682
440003,440138
440003,440139
440003,440108
440003,439957
440003,440683
439840,440526
439840,440684
439840,440685
439840,440686
439840,440557
439840,440482
439840,440687
439840,440045
439840,439885
439840,440688
439840,440405
440022,440407
440022,440689
440022,439888
440535,439895
440535,440690
440535,440691
440535,440038
440535,440045
440535,440692
440535,440121
440535,440693
440535,440536
440535,440539
440535,440541
440535,440421
440535,440694
440535,440543
440535,440695
440535,440008
440535,440696
440535,440558
440535,440697
440535,440556
440084,440698
440084,440699
440084,440700
440084,440701
440084,440702
440084,440703
440084,440704
440084,440705
440706,440084
440535,440707
440535,440708
440535,440117
440535,439888
440535,440666
440535,440709
440535,439991
440535,440687
440535,440581
440084,440710
440535,440048
440535,440049
440535,440139
440535,440491
440535,440469
440535,440711
440535,440474
440535,440428
440535,440686
440535,440712
440535,440713
440535,440499
440535,440714
440535,440530
440535,440715
440535,440114
440687,440716
440687,440525
440535,440479
440535,440685
440535,440003
440535,440576
440535,440717
440535,440718
440535,440719
440535,440720
440535,440580
440535,440721
440535,440594
440535,439839
440535,440722
440535,440578
440535,440432
440535,440723
440535,440724
440535,440725
440535,439840
440535,440726
440535,440727
440535,440677
440084,440259
440084,440728
440084,440729
440681,440107
440681,440108
440681,440109
440681,440110
440681,440111
440681,440112
440681,440113
440681,440106
440681,440114
440691,440730
440691,440731
440691,440732
440691,440733
440048,440064
440048,440025
440048,440045
440691,439895
440681,440003
440681,439840
440681,440002
440681,439886
440681,439887
440681,439888
440681,439889
440681,439890
440681,439891
440681,439892
440681,439895
440681,439903
440681,439896
440681,439897
440681,439898
440681,439899
440681,439900
440681,439901
440681,439902
440681,439982
440048,440046
440048,440047
440048,440048
440048,440049
440491,440734
440491,440735
440491,439888
440022,440518
440491,440540
440491,440736
440474,440064
440474,440025
440474,440045
440474,440046
440474,440047
440474,440050
440474,440051
440474,440052
440474,440053
440474,440054
440084,440737
440723,440738
440687,440739
440578,440474
440578,440186
440048,440050
440048,440051
440048,440052
440048,440053
440048,440054
440578,440707
440578,439888
440578,440552
440578,439895
440578,439903
440578,440045
440578,440583
440578,440049
440578,440723
440578,440571
440578,440003
440578,440740
440578,440469
440687,440741
440491,440742
440687,440535
439841,440743
439841,440744
439841,440745
439841,440746
439841,439957
439841,440158
439841,440747
439841,440748
439841,440749
439841,440750
439841,440751
439841,440752
439841,440753
439841,440754
439841,440110
439841,440755
439841,440683
439841,440756
439841,440757
439841,440758
439841,440759
439841,440760
439841,439956
439841,440761
439841,440762
439841,440763
439841,440764
439841,440765
439841,440424
439841,440766
439841,440767
439841,440768
439841,440769
439841,440770
439841,440519
439841,440106
439841,440771
439841,440772
439841,440112
439841,440773
439841,440774
439841,440029
439841,439951
439841,440775
439841,440776
439841,440777
439841,440778
439841,440779
440780,440781
440022,440404
440022,440707
440022,440293
440022,440782
440022,440117
440022,440405
440022,440783
440022,440784
440687,440025
439841,440785
439841,440510
439841,440786
439841,439949
439841,440787
439841,440788
439841,440789
439841,440790
439841,440791
439841,440792
439841,439946
439841,440793
439841,440173
439841,440794
439841,440795
439841,440796
439841,440797
439841,440798
439841,440467
439841,439947
439841,439948
439841,440799
439841,440800
439841,440801
439841,440802
440688,439840
439888,440803
439888,440722
439888,440804
439888,440805
439888,440491
439888,440806
440807,439840
439888,440065
439888,440808
439888,439840
440005,439888
440809,440785
440034,440214
440034,440033
440669,440021
439888,440049
440407,440049
440407,439895
440407,440412
440687,440810
439841,440811
440687,440588
440687,440720
440687,440812
440687,440725
440687,440526
440687,440576
440687,440813
440687,440685
440687,440138
440687,440814
440687,440746
440687,440686
440687,440713
440687,440815
440407,440783
439956,440816
440789,440133
440407,440449
440789,440817
439841,440818
439841,440819
439841,440168
439841,440820
439841,440821
439841,440822
439841,440823
439841,440824
439841,440825
439841,440826
439841,440827
439841,440828
439841,440682
439841,440003
440789,440829
439841,440830
439841,440831
439841,440832
439841,440833
439841,440834
439841,440835
439841,440836
439841,440250
439841,440837
439841,440838
439841,440839
439841,440034
439841,440840
439841,440722
439841,440507
439841,440841
439841,440842
439841,440843
439841,440669
439841,440844
439841,440845
439841,440846
439841,440392
