451718,451719
451720,451721
451720,451722
451720,451723
451720,451724
451720,451725
451720,451726
451720,451727
451720,451728
451720,451729
451720,451730
451720,451731
451720,451732
451720,451733
451720,451734
451720,451735
451720,451736
451720,451737
451720,451738
451720,451739
451740,451741
451720,451742
451720,451743
451720,451744
451720,451745
451720,451746
451720,451747
451720,451748
451720,451749
451720,451750
451720,451751
451720,451752
451720,451753
451720,451754
451720,451755
451720,451756
451720,451757
451720,451758
451720,451759
451720,451760
451720,451761
451720,451762
451720,451763
451720,451764
451720,451765
451720,451766
451720,451767
451720,451768
451720,451769
451720,451770
451720,451771
451720,451772
451720,451773
451720,451774
451720,451775
451720,451776
451720,451777
451720,451778
451720,451779
451720,451780
451720,451781
451720,451782
451720,451783
451720,451784
451720,451785
451740,451786
451720,451787
451788,451789
451720,451790
451720,451791
451720,451792
451720,451793
451720,451794
451720,451795
451720,451796
451720,451718
451740,451797
451740,451798
451799,451800
451801,451802
451803,451804
451803,451805
451803,451806
451803,451807
451803,451808
451809,451810
451811,451767
451811,451718
451812,451802
451812,451813
451814,451815
451814,451814
451816,451784
451799,451817
451818,451819
451799,451718
451820,451821
451822,451823
451822,451824
451822,451825
451822,451826
451822,451827
451822,451828
451822,451829
451822,451830
451822,451831
451822,451832
451822,451833
451834,451718
451835,451836
451820,451837
451820,451838
451799,451772
451818,451839
451818,451840
451818,451841
451798,451842
451798,451843
451798,451844
451798,451845
451798,451846
451798,451847
451798,451848
451798,451849
451798,451850
451798,451786
451798,451851
451740,451852
451740,451853
451740,451854
451740,451855
451798,451856
451798,451857
451798,451858
451798,451859
451818,451860
451818,451861
451818,451862
451818,451863
451818,451864
451818,451865
451818,451866
451740,451740
451818,451867
451818,451868
451818,451869
451870,451718
451871,451865
451872,451873
451874,451875
451798,451876
451818,451877
451822,451878
451720,451879
451720,451880
451881,451882
451881,451806
451881,451883
451881,451884
451881,451885
451881,451886
451881,451887
451881,451888
451881,451889
451881,451890
451881,451891
451881,451892
451893,451894
451893,451895
451893,451896
451881,451897
451893,451898
451881,451899
451881,451900
451881,451901
451881,451902
451881,451903
451881,451904
451881,451905
451881,451906
451881,451907
451881,451908
451881,451909
451881,451910
451881,451911
451881,451912
451881,451913
451881,451808
451881,451914
451881,451915
451893,451916
451893,451917
451893,451918
451919,451920
451919,451921
451919,451922
451919,451923
451919,451924
451925,451926
451925,451927
451925,451928
451925,451929
451925,451930
451925,451931
451925,451932
451933,451934
451935,451936
451935,451766
451919,451937
451919,451938
451919,451939
451919,451940
451893,451941
451893,451942
451893,451903
451893,451911
451893,451808
451893,451899
451893,451806
451881,451943
451893,451884
451893,451944
451893,451945
451946,451947
451946,451919
451946,451948
451946,451949
451940,451919
451893,451950
451720,451951
451881,451942
451881,451952
451720,451953
451720,451954
451720,451955
451720,451956
451720,451957
451720,451958
451720,451959
451720,451960
451720,451961
451720,451962
451720,451963
451720,451964
451725,451779
451725,451718
451965,451966
451720,451967
451965,451968
451720,451969
451720,451970
451720,451971
451720,451719
451720,451972
451720,451973
451720,451974
451720,451975
451720,451976
451720,451977
451720,451978
451720,451877
451720,451979
451720,451980
451720,451981
451720,451982
451720,451983
451720,451984
451985,451986
451987,451988
451989,451990
451991,451992
451991,451993
451991,451994
451995,451718
451881,451996
451881,451893
451881,451946
451881,451997
451881,451998
451881,451941
451881,451999
451881,451924
451881,452000
451881,452001
451881,452002
451991,452003
451991,452004
451991,452005
451991,452006
451991,452007
451991,452008
451991,452009
451991,452010
451991,452011
451991,452012
451991,452013
451881,452014
451991,452015
451991,452016
451991,452017
451991,452018
451991,452019
451991,452020
451991,452021
451991,452022
451991,452023
451935,451763
451822,452024
451822,451982
452025,452026
452025,452027
452025,452028
452025,452029
452025,451784
452025,451790
452025,451760
452025,452030
452025,452031
452025,452032
452025,452033
452025,452034
452025,452035
452025,451975
452025,452036
452025,452037
452025,452038
452025,452039
452025,452040
452041,452042
452041,452043
452041,452044
452041,452045
452041,452046
452041,452047
452041,452048
452041,452049
452041,452050
452025,452051
452025,452052
452025,452053
452025,451745
452025,452054
452025,451746
452025,451749
452025,452055
452025,452056
452025,452057
452058,452059
452058,451869
452060,452061
452060,452062
452060,452063
452064,452065
452064,452066
452064,452067
452068,452069
452068,452070
452068,452071
452072,451875
452073,452074
452073,452075
452073,452076
452058,451877
452058,451935
452058,452077
452058,451860
452025,452078
452025,452079
452025,452080
452025,452081
452025,452082
452083,451939
452083,452084
452041,452085
452083,452086
452087,451784
452058,452088
452058,451819
452058,452089
452058,452090
452058,452091
452058,452092
452083,451940
452073,452093
452041,452094
452041,452095
451881,452096
451881,452097
451881,452098
451881,451898
451881,451916
451881,452099
451881,452100
451881,452101
451881,452102
451881,452103
451881,452104
451881,452105
451881,452106
451881,452107
451881,452108
451881,452109
451881,452110
451881,452071
451881,452111
451898,451911
451898,451808
451898,451899
451898,451806
451898,451884
451898,452112
451898,451889
451881,452113
451881,452114
451881,452115
451881,452116
451881,452117
451881,452118
451881,452119
451881,451881
451881,451896
451881,452120
451881,451936
451881,452121
451881,452122
451881,452123
451881,452124
451881,452125
451881,452126
451881,452127
451881,452128
451881,452129
451881,452130
452131,452132
452133,452134
452135,452136
452041,452137
452041,452138
452041,452139
451881,452140
451881,452062
451881,452141
451881,451762
451881,452142
451881,451917
451881,452143
451881,452144
451881,452145
451881,451919
451881,452146
452041,452147
451881,452148
451881,452149
451881,452150
451881,452151
451881,452152
451881,452153
451881,452154
451881,452155
451881,452156
451822,452157
452073,452158
452073,452159
451822,452160
451822,452161
451822,452162
451822,452163
451822,452164
451822,451789
451822,452165
451822,452166
451822,452167
451822,452168
451822,452169
451822,452170
451822,452171
451822,452172
451822,452173
451822,452174
451822,452175
451822,452176
451822,452177
451822,452178
451822,452179
451822,452180
451822,452181
451822,451875
451822,452182
451822,452183
451822,452184
451822,452185
451822,452186
451822,452187
451822,452188
451822,452189
451822,452190
451822,452191
451822,452192
451822,452193
451822,452194
451822,452195
451822,452196
451822,452197
451822,452198
451822,452199
451822,452200
451822,452201
451822,452202
451822,452203
451822,452204
451822,452205
451822,452206
451822,452207
451822,451870
451822,452208
451822,452209
451822,452210
451822,452211
451822,452212
451822,452213
451822,452214
451822,452215
451822,452216
451822,452217
451822,452218
451822,452219
451822,452220
451822,452221
451822,452222
451822,452223
451822,452224
451822,452225
451822,452226
451822,452227
451822,452228
451822,452229
451822,452230
452073,452231
451822,452232
451822,452233
452073,452234
452073,452235
452073,452236
452073,452237
452073,452238
452073,452239
452073,452240
452073,452241
452073,452242
452073,452243
452073,452244
452073,452245
452073,452246
452073,452247
452248,451990
452073,452249
452250,452251
452073,452252
452073,452253
452073,452254
452073,452255
452073,452256
452073,452257
452073,452258
452073,452259
452073,452260
452073,452261
452073,452262
452073,452263
452073,452264
452073,452265
452073,452266
452073,452267
452073,452268
452073,452269
452270,452271
451822,452272
451822,452273
451822,452274
451822,452275
451822,452276
451822,452277
451822,452278
451822,451755
451822,452279
451822,452280
451822,452281
451822,452282
451822,452283
451822,452284
451822,452285
451822,452286
451822,452287
451822,452288
451822,452289
451822,452290
451822,452291
451822,452292
451822,452293
451822,452294
451822,452295
451822,452296
451822,452297
451822,452298
451822,452299
451822,452300
451822,452301
451822,452302
451822,452303
451822,452304
451822,452305
451822,452306
451822,452307
451822,452308
451935,451784
451935,451900
451766,451790
452309,451988
452169,452294
452169,452308
452169,452307
452169,452291
452169,452290
452169,452289
452169,452310
452169,452170
452169,452311
452169,452312
452169,452198
452169,452313
452169,452200
452169,452206
452314,451802
452169,451870
452315,452132
452315,452316
452317,451767
452317,451718
452067,452065
452067,452318
452319,452320
452319,452321
452319,452322
452319,452323
452319,451836
452319,452324
452319,452325
452315,452326
452315,452327
452315,452328
452315,452329
452315,452330
452169,452208
452331,451876
452331,452332
452333,452334
452333,452335
452333,452336
452333,451791
452333,452337
452333,452338
452333,452339
452333,452340
452333,452341
452333,452342
452333,452343
452333,452344
452333,452345
452333,452346
452333,452347
452333,452348
452333,452349
452333,452350
452333,452351
452331,452352
452331,451786
451851,452353
451851,451786
452333,452354
452333,452355
452333,451805
452317,452356
452333,452357
452333,452358
452333,451756
452333,452359
452333,452360
452333,452361
452333,452362
452333,452363
452333,452364
452333,452365
452366,452367
452366,452065
452368,451939
451939,451940
451939,452369
451939,452084
452370,452371
452370,452372
452370,452373
452370,452374
452375,452376
452375,452377
451904,451919
451904,452150
451904,451893
451904,451942
451904,451882
452368,452378
451904,451890
452368,451940
452379,452380
451718,452381
451718,452382
451718,452383
451718,452384
451718,452385
451718,451750
451718,451748
451718,452386
451718,451718
452387,452388
452387,452389
452379,452198
452379,452390
452379,451775
452379,452189
452379,452294
451922,451919
451769,451960
451769,452391
452392,452393
452392,452394
452392,452395
452392,452396
452392,452065
452392,452397
452392,452367
452392,452368
452366,452392
452366,452398
452366,452399
452366,452400
452366,451877
452366,452394
452366,452396
452392,451877
452392,452400
452392,452398
452392,452366
451769,452401
451769,452402
451769,452403
451769,452404
451769,452405
451769,452406
451769,452407
452366,452397
451769,451736
451769,451720
451769,451769
451769,452408
451769,452409
451769,452410
451769,452411
451769,451789
451769,452412
451718,452413
452333,452414
452415,452416
452369,451760
452369,452417
452369,452418
452369,452419
452369,452420
452369,451988
451869,452421
451869,452422
451869,452423
451869,451865
451869,452424
451869,451935
451869,452425
451869,451819
451869,451839
452369,452426
451869,452092
452369,451987
452369,452427
452121,452145
452121,452103
452428,451865
452429,452026
452429,452430
452429,452426
452429,452431
452429,452030
452429,452432
452429,452429
452429,452433
452429,452057
452369,452434
452369,452430
452369,452084
452369,452435
451869,451860
451869,451864
451869,451877
452436,452437
452438,452065
452439,452440
452439,452441
452439,452318
452439,451877
452439,452442
452318,452439
452318,452065
452318,451877
452318,452442
452443,452443
452443,452065
452443,452444
452443,452066
452436,451789
452445,452446
452445,452047
452445,452134
452447,451919
452448,451986
452449,451784
452449,451766
452450,452451
452452,451718
452453,451904
452454,452371
452453,451919
452455,451718
452456,451940
452445,452457
452445,452458
452445,452459
452445,452460
452445,452461
452455,452462
452333,452463
452454,452372
452454,452373
452464,452465
452464,452421
452464,451857
452464,452466
452464,452422
452464,452467
452464,452468
452464,452420
452464,451760
452464,451845
452464,451802
452464,452423
452464,452469
452464,452470
452464,452471
452464,452472
452464,452473
452464,452474
452464,452475
451819,452476
451819,451784
451819,451766
451802,451812
452425,451839
452425,452421
452425,451865
452464,452477
452464,452478
452464,451852
452464,451819
452464,451853
452464,451840
452464,452479
452464,452436
452464,452480
452464,452481
452464,451846
452464,452482
451755,452290
451755,452483
451755,452310
451755,452169
451755,452170
451755,452312
451755,452206
452484,451755
452469,452485
452486,452487
452486,451865
452488,452434
452454,452112
452454,452374
452454,452489
451755,452291
451755,452308
451755,452294
452464,452490
452464,451864
452464,452491
452464,452492
452464,452493
452464,452494
452464,451935
452464,452495
452454,452370
452464,452496
452464,452497
452464,452425
452464,452498
452464,452499
452464,452500
452464,451786
452464,451869
452464,452501
451718,452502
451718,451756
451718,452503
451877,452351
451877,451860
451877,452065
451877,452504
451877,451840
451877,451839
451877,451819
451877,452386
451877,452505
452506,452197
452506,451875
452507,452189
452507,452436
452507,451886
452507,451850
451877,451766
452507,452501
451877,451768
451877,451971
452508,452509
452508,452510
452508,452511
452508,452512
452508,452513
452508,452514
452515,451877
451877,452071
451877,452070
451877,451983
451877,451980
451877,452516
451877,451936
451877,451974
451877,451866
451877,451865
452507,452077
452507,451847
452507,452517
452518,452519
452518,452520
452521,452522
452521,452520
452521,452518
452521,452523
452521,452332
452521,452524
452521,452525
452521,452526
452527,452490
452527,452528
452527,451784
452527,452529
452530,452294
452518,452531
452518,452521
452532,452532
452533,452534
452507,452466
452507,452472
452507,452475
452507,452090
452507,451819
452507,452478
451854,451986
452508,452535
451854,452536
451854,452537
451854,452538
451854,452539
451854,452540
452071,452115
452055,451784
452533,452541
451854,452542
452543,452543
452508,452544
452508,452545
451786,452546
451786,451856
451786,452547
451786,452548
451786,452549
451786,452550
452551,452552
452551,452551
452551,452553
452551,451865
452551,452554
452551,452555
452551,452556
452551,452557
452551,452395
451786,451844
452551,452558
451786,452559
451786,452560
451766,451784
451766,452485
451900,452561
451900,452062
452562,452528
452562,452563
452562,451784
452562,452564
452562,452529
452565,452566
452565,451786
452565,452567
451786,451851
451786,451786
451786,452568
451786,451848
452551,452569
452551,452065
452551,452570
452508,452571
452508,452572
452508,452573
452508,452574
452508,452575
452508,452576
452508,452577
452508,452578
452508,452508
452508,452579
452508,452580
452508,452581
452508,452582
452508,452583
452508,451838
452508,452584
452508,452585
452508,452586
452508,452587
452551,452588
452551,452589
452551,452590
452551,452591
452551,452592
452551,452593
452065,451877
452508,452594
452065,451865
451925,452595
451925,452596
451925,452597
451925,452598
451925,452599
451925,452600
451925,452601
452065,451768
452543,452602
452032,452603
452604,452605
451718,452606
451718,452607
451718,452608
451718,452609
451718,452610
451718,452410
451718,452611
451718,451983
451718,451982
451718,452612
451718,451980
451718,452613
451718,451936
451718,451978
451718,452614
451718,451960
451718,452615
451718,451962
451718,452484
451986,452090
451986,452478
452616,452617
451768,451734
451768,451865
451768,452065
451768,452618
451768,452067
451860,451869
451860,451865
451860,451839
451860,452066
451860,452065
452619,451718
451718,452620
451718,452621
451718,452622
451718,451976
451718,452623
451718,451792
451718,451784
451718,451780
451718,451779
451718,451759
451718,451758
451718,451731
451718,451729
451718,451725
451718,452624
451718,451945
451718,451722
451718,451721
451718,452065
451718,451738
451718,451795
451718,451778
451718,452625
451718,451760
451718,452626
451718,452627
451718,451975
451718,451974
451718,452628
451718,452629
451718,451880
451986,452517
451718,451879
451718,451770
451718,451769
451718,451768
451718,452630
451718,451766
451718,451763
451718,451762
451718,451772
451986,452631
451986,452501
451986,452540
452632,451910
452632,452633
452632,452374
452632,452634
452632,452635
452632,452636
452632,452637
452632,452638
452632,452639
452632,452640
452632,452641
451952,452113
452374,452642
452374,452370
452374,451942
452632,452381
452632,452643
452632,452644
452632,451952
452632,452645
452632,452646
452632,452070
452632,452647
452632,452198
452632,452143
452632,452648
452649,452521
452632,451719
452632,451950
452632,452650
452632,452651
452632,452652
452632,452653
452632,452654
452632,452002
452632,452655
451898,451903
452649,451864
451813,452656
452105,452657
452105,452658
452105,452120
452105,452659
452105,451919
452105,452660
452105,452026
452105,451923
452105,451882
452105,451886
452105,452145
452062,452063
452062,452060
452661,452662
452661,452663
452664,451886
452664,451882
452664,451924
452664,452062
451813,452665
451813,452666
451813,452667
451813,452668
451813,452669
451813,452670
451813,452671
452649,451853
451813,452672
452084,452673
452664,452109
452664,452105
452664,452120
452664,451919
452664,452664
452664,452141
452457,452674
451898,451942
451720,452675
451898,451946
452676,452677
452676,452678
452676,452360
452676,452679
452676,452680
452676,452681
452676,452682
452676,452683
452676,452684
452676,452685
452676,452474
452676,452686
452676,452687
452676,452688
452676,452689
452676,452457
452676,451925
452676,452690
452676,452691
452676,452692
452676,452693
452676,452694
452676,452421
452676,452695
452676,452458
452676,451857
452676,452466
452676,452696
452676,452697
452676,452475
452676,452698
452676,452699
452676,452700
452676,452532
452676,452701
452676,452702
452676,452550
452676,452703
452676,452704
452676,451887
452676,452355
452676,452705
452676,452478
452676,452706
452676,451819
452676,452707
452676,451805
452676,452708
452676,451853
452676,452709
452676,452710
452676,452711
452676,451854
452676,452712
452676,452713
452676,452364
452676,452547
452676,452714
452676,452715
452676,452716
452676,452717
452676,452718
452676,451856
452676,452517
452676,452332
452676,452719
452676,452720
452676,452471
452676,452721
452676,452722
452676,452723
452676,452724
452676,452725
452676,452726
452676,452727
452676,451846
452676,451864
452676,452728
452676,452729
452676,452730
452676,452731
452676,452732
452676,452631
452676,452156
452676,452507
452676,452146
452676,452733
452676,452352
452676,452734
452676,452735
452676,452736
452676,452737
452676,452738
452676,452739
452676,452460
452501,451847
452676,452740
452676,452741
452676,452742
452676,452743
452676,452130
452676,452744
452676,452440
452676,452745
452676,452746
452676,452747
452676,452748
452676,451855
452676,452019
452676,452126
452676,452546
452676,452441
452676,452749
452676,452750
452676,452751
452676,452752
452676,452753
452676,452754
452676,452755
452676,452756
452676,452757
452676,452758
452676,452759
452676,452760
452676,452062
452676,451844
452676,452761
452676,452762
452676,452145
452501,452497
452077,452059
452547,451854
452547,452507
452547,452090
452547,451844
452547,452542
452547,452501
452547,451786
451839,451866
451839,451877
451866,452763
451866,452764
451866,452091
451866,452065
451844,452540
451866,452765
451866,452064
451866,451877
451866,452766
451866,451868
452767,451839
452767,452768
452767,452065
452767,451865
452767,452769
452767,452770
452767,451866
452771,452284
452771,452772
451866,452773
451844,452537
451844,451786
451844,452774
451898,451941
451898,451917
451898,452142
451898,451916
451898,452097
451898,451896
451898,451881
452458,452705
452458,452709
452458,452728
452458,452775
452458,452440
452458,452776
452458,452695
452427,452368
452427,452086
452427,452777
452777,452271
452777,452427
452605,452282
452605,452165
452605,452195
452778,452605
452779,452780
452781,452782
451844,451876
451844,452783
451844,451847
451844,452331
452771,452784
452771,452198
452771,452785
452772,452293
452786,452190
452786,452174
452786,452787
452786,452788
452786,451789
452786,452789
452786,452790
452786,452791
452786,452792
452786,452793
452786,452794
452786,452795
452786,452796
452797,452798
452797,452799
452797,452800
452801,452802
451756,452345
452347,451791
452347,452803
452347,452354
452347,452804
452347,451756
452347,452805
452347,452345
452260,452806
452077,451853
452077,452474
452077,452807
452786,452772
452077,451986
452786,452808
452786,452809
452772,452810
452772,452811
452772,452790
452772,452306
452772,452812
451789,452813
451789,452187
451789,452193
451789,452814
451789,452300
451789,452307
451789,451875
451789,452190
451789,452174
452796,452815
452796,452811
452796,452772
452796,452787
452796,452788
452796,452810
452796,452793
452796,452794
452796,452795
452796,452796
452786,452815
452786,452300
452786,452811
452786,452816
452786,452771
452786,451875
452676,451848
452398,451877
452676,452817
452676,451851
452676,452416
452676,452818
452676,452819
452676,452820
452676,452821
452676,452822
452676,452823
452676,452824
452676,452825
452676,452826
452676,452827
452676,452090
452676,452472
452676,452828
452676,452829
452676,452501
452830,452831
452830,452832
452830,452833
452830,452834
452830,452835
452440,452460
452440,452134
452440,452836
452065,451839
452065,451860
451898,452149
451898,452150
451898,452122
452676,452077
452676,452331
452676,451786
452676,452837
452676,452838
452676,452839
452676,452840
452676,452841
452676,452774
452676,452121
452676,452842
452676,452843
452676,452844
452676,452442
452676,452134
452676,452845
452676,452846
452676,452847
452676,452848
452676,452849
452676,452850
452676,452047
452676,452836
452676,452851
452676,452852
452676,452398
452676,452807
452676,451850
452676,452853
452676,452661
452676,452059
452676,452854
452676,452096
452676,451986
452676,452103
451898,451893
452676,452855
