458509,458510
458511,458512
458511,458513
458511,458514
458515,458516
458517,458518
458517,458519
458517,458520
458517,458521
458517,458522
458517,458523
458524,458525
458526,458527
458526,458528
458526,458529
458530,458531
458532,458533
458532,458534
458532,458535
458536,458537
458538,458539
458538,458540
458538,458541
458538,458542
458511,458543
458538,458544
458511,458545
458511,458546
458547,458548
458547,458549
458547,458550
458547,458551
458547,458552
458547,458553
458547,458554
458547,458555
458547,458556
458547,458557
458547,458558
458547,458559
458547,458560
458547,458561
458547,458562
458547,458563
458547,458547
458547,458564
458547,458565
458547,458566
458547,458567
458568,458569
458511,458570
458511,458571
458538,458572
458538,458573
458538,458574
458575,458576
458577,458578
458577,458579
458577,458580
458581,458582
458581,458583
458581,458584
458581,458585
458581,458586
458581,458587
458581,458588
458581,458589
458581,458590
458581,458591
458581,458592
458581,458593
458581,458594
458581,458595
458581,458596
458581,458597
458581,458598
458581,458599
458581,458600
458541,458538
458541,458601
458541,458602
458541,458603
458538,458604
458538,458605
458538,458606
458538,458607
458538,458536
458538,458608
458538,458609
458538,458603
458538,458602
458538,458601
458538,458610
458547,458611
458538,458538
458541,458540
458541,458542
458541,458544
458541,458572
458541,458573
458541,458574
458541,458604
458541,458605
458541,458606
458541,458607
458541,458536
458541,458539
458547,458612
458547,458613
458547,458614
458615,458514
458615,458616
458617,458618
458619,458620
458619,458617
458619,458621
458619,458622
458619,458623
458619,458624
458619,458625
458619,458626
458619,458627
458619,458628
458619,458629
458619,458618
458619,458630
458619,458631
458619,458632
458619,458633
458619,458634
458619,458635
458619,458636
458637,458638
458639,458640
458639,458641
458639,458642
458639,458643
458644,458645
458644,458646
458644,458647
458644,458648
458644,458649
458644,458650
458644,458651
458644,458652
458653,458654
458653,458655
458653,458656
458637,458657
458653,458658
458643,458659
458643,458660
458643,458661
458662,458662
458663,458664
458665,458666
458665,458667
458665,458668
458665,458669
458665,458670
458639,458671
458643,458639
458581,458672
458637,458673
458674,458675
458676,458677
458676,458678
458676,458679
458676,458680
458676,458681
458676,458682
458676,458683
458676,458684
458676,458685
458676,458686
458676,458687
458688,458689
458547,458690
458547,458691
458547,458692
458547,458693
458547,458694
458547,458695
458547,458696
458547,458697
458547,458698
458547,458699
458547,458700
458676,458701
458676,458702
458678,458703
458678,458704
458661,458705
458661,458706
458661,458707
458661,458708
458661,458709
458661,458710
458661,458711
458661,458712
458661,458674
458661,458713
458661,458714
458674,458715
458661,458716
458661,458661
458661,458717
458718,458670
458719,458719
458720,458721
458720,458722
458678,458723
458678,458724
458678,458725
458678,458726
458678,458727
458661,458728
458581,458729
458581,458730
458581,458731
458732,458733
458734,458732
458734,458735
458734,458736
458734,458737
458734,458733
458670,458738
458670,458739
458670,458740
458670,458741
458670,458742
458670,458743
458670,458744
458670,458745
458670,458746
458670,458747
458670,458748
458670,458749
458670,458750
458670,458751
458670,458752
458670,458665
458670,458753
458732,458737
458732,458736
458732,458735
458754,458578
458581,458755
458581,458756
458757,458707
458757,458758
458757,458759
458757,458760
458757,458675
458757,458761
458757,458762
458757,458763
458757,458764
458765,458766
458757,458661
458767,458757
458768,458769
458768,458580
458768,458770
458768,458676
458768,458771
458768,458772
458768,458773
458768,458774
458768,458775
458768,458776
458767,458777
458581,458778
458765,458779
458765,458667
458780,458670
458780,458781
458780,458782
458780,458783
458780,458784
458514,458785
458514,458786
458514,458787
458514,458788
458514,458789
458514,458790
458514,458511
458791,458792
458791,458793
458791,458794
458791,458782
458791,458795
458791,458796
458797,458798
458797,458799
458797,458793
458797,458800
458797,458801
458780,458802
458780,458803
458780,458738
458780,458669
458765,458668
458765,458804
458765,458669
458765,458738
458765,458803
458765,458780
458765,458802
458765,458670
458765,458805
458765,458781
458765,458806
458765,458666
458765,458782
458765,458807
458765,458784
458765,458808
458801,458809
458801,458810
458804,458670
458780,458779
458780,458666
458780,458667
458780,458668
458780,458804
458765,458783
458644,458811
458581,458812
458581,458813
458581,458814
458581,458815
458581,458816
458581,458817
458581,458775
458581,458818
458581,458819
458581,458820
458581,458821
458581,458612
458581,458822
458581,458823
458581,458824
458581,458825
458581,458826
458581,458827
458581,458578
458581,458768
458581,458828
458581,458829
458581,458830
458581,458577
458581,458831
458581,458832
458581,458833
458581,458834
458581,458835
458581,458836
458581,458837
458581,458838
458581,458839
458581,458840
458581,458841
458581,458842
458581,458843
458581,458772
458581,458844
458581,458845
458581,458846
458581,458847
458581,458521
458581,458848
458581,458849
458581,458850
458581,458851
458581,458852
458581,458853
458581,458854
458581,458855
458581,458856
458581,458857
458581,458858
458581,458770
458581,458859
458581,458860
458581,458861
458581,458862
458581,458863
458581,458864
458581,458865
458581,458866
458581,458867
458581,458868
458581,458580
458581,458869
458581,458870
458581,458871
458581,458872
458581,458873
458581,458874
458581,458875
458581,458876
458581,458877
458581,458878
458581,458556
458581,458879
458581,458880
458581,458881
458581,458882
458581,458883
458581,458884
458581,458885
458581,458886
458581,458887
458581,458888
458581,458889
458581,458754
458581,458890
458581,458891
458581,458892
458581,458893
458581,458894
458581,458895
458581,458896
458581,458897
458581,458898
458581,458899
458581,458900
458581,458901
458581,458902
458581,458903
458581,458904
458581,458905
458581,458906
458581,458907
458581,458579
458581,458908
458797,458909
458644,458910
458644,458911
458509,458912
458509,458913
458509,458914
458509,458915
458509,458916
458509,458917
458509,458918
458509,458919
458509,458920
458509,458921
458509,458922
458509,458923
458509,458924
458509,458925
458509,458926
458509,458927
458509,458928
458509,458929
458509,458930
458509,458931
458509,458932
458509,458933
458509,458934
458509,458935
458509,458936
458509,458937
458509,458938
458509,458939
458509,458940
458509,458720
458509,458941
458509,458942
458509,458943
458509,458944
458509,458696
458509,458945
458509,458946
458509,458947
458509,458948
458509,458949
458509,458950
458509,458951
458509,458952
458509,458953
458509,458954
458509,458955
458509,458956
458509,458957
458509,458958
458509,458959
458509,458960
458509,458961
458509,458962
458509,458963
458509,458964
458509,458965
458509,458966
458509,458967
458509,458968
458509,458969
458509,458970
458509,458971
458509,458972
458509,458973
458509,458974
458509,458975
458509,458976
458509,458977
458509,458978
458509,458979
458509,458980
458509,458981
458509,458982
458509,458983
458509,458984
458985,458664
458986,458578
458509,458987
458509,458988
458509,458989
458509,458990
458509,458991
458509,458992
458509,458993
458509,458994
458509,458995
458509,458996
458509,458997
458509,458998
458509,458999
458509,458891
458509,459000
458509,459001
458509,459002
458509,459003
458509,459004
458509,459005
458509,459006
458509,459007
458509,459008
458509,459009
458509,459010
458509,459011
458509,459012
458509,459013
458509,459014
458509,459015
458509,459016
458509,459017
459018,459019
459018,458624
459018,459020
459018,459021
459018,458627
459018,458629
459018,459022
459018,459023
459018,458618
459018,458630
459018,459024
459018,459025
459018,458631
459018,459026
459018,459027
459018,458636
459018,459028
459018,459029
459018,459030
459018,459031
459018,459032
459018,459033
459034,459035
459018,459036
459018,459037
459018,459038
459018,459039
459040,459041
459040,459042
459040,459018
459040,459043
459018,459044
459018,459045
459018,458620
459018,459046
459018,459047
459018,459048
459018,459049
459034,459050
459018,459051
459018,458617
459018,459052
459018,459053
459018,458621
459018,459054
459018,459055
459018,459056
459018,459057
459018,459058
459018,459059
459018,459060
459018,459061
459062,458658
459034,459063
459034,458997
458509,459064
458509,459065
458509,459066
458509,459067
458509,459068
458509,459069
458509,459070
458509,458689
458509,459071
458509,459072
458509,459073
458509,459074
458509,459075
458509,459076
458509,459077
458509,459078
458509,458664
458509,458568
458509,459079
458509,459080
458509,459081
458509,459082
458509,459083
458509,459084
458509,459085
458509,459086
458509,459087
459034,459088
459034,459089
459034,459090
459034,459091
459092,459093
458509,459094
458509,459095
458509,459096
458509,459097
458509,458779
458509,459098
459034,459099
458509,459100
458509,459101
458509,459102
458509,458697
458509,459103
458509,459104
458509,459105
458509,459106
458509,459107
458509,459108
458509,459109
458509,459110
458509,459111
459112,458664
459113,459114
459113,459115
459116,458912
459117,459118
459117,459119
459117,459120
459121,458536
459122,459123
459124,458696
459124,459125
458973,459126
458973,458912
458973,458997
458973,459127
459128,459129
459128,459130
459128,459096
459128,459131
459128,459132
459128,459133
459128,459134
459128,459135
459128,459136
459128,459137
459128,459138
459139,458777
459139,459140
459139,459141
459139,459142
459075,459143
459075,458797
459075,459144
459075,459145
459075,459146
459147,459148
459147,459149
459147,459150
459147,459151
459147,458528
459147,459152
459128,459153
459147,459154
459155,459156
459157,459158
459157,458514
459159,459160
459161,459162
459161,459163
459164,458722
459165,459166
458537,458536
459167,458696
459140,459139
459147,459168
459169,458912
459128,459170
459128,459171
458644,458644
458644,459172
458644,459173
458644,459174
458644,459175
458644,459176
458644,459177
458644,459178
458644,459179
458644,459180
458644,459181
458644,458919
458644,459182
458644,459183
458644,459184
458644,459185
458644,459186
458644,459187
458644,459188
458644,459189
458644,459002
458644,459190
458644,459191
458644,459192
458644,459193
458644,459194
458644,459195
459128,459196
459128,458530
459128,459197
459128,459198
458788,458514
459199,459200
459197,459201
459197,458757
459197,459132
459197,459136
459197,458660
459128,459202
459197,458996
458706,458674
458706,458661
459119,459120
458644,459203
458644,459204
458644,459205
458644,459206
458644,459119
458644,459207
458644,459208
458644,459209
459197,459096
458644,459120
459169,459015
459210,459211
459212,459213
459214,458578
459215,459216
459215,458618
459215,459217
459215,459218
459219,458569
459220,458516
459221,458710
459221,459222
459221,459223
459221,458661
459224,458689
459225,459015
459225,458912
459225,459084
459225,458554
459225,459226
459225,458564
459225,459227
459225,458693
459225,458696
459225,459228
459212,459229
459212,458514
459212,459230
459212,459231
458759,458715
459232,459233
459232,459234
459235,459236
459235,459237
459238,459239
459238,459240
459241,458525
459242,458618
458726,459243
458726,459244
459225,459106
458726,459245
458726,459246
458726,459247
458726,459248
458726,459249
458726,459250
458726,459251
458726,459252
458726,459253
458726,459254
458726,459255
459256,458929
458726,459257
459210,459258
459225,459259
459225,458997
459260,458617
459260,458623
459260,458629
459260,458618
459260,459261
459260,458632
459260,459262
459260,459263
459260,459264
459265,458702
459266,459267
459268,459269
459268,459270
459271,458618
459271,458624
459271,458653
459271,459272
459273,459269
459210,458563
459210,459274
459210,459275
459210,459210
459210,459276
459260,459200
459230,458912
459277,459278
459277,459279
459225,459125
459225,459280
459225,459281
459225,458558
459225,458664
459225,459282
459225,458560
459283,458767
459283,459284
459283,458757
459285,458528
459225,459286
459287,459288
459289,459200
459289,459290
459291,458670
459291,458753
459277,458563
459277,459274
459277,459277
459277,459292
459277,459293
459277,459294
459277,459276
459295,458514
458797,459296
458581,459297
459298,459299
459300,459301
459300,459302
459300,459303
459300,459304
459300,459305
459300,459306
459300,459307
459300,459308
459300,459309
459300,459310
459300,459311
459300,459312
459300,459313
459300,459314
459300,459315
459300,459316
459300,459317
459300,459318
459300,459319
459300,459320
459300,459321
459300,459322
459300,459323
459300,459324
459300,459325
459300,459326
459300,459327
459300,459328
459300,459329
459300,459330
459300,459331
459300,459332
459300,459333
459300,459334
459300,459335
459300,459336
459300,459337
459338,459339
459340,458664
459341,459342
459341,459343
459341,459078
459300,459344
459341,459345
459341,459346
459341,459347
459341,459348
459341,459349
459341,459350
459341,459351
459341,459352
459300,459353
459300,459354
459300,459355
459300,459356
459300,459357
459300,459358
459300,459359
459300,459360
459300,459361
459300,459362
459300,459363
459300,459364
459300,459365
459300,459366
459300,459367
459300,459368
459300,459369
459300,459370
459300,459371
459300,459372
459300,459373
459300,459374
459300,459375
459300,459376
459300,459377
459300,459378
459300,459379
459300,459380
459300,459381
459300,459382
459300,459383
459300,459384
459300,459385
459300,459386
459300,459387
459300,459388
459300,459389
459300,459390
459300,459391
459392,459393
459392,459394
459392,459395
459392,459396
459392,459397
459392,458620
459300,459398
459392,459399
459218,459216
459218,459215
458629,458618
459300,459400
459300,459401
459300,459402
459218,458618
459300,459403
459300,459404
459300,459405
459300,459406
459300,459407
459300,459408
459300,459409
459300,459410
459300,459411
459300,459412
459300,459413
459300,459414
459300,459415
459300,459416
459300,459417
459300,459418
459300,459419
459300,459420
459300,459421
459300,459422
459300,459423
459300,459424
459300,459425
459300,459426
459300,459427
459300,459428
459300,459429
459300,459430
459300,459431
459300,459432
459300,459433
459300,459434
459300,459435
459300,459436
459300,459437
459300,459438
459341,459439
459392,459440
459341,459441
459341,459442
458887,458873
458887,458730
458887,458593
459443,459444
458797,459445
458797,459446
458887,458755
458797,459447
458797,459448
458797,459449
458797,459450
458797,459451
458797,459452
458797,458784
458797,459453
458797,459454
458887,458578
458578,458754
459455,459456
459455,459457
459455,458736
459455,458735
459455,459458
458736,459459
458578,459214
458736,459460
458736,458733
458736,459461
458736,459456
458578,458884
458578,458887
458578,458855
458736,459462
459455,459463
458797,459464
458797,459465
458797,458514
458797,459466
458797,459467
458797,459468
458797,459469
458797,459470
458797,459471
458797,459472
458797,459473
458797,458794
458797,459474
458797,459475
458797,459476
458797,459477
458797,459478
458797,459479
458797,459480
458797,458791
458797,458783
458797,458782
458797,459481
458797,459482
458797,459483
458797,459484
458797,458781
458797,459485
458797,459486
458797,459487
458797,459488
458797,459489
458797,459490
458797,459491
458797,459492
459455,459493
459455,459494
459455,459495
459131,459477
459131,459496
459131,459497
459131,458533
459131,459096
459131,458690
459131,459498
458677,458721
458721,458722
458721,459499
458721,459500
458721,459501
458721,458687
458721,458534
458677,459502
458721,459503
459131,459196
459131,459504
459341,459505
459341,459506
459341,459507
459454,459146
459454,459508
459454,459509
459131,458534
459454,459510
459511,459279
459131,459454
459131,459512
459131,459513
459131,459514
459131,459515
459279,459511
458721,458684
458721,458683
458721,459516
459517,459518
459517,458912
459517,459102
459517,459394
459517,459519
459520,459521
459517,459230
459520,459522
459520,459523
459520,459524
459520,459525
459520,459526
459520,459527
459455,458737
459520,459211
458554,459528
458721,459529
458721,459514
458721,459530
458721,458682
458721,459531
458721,459532
458721,458680
458721,458676
458721,458677
458721,459150
458721,458532
458721,459149
458721,459533
458721,458720
458721,458533
458721,459534
458721,458702
459341,459535
459392,459536
459392,459537
459392,459538
458696,459539
458696,459540
458696,459101
458696,459227
458929,458929
458929,459064
458696,459281
458929,458937
458929,458945
458929,459127
458929,458997
458937,458689
458937,459064
459162,459514
458929,459541
459162,459162
458696,459542
458696,459124
459543,459544
459543,459545
459543,459546
459543,459547
459543,459548
459543,459549
458696,459167
459543,459550
459160,458912
459160,458722
459551,458689
459551,458696
458696,459551
458696,459125
459160,458997
459543,459552
459553,458686
459554,459555
459556,459557
459556,459558
459556,459559
459556,459560
459556,459561
459556,459562
459556,459563
459556,459564
459556,459565
459556,459566
459556,459567
459556,459568
459556,459569
459556,459570
459556,459571
459554,459572
459556,459573
459556,459574
459556,459575
459556,459576
459556,459577
459556,459578
459556,459579
459556,459580
459556,459581
459556,459582
459556,459583
459556,459584
459556,459585
459556,459586
459556,459587
459556,459588
459556,459589
459543,459572
459543,459590
459543,459591
459514,458533
459514,459592
459514,459593
459514,459454
459514,459512
459514,459513
459514,458534
459514,459477
459514,459497
459514,459131
459514,459096
459514,458690
459514,459594
459514,459595
459514,459496
459514,459596
459514,459597
459514,459598
459514,459599
459514,459600
459514,459504
459514,459601
459514,459498
459514,458944
459514,459602
459514,459603
459514,459007
459514,459604
459514,459162
459514,459605
459514,459298
459514,459606
459514,459607
459514,459608
459514,459609
459514,459610
459611,459612
459611,459613
459611,459614
459543,459615
459543,459616
459543,459554
459611,459617
459543,459618
459543,459619
459543,459620
459543,459621
459543,459622
459543,459623
459543,459624
459543,459625
459514,458721
459514,459530
459514,459626
459514,459627
459514,459628
459514,459629
459514,459529
459514,459630
459514,459631
459514,459632
459514,458945
459514,459531
459514,459633
459514,459634
459514,459635
459514,459636
459514,459637
459514,459638
459556,459639
459556,459640
459556,459641
459556,459642
459643,458658
459298,459298
459298,459644
459298,459636
459298,459500
459298,459514
459645,459646
459298,459647
459298,459531
459298,459648
459298,459529
459298,459598
459298,459606
459649,459650
459298,459651
459649,459652
458618,459653
458618,459033
458533,459514
458533,459515
458533,459504
458533,459477
458533,459496
458533,459497
458618,458617
458533,459101
458533,459124
458533,458690
459654,458689
459655,458618
458618,459656
458618,459657
458533,459131
459650,459658
459650,459659
459650,459005
459392,459263
459392,459660
459392,459218
459392,458633
459392,459661
459392,459662
459392,459663
459392,458618
459392,459664
459392,459665
459392,459666
459392,459667
459392,459668
459392,459669
459392,458629
459497,458533
459497,458945
459497,458929
459650,459670
459650,459671
459650,459672
459650,459673
459650,459674
459650,459675
459650,459517
459650,459676
459650,459677
459650,459678
459650,459679
459680,459334
459497,459514
459497,459504
459497,458534
458533,459513
458797,459681
459556,459682
459556,459683
459556,459684
459556,459685
459556,459686
459556,459687
459556,459688
459556,459689
459556,459690
459556,459691
459556,459692
459556,459693
459556,459694
459556,459695
459556,459696
459556,459697
459556,459698
459556,459699
459556,459700
459556,459701
459556,459702
459556,459703
459556,459704
459556,459705
459556,459706
459556,459707
459556,459708
459556,459709
459556,459710
459556,459711
459556,459712
459556,459713
459556,459714
459556,459715
459556,459716
459556,459717
459556,459718
459556,459719
459556,459720
459556,459721
459556,459722
459556,459723
459556,459724
459556,459725
459556,459726
459556,459727
459556,459728
459556,459729
459556,459730
459556,459731
459556,459732
459556,459733
459556,459734
459556,459735
459556,459736
459556,459737
459556,459738
459556,459739
459556,459740
459556,459741
459556,459742
459556,459743
459556,459744
459556,459745
459556,459746
459556,459747
459556,459748
459556,459749
459556,459750
459556,459751
459556,458533
459556,459752
458797,459753
458797,459754
458797,458802
458797,458804
458797,459755
458797,459756
458797,459757
458797,459758
458797,458741
458797,459759
458797,459760
458797,458738
458797,459761
458797,459762
458797,458803
458797,459763
458797,459764
458797,459765
458797,458736
458797,458780
458797,459766
458797,459767
458797,459768
458797,459769
