459770,459771
459770,459772
459770,459773
459770,459774
459770,459775
459770,459776
459770,459777
459770,459778
459770,459779
459770,459780
459770,459781
459770,459782
459770,459783
459770,459784
459770,459785
459770,459786
459770,459787
459770,459788
459770,459789
459770,459790
459770,459791
459770,459792
459770,459793
459770,459794
459770,459795
459770,459796
459770,459797
459770,459798
459770,459799
459770,459800
459770,459801
459770,459802
459770,459803
459770,459804
459770,459805
459770,459806
459770,459807
459770,459808
459770,459809
459770,459810
459770,459811
459770,459812
459770,459813
459770,459814
459770,459815
459770,459816
459770,459817
459770,459818
459770,459819
459770,459820
459770,459821
459770,459822
459770,459823
459770,459824
459770,459825
459770,459826
459770,459827
459770,459828
459770,459829
459770,459830
459770,459831
459770,459832
459770,459833
459770,459834
459770,459835
459770,459836
459770,459837
459770,459838
459770,459839
459770,459840
459770,459841
459770,459842
459770,459843
459770,459844
459823,459845
459846,459847
459848,459849
459848,459850
459848,459851
459848,459852
459848,459853
459848,459854
459855,459856
459855,459857
459855,459858
459855,459859
459855,459860
459855,459861
459855,459848
459862,459798
459862,459801
459848,459863
459862,459803
459864,459865
459864,459866
459867,459868
459864,459869
459864,459870
459864,459871
459872,459873
459864,459874
459864,459875
459864,459876
459864,459877
459864,459878
459864,459879
459864,459880
459864,459881
459864,459882
459864,459883
459864,459884
459862,459787
459862,459774
459862,459797
459823,459824
459823,459809
459823,459823
459823,459885
459823,459886
459823,459887
459770,459888
459823,459889
459823,459890
459823,459862
459847,459891
459846,459892
459846,459893
459846,459894
459846,459895
459823,459827
459823,459829
459823,459797
459823,459786
459862,459827
459862,459824
459862,459809
459862,459885
459862,459886
459862,459887
459862,459845
459896,459897
459862,459889
459862,459890
459862,459862
459823,459898
459823,459798
459823,459801
459823,459803
459823,459787
459862,459899
459770,459900
459770,459901
459770,459902
459903,459904
459903,459905
459872,459823
459906,459907
459908,459909
459908,459910
459908,459911
459908,459912
459908,459913
459908,459914
459908,459915
459908,459916
459908,459917
459908,459918
459908,459919
459920,459921
459908,459922
459923,459924
459923,459925
459926,459927
459926,459928
459926,459929
459926,459930
459926,459931
459926,459932
459926,459933
459926,459934
459926,459935
459926,459936
459926,459937
459938,459939
459938,459940
459923,459941
459923,459942
459923,459943
459908,459944
459908,459945
459908,459946
459947,459948
459947,459949
459947,459884
459947,459866
459947,459950
459947,459951
459947,459883
459947,459952
459947,459953
459947,459954
459947,459955
459947,459956
459947,459957
459947,459958
459947,459879
459947,459959
459947,459871
459947,459960
459947,459864
459908,459961
459908,459962
459908,459963
459908,459964
459908,459965
459908,459966
459963,459961
459926,459967
459968,459899
459968,459969
459970,459872
459971,459972
459973,459974
459975,459976
459975,459977
459947,459865
459968,459813
459770,459978
459926,459979
459926,459980
459770,459981
459770,459982
459770,459983
459770,459886
459770,459887
459770,459968
459770,459984
459770,459770
459770,459985
459770,459986
459770,459987
459770,459988
459770,459989
459770,459990
459770,459991
459770,459872
459770,459992
459770,459993
459770,459994
459770,459995
459770,459996
459770,459997
459770,459998
459770,459999
459770,460000
459770,460001
459867,460002
459770,460003
459770,460004
459770,460005
459770,460006
459770,460007
459770,460008
459770,459885
459770,460009
459770,460010
459770,460011
459770,460012
459770,460013
459770,460014
459770,460015
459770,459862
459770,460016
459770,460017
459770,460018
459770,460019
459770,460020
459770,460021
459770,460022
459770,460023
459770,460024
459770,460025
459926,460026
459770,459890
459770,460027
459770,460028
459770,460029
459770,460030
459770,460031
459770,460032
459770,460033
459770,460034
459770,460035
459770,460036
459926,460037
459770,460038
459770,460039
459770,459889
459770,460040
459770,460041
459770,460042
459770,460043
459770,459899
459770,459845
459867,460044
459835,460025
459867,460045
459907,460046
459907,460047
459907,460048
459907,460049
459907,460050
459907,460051
459907,460052
459874,459875
459874,460053
459874,459964
459874,460054
459874,459961
459874,460055
459874,459879
459874,460056
459907,460057
459874,459956
460058,460059
460058,460060
460058,460061
460058,460062
460058,460063
460058,460064
460058,460065
460058,460066
460058,460067
460058,460068
460058,460069
460058,460070
460058,460071
460058,460072
460058,460073
460058,460074
460058,460075
460058,460076
459874,460077
459874,459866
459874,460078
459992,460079
459992,460080
459992,459872
459992,460081
459992,460082
459992,459901
459992,459981
460083,460084
460083,460085
460083,460086
460083,460087
459891,460088
460089,459891
460090,460091
460090,460092
459992,460093
459992,460094
460095,460083
460095,460096
459874,459884
459874,460097
460098,459897
460099,460100
460099,460101
460099,460102
460099,460103
460058,460104
460099,460098
460099,460105
460099,460106
460099,459897
460107,459941
460107,460108
460088,459891
460088,459865
460099,459951
460090,460109
460058,460110
460058,460111
460058,460112
460058,460113
460058,460114
460058,460115
460058,460116
460058,460117
460058,460118
460058,460119
460058,460120
460058,460121
460058,460122
460058,460123
460058,460124
460058,460125
460058,460126
460058,460127
460058,460128
460058,460129
460130,459892
459872,460023
459872,460131
459872,460132
460133,460134
460133,460135
459947,460101
460133,459872
460136,459961
460136,460137
460136,460138
460136,460139
460140,460141
460140,459976
460140,460142
460130,459846
460130,459847
460058,460143
460058,460144
460058,460145
460058,460146
460058,460147
460058,460148
460058,460149
460058,460150
460058,460151
460058,460152
460058,460153
460058,460154
460058,460155
460058,460156
460058,460157
460058,460158
460058,460159
460058,460160
460058,460161
460058,460162
460058,460163
460058,460164
460058,460165
460058,460166
460058,460167
460058,460168
460058,460169
460058,460170
460058,460171
460058,460172
460058,460173
460058,460174
460058,460175
460058,460176
460058,460177
460058,460178
460058,460179
460058,460180
460058,460181
459867,460182
460090,460183
460106,459921
460106,460184
460106,460185
460106,460186
460106,460187
459859,459855
459859,460188
459859,459857
459859,460189
459859,460190
460191,460192
459894,459847
460193,460194
460193,460183
460195,460196
460197,460198
460106,460199
460197,460200
460106,460201
460106,460202
460106,460203
460106,460204
460106,459897
460106,460205
460106,460206
460106,459947
460106,460207
460106,460208
460106,460209
460106,460210
460106,460211
460106,460212
460106,460213
460106,460214
460106,460215
460106,459975
460197,460216
460217,460218
460196,460219
460196,460220
460196,460221
460222,460223
460222,459853
460222,460224
460225,460226
459835,459793
459835,460227
459835,459990
459835,460228
459867,460229
459867,460230
459867,459835
459867,460231
459867,460232
460196,460233
460196,460234
460196,460235
460196,460236
460196,460237
460196,460196
460196,460238
460196,460239
460196,460240
460196,460241
460196,460242
460106,460243
460196,460244
460196,460245
460196,460246
460196,460247
460196,460248
460196,460195
460196,459849
460196,460249
460196,460250
460106,460251
460106,460252
460106,460253
460106,460254
460106,460100
460106,460255
460106,460256
460106,460101
460106,460257
460106,460258
460106,460259
460106,460099
460106,460260
460106,460261
460106,460223
460106,460262
460106,460263
460106,460264
460106,460265
460106,460266
460106,460267
460106,460268
460106,460269
460106,460270
460106,460271
460106,460272
460106,460273
460106,460274
460106,460275
460106,460276
460106,460277
460106,460278
460106,460279
460106,460280
460106,460281
460106,460282
460106,460283
460106,460284
460106,460285
460106,460286
460106,460287
460106,460288
460106,460224
460106,460289
460106,460290
460106,459951
460106,460291
460106,460292
460106,460293
460106,460105
460106,460294
460106,460295
460106,459896
460106,460296
460106,460297
460106,460106
460106,460298
460106,460299
460106,460300
460106,460301
460106,460302
460106,460303
460106,460304
460106,460305
460106,460102
460106,460306
460106,460307
460106,460308
460106,460309
460106,460310
460106,460311
460106,460312
460106,460313
460106,460314
460106,460315
460106,460098
460106,460316
459947,460317
460318,460319
459947,460320
460321,460322
460321,460186
460321,459865
460321,460323
460321,460324
460321,460325
460321,460326
460321,460327
460321,459959
460321,460328
460321,459948
460321,459949
460321,460329
460321,460330
460321,460331
460332,460192
460321,460321
460332,460333
460332,460334
460335,460336
460335,460337
460335,460338
460335,460339
460335,460340
460335,460341
460335,460342
460335,460085
460335,460343
460344,460345
460344,460346
460344,460347
460348,460349
460348,460350
460348,460107
460332,460351
460321,460352
460321,459883
460321,460353
460321,459879
460321,460354
460321,460355
460321,460356
460321,460357
460321,460320
460321,459876
460321,459875
460321,460358
460321,460359
460321,460360
459959,459947
459959,459893
459959,459878
459959,460361
460321,459958
460321,460362
460321,460363
460321,459957
460321,459882
460321,460364
460321,460365
460321,459952
460321,460366
460321,460367
460321,460368
460335,460369
460321,460218
460321,459855
460321,460370
460321,460371
460321,460372
460321,460373
460321,460374
460321,459956
460321,460375
459959,459875
460335,460376
460335,460377
460318,460193
460378,460379
460378,460109
460378,460380
460378,459899
460381,460382
460383,460218
460384,460385
460386,460083
460387,460388
460387,460389
460387,460387
460387,460196
460387,459849
460390,460391
460318,460392
460390,460393
460318,460394
460318,460302
460318,460395
460318,460396
460318,460397
460318,460398
460318,460399
460318,459963
460318,460092
460318,460400
460318,460401
460318,460380
460318,460402
460318,460403
460318,460404
460318,460405
460318,459852
460318,460406
460390,460407
460390,460408
460390,460139
460390,460409
460335,460410
460335,460411
460335,460087
460335,460412
460335,460086
460335,460413
460335,460083
460335,459977
460335,460414
460335,460084
460335,460415
460335,460416
460335,460417
460335,460418
460390,460419
460390,460420
460390,459964
460390,460421
460390,460422
460390,460423
460390,460424
460390,460425
460390,460426
460390,460427
460390,460428
460335,460429
460390,460430
460390,460431
460390,460432
460390,460433
460390,460434
460390,460435
460390,460436
460390,459961
460390,460437
460438,460439
459959,460440
459959,459865
460441,460442
460441,460443
460441,460444
460441,460445
460441,460446
460441,460447
460441,460448
460441,460449
460441,460450
460441,460451
460441,460452
460441,460453
460441,460454
460441,460455
460441,460456
460441,459972
460441,460457
460441,460458
460441,460459
460441,460460
460441,460461
460441,460462
460441,460463
460441,460464
460441,460465
460441,460466
460441,460467
460441,460468
460441,460469
460441,460470
460441,460471
460441,460472
460441,460473
460441,460474
460441,460475
460441,460476
460441,460477
460441,460478
460479,460480
460479,459900
460479,460481
460482,459907
460483,460484
460483,460485
460318,460486
460318,459975
460318,459909
460318,460487
460318,460488
460318,459939
460318,459894
460318,460489
460318,459893
460490,459972
460491,459904
460492,460493
460494,460495
460441,460496
460441,460497
460441,460498
460441,460499
460441,460500
460441,460501
460441,460502
460441,460503
460441,460504
460505,460506
460507,459897
460507,460186
460494,459871
460494,460508
460494,460509
460494,459878
460505,460102
459959,459846
460441,460510
460441,460511
459877,460512
460513,460087
460018,460025
460018,460023
460018,460514
460018,460015
460018,460029
460018,460515
460018,460040
460018,460034
460018,460032
460018,459989
460018,459988
460018,460516
460018,459872
460380,459962
460018,459930
460517,459847
460371,460518
459959,460519
459949,460520
460371,459865
460371,459960
460371,459959
460371,459891
460371,459883
460371,459954
460371,459956
460371,459957
460371,459958
460371,460317
460371,460355
460371,460521
460371,459875
460371,460359
460018,460522
460018,459999
460018,459996
460018,459802
460018,459790
460018,460523
460018,460524
460023,459872
460441,460525
460441,460526
460441,460527
460441,460528
460441,460529
460441,460530
460441,460531
460441,460532
460441,460533
460441,460534
460018,459787
460018,459775
460018,459786
460018,460535
460018,459900
460018,459818
460018,460536
460018,460303
460018,459814
460018,460537
460018,459813
460441,460538
460018,460263
460018,459824
460018,459839
460018,459837
460018,460539
460018,459831
460018,459828
460018,459806
460018,460262
459947,460355
460438,460540
460438,460541
460542,460543
460542,460544
460542,460545
460542,460546
460542,460547
460542,460548
460549,459904
460549,460550
460551,460552
460551,460551
460553,460342
460554,460555
460555,460554
460555,460556
460557,459872
460542,460549
460557,460558
460542,460559
460542,460560
460542,460561
460542,460562
460542,460563
460542,460564
460542,460565
460542,460406
460542,460566
460542,460567
460542,460568
460542,460569
460542,460570
460542,460571
460542,460572
460542,460573
460542,460574
460542,460575
460557,460576
460557,460577
460578,459976
460579,460580
460273,460581
460579,460582
460579,460583
460579,460584
460585,459977
460585,459976
460586,460505
460586,460587
460588,459976
460589,460196
460590,459872
460591,460592
460593,459976
460594,459976
460579,460595
460579,459961
460596,460597
460596,460097
460598,459976
460599,460599
460599,459976
460596,460359
460596,459875
460596,460521
460596,460054
460542,460600
460596,460355
460596,459958
460596,459956
460596,459954
460596,460601
460596,459883
460596,460078
460596,460602
460596,460596
460603,460083
460542,460604
460542,460605
460606,460341
460606,459850
460606,460085
460606,460607
460606,460084
460606,460608
460609,460610
460609,460337
460609,460087
460609,460412
460609,460606
460609,460086
460609,460083
460609,460085
460609,460084
460606,460611
460609,460608
460606,460083
460606,460612
459947,459876
459947,459875
459947,460518
459947,460359
459947,460506
459947,460273
460613,460614
460613,460552
460613,460086
460606,460615
460606,460616
460606,460609
460606,460087
460606,460086
460606,460617
460606,460618
460085,460083
460619,460552
460619,460410
460620,460621
460620,459947
460620,460622
460623,460624
460542,460625
460542,460626
460542,460094
460542,460627
460542,460628
460542,460629
460542,460630
460542,460631
460542,460632
460542,460633
460542,460634
460620,460635
460620,460636
460620,460506
460637,460637
460619,460609
460619,460610
460619,460087
460619,460412
460619,460606
460619,460086
460619,460083
460542,460638
460619,460639
460619,460084
460619,460608
460640,460641
460642,460102
460643,459852
460378,460233
460318,460644
460619,460085
460438,460645
460603,460646
460647,460395
460558,459992
460558,460645
460558,460648
460649,459976
460650,460651
460650,460282
460650,460100
460650,460506
460650,460302
460650,460102
460650,460652
460650,460205
460650,460213
460653,460654
460655,459974
460558,459986
460656,460657
460558,459872
460558,460658
460659,460660
460659,460661
460659,459974
460662,459865
460663,460102
460664,459809
460665,460418
460665,460666
460667,460332
460668,460094
460669,460354
460669,460135
460558,460670
460558,460053
460558,460671
460558,460079
460656,460672
460656,460673
460656,460674
460656,460675
460656,460676
460656,460677
460656,460678
460656,460679
460656,460680
460681,460094
460682,460683
460684,460685
460686,460687
460686,460686
460686,460332
460686,460577
460438,460688
460438,459961
460656,460689
460656,460690
460656,460691
460656,460692
460656,460693
460656,460694
460656,460695
460656,460696
460656,460697
460656,460698
460656,460699
460700,460701
460656,460702
460656,460703
460656,460704
460656,460705
460656,460706
460656,460656
460656,460707
460656,460708
460656,460709
460603,460710
460711,460712
460711,459847
460713,459865
460711,460714
460711,460359
460711,460518
460711,460715
460711,460716
460711,460320
460711,460717
460711,460718
460711,460521
460711,460719
460711,460054
460711,460355
460711,460720
460711,460721
460713,459847
460711,459878
460713,459959
460713,460722
460647,460723
460647,460724
460647,460725
460647,460647
460647,460726
460647,460727
460647,460728
460647,460729
460647,460488
460647,460730
460713,460715
460713,460718
460713,460521
460713,460731
460713,460732
460713,460733
460711,460317
460711,460734
460711,459958
460711,460078
460711,460735
460711,460097
460711,460736
460711,460737
460711,460713
460711,460733
460711,459959
460711,460327
460711,459893
460711,460738
460711,460739
460711,459871
460711,459960
460711,460740
460711,459891
460711,459883
460711,460741
460711,460722
460711,460742
460711,459957
460711,459956
460711,459955
460711,459954
460711,460743
460711,460731
460711,459865
460711,460744
460711,460745
460711,459869
460711,460732
460711,459953
460711,460375
460711,460077
460711,460746
460711,460747
460273,459791
460748,460405
460273,460320
460748,460097
460748,460749
460748,460750
460748,460751
460748,460752
460748,460753
460748,460754
460748,459968
460748,460755
460748,460756
460748,460183
460748,460194
460748,459959
460748,460757
460748,460758
460748,460759
460748,460735
460748,459981
460748,460760
460748,460652
460748,459950
460748,459891
460748,459994
460748,459866
460748,459993
460748,460729
460748,460761
460748,460762
460748,460763
460748,460764
460748,460765
460748,460766
460748,460767
460748,460768
460748,460769
460748,460770
460748,460031
460748,460771
460748,460772
460748,460773
460748,460730
460748,460774
460748,460775
460748,460776
460748,460777
460748,460486
460397,460395
460397,460778
460397,460403
460397,460748
460397,460779
460397,460730
460748,460780
460748,460781
460748,460782
460748,459865
460748,460783
460748,459907
460748,459894
460748,460226
460748,460784
460748,459870
460748,459960
460748,460785
460748,460786
460748,459864
460748,460488
460748,459899
460748,459847
460748,460787
460748,460788
460748,460789
460748,460790
460748,459940
460748,459883
460748,460363
460748,460403
460748,459938
460748,459957
460748,459956
460748,460791
460748,460792
460748,459955
460748,459954
460748,460793
460748,460794
460748,459813
460748,460302
460748,460109
460748,460795
460748,460796
460748,460797
460748,460798
460748,459958
460748,460317
460748,460799
460748,460800
460748,460801
460748,460055
460748,460726
460748,459879
460748,460802
460748,460803
460748,460804
460748,460805
460748,460380
460748,459926
460748,459880
460748,460806
460748,460807
460397,460486
460748,460808
460748,459881
460748,460809
460748,460810
460748,460811
460748,460812
460748,460378
460748,460813
460748,459952
460748,460814
460748,460815
460748,460816
460748,460817
460748,460818
460748,460819
460748,460820
460748,459882
460748,460821
460748,460822
460748,459953
460748,460392
460748,460406
460748,459817
460748,460747
460748,460823
460748,460824
460748,460825
460748,460826
460748,460745
460748,460827
460748,460828
460748,460517
460748,460829
460748,460090
460748,460830
460748,460831
460748,459900
460224,460223
460224,460832
460224,460833
460834,460835
460834,460836
460834,460837
460834,460838
460834,460839
460834,460840
460834,460841
460834,460842
460834,460843
460834,460844
460834,460845
460834,460846
460834,460847
460834,460848
460834,460849
460834,460850
460834,460851
460834,460852
460834,460853
460834,460854
460834,460855
460834,460856
460834,460440
460834,460857
460834,460858
460834,460859
460834,460860
460834,460861
460834,460862
460834,460863
460834,460864
460834,460865
460834,460866
460834,460867
460834,460868
460834,460869
460834,460870
460834,460871
460872,460873
460874,459871
459871,460875
459871,460273
459871,460876
459871,460506
459871,459869
459871,459897
459871,459864
459871,460186
459871,460737
459871,459878
459871,460874
459871,460877
460273,460273
460834,460878
460834,460879
460834,460880
460834,460881
460834,460882
460834,460883
460834,460884
460834,460885
460834,460886
460834,460887
460834,460888
460834,460889
460834,460890
460834,460891
460834,460892
460834,460893
460834,460894
460834,460895
460834,460896
460834,460897
460748,460898
460834,460899
460834,460900
460218,460901
460218,460902
460218,460383
460218,460903
460218,460217
460218,460904
460218,460905
460905,460218
459865,460714
459865,460906
459865,460717
459865,460907
459865,459955
459865,460747
459865,460908
460218,460909
459865,460735
460224,460224
460224,460910
460224,459946
460224,460911
460224,460912
460224,459852
460224,460913
460224,460914
460224,460427
460224,460624
460224,460915
460224,460916
460224,460917
460224,460918
460224,460142
460224,460919
460224,460920
460224,460921
460834,460922
459865,460736
459865,459865
460834,460923
460834,460924
460834,460925
460834,460926
460834,460927
460834,460928
460834,460929
460834,460930
460834,460931
460834,460932
460834,460933
460834,460934
460834,460935
460834,460936
460834,460937
460834,460938
459865,460739
460834,460939
460834,460940
459865,460782
459865,459953
459953,460731
459953,459865
459953,460512
460834,460941
460834,460942
460834,460943
460834,460944
460834,460945
460834,460946
460834,460947
460834,460948
460834,460949
460834,460950
460834,460951
460748,460952
460218,460953
460748,460954
460955,459910
460956,460957
460956,460958
460956,460959
460956,460960
460956,460961
460956,460962
460956,460963
460956,460964
460956,460965
460956,460966
460956,460967
460956,460968
460956,460969
460956,460970
460955,460971
460956,460972
460955,460973
460955,460974
460955,460975
460955,460976
460955,460977
460955,460978
460955,460979
460955,460980
460955,460428
460955,460981
460955,460982
460955,460983
460955,460984
460955,460985
460955,459913
460955,460986
460955,460987
460955,460988
460955,460952
460956,460989
460956,460990
460956,460991
460956,460992
460956,460993
460956,460994
460956,460096
460956,460995
460956,460996
460956,460997
459809,460998
459809,460758
459809,460999
459809,460053
459809,460658
459809,459801
459809,459803
460956,461000
460956,461001
460956,461002
460956,461003
460956,461004
460956,461005
460956,461006
460956,461007
460956,461008
460956,461009
460956,461010
460956,461011
460956,461012
460956,461013
460956,461014
460956,461015
460956,461016
460956,461017
460956,461018
460956,461019
459809,459787
460955,459961
460955,460409
460977,460581
460977,461020
460977,461021
460977,461022
460977,461023
460977,461024
460977,461025
460977,461026
460977,459963
460977,459961
460977,460952
460977,461027
460977,460406
460977,461028
460977,461029
460977,461030
460977,461031
460977,460395
459921,460306
460273,461032
460748,461033
460273,461034
460273,461035
460273,459883
460273,461036
460273,461037
460273,460101
460273,460103
460273,459951
460273,460105
460273,459897
460320,460273
460320,459897
461038,460087
459921,459897
460955,461025
460977,461039
460977,461040
460982,461025
460982,459961
460982,461041
460982,461042
460982,461043
460982,461044
460982,460917
460982,459913
460982,461045
460982,459910
460982,460382
460982,460597
460982,461046
460955,460581
460955,461047
460982,460409
460977,461048
460982,461020
460982,460602
460977,461049
460977,459913
460977,460986
460977,461050
460977,460987
460977,460974
460977,461051
460977,460973
460977,459910
460977,461046
460977,461052
460982,461053
460982,461054
460982,459852
460982,461055
460982,461051
459809,459797
460982,460988
459809,459827
461056,461057
461056,461058
461056,461059
461056,461060
461056,461061
461056,461062
461056,461063
461056,461064
461056,461065
461056,461066
461056,461067
461056,461068
461056,461069
461056,461070
461071,459972
461056,461072
461073,459852
461056,461074
461075,461076
459897,461077
459897,460021
459897,459921
459897,460254
459897,460288
461078,459897
461079,461080
460087,460429
460087,460606
460087,460639
460087,460084
460087,460083
460087,460086
460087,461081
461082,460087
461056,461083
459897,461037
461073,461084
460748,461085
460748,459877
460748,461086
460748,461087
460748,460521
460748,459964
460748,460907
460748,461088
460748,461089
460748,461090
460748,460421
460748,461091
460748,461092
459809,459830
460748,460355
460748,460092
460748,461093
461094,461095
460748,461096
460748,459876
460748,460395
460748,460723
460748,460714
460748,461097
460748,461098
460748,459794
460748,459874
460748,461099
460748,460397
460748,460359
460748,461100
460748,459875
460748,461101
460748,460053
460748,460361
460748,461102
459897,461036
460748,461103
459897,461104
459889,459827
459889,459809
459889,459886
459889,459845
459889,459890
460786,461105
460786,461106
460786,461107
460786,461108
460786,461109
460786,461110
460786,461111
460786,461112
461113,460912
461113,460224
459889,459830
461113,460422
459889,459797
459889,459787
459809,459845
459809,459889
459809,459890
459897,459916
459809,459798
459809,459886
459809,459874
459809,460670
459809,461114
459809,461115
459809,459774
459809,461116
459889,459798
459889,459801
459889,459803
459889,459774
461117,461118
459889,459824
461119,459832
459897,460224
459897,459770
459897,460028
459897,460186
459897,459966
459897,460581
459897,459791
459897,459875
459897,460273
459897,460320
459897,461032
459897,461120
461119,461095
459897,459951
459897,459815
459897,461035
459897,461034
459897,460102
459897,460506
459897,459965
459897,460100
461121,459948
461119,459810
461121,461122
461121,459810
461121,461119
461121,460297
459897,460105
459897,460277
459897,460209
459897,460106
459897,459896
459897,460282
459897,461123
461121,461095
