461124,461125
461124,461126
461124,461127
461124,461128
461124,461129
461124,461130
461124,461131
461124,461132
461124,461133
461124,461134
461124,461135
461124,461136
461124,461137
461124,461138
461124,461139
461124,461140
461124,461141
461124,461142
461124,461143
461124,461144
461124,461145
461146,461147
461146,461146
461146,461148
461124,461149
461146,461150
461151,461152
461153,461154
461124,461155
461124,461156
461124,461157
461124,461158
461124,461159
461124,461160
461124,461161
461124,461154
461124,461162
461124,461163
461124,461164
461124,461165
461124,461166
461124,461167
461168,461158
461124,461169
461124,461170
461124,461153
461124,461171
461124,461172
461124,461173
461124,461174
461175,461176
461168,461177
461124,461178
461168,461179
461168,461180
461168,461181
461182,461183
461182,461184
461185,461186
461185,461187
461188,461189
461185,461177
461168,461190
461124,461191
461124,461192
461124,461151
461124,461193
461124,461194
461124,461195
461124,461196
461124,461197
461124,461198
461124,461199
461124,461200
461124,461201
461124,461202
461124,461203
461124,461204
461124,461205
461124,461152
461124,461206
461124,461207
461124,461208
461124,461209
461124,461210
461124,461211
461212,461213
461214,461215
461216,461217
461218,461190
461219,461220
461221,461222
461221,461223
461224,461225
461226,461227
461226,461228
461226,461229
461230,461231
461232,461233
461234,461235
461234,461236
461234,461237
461238,461239
461240,461241
461242,461154
461242,461128
461242,461243
461244,461245
461242,461152
461230,461246
461230,461247
461214,461248
461185,461249
461214,461250
461214,461251
461214,461252
461214,461253
461214,461254
461214,461255
461230,461256
461214,461257
461214,461258
461214,461259
461214,461260
461214,461261
461214,461262
461214,461220
461214,461263
461264,461265
461214,461266
461242,461267
461242,461268
461269,461270
461271,461272
461271,461273
461271,461274
461271,461158
461271,461275
461271,461276
461271,461277
461271,461278
461271,461279
461271,461280
461271,461281
461271,461282
461271,461283
461271,461284
461271,461271
461271,461285
461271,461286
461216,461287
461271,461288
461271,461289
461229,461290
461291,461245
461292,461245
461293,461293
461293,461294
461295,461296
461297,461298
461297,461299
461297,461300
461297,461301
461302,461302
461303,461302
461304,461305
461306,461245
461307,461154
461294,461308
461309,461256
461310,461311
461310,461312
461310,461313
461310,461314
461212,461315
461185,461316
461317,461318
461185,461319
461320,461321
461320,461322
461320,461323
461320,461324
461320,461325
461320,461326
461320,461327
461320,461328
461320,461329
461320,461330
461331,461332
461333,461331
461333,461332
461334,461245
461335,461336
461335,461337
461335,461338
461335,461339
461331,461333
461335,461340
461320,461341
461320,461342
461320,461343
461320,461344
461320,461345
461320,461346
461320,461347
461320,461348
461320,461349
461320,461350
461320,461351
461320,461352
461320,461339
461320,461353
461320,461354
461320,461355
461320,461356
461320,461357
461320,461358
461320,461359
461320,461360
461335,461357
461335,461361
461335,461362
461317,461363
461317,461364
461365,461366
461365,461367
461365,461368
461365,461369
461365,461370
461365,461371
461317,461372
461365,461363
461365,461317
461283,461281
461283,461373
461283,461226
461283,461374
461375,461275
461214,461376
461375,461154
461365,461377
461317,461378
461317,461379
461317,461380
461335,461381
461335,461382
461335,461383
461335,461384
461335,461385
461317,461386
461317,461387
461317,461366
461317,461388
461317,461389
461317,461390
461317,461391
461317,461392
461317,461393
461317,461394
461317,461365
461317,461395
461317,461396
461317,461397
461320,461398
461346,461330
461346,461399
461346,461328
461400,461401
461400,461308
461402,461403
461404,461403
461404,461405
461406,461398
461406,461407
461408,461283
461409,461410
461411,461412
461411,461413
461411,461414
461411,461415
461411,461416
461411,461225
461411,461417
461418,461419
461418,461420
461411,461421
461409,461422
461409,461423
461424,461425
461185,461426
461185,461427
461185,461428
461429,461225
461430,461288
461430,461431
461430,461432
461424,461398
461424,461433
461424,461434
461424,461435
461424,461337
461424,461436
461424,461338
461424,461339
461424,461368
461424,461437
461424,461438
461424,461439
461418,461440
461185,461441
461398,461442
461398,461443
461346,461444
461346,461358
461346,461445
461346,461446
461346,461447
461346,461359
461346,461342
461346,461341
461346,461448
461346,461449
461346,461450
461346,461324
461346,461325
461346,461326
461346,461451
461346,461452
461346,461327
461346,461453
461346,461321
461346,461357
461346,461356
461346,461454
461398,461455
461398,461456
461398,461457
461398,461398
461398,461407
461346,461398
461346,461344
461346,461458
461346,461345
461346,461459
461346,461350
461346,461352
461346,461460
461346,461461
461346,461339
461346,461353
461346,461320
461346,461462
461346,461463
461398,461464
461214,461465
461466,461467
461214,461468
461466,461469
461466,461470
461466,461471
461466,461472
461466,461473
461466,461474
461466,461475
461466,461476
461466,461477
461466,461478
461479,461480
461479,461481
461479,461158
461479,461482
461479,461483
461479,461484
461479,461485
461479,461486
461479,461273
461479,461487
461466,461488
461466,461489
461466,461490
461466,461491
461466,461492
461466,461493
461466,461494
461466,461495
461466,461496
461466,461497
461466,461498
461466,461499
461466,461500
461466,461501
461466,461502
461466,461503
461466,461504
461466,461505
461466,461506
461466,461507
461466,461508
461479,461509
461479,461479
461479,461510
461511,461512
461513,461514
461515,461193
461515,461152
461516,461245
461517,461283
461518,461308
461519,461348
461520,461521
461519,461522
461519,461523
461519,461524
461525,461225
461526,461527
461526,461528
461529,461530
461529,461531
461529,461532
461519,461190
461520,461533
461520,461534
461520,461535
461479,461536
461479,461537
461479,461538
461479,461373
461479,461539
461540,461541
461542,461543
461542,461245
461544,461545
461544,461546
461544,461547
461548,461403
461549,461550
461549,461403
461549,461551
461520,461552
461520,461283
461520,461553
461520,461554
461466,461555
461466,461556
461466,461557
461466,461558
461466,461559
461466,461560
461466,461561
461466,461562
461466,461563
461466,461564
461466,461565
461466,461566
461466,461567
461466,461568
461466,461569
461466,461570
461466,461571
461466,461572
461466,461573
461466,461574
461466,461575
461466,461576
461466,461577
461466,461578
461466,461579
461466,461580
461466,461581
461466,461582
461466,461583
461466,461584
461466,461585
461466,461586
461466,461587
461466,461588
461466,461589
461466,461590
461466,461591
461466,461592
461466,461593
461466,461594
461466,461595
461466,461596
461466,461597
461466,461598
461466,461599
461466,461600
461529,461386
461466,461601
461466,461602
461466,461603
461466,461604
461466,461605
461466,461606
461466,461607
461466,461608
461466,461609
461466,461610
461466,461611
461466,461612
461466,461613
461466,461614
461466,461615
461466,461616
461466,461617
461466,461618
461466,461619
461466,461620
461466,461621
461466,461622
461466,461623
461466,461624
461466,461625
461466,461626
461466,461627
461466,461628
461466,461629
461466,461630
461466,461631
461466,461632
461466,461633
461466,461634
461375,461635
461466,461636
461466,461637
461466,461638
461466,461639
461466,461640
461466,461641
461466,461642
461466,461643
461466,461644
461529,461645
461529,461646
461529,461647
461648,461409
461649,461650
461651,461236
461652,461318
461653,461220
461654,461190
461655,461245
461656,461245
461657,461657
461658,461659
461658,461660
461661,461245
461662,461296
461421,461225
461663,461664
461663,461225
461665,461666
461665,461667
461658,461668
461657,461669
461657,461670
461657,461213
461529,461671
461529,461363
461529,461672
461529,461364
461529,461673
461529,461674
461529,461675
461529,461676
461529,461677
461529,461526
461529,461678
461679,461245
461680,461681
461682,461296
461683,461514
461657,461433
461657,461345
461657,461353
461657,461684
461665,461685
461529,461686
461665,461339
461665,461687
461665,461688
461665,461689
461690,461691
461690,461692
461690,461281
461690,461283
461693,461693
461694,461695
461665,461696
461694,461233
461214,461697
461214,461698
461214,461699
461214,461700
461214,461701
461214,461702
461214,461703
461214,461704
461705,461220
461665,461706
461665,461707
461665,461708
461665,461709
461665,461710
461665,461711
461665,461712
461665,461713
461665,461714
461665,461715
461665,461716
461665,461196
461665,461717
461665,461718
461665,461719
461665,461720
461665,461721
461665,461722
461665,461723
461665,461724
461665,461725
461665,461726
461665,461727
461214,461728
461529,461729
461529,461372
461529,461730
461529,461318
461529,461731
461529,461732
461529,461733
461529,461734
461529,461735
461529,461664
461529,461736
461529,461737
461529,461738
461529,461739
461529,461394
461529,461365
461529,461740
461529,461741
461529,461742
461529,461743
461529,461393
461529,461392
461529,461744
461529,461745
461529,461746
461529,461366
461529,461747
461529,461388
461529,461748
461529,461749
461529,461389
461529,461750
461529,461751
461529,461752
461529,461390
461529,461753
461529,461754
461529,461391
461529,461755
461529,461756
461529,461757
461529,461370
461529,461758
461529,461759
461529,461528
461529,461760
461529,461761
461529,461397
461529,461380
461529,461762
461529,461182
461529,461763
461529,461764
461529,461765
461529,461766
461529,461767
461529,461411
461529,461768
461529,461769
461529,461770
461529,461771
461529,461379
461529,461378
461529,461772
461529,461773
461529,461774
461529,461775
461529,461776
461529,461225
461529,461777
461529,461395
461529,461525
461529,461778
461529,461779
461529,461780
461529,461781
461529,461782
461529,461783
461529,461784
461529,461785
461529,461786
461529,461787
461529,461788
461529,461396
461529,461317
461529,461789
461529,461790
461529,461791
461529,461792
461375,461793
461794,461795
461796,461797
461798,461455
461798,461799
461798,461800
461798,461801
461798,461802
461798,461269
461798,461803
461798,461804
461798,461805
461798,461806
461798,461524
461798,461807
461798,461808
461196,461685
461196,461713
461809,461810
461809,461811
461809,461812
461798,461813
461809,461814
461798,461355
461798,461190
461815,461816
461798,461154
461798,461152
461798,461515
461798,461398
461798,461817
461798,461442
461798,461818
461798,461819
461798,461820
461798,461821
461798,461252
461798,461822
461798,461438
461798,461454
461798,461823
461798,461824
461798,461825
461798,461360
461809,461826
461809,461827
461809,461828
461152,461585
461152,461829
461152,461830
461152,461831
461152,461798
461152,461156
461152,461193
461152,461832
461152,461268
461156,461154
461156,461138
461156,461198
461156,461152
461833,461256
461834,461236
461835,461836
461835,461837
461835,461838
461156,461839
461152,461267
461152,461197
461152,461840
461809,461841
461842,461843
461842,461844
461845,461245
461152,461151
461152,461846
461152,461847
461152,461848
461152,461849
461152,461154
461152,461375
461152,461850
461152,461851
461152,461852
461152,461853
461152,461854
461152,461855
461152,461127
461152,461819
461815,461856
461815,461857
461815,461799
461815,461456
461821,461858
461821,461859
461821,461860
461821,461861
461821,461815
461821,461862
461821,461863
461821,461864
461821,461235
461821,461865
461821,461866
461821,461867
461821,461868
461821,461439
461821,461869
461821,461870
461821,461871
461821,461872
461821,461873
461821,461874
461821,461875
461821,461876
461877,461878
461877,461879
461877,461880
461877,461881
461877,461882
461877,461883
461877,461884
461877,461885
461877,461384
461886,461719
461861,461887
461865,461888
461865,461235
461865,461889
461865,461890
461865,461891
461821,461892
461821,461442
461821,461893
461821,461891
461835,461894
461895,461245
461585,461156
461585,461152
461585,461267
461585,461896
461585,461206
461585,461229
461585,461173
461891,461897
461891,461898
461585,461899
461891,461900
461815,461901
461815,461902
461815,461823
461815,461903
461815,461904
461815,461905
461815,461906
461815,461907
461891,461550
461585,461908
461585,461635
461585,461198
461585,461909
461585,461226
461585,461910
461585,461911
461585,461912
461585,461831
461585,461839
461585,461375
461585,461600
461585,461913
461585,461914
461585,461915
461585,461819
461585,461840
461585,461916
461585,461898
461585,461917
461585,461918
461585,461197
461197,461152
461877,461919
461835,461920
461835,461921
461922,461270
461922,461923
461922,461220
461924,461236
461925,461856
461220,461926
461220,461927
461220,461928
461922,461929
461220,461930
461220,461931
461220,461932
461220,461933
461220,461934
461220,461935
461220,461936
461220,461937
461220,461938
461220,461939
461220,461220
461922,461940
461922,461941
461417,461942
461417,461943
461227,461944
461227,461945
461227,461946
461227,461417
461227,461228
461947,461948
461922,461949
461949,461929
461922,461950
461922,461951
461922,461952
461922,461953
461922,461901
461922,461954
461922,461265
461922,461955
461270,461956
461220,461957
461958,461220
461732,461766
461959,461960
461959,461961
461959,461962
461959,461963
461959,461243
461959,461866
461959,461964
461959,461965
461959,461966
461959,461967
461959,461889
461959,461780
461959,461917
461959,461968
461959,461969
461959,461970
461959,461971
461972,461973
461959,461844
461959,461974
461959,461975
461959,461976
461732,461977
461225,461415
461959,461173
461959,461978
461959,461979
461959,461208
461959,461980
461959,461981
461959,461982
461959,461983
461959,461984
461959,461985
461959,461986
461959,461987
461959,461856
461959,461988
461959,461152
461959,461989
461959,461990
461417,461227
461417,461945
461991,461992
461991,461993
461994,461940
461994,461198
461994,461203
461994,461152
461994,461995
461996,461997
461996,461996
461996,461998
461994,461999
461996,462000
461996,461994
461996,462001
462002,462003
461991,462004
461991,462005
461991,462006
461991,461991
461991,462007
461996,462008
461994,461141
461994,462009
461994,461952
461835,462010
461835,462011
461835,462012
461835,462013
461835,462014
462015,461245
461934,461973
461934,462016
461934,462017
461934,461220
461222,462018
462018,461222
462018,462019
461181,461190
462020,461190
462020,461181
462021,462022
461994,462023
461994,461646
461991,462024
461835,462025
461991,462026
461991,462027
461991,462028
461991,462029
461991,462030
461991,462031
461991,462032
461991,462033
461991,462034
461991,462035
461991,462036
461991,462037
461991,462038
461991,462039
461991,462040
461991,462041
461991,462042
461991,462043
461991,462044
461991,462045
461991,462046
461991,462047
461991,462048
461991,462049
461991,462050
461991,462051
461991,462052
461991,462053
461991,462054
461991,462055
461991,462056
461991,462057
461991,462058
461991,462059
461991,462060
461991,462061
461991,462062
461991,462063
461991,461659
461991,462064
461991,462065
461991,462066
461991,462067
461991,462068
461796,462069
461877,462070
461877,462071
461396,462072
461396,461744
461396,461392
461396,461736
461396,462073
461396,461318
461396,461731
461396,461994
461396,462074
461396,462075
461396,461732
461396,461733
461396,461734
461396,461393
461396,461394
461396,462001
461396,461741
461396,461742
461396,462076
461396,461743
461396,461370
461396,461755
461225,461429
461225,462077
462078,461245
461403,461404
461403,461405
461403,461402
461403,462079
461403,462080
461396,461756
462079,461403
461396,462023
461396,461646
461396,461647
461396,461748
461396,461751
461396,461752
461396,461390
461396,462081
461396,461532
461396,461759
461396,461761
461396,462082
461396,461768
461396,461769
461396,462083
461396,461770
461396,461379
461396,461378
461396,461772
461396,461528
461396,462084
461396,461729
461396,461363
461396,462085
461396,462086
461396,461673
461396,461674
461396,461676
461396,462087
461396,462088
461396,461686
461396,462089
461396,462090
461396,461765
461396,461778
461396,461780
461396,461782
461396,461783
461396,461784
461396,462091
461396,461789
461396,461790
461396,461791
461396,461225
461396,461775
461396,461767
461396,461397
461396,461762
461396,462092
461396,462093
461396,461182
461396,461763
461396,461764
461225,461416
461959,461138
461959,461796
461959,462094
461971,462095
461971,461196
461971,461427
461971,461198
461971,462096
461971,462097
461971,461152
461971,461856
461971,461239
461971,461896
461971,462098
461971,461980
461971,462099
461971,462100
461971,462101
461971,462102
461971,462103
461971,461686
461971,461723
461971,461889
461971,461917
461971,462104
461796,462105
461796,461959
461796,462106
461796,461975
461971,461951
461971,461952
461971,462107
461971,462108
461971,462109
461971,462110
461971,461154
461971,462111
461971,461438
461971,461265
461971,461913
461971,462112
461971,461190
461971,461904
461971,462113
461971,462114
461396,461677
461971,461677
461917,462115
461959,461161
461959,461821
461959,462116
461959,461375
461959,461165
461959,462117
461959,461143
461959,461438
461959,461235
461959,461855
461959,462118
461959,461125
461959,461130
461959,462119
461959,462120
461959,462121
461959,462122
461959,461904
461959,462123
461959,462124
461959,462125
461959,462108
461917,462126
461889,461904
461889,461799
461959,461843
461959,462127
461959,462128
461959,462069
461959,461952
461959,462129
461959,462130
461959,461850
461959,462131
461959,462000
461959,462132
461959,462133
461959,462134
461959,462135
461959,462136
461959,462137
461971,461173
461877,462138
461396,461367
461427,462139
461794,462140
461794,462141
461794,461712
461794,462142
461794,462143
461794,461713
461794,462144
461794,462145
461794,462146
461794,462147
461794,462148
461794,462149
461794,461169
461794,461239
461794,462150
461794,461196
461794,462151
461794,462152
461794,462153
461794,461999
461794,461132
461794,461190
461794,461340
461794,462154
461794,462155
461794,462156
461794,462157
461794,462158
461794,462159
461794,462160
461794,461710
461794,462161
461794,462162
461794,462163
461794,462164
461794,461709
461794,462165
461794,462166
461794,462167
461794,462168
461794,462169
461794,462170
461794,462171
461794,461245
461794,462172
461794,462173
461794,461308
461794,462174
461794,461688
461794,462175
462176,462177
462176,462178
461794,462179
462176,461732
462176,461977
462176,462180
462176,462181
462176,462182
462176,462183
462176,462184
462185,461975
461877,462186
462176,462187
461794,462188
461794,462189
461794,462190
461794,462191
461794,462192
461794,462193
461794,461718
461794,462194
461794,461719
461794,462195
461794,462196
461794,462197
461794,462198
461794,462199
461794,461723
461794,462200
461794,462201
461794,461724
461794,462202
461794,462203
461794,461708
461794,462204
461794,462205
461794,461727
461794,461339
461794,461189
462148,462206
462148,462207
462148,462203
462148,461373
461723,462208
462201,462209
462201,462210
462201,461279
462148,462211
462201,462212
462201,462213
462201,462214
462201,462215
462201,462216
462201,461273
462201,462217
462201,462218
462201,462219
462201,461272
462148,462153
462148,462220
462148,462221
461427,462156
461427,461187
461427,461177
461427,461186
461427,461185
461427,461249
461427,461441
461427,461428
461427,462222
461427,462223
461427,461427
461427,462224
462225,461872
461762,462226
461762,462227
462228,462229
462148,462230
462148,461273
462148,461481
462201,462231
462232,461396
462201,462233
462201,461275
462201,462234
462201,462235
462201,462236
462201,461793
462201,461373
462201,462237
461794,462238
461794,462239
462201,462240
461794,462241
461794,462242
461794,462243
461794,462244
461794,461667
461794,462245
461794,462246
461794,462247
461794,461685
461794,462248
462201,462249
462201,462250
462201,462251
462201,462221
462201,462252
462201,462253
462201,461517
462201,462254
462201,462255
462201,462256
462201,462257
462201,461277
462201,462258
462201,462220
462201,461281
462201,461282
462201,462259
462201,462260
462201,461283
462201,462261
462201,462262
462201,462148
462201,462263
462264,461245
461529,462232
