32806,32807
32808,32809
32810,32811
32810,32812
32810,32813
32810,32814
32810,32815
32810,32816
32810,32817
32810,32818
32810,32819
32810,32820
32810,32821
32810,32822
32810,32823
32810,32824
32810,32825
32810,32826
32810,32827
32810,32828
32829,32830
32831,32832
32833,32834
32833,32835
32833,32836
32833,32837
32810,32838
32833,32839
32833,32840
32841,32842
32810,32843
32810,32844
32810,32845
32810,32846
32833,32847
32810,32848
32810,32849
32810,32850
32810,32851
32810,32852
32810,32853
32810,32854
32810,32855
32810,32856
32810,32857
32810,32832
32810,32858
32810,32859
32810,32860
32810,32861
32810,32862
32810,32863
32810,32864
32810,32865
32810,32866
32810,32867
32810,32868
32810,32869
32810,32870
32810,32871
32810,32872
32810,32873
32810,32874
32810,32875
32810,32876
32810,32877
32810,32878
32810,32879
32810,32880
32810,32881
32810,32882
32829,32840
32883,32884
32883,32885
32883,32886
32887,32888
32887,32889
32888,32890
32888,32891
32888,32892
32888,32893
32887,32894
32888,32894
32888,32895
32888,32889
32808,32896
32808,32897
32808,32898
32808,32899
32888,32887
32887,32893
32893,32888
32893,32887
32900,32901
32900,32902
32900,32903
32900,32904
32900,32905
32900,32906
32900,32907
32900,32908
32895,32890
32895,32892
32895,32893
32895,32894
32895,32887
32895,32888
32893,32894
32808,32909
32810,32910
32808,32911
32808,32912
32913,32914
32913,32915
32916,32917
32916,32918
32916,32919
32916,32920
32913,32921
32916,32922
32883,32923
32883,32924
32883,32925
32883,32926
32883,32927
32883,32928
32883,32929
32913,32930
32913,32931
32808,32932
32808,32832
32808,32933
32808,32934
32808,32935
32808,32936
32808,32937
32808,32913
32808,32840
32808,32921
32808,32914
32808,32915
32808,32938
32808,32939
32808,32940
32808,32941
32808,32942
32810,32943
32810,32944
32810,32945
32946,32947
32946,32948
32946,32949
32946,32950
32946,32951
32946,32952
32946,32953
32946,32954
32946,32955
32946,32956
32946,32957
32946,32958
32946,32959
32946,32960
32946,32961
32946,32962
32946,32963
32946,32964
32946,32965
32946,32966
32946,32967
32946,32968
32946,32969
32946,32970
32946,32971
32946,32972
32946,32973
32946,32974
32946,32975
32946,32976
32946,32977
32946,32978
32946,32979
32946,32980
32946,32981
32946,32982
32946,32983
32984,32985
32984,32986
32984,32987
32984,32988
32984,32989
32984,32990
32984,32991
32984,32992
32984,32993
32984,32994
32984,32995
32984,32996
32984,32997
32984,32998
32984,32999
32946,33000
32946,33001
32946,33002
32946,33003
32946,33004
32946,33005
32946,33006
32946,33007
32946,33008
32946,33009
32946,33010
32946,33011
32946,33012
32946,33013
32946,33014
32946,33015
32946,33016
32946,33017
32946,33018
32900,33019
32946,33020
32946,33021
33022,33023
33022,33024
33022,32920
33022,33025
33022,33026
33022,33027
33022,33028
33022,33029
33022,33022
33030,32806
33030,33031
33030,33032
33033,33034
33033,33035
33022,33036
33022,33037
33022,33038
32810,33039
32810,33040
32810,33041
32810,33042
32810,33043
32810,33044
32810,33045
32810,33046
32810,33047
32810,33048
32810,33049
32810,33050
32810,33051
32810,33052
32810,33053
32810,33054
33033,33055
32946,33056
33057,32806
33058,33059
32946,33060
32946,33061
32946,33062
32946,33063
32946,33064
32946,33065
32946,33066
32946,33067
32946,33068
32946,33069
32946,32984
32946,33070
32946,33071
32946,33072
32946,33073
32946,33074
32946,33075
32946,33076
33058,33077
33058,33078
33058,33079
33058,33080
33058,33081
33081,33082
33081,33083
32946,33084
32946,32946
32946,33085
32946,33086
32946,33087
32946,33088
32946,33089
32946,33090
33091,32915
32984,33092
32900,33093
32900,33094
33095,33096
33095,33097
33095,33098
33095,33099
33095,33100
33095,33101
33095,33102
33095,33103
33095,33104
33095,33105
33095,33106
33095,33107
33095,33108
33095,33109
33095,33110
33095,33111
33095,33112
33095,33113
33114,33115
33114,33116
33114,33117
33114,33118
33095,33119
33095,33120
33095,33121
33095,33122
33095,33123
33095,33124
33095,33125
33095,33126
33095,33127
33095,33128
33095,33129
33130,33099
33095,33131
33095,33132
33133,33134
33133,32939
33135,33136
33137,33138
33137,32832
33139,33137
33133,33140
33139,33141
33142,33143
33142,33144
33142,33145
33142,33146
33142,33147
33142,33148
33139,32832
33133,32832
33133,33149
33133,33150
33151,33152
33151,33153
33151,33154
33151,33133
33151,33155
33153,33152
33153,33156
33153,33154
33153,33157
33133,33158
33133,33159
33133,33160
33133,33154
33133,33161
33133,33162
33114,33163
33114,33164
33114,33165
33114,33166
33167,33168
33169,33170
33169,33124
33169,33171
33169,33172
33169,33173
33167,33174
33169,33175
33124,33176
33124,33177
33124,33178
33179,33124
33179,33180
33179,33181
33169,33182
33167,33183
33167,33157
33167,33184
33167,33169
33167,33185
33167,33186
33167,33124
33167,33187
33167,33188
33167,33189
33167,33190
33167,33191
33167,33192
33167,33193
33167,33194
33167,33195
33167,33196
33167,33197
33179,33198
33142,33186
33179,33176
33199,33200
33199,33201
33199,33202
33203,33204
33203,33205
33203,33206
33203,33207
33199,33208
33209,33210
33211,33212
33211,33213
33211,33214
33211,33215
33211,33209
33211,33201
33209,33201
33199,33211
33199,33216
33199,33209
33199,33217
33199,33218
33199,33219
33199,33220
33199,33221
33199,33222
33199,33213
33199,33223
33199,33099
33199,33224
33199,33225
33199,33226
33199,33227
33199,33228
33199,33203
33199,33229
33142,33230
33142,33159
33142,33231
33232,32813
33232,32815
33232,32825
33232,32819
33232,32821
33232,32822
33232,32812
33232,32826
33232,32872
33232,33233
33232,32878
33232,32881
33232,32866
33232,32865
33232,32870
33234,33045
33234,32832
33134,33168
33235,33236
33134,33145
33134,33146
33134,33186
33134,33237
33134,33188
33134,33191
33134,33238
33134,33239
33134,33240
33134,32919
33134,33235
33134,33157
33134,33183
33134,33174
33232,32852
33235,33241
33232,32855
33232,32861
32906,33019
32906,32839
32906,32904
33242,32832
33242,33243
33244,33245
32906,33093
33244,33246
33247,32832
33248,33249
33250,32840
32900,32836
32900,32840
32900,32835
33251,32840
32906,33094
32906,32835
32835,32906
33232,33252
33232,32944
33232,33253
33232,33232
32870,33254
32870,33255
32870,33256
32870,33257
33258,33220
33259,33260
33259,33261
33262,33263
33262,33159
33264,33265
32835,33266
33232,32832
32900,33267
33235,33268
33235,33269
33142,33191
33142,33238
33142,33270
33142,33271
33142,33272
33142,33273
33142,33274
33142,33275
33142,33276
33142,33277
33142,33193
33142,33278
33142,33279
33142,33194
33142,33192
33142,33280
33142,33150
33142,33188
33142,33124
33142,33281
33142,33282
33142,33283
33142,33284
33142,33285
33142,33179
33142,33286
33142,33287
33142,33161
33142,33180
33142,33288
33142,33289
33142,33290
33142,33162
33142,33291
33235,33292
33142,33293
33142,33239
33142,33294
33142,33295
33142,33168
33145,33124
33282,32919
33278,32919
33142,33236
33278,33296
33278,33297
33278,33298
33235,33299
33235,33186
33235,33152
33235,33153
33278,33300
33142,33301
33142,33174
33142,33183
33142,33198
33142,33302
33142,33184
33142,33176
33142,33303
33142,33304
33142,33305
33142,33235
33142,33306
33142,33307
33142,33308
33142,33134
33142,33309
33142,33310
33142,33157
33142,33197
33311,33218
32984,33312
32984,33313
33314,33315
33314,33316
33314,33056
33314,33021
33314,33072
33314,33071
33314,33317
33314,33318
33314,33319
33314,33320
33314,33321
33314,32984
33314,33069
33314,33322
33314,33323
33314,33068
33314,33020
33314,33324
33314,32969
33314,33325
33314,33326
33314,33327
33314,32968
33314,32967
33314,33328
33314,32966
33314,33329
33314,33330
33314,33331
33314,32965
33314,32981
33314,33332
33314,33333
33314,33073
33314,33067
33314,33065
33314,33066
33314,33334
33314,33074
33314,33335
33314,33336
33314,33337
33314,33338
33314,33339
33314,33075
33314,33076
33314,33340
33314,33341
33314,33342
33314,33090
33314,33343
33314,33060
33314,33344
33314,33345
33314,33064
33314,33346
33314,33347
33314,33348
33314,33349
33314,33350
33314,33351
33314,33352
33314,33063
33314,33353
33314,33062
33314,33354
33314,33355
33314,33061
33314,33356
33314,33357
33314,33358
33314,33359
33314,33360
33314,33361
33314,33362
33314,33363
33314,33364
33314,32961
33314,32954
33314,33365
33314,33366
33314,33367
33314,33368
33314,33369
33314,32951
33314,32950
33314,33370
33314,33371
33314,32955
33314,33372
33314,33373
33314,32957
33314,33374
33314,33375
33314,33376
33314,33377
33314,33378
33314,33379
33314,33380
33314,33381
33314,33382
33314,33383
33314,32956
33314,33384
33314,33385
33314,33386
33314,33387
33314,33388
33314,32948
33314,33389
33314,32976
33314,33390
33314,32975
33314,33391
33314,33392
33314,32974
33314,33393
33314,33394
33314,32973
33314,32972
33314,33395
33314,33396
33314,32971
33314,32970
33314,33397
33314,33398
33314,33399
33314,33400
33314,32947
33314,33401
33314,33402
33314,33403
33314,32953
33314,32962
33314,33404
33314,32963
33314,33405
33314,33406
33314,33407
33314,32964
33314,32979
33314,32978
33314,32977
33314,33408
33314,33409
33314,33410
33314,33411
33412,33124
33412,33413
33412,33414
33412,33415
33412,33416
33412,33417
33412,33418
33412,33419
33420,33421
33420,33422
33423,33139
33423,32832
33423,33424
33423,33425
33412,33426
33412,33412
33412,33427
33412,33428
33412,33429
33412,33194
33412,33430
33412,33431
33412,33432
33412,33433
33412,33434
33412,33435
33412,33436
33412,33437
33412,33438
33412,33439
33412,33440
33412,33441
33412,33442
33423,33160
33412,33443
33444,33357
33206,33445
33130,33446
33130,33447
33130,33448
33130,33211
33130,33449
33130,33450
33130,33451
33130,33452
33130,33453
33130,33454
33130,33455
33130,33456
33130,33457
33130,33458
33130,33459
33130,33460
33130,33461
33130,33462
33292,33236
33292,33235
33292,33241
33292,33268
33292,33269
33292,33153
33292,33152
33292,33299
33463,33427
33463,33124
33130,33464
33130,33465
33130,33466
33130,33467
33130,33468
33444,33469
33314,33470
33412,33471
33412,33472
33473,33474
33475,32832
33476,32915
33477,33478
33477,32919
33477,33479
33314,33480
33477,33481
33477,33482
33477,33483
33477,33484
33477,33485
33486,33487
33488,33489
33477,33490
33314,33491
33314,33492
33314,33493
33314,33494
33314,33088
33314,33495
33314,33496
33314,33497
33314,33498
33314,33087
33314,33499
33314,33500
33314,33086
33314,33501
33314,33085
33314,33502
33314,32946
33314,33084
33488,33503
33412,33504
33488,33505
33488,33506
33447,33458
33447,33507
33447,33508
33447,33509
33447,33510
33511,33152
33447,33225
33512,32915
33513,33514
33515,33516
33515,33517
33515,33518
33519,33520
33412,33521
33522,32915
33447,33523
33447,33524
33447,33461
33488,33525
33488,33526
33488,33527
33488,33528
33488,33529
33488,33530
33488,33531
33488,33532
33488,33533
33488,33534
33488,33535
33488,32806
33488,33536
33447,33537
33447,33538
33488,33539
32984,33540
33314,32958
33314,33541
33130,33542
33130,33543
33130,33544
33130,33545
33130,33546
33130,33547
33130,33548
33130,33549
33130,33550
33130,33551
33130,33552
33130,33553
33130,33554
33130,33555
33130,33210
33130,33556
33130,33557
33130,33201
33130,33558
33130,33559
33130,33560
33130,33561
33130,33226
33130,33562
33130,33563
33130,33564
33130,33565
33130,33209
33130,33566
33130,33567
33130,33568
33130,32894
33130,33569
33130,33570
33130,33571
33130,33572
32907,32903
32907,32902
32907,32901
32907,33019
32907,33093
32907,33267
32907,32904
32907,33094
33573,33574
33575,33576
33577,33000
33577,33001
33577,33002
33577,33017
32907,32835
32907,32906
32907,32900
32907,32908
33130,33578
33130,33579
33130,33221
33130,33580
33130,33581
33130,33582
33130,33583
33130,33584
33130,33585
33130,33586
33130,33587
33130,33213
33130,33588
33130,33589
33130,33590
33130,33591
33130,33592
33130,33593
33130,33594
32984,33595
32984,33596
32984,33597
32984,33598
32984,33599
32984,33600
32984,33601
32984,33602
32984,33603
32984,33604
32984,33605
32984,33606
32984,33607
32984,33608
32984,33609
32984,33610
32984,33611
32984,33612
32984,33613
32984,33614
32984,32984
32984,33615
32984,33616
32984,33617
32984,33618
32984,33619
32984,33620
32984,33621
32984,33622
32984,33623
32984,33624
32984,33625
32984,33626
32984,33627
33577,33016
32984,33628
32984,33629
32984,33630
32984,33631
32984,33632
32984,33633
32984,33015
32984,33634
32984,33635
32984,33636
32984,33637
33638,33639
33130,33640
33130,33510
33130,33641
33130,33642
32984,33643
32984,33644
32984,33645
32984,33646
32984,33647
32984,33648
32984,33649
32984,33650
32984,33651
32984,33652
32984,33653
32984,33654
32984,33655
32984,33656
32984,33657
32984,33658
32984,33659
32984,33660
32984,33661
32984,33662
33577,33015
33577,33014
33577,33013
33314,33663
33314,33664
33314,33665
33314,33666
33314,33667
33314,33668
33314,33001
33314,33002
33314,33669
33314,33670
33314,33671
33314,33016
33314,33015
33314,33672
33314,33673
33314,33674
33314,33675
33314,33676
33577,33086
33577,33085
33577,32946
33577,33084
33677,33678
33677,33679
33680,32915
33680,32840
33680,33681
33680,33682
33314,33683
33314,33684
33314,33685
33314,33686
33314,33687
33314,33688
33577,33087
33314,33014
33314,33689
33314,33690
33314,33691
33314,33692
33314,33003
33314,33693
33314,33694
33314,33695
33314,32983
33314,33696
33314,32982
33314,33697
33314,33698
33314,32960
33314,33699
33314,33018
33314,33004
33314,33700
33314,33005
33314,33701
33314,33702
33314,33703
33314,33012
33314,33011
33314,33704
33314,33705
33314,33706
33314,33707
33314,33010
33314,33009
33314,33008
33314,33007
33314,33708
33314,33006
33314,33013
33314,33709
33577,33088
33577,33090
33577,32955
33577,32961
33577,32954
33577,32952
33577,33577
33577,32950
33577,32956
33577,32949
33577,32947
33577,32953
33577,32962
33577,33710
33577,32963
33577,32964
33577,32948
33577,32957
33577,32958
33577,32959
33577,33012
33577,33011
33577,33010
33577,33008
33577,33007
33577,33711
33577,33006
33577,33005
33577,33004
33577,33003
33577,32983
33577,33018
33577,32982
33577,32980
33577,32960
33577,32979
33577,33089
33577,32978
33577,32976
33577,33069
33577,33068
33577,33073
33577,33067
33577,33065
33577,33064
33577,32984
33577,33063
33577,33061
33577,33060
33577,33066
33577,33074
33577,33075
33577,33076
33577,33062
33577,33070
33577,33071
33577,33072
33577,32975
33577,32974
33577,32973
33577,32972
33577,32971
33577,32970
33577,32969
33577,32968
33577,32967
33577,32966
33577,32965
33577,32981
33577,33020
33577,33056
33577,33021
33577,32977
32981,33712
33095,33713
32981,33675
33061,32981
33061,33330
33061,33357
33061,33358
33061,33360
33061,33714
33061,32971
33061,32973
33061,32974
33061,33715
33061,33393
33061,33716
33061,32964
33061,33717
33061,32962
33061,32947
33061,33389
33061,33718
33061,33719
33061,33720
33061,33067
33496,33670
33496,33721
33496,33663
33496,33722
33496,33675
33496,33723
33496,33712
33061,33502
33061,33408
33061,33724
33061,33411
33061,33076
33061,33061
33061,33353
33061,33725
33061,33726
33061,33348
33061,33727
33061,33496
33061,33728
33061,33729
33061,32954
33061,33722
33061,33730
33061,33731
33061,33675
33061,33723
33061,33712
33061,33732
33061,33733
33061,33663
33061,33734
33061,33735
33067,33734
33067,33736
33720,33502
33720,33724
33720,33496
33720,33411
33720,33076
33061,33737
33496,33736
33061,33721
33061,33736
33061,33738
33061,33739
33061,33379
33061,33740
33061,32958
33061,33541
33061,33741
33061,33697
33061,33670
33061,33742
33061,33003
33061,33743
33061,33004
33061,33005
33061,33006
33061,33707
33061,33744
33061,33745
33061,33746
33496,33745
33496,33707
33496,33006
33747,33010
33747,33011
33747,33012
33747,33013
33747,33014
33747,33015
33747,33016
33747,33017
33747,33009
33747,33002
33747,33000
33496,33732
33496,33502
33496,33724
33496,33496
33496,33411
33496,33733
33496,33076
33747,33001
33496,33734
33747,33008
33747,33005
33747,32947
33747,32948
33747,32949
33747,32950
33747,32951
33747,32952
33747,32961
33747,32955
33747,33007
33747,32956
33747,32958
33747,32959
33747,32960
33747,32980
33747,32982
33747,33018
33747,32983
33747,33003
33747,32957
33720,33061
33496,33061
33496,33725
33496,33389
33496,33408
33496,33729
33496,32954
33496,33738
33496,33739
33496,33379
33496,33740
33496,32947
33496,32958
33496,33741
33496,33697
33496,33742
33496,33746
33496,33003
33496,33743
33496,33004
33496,33005
33496,33541
33496,33353
33496,32962
33496,32964
33496,33726
33496,33348
33496,33727
33496,33067
33496,33719
33496,33718
33496,32981
33496,33330
33496,33717
33496,33357
33496,33360
33496,33714
33496,32971
33496,32973
33496,32974
33496,33715
33496,33393
33496,33716
33496,33358
33747,32953
33720,33353
33720,33726
32954,33745
32954,33736
32954,33670
32954,33721
32954,33663
32954,33722
32954,33730
32954,33731
32954,33675
32954,33723
32954,33712
32954,33748
32954,33726
32954,33720
32954,33749
32954,33368
32954,33705
32954,33744
32954,33707
32954,33006
32954,33005
32954,33389
32954,33408
32954,33728
32954,33729
32954,32954
32954,33738
32954,33739
32954,33379
32954,33750
32954,33740
32954,33541
32954,33741
32954,33697
32954,33742
32954,33746
32954,33003
32954,33743
32954,33004
32954,32958
33004,33732
33004,33502
33004,33724
33004,32974
33004,33715
33004,33393
33004,33716
33004,32964
33004,33717
33004,32962
33004,32947
33004,32973
33004,33389
33004,33729
33004,32954
33004,33738
33004,33739
33004,33379
33004,33740
33004,32958
33004,33541
33004,33408
32954,32962
33004,32971
33004,33360
33004,33496
33004,33411
33004,33733
33004,33076
33004,33734
33004,33061
33004,33353
33004,33725
33004,33714
33004,33726
33004,33727
33004,33067
33004,33719
33004,33718
33004,32981
33004,33330
33004,33357
33004,33358
33004,33348
32954,33717
32954,32964
32954,33716
33720,33728
33720,33729
33720,32954
33720,33738
33720,33739
33720,33379
33720,33740
33720,32958
33720,33408
33720,33541
33720,33697
33720,33742
33720,33746
33720,33003
33720,33743
33720,33004
33720,33005
33720,33006
33720,33741
33720,33707
33720,33389
33720,33717
33720,33348
33720,33727
33720,33067
33720,33719
33720,33718
33720,32981
33720,33330
33720,33357
33720,32962
33720,33358
33720,33714
33720,32971
33720,32973
33720,32974
33720,33715
33720,33393
33720,33716
33720,32964
33720,33360
33720,33725
33720,33744
33720,33736
32954,33061
32954,33353
32954,33348
32954,33727
32954,33067
32954,33719
32954,33718
32954,32981
32954,33076
32954,33330
32954,33358
32954,33360
32954,33714
32954,32971
32954,32973
32954,32974
32954,33715
32954,33393
32954,33357
33720,33745
32954,33411
32954,33724
33720,33670
33720,33721
33720,33663
33720,33722
33720,33730
33720,33731
33720,33675
33720,33723
32954,33496
33720,33712
33751,33752
33751,33368
33751,33753
33751,33736
33751,33754
33368,33358
33368,33015
32954,33502
33751,33508
33004,33741
33747,32963
33747,32979
32915,32921
32915,32914
32915,33755
32915,33756
32915,33757
32915,33137
32915,33758
32915,33139
32915,33759
32915,33230
32915,32939
32915,33160
32915,33760
32915,33091
32915,33761
32915,33161
32915,33762
32915,32840
32915,32832
32915,32898
32915,32836
33763,32915
33763,33764
33763,33765
32915,33766
32915,33767
32915,33768
32915,33769
32915,33770
32915,33134
32915,33220
32915,33771
32915,33772
32915,33773
32915,33763
32915,33774
32915,33775
32915,33045
32915,32936
32915,33776
32915,33777
32915,33778
32915,33522
32915,33277
32915,33278
32915,32934
32915,33779
32915,32935
32915,33780
32915,32937
32915,33781
32915,33782
32915,32938
32915,32941
32915,32809
32915,32932
32915,33783
32915,33512
32915,33784
32915,33785
32915,33786
32915,32940
33763,33787
32915,33788
32915,32912
32915,32808
32915,33789
32915,33790
32915,33791
32915,33143
32915,32897
32915,33147
32915,33792
32915,33273
32915,33159
32915,33793
32915,33284
32915,33794
32915,33795
32915,32942
32915,33190
32915,33796
32915,33191
32915,32909
33763,33797
33763,33798
33763,33799
33152,33800
33152,33801
33152,33802
33152,33269
33152,33268
33152,33803
33152,33804
33152,33805
33152,33241
33152,33155
33152,33299
33152,33153
33152,33292
33152,33235
33152,33236
33152,33511
33806,33807
33806,33808
33152,33809
33806,33810
33152,33811
33152,33812
32806,33506
32806,33813
32806,33814
32806,33057
32806,33264
32806,33815
33816,33817
33818,33819
33152,33820
33818,33121
33812,33820
33812,33811
33812,33821
33812,33154
33812,33155
33152,33822
33152,33152
33152,33154
33812,33152
32915,33682
33806,33823
33806,33457
33824,33825
33824,33826
33824,33827
33824,33828
33824,33829
33824,33830
33824,33831
33831,33769
33824,33832
33831,32840
33763,33833
33763,33834
33763,33835
33763,33836
33763,33837
33763,33838
33763,33839
33763,33840
33026,33841
33806,33842
33806,33753
33806,33843
33806,33844
33806,33845
33806,33846
33806,33847
33806,33848
33806,33849
33806,33850
33806,33851
33806,33852
33806,33853
33806,33854
33806,33855
33806,33856
33806,33857
33806,33858
33806,33859
33806,33860
33806,33861
33806,33862
33747,32964
32915,33680
33766,32936
33747,32973
33747,32974
33747,33716
33747,32962
33747,33408
33747,33368
33747,32954
33747,33379
33747,33541
33747,33746
33747,33743
33747,33004
33747,33006
33747,33707
33747,33705
33747,33736
33747,33670
33747,32971
33747,33360
33747,33749
33747,33751
33863,33864
33863,33865
33863,33866
33863,33867
33863,33504
33863,33585
33868,32915
33747,33502
33747,33721
33747,33496
33747,33748
33747,33061
33747,33353
33747,33726
33747,33348
33747,33067
33747,33720
33747,33357
33747,33411
33747,33663
33747,33722
33747,33750
33747,33070
33747,33071
33747,33072
33747,33021
33747,33056
33747,33020
33747,32981
33747,32965
33747,32984
33747,32966
33747,32968
33747,32969
33747,32970
33747,32972
33747,32975
33747,32976
33747,32977
33747,32978
33747,32967
32919,33282
33747,33069
33747,33073
33747,33869
33747,33084
33747,32946
33747,33085
33747,33086
33747,33087
33747,33088
33747,33089
33747,33068
33747,33090
33747,33075
33747,33074
33747,33066
33747,33060
33747,33062
33747,33063
33747,33064
33747,33065
33747,33076
32919,33870
32919,33293
33146,33871
32898,33872
32898,33045
32898,33873
32898,32942
32898,33775
32898,32915
32898,32897
32898,32914
33772,33161
32898,33874
32898,33220
32898,33772
32898,33138
32898,32921
32898,32808
32898,33875
32898,32832
32898,32840
32898,33876
32898,33160
33772,32915
33220,32830
33766,32915
33767,33877
33767,33878
33767,33879
33767,32915
33736,33880
33736,33881
33736,33882
33220,33883
33736,33884
33736,33885
33769,32840
33769,33831
33220,33258
33220,32836
33220,33772
33220,33886
33220,33887
33736,33888
33766,33889
32898,33203
32898,33890
32840,32833
32840,32847
32840,33766
32840,33889
32840,32921
32840,32915
32840,32938
32840,33876
32840,32836
32840,32900
32840,33891
32840,33892
32840,32914
32840,33893
32840,33894
32840,33895
32840,32832
33146,32919
32840,32936
32898,32937
32840,32835
32840,32839
32898,33896
32898,32934
32898,32830
32898,33897
33898,33786
33898,32915
33786,32915
33138,33899
32840,33900
33138,32840
33138,32898
33138,33137
33138,32832
32840,33045
32840,32937
32840,33234
32840,33251
32840,33901
33138,33307
33004,33697
33004,33742
33004,33746
33902,33903
32832,32870
32832,32898
32832,33138
32832,33160
33904,33905
33904,33906
33904,33907
33904,33908
33904,33909
33904,33910
33904,33911
33904,33912
33904,33913
33904,33914
33904,33915
33904,33916
33902,33917
33902,33918
33902,33919
33902,33920
33921,33922
33921,33032
33921,33923
33921,33446
33921,33924
33925,32806
33446,32806
33446,33926
33904,33927
33902,33928
33902,33929
33902,33930
33902,33931
33902,33932
33902,33933
33902,32865
33902,32855
33902,32832
33902,33934
33904,33935
33904,33936
33904,33937
32914,33792
32914,33938
32914,32899
32914,33939
32914,33230
32914,33874
32914,32909
32914,33940
32914,32898
32914,33793
32914,32911
32914,33161
32914,33941
32914,33761
32914,32829
32914,33795
32914,33942
32914,33162
32914,33284
33921,33926
32914,33943
32914,33755
33904,33944
33904,33945
33904,33946
33904,32915
33904,33947
32936,32915
32936,32840
32936,33948
32914,32897
32836,33876
32914,32921
32914,32915
32914,33789
32914,33790
32914,33949
32914,33759
32914,33791
32914,33143
32836,32839
33921,33950
33921,33099
33921,33951
33663,33379
33663,33740
33663,32958
33663,33541
33663,33741
33663,33697
33663,33742
33663,33746
33663,33739
33663,33003
33663,33004
33663,33006
33663,33707
33663,33745
33663,33736
33663,33670
33663,33721
33663,33735
33663,33743
33663,33722
33663,33738
33663,33729
33663,32981
33663,33330
33663,33357
33663,33358
33663,33360
33663,33714
33663,32971
33663,32973
33663,32954
33663,32974
33663,33393
33663,33716
33663,32964
33663,33717
33663,32962
33663,32947
33663,33389
33663,33408
33663,33715
32914,32942
33663,33675
33663,33712
33952,33190
33952,33953
33952,33230
33952,33954
33952,32913
33952,32941
33955,33956
33921,33543
33952,33755
33921,32806
33921,33925
33921,33957
33921,33552
33921,33958
33921,33959
33921,33587
33921,33960
33921,33223
33921,33547
33663,33723
33952,33961
33952,33773
33962,33963
33962,33964
33963,33965
33966,33967
33966,33968
33966,33185
33966,33187
33966,33969
33952,33970
33966,33971
33966,33972
33966,33973
33966,33974
33966,33196
33952,33771
33952,33955
33952,32897
33952,33975
33966,33976
33663,33718
32914,33190
32914,33977
33734,33675
33734,33723
33734,33712
32981,33732
32981,33502
32981,33724
32981,33496
32981,33411
32981,33733
32981,33076
32981,33734
32981,33061
32981,33353
32981,33725
32981,33726
32981,33348
32981,33727
33734,33722
33734,33663
33734,33721
33734,33670
33734,33738
33734,33739
33734,33379
33734,33740
33734,32958
33734,33541
33734,33741
33734,33697
32981,33067
33734,33742
33734,33003
33734,33743
33734,33004
33734,33005
33734,33006
33734,33707
33734,33745
33734,33736
33734,33746
32981,33719
32981,33718
32981,33330
32981,32958
32981,33541
32981,33741
32981,33697
32981,33742
32981,33746
32981,33003
32981,33743
32981,33740
32981,33004
32981,33006
32981,33707
32981,33745
32981,33736
32981,33670
32981,33721
32981,33663
32981,33722
32981,33005
33734,32954
32981,33379
32981,33738
32981,33357
32981,33358
32981,33360
32981,33714
32981,32971
32981,32973
32981,32974
32981,33715
32981,33739
32981,33393
32981,32964
32981,33717
32981,32962
32981,32947
32981,33389
32981,33408
32981,33729
32981,32954
32981,33716
33734,33729
33734,33408
33734,33389
32914,32939
32914,32940
32914,32941
32914,32809
32914,32932
32914,33978
32914,33783
33755,32915
32914,32938
33979,33980
33979,33981
33979,33982
33983,33984
33985,33986
33985,33474
33987,33863
32937,32840
33988,33218
33979,33989
33990,33508
32914,33991
32914,32930
32914,33992
32914,33149
32914,33250
32914,32912
32914,33273
32914,33762
32914,33788
32914,33782
32914,33134
32914,32832
32914,33278
32914,32934
32914,32935
32914,33993
32914,32937
32914,32913
32914,33781
32914,32840
32914,33277
32914,33796
33757,33201
33756,33994
33734,33719
33734,33718
33734,32981
33734,33330
33734,33357
33734,33358
33734,33360
33734,33714
33734,33067
33734,32971
33734,32974
33734,33715
33734,33393
33734,33716
33734,32964
33734,33717
33734,32962
33734,32947
33734,32973
33756,32915
33734,33727
33734,33726
33995,33990
33995,33508
33995,33996
33995,33997
33996,33990
33996,33995
33996,33998
33996,33997
33734,33348
33734,33732
33734,33724
33734,33496
33734,33411
33734,33733
33734,33076
33734,33061
33734,33353
33734,33725
33734,33502
33663,33719
33130,33999
33663,33067
33006,33330
33006,33357
33006,33358
33006,33360
33006,33714
33006,32971
33006,32973
33006,32974
33006,33715
33006,33393
33006,33716
33006,32964
33006,33717
33006,32962
33006,32947
33006,33389
33006,33408
33006,33729
33006,32954
33006,33738
33006,33739
33006,33379
33006,33740
33006,32958
33006,33541
33006,33741
33006,33697
33006,33742
33006,33746
33006,32981
33006,33003
33006,33718
33006,33067
32981,33723
33006,33724
33006,33502
33006,33732
33004,33712
33004,33723
33004,33675
33004,33722
33004,33663
33004,33721
33004,33670
33004,33736
33004,33745
33004,33707
33004,33006
33004,33004
33004,33743
33004,33003
33006,33496
33006,33411
33006,33733
33006,33076
33006,33734
33006,33061
33006,33353
33006,33725
33006,33726
33006,33348
33006,33727
33006,33719
33006,33743
33004,33005
33006,33006
33670,33541
33670,33746
33670,33743
33670,33004
33670,33006
33670,33707
33670,33705
33670,33736
33670,33670
33670,33721
33670,33663
33670,33722
33670,33750
33670,33869
33663,33732
33663,33502
33663,33724
33663,33496
33663,33411
33663,33733
33663,33076
33663,33061
33663,33353
33663,33725
33663,33737
33663,33726
33663,33348
33006,33004
33663,33727
33670,33379
33670,32954
33663,33734
33670,33408
33006,33745
33670,33368
33006,33707
33006,33736
33006,33670
33006,33721
33006,33722
33006,33675
33006,33723
33006,33712
33670,33502
33670,33496
33670,33411
33670,33748
33670,33061
33006,33663
33670,33353
33670,32962
33670,32974
33670,32973
33670,33716
33670,33360
33670,33749
33670,32971
33670,33357
33670,33720
33670,33067
33670,33348
33670,33726
33670,33751
