465060,465061
465062,465063
465064,465065
465066,465067
465066,465068
465069,465070
465060,465071
465072,465073
465074,465065
465074,465075
465074,465076
465074,465077
465078,465079
465080,465081
465060,465082
465080,465083
465084,465085
465080,465086
465087,465088
465089,465090
465089,465091
465089,465092
465084,465093
465084,465094
465080,465095
465096,465097
465084,465098
465084,465099
465084,465100
465101,465102
465080,465103
465080,465104
465084,465105
465106,465107
465096,465108
465096,465109
465110,465111
465110,465112
465110,465113
465114,465115
465116,465117
465116,465118
465119,465120
465119,465121
465122,465123
465122,465122
465122,465124
465122,465125
465126,465127
465126,465128
465129,465130
465129,465131
465129,465132
465129,465133
465129,465126
465129,465134
465135,465136
465135,465137
465072,465138
465139,465140
465096,465141
465139,465142
465143,465068
465096,465144
465096,465145
465146,465147
465146,465148
465146,465149
465146,465150
465076,465151
465076,465152
465076,465153
465076,465154
465076,465082
465076,465155
465153,465071
465153,465082
465106,465072
465071,465082
465143,465156
465143,465157
465143,465158
465143,465159
465143,465160
465143,465161
465143,465162
465143,465163
465071,465153
465164,465165
465166,465167
465168,465169
465168,465170
465168,465087
465168,465171
465168,465172
465173,465174
465175,465088
465175,465176
465177,465178
465177,465179
465177,465180
465177,465181
465177,465182
465177,465183
465177,465184
465177,465185
465177,465186
465177,465187
465177,465188
465177,465189
465177,465190
465177,465191
465192,465193
465168,465124
465168,465194
465168,465195
465168,465196
465124,465197
465124,465198
465124,465199
465124,465200
465124,465124
465124,465201
465124,465202
465124,465203
465124,465204
465124,465205
465124,465206
465193,465207
465124,465208
465124,465209
465124,465210
465124,465211
465124,465212
465124,465213
465124,465214
465215,465216
465215,465217
465215,465124
465218,465063
465168,465219
465124,465220
465193,465221
465193,465222
465193,465223
465164,465224
465164,465225
465164,465226
465164,465227
465164,465228
465164,465229
465164,465230
465164,465231
465164,465232
465164,465233
465164,465234
465164,465235
465164,465236
465164,465237
465164,465238
465164,465239
465164,465240
465164,465241
465164,465242
465164,465243
465164,465244
465164,465245
465164,465246
465164,465247
465164,465248
465124,465249
465164,465250
465164,465251
465193,465252
465193,465193
465253,465254
465087,465255
465087,465124
465256,465257
465258,465256
465259,465118
465194,465260
465194,465261
465194,465262
465164,465263
465194,465264
465265,465266
465164,465267
465164,465268
465164,465269
465164,465270
465164,465271
465164,465272
465164,465273
465164,465274
465164,465275
465164,465276
465277,465278
465124,465279
465124,465280
465124,465281
465282,465283
465282,465284
465282,465285
465282,465286
465282,465287
465282,465288
465282,465289
465282,465290
465282,465291
465282,465292
465282,465293
465282,465294
465282,465295
465282,465296
465282,465297
465282,465298
465282,465299
465282,465300
465282,465301
465282,465302
465282,465303
465282,465304
465282,465305
465282,465306
465282,465307
465282,465308
465309,465303
465309,465310
465311,465312
465311,465313
465311,465314
465311,465315
465311,465316
465311,465317
465318,465319
465319,465320
465319,465321
465319,465322
465319,465323
465309,465309
465319,465319
465324,465325
465324,465326
465324,465278
465324,465327
465324,465328
465324,465320
465324,465319
465324,465329
465324,465322
465330,465331
465332,465174
465333,465333
465164,465334
465282,465335
465336,465337
465338,465339
465124,465340
465124,465215
465124,465341
465124,465342
465124,465343
465124,465344
465124,465345
465124,465217
465124,465122
465124,465123
465346,465303
465124,465347
465124,465348
465124,465349
465124,465350
465124,465351
465124,465352
465124,465353
465124,465354
465124,465355
465124,465356
465124,465357
465124,465358
465124,465359
465360,465331
465361,465362
465361,465363
465364,465133
465365,465366
465367,465339
465368,465256
465369,465370
465370,465369
465370,465371
465370,465372
465370,465373
465370,465118
465370,465374
465361,465303
465370,465375
465370,465060
465361,465376
465361,465377
465361,465378
465361,465379
465361,465346
465361,465380
465361,465381
465361,465382
465361,465383
465361,465384
465370,465385
465164,465386
465164,465387
465164,465388
465389,465390
465389,465391
465102,465392
465102,465393
465102,465394
465102,465065
465102,465395
465102,465396
465102,465397
465102,465398
465102,465253
465389,465389
465102,465399
465102,465400
465102,465401
465102,465402
465102,465403
465102,465404
465102,465405
465102,465077
465077,465406
465077,465407
465077,465408
465077,465409
465102,465410
465077,465411
465389,465412
465164,465413
465164,465414
465164,465415
465164,465416
465164,465417
465164,465418
465164,465419
465164,465420
465164,465421
465164,465422
465164,465423
465164,465424
465164,465425
465164,465426
465164,465427
465164,465428
465164,465429
465164,465430
465164,465431
465164,465432
465164,465433
465164,465434
465164,465435
465164,465436
465164,465437
465164,465438
465164,465439
465077,465440
465077,465441
465077,465442
465077,465443
465077,465444
465077,465101
465077,465445
465077,465152
465077,465076
465077,465446
465077,465403
465077,465405
465077,465102
465077,465447
465448,465303
465166,465449
465166,465450
465166,465278
465166,465451
465166,465452
465166,465326
465166,465453
465166,465454
465166,465455
465166,465456
465166,465457
465458,465459
465077,465460
465077,465074
465077,465461
465077,465462
465077,465463
465077,465464
465077,465465
465077,465466
465077,465392
465077,465393
465077,465402
465077,465394
465077,465395
465077,465396
465077,465467
465077,465397
465077,465253
465077,465399
465077,465410
465077,465400
465077,465401
465077,465077
465077,465088
465077,465065
465077,465468
465077,465469
465077,465404
465077,465398
465166,465470
465164,465471
465164,465472
465164,465473
465164,465474
465164,465475
465164,465476
465164,465477
465164,465478
465164,465479
465164,465480
465164,465481
465164,465482
465164,465483
465164,465484
465164,465485
465164,465486
465164,465487
465164,465488
465164,465489
465164,465490
465164,465491
465164,465492
465164,465493
465164,465494
465164,465495
465164,465496
465164,465497
465164,465498
465164,465499
465164,465500
465164,465501
465164,465502
465164,465503
465164,465504
465164,465505
465164,465506
465164,465507
465164,465508
465164,465509
465164,465510
465164,465511
465164,465512
465164,465513
465164,465514
465164,465515
465164,465516
465164,465517
465164,465518
465164,465519
465164,465520
465164,465521
465164,465522
465164,465523
465164,465524
465164,465525
465164,465526
465164,465527
465164,465528
465164,465529
465164,465164
465164,465530
465164,465531
465164,465532
465164,465533
465164,465534
465164,465535
465164,465536
465164,465537
465164,465538
465164,465539
465164,465540
465164,465541
465164,465542
465164,465543
465164,465544
465164,465545
465164,465546
465164,465547
465164,465548
465164,465549
465164,465550
465164,465551
465164,465552
465164,465553
465164,465554
465164,465555
465164,465556
465164,465557
465164,465558
465164,465559
465080,465560
465164,465561
465164,465562
465164,465563
465164,465564
465164,465565
465164,465566
465164,465567
465164,465568
465164,465569
465164,465570
465164,465571
465164,465572
465164,465573
465164,465574
465164,465575
465164,465576
465164,465577
465164,465578
465164,465579
465164,465580
465080,465110
465089,465124
465080,465406
465581,465079
465582,465583
465582,465094
465582,465584
465582,465585
465582,465158
465582,465586
465582,465587
465582,465588
465582,465589
465590,465459
465591,465592
465593,465594
465593,465595
465593,465154
465596,465596
465597,465084
465597,465598
465597,465599
465597,465120
465597,465600
465597,465601
465597,465602
465597,465603
465597,465106
465597,465604
465605,465606
465597,465607
465597,465608
465597,465609
465597,465610
465597,465611
465597,465612
465597,465613
465597,465614
465597,465615
465605,465406
465605,465398
465605,465616
465617,465618
465617,465619
465617,465620
465617,465175
465617,465621
465617,465622
465617,465623
465617,465624
465617,465625
465617,465626
465627,465102
465627,465628
465627,465629
465627,465395
465627,465630
465627,465631
465617,465632
465597,465633
465617,465634
465617,465635
465605,465636
465637,465637
465638,465639
465638,465063
465638,465135
465640,465344
465640,465639
465617,465641
465640,465343
465640,465341
465640,465124
465640,465642
465640,465638
465640,465215
465640,465340
465617,465643
465640,465342
465627,465405
465597,465644
465597,465645
465257,465646
465647,465648
465647,465649
465647,465650
465651,465652
465651,465653
465651,465654
465651,465655
465651,465256
465321,465322
465321,465319
465321,465406
465656,465585
465657,465658
465659,465660
465661,465077
465661,465628
465662,465101
465662,465663
465664,465083
465665,465142
465621,465666
465667,465668
465667,465669
465667,465079
465667,465670
465659,465671
465667,465672
465667,465673
465667,465674
465667,465103
465667,465675
465667,465081
465676,465677
465678,465063
465667,465679
465659,465408
465659,465680
465659,465393
465681,465682
465681,465683
465681,465684
465681,465685
465681,465655
465686,465319
465687,465406
465681,465688
465687,465398
465080,465689
465690,465612
465690,465119
465603,465362
465603,465072
465597,465690
465597,465594
465690,465120
465597,465691
465681,465692
465681,465693
465659,465403
465659,465461
465659,465694
465659,465101
465659,465466
465659,465256
465659,465695
465681,465696
465697,465698
465697,465140
465697,465699
465655,465653
465655,465682
465681,465653
465681,465393
465681,465700
465697,465701
465664,465095
465627,465702
465627,465077
465703,465256
465704,465705
465704,465706
465704,465707
465704,465708
465704,465709
465704,465710
465704,465711
465704,465712
465704,465713
465704,465714
465704,465715
465704,465716
465704,465717
465704,465718
465628,465077
465628,465627
465628,465102
465628,465719
465720,465721
465720,465722
465720,465723
465720,465724
465720,465725
465726,465325
465726,465319
465704,465450
465726,465727
465585,465656
465585,465728
465585,465729
465585,465730
465585,465158
465731,465319
465628,465404
465585,465732
465704,465733
465704,465734
465704,465735
465704,465736
465704,465737
465704,465738
465704,465739
465704,465740
465704,465741
465704,465742
465704,465743
465704,465744
465704,465745
465704,465746
465704,465747
465704,465748
465704,465749
465704,465750
465704,465751
465704,465752
465720,465753
465704,465754
465704,465755
465704,465756
465704,465757
465704,465758
465704,465759
465704,465760
465704,465761
465704,465762
465704,465763
465704,465764
465704,465765
465704,465766
465704,465767
465704,465768
465704,465769
465704,465645
465704,465770
465704,465771
465627,465772
465720,465773
465720,465774
465720,465373
465720,465775
465720,465776
465720,465777
465720,465778
465720,465372
465720,465779
465720,465780
465720,465781
465720,465385
465720,465782
465720,465783
465720,465738
465720,465371
465720,465784
465469,465077
465469,465065
465785,465786
465785,465787
465627,465788
465789,465789
465789,465790
465791,465789
465791,465792
465793,465377
465680,465256
465720,465747
465794,465680
465785,465795
465785,465648
465785,465649
465785,465796
465785,465797
465785,465798
465785,465799
465800,465070
465720,465801
465720,465802
465720,465803
465720,465804
465720,465805
465720,465806
465720,465370
465720,465807
465720,465808
465720,465809
465720,465810
465720,465811
465720,465812
465720,465813
465720,465814
465720,465815
465720,465816
465720,465817
465720,465818
465720,465819
465720,465728
465720,465194
465720,465820
465720,465821
465720,465822
465720,465823
465720,465824
465720,465825
465720,465826
465720,465827
465720,465828
465720,465829
465720,465830
465720,465831
465720,465832
465720,465375
465720,465833
465720,465834
465720,465835
465720,465836
465664,465086
465664,465104
465664,465103
465837,465838
465839,465840
465839,465326
465839,465319
465839,465841
465842,465841
465843,465331
465844,465406
465844,465398
465845,465695
465846,465303
465846,465847
465846,465848
465849,465079
465849,465850
465851,465852
465853,465256
465854,465855
465854,465856
465857,465858
465857,465859
465857,465256
465860,465063
465861,465862
465861,465108
465861,465745
465849,465863
465861,465669
465861,465864
465861,465865
465861,465866
465316,465317
465316,465311
465854,465867
465854,465868
465861,465079
465849,465110
465849,465869
465849,465870
465323,465871
465872,465331
465873,465118
465874,465875
465874,465876
465874,465877
465874,465406
465323,465878
465874,465879
465880,465406
465684,465652
465881,465065
465881,465882
465881,465446
465881,465441
465881,465883
465874,465884
465857,465885
465323,465886
465323,465887
465849,465888
465889,465841
465323,465890
465323,465891
465323,465145
465323,465892
465323,465893
465323,465894
465323,465895
465323,465896
465323,465897
465323,465898
465323,465096
465323,465323
465323,465899
465323,465900
465323,465901
465902,465077
465857,465903
465857,465904
465905,465129
465905,465906
465905,465907
465905,465908
465905,465909
465905,465910
465905,465911
465905,465912
465905,465913
465905,465914
465311,465915
465905,465134
465905,465916
465905,465687
465917,465918
465905,465919
465905,465920
465905,465175
465905,465689
465905,465918
465905,465921
465905,465922
465905,465923
465905,465924
465905,465925
465905,465926
465917,465921
465905,465927
465905,465928
465905,465929
465905,465930
465905,465931
465905,465617
465905,465932
465905,465406
465905,465933
465917,465934
465917,465935
465917,465936
465917,465937
465917,465911
465917,465938
465917,465939
465917,465940
465917,465912
465917,465914
465917,465910
465917,465916
465917,465941
465917,465942
465943,465646
465857,465393
465857,465944
465857,465945
465857,465946
465917,465947
465857,465948
465917,465909
465917,465949
465917,465950
465917,465933
465917,465951
465917,465928
465917,465929
465917,465931
465917,465952
465917,465953
465917,465954
465917,465955
465917,465956
465917,465957
465917,465958
465917,465959
465917,465920
465917,465919
465917,465960
465961,465262
465961,465962
465961,465063
465963,465964
465963,465965
465963,465966
465963,465967
465963,465968
465963,465406
465963,465969
465963,465970
465963,465689
465963,465673
465963,465971
465963,465972
465963,465973
465963,465974
465963,465254
465963,465975
465963,465976
465963,465117
465963,465977
465978,465979
465980,465981
465980,465982
465865,465406
465865,465398
465983,465392
465983,465253
465963,465398
465983,465110
465963,465984
465963,465985
465963,465986
465963,465987
465963,465079
465963,465850
465963,465988
465963,465925
465963,465253
465963,465989
465963,465990
465320,465991
465992,465071
465993,465106
465993,465994
465993,465071
465993,465060
465993,465613
465320,465995
465993,465082
465993,465996
465664,465997
465664,465998
465664,465079
465664,465406
465664,465080
465664,465110
465993,465119
465978,465999
465963,466000
465963,466001
465963,466002
465963,466003
465963,465328
465963,465410
465963,466004
465963,466005
465963,465110
465963,465888
465963,465983
465963,466006
465963,466007
465963,466008
465963,466009
465963,466010
465963,465870
465963,465118
465963,465400
465978,466011
465978,466012
465978,466013
466014,465412
466014,466015
466014,466016
466014,466017
466018,465339
466018,465171
466018,466019
466020,466021
466018,466013
466018,466022
466018,466023
466018,466024
466018,465168
466018,465090
466025,466026
466027,465841
466018,465194
466028,466029
466020,466030
466020,465328
466031,465789
466031,466032
466031,465995
466031,465221
466031,466033
466031,466034
466031,465141
466020,466035
466031,466036
466037,466038
466020,465079
466020,466039
466020,466040
466020,466041
466020,466042
466020,466043
466031,465680
465704,466044
466028,465108
466028,465079
466045,466046
466045,466047
466045,465528
466045,465121
466045,465681
466045,466048
466045,466049
466045,465154
466045,465082
466045,466050
466045,466051
466045,466052
466045,466053
466045,466054
466045,466055
466045,466056
466045,466057
466028,465669
466045,465615
466045,465654
466028,465988
466028,466058
466028,466059
466028,466060
466028,466003
466028,466061
466028,466062
466045,466063
466028,466064
466045,466065
466045,466066
466045,465602
466045,466067
466045,466068
466045,466069
466045,466070
466028,465178
465704,466071
465690,465121
465704,466072
465704,465068
465704,466073
465704,466074
465704,466075
465704,466076
465704,466077
465704,466078
465704,466079
465704,466080
465704,466081
465704,466082
465704,466083
465704,466084
465704,466085
465704,466048
465704,466086
465704,466087
465704,466088
465704,466089
465704,466090
465704,466091
465704,466092
465704,466093
465704,466094
465704,466095
465704,466096
465704,466097
465704,466098
465704,466099
465704,466100
465704,466101
465704,466102
465704,466103
465704,466104
465704,466105
465704,466106
465704,466107
465704,466108
465704,466109
465704,466110
465704,466111
465704,465614
465704,466112
465704,466113
465704,465703
465704,465599
465704,466114
465704,466038
465704,466115
465704,466116
465704,466117
465704,466118
465704,466119
465704,466120
465704,466121
465704,466122
465704,466123
465704,466124
465704,466125
465704,466126
465704,466127
465704,466128
465704,466129
465704,465126
465704,466049
465704,466130
465704,466131
465704,466132
465704,466133
465704,466134
465704,466135
465704,466136
465704,466137
465704,466138
465704,466139
465704,466140
465704,466141
465704,466142
465704,466143
465704,466144
465704,466145
465704,466146
465704,466147
465704,466148
465704,466149
465704,466150
465704,466151
465704,466152
465704,466153
465704,466154
465704,466155
465704,466156
465704,466157
465704,465318
465704,466158
465704,466159
465704,466160
465704,466161
465704,466162
465704,466163
465704,466164
465704,466165
465704,466166
465704,465207
465704,466167
465704,466168
465704,466169
465704,466170
465704,466171
465704,466172
465704,466173
465704,466046
465704,466174
465704,466175
465704,466176
465704,466177
465704,466178
465704,466179
465704,466180
465704,466181
465704,466182
465704,466183
465704,466184
465704,466185
465704,466186
465704,466187
465704,466188
465704,466189
465704,466190
465704,465611
465704,466191
465704,466192
465704,466193
465704,466194
465704,466195
465704,466196
465704,466197
465704,466198
465704,466199
465704,466200
465704,466201
465704,466202
465704,466203
465704,465628
465704,466204
465704,466205
465704,466206
465704,466207
465704,466208
465704,465632
465704,466209
465704,466210
465704,466211
465704,466212
465704,466213
465704,466214
465704,466215
465704,466216
466217,466013
466217,465200
466217,466218
466217,465194
466217,465063
466217,466219
466217,465215
466217,466220
466217,466217
466217,466221
466217,465352
466217,465350
466217,465349
466217,465348
465107,466222
466217,465069
466217,466223
466217,465070
466217,466224
466225,466226
466225,466227
466228,466229
466228,466230
466228,465149
466228,465150
466228,465063
465107,466231
466228,466232
466228,466233
466217,466234
466217,465211
466217,466235
466217,465344
466217,466236
466217,466237
466228,465135
465107,466238
465107,466239
465107,466240
465404,465628
465404,465102
465404,465077
466241,465071
466046,466046
465080,466242
465080,465117
465404,466243
465080,466244
465080,465118
465080,465116
465080,465997
465080,465925
465080,465998
465080,465079
465080,466040
465080,466002
466225,465395
466245,465459
465622,466246
465107,466247
465649,466248
465649,466249
465649,466250
465649,466251
465649,466252
465649,466253
466254,465406
465649,466255
465649,466256
465649,465797
465649,466257
465649,466258
465649,466055
466259,465319
465622,465088
465649,466260
466225,465065
466243,465102
466261,465071
465704,466262
465704,466263
465704,466264
465704,466265
465704,466266
465704,466267
465704,466268
465704,466269
465704,466270
465704,466271
465704,466272
465704,466273
465704,466274
465704,466275
465704,466276
465704,466277
465704,466278
465704,466052
465704,466279
465704,466280
465704,465193
465704,465685
465704,466281
465704,466282
465704,466283
465704,466284
465704,466285
465704,466286
465704,466287
465704,466288
465704,466289
465704,466290
465704,466291
465704,466292
465704,466293
465704,466294
465704,466295
465704,466296
465704,466297
465704,466298
465704,466299
465704,466300
465704,466301
465704,466302
465704,466303
465704,466304
465704,466305
465704,465724
465695,465694
465695,466306
465695,466307
465695,466308
465695,466309
465695,465695
466310,465695
466311,465319
465695,465659
465704,466312
465704,466313
465704,466314
465704,466315
465704,466316
465704,466317
465704,466318
465704,466319
465704,466320
465704,466321
465704,466322
465704,466323
465704,466324
465704,466325
465704,466326
465704,466327
465704,466328
465704,466329
465704,466330
465704,466331
465704,466332
465311,466333
465704,465619
465704,466334
465704,466335
465704,465595
465704,466336
465704,466337
465704,466338
465704,466339
465704,466340
465704,466341
465704,466342
465704,466343
465704,466344
465704,466345
465704,466346
465704,466347
465704,466348
465704,466349
465704,466350
465704,466351
465704,466352
465704,466353
465704,466354
465704,466355
465704,466356
465704,466357
465704,466358
465704,466070
465704,466359
465704,466360
465704,465177
465704,466361
465704,465623
465704,465191
465704,465624
465704,466362
465704,466363
465704,466364
465704,466365
465704,466366
465704,466367
465704,466368
465704,466369
465704,466370
465704,466371
465704,466372
465704,466373
465704,466374
465704,466375
465704,466376
465704,466377
465704,466378
465704,466379
465704,466380
465704,466381
465704,466382
465704,466383
465704,466384
465704,466385
465704,465868
465704,466386
465704,466387
465704,466388
465704,466389
465704,466390
465704,466391
465704,466392
465704,466393
465704,466394
465704,466395
465704,466396
465704,466397
465704,466398
465704,466399
465704,466400
465704,466401
465704,466402
465704,466403
465704,466404
465704,466405
465704,466406
465704,466407
465704,466408
465704,466409
465704,466410
465704,466411
465704,466412
465704,465618
465704,466413
465704,466414
465704,466415
465704,466416
465704,466417
465704,466418
465704,466419
465704,466420
465704,466421
465704,466422
465704,466423
465704,466424
465704,466425
465704,466426
465704,466427
465704,466428
465704,466429
465704,466430
465704,466431
465704,465832
465704,466432
465704,466433
465704,466434
465704,466435
465704,466436
