467638,467639
467638,467640
467638,467641
467638,467642
467638,467643
467638,467644
467638,467645
467638,467646
467638,467647
467638,467648
467638,467649
467638,467650
467638,467651
467638,467652
467638,467653
467638,467654
467638,467655
467638,467656
467638,467657
467638,467658
467638,467659
467660,467661
467662,467663
467664,467665
467664,467666
467664,467667
467664,467668
467664,467669
467664,467670
467664,467671
467664,467672
467664,467673
467664,467674
467664,467675
467664,467676
467664,467677
467664,467678
467664,467679
467664,467680
467664,467681
467664,467682
467664,467683
467684,467685
467664,467686
467684,467687
467688,467689
467690,467691
467690,467692
467690,467693
467690,467694
467690,467695
467690,467696
467690,467697
467690,467698
467690,467699
467690,467700
467690,467701
467690,467702
467690,467703
467690,467704
467690,467705
467690,467706
467690,467707
467708,467709
467710,467711
467684,467712
467713,467714
467715,467709
467716,467717
467718,467719
467718,467720
467718,467721
467718,467722
467718,467723
467718,467724
467718,467725
467718,467726
467718,467727
467718,467728
467718,467729
467638,467730
467718,467731
467718,467732
467718,467733
467718,467734
467718,467735
467718,467736
467662,467737
467718,467738
467718,467739
467718,467740
467718,467741
467716,467742
467716,467743
467716,467744
467718,467745
467718,467746
467718,467747
467718,467748
467718,467749
467718,467750
467638,467751
467718,467752
467718,467753
467718,467754
467718,467755
467718,467756
467718,467757
467718,467758
467718,467759
467718,467760
467718,467718
467718,467761
467638,467762
467638,467763
467638,467764
467638,467765
467638,467766
467638,467767
467638,467768
467638,467769
467638,467770
467638,467771
467638,467772
467638,467773
467638,467758
467638,467774
467638,467775
467638,467776
467638,467777
467638,467778
467638,467779
467638,467780
467638,467781
467638,467782
467638,467783
467638,467784
467638,467785
467638,467786
467638,467787
467638,467788
467638,467789
467638,467790
467638,467791
467638,467792
467638,467793
467638,467794
467638,467795
467638,467796
467638,467797
467638,467798
467638,467799
467638,467800
467638,467722
467638,467801
467638,467802
467638,467803
467638,467804
467638,467805
467638,467806
467638,467807
467638,467808
467638,467809
467638,467810
467638,467811
467638,467812
467638,467813
467638,467814
467638,467815
467638,467816
467638,467817
467638,467818
467638,467819
467638,467820
467638,467821
467638,467822
467638,467823
467638,467824
467638,467825
467638,467826
467638,467827
467638,467828
467638,467829
467638,467830
467638,467831
467638,467832
467638,467833
467638,467834
467638,467835
467638,467836
467638,467837
467638,467838
467638,467839
467638,467840
467638,467841
467638,467842
467638,467843
467638,467844
467638,467845
467638,467846
467638,467847
467638,467848
467638,467849
467638,467850
467638,467851
467638,467638
467638,467852
467638,467853
467638,467854
467638,467855
467638,467856
467638,467857
467638,467858
467638,467859
467638,467860
467638,467861
467638,467862
467638,467725
467638,467863
467638,467724
467638,467864
467638,467865
467638,467866
467638,467867
467638,467868
467638,467869
467638,467870
467638,467871
467638,467872
467638,467873
467638,467874
467638,467875
467638,467876
467638,467877
467638,467878
467638,467879
467638,467880
467638,467881
467638,467882
467638,467883
467638,467884
467638,467885
467638,467886
467638,467887
467638,467888
467638,467889
467638,467890
467638,467891
467638,467892
467638,467893
467638,467894
467638,467895
467638,467896
467638,467897
467638,467898
467638,467899
467638,467900
467638,467901
467638,467683
467638,467902
467638,467903
467638,467904
467638,467905
467638,467906
467638,467907
467638,467908
467638,467909
467638,467910
467638,467911
467638,467912
467638,467913
467638,467914
467638,467915
467638,467916
467638,467917
467638,467918
467638,467919
467638,467920
467638,467921
467638,467922
467638,467923
467638,467924
467638,467925
467638,467926
467638,467927
467638,467928
467638,467929
467638,467930
467638,467931
467638,467932
467638,467933
467638,467934
467638,467935
467638,467936
467638,467937
467638,467938
467638,467939
467638,467940
467638,467941
467638,467942
467638,467943
467638,467944
467638,467945
467638,467946
467638,467947
467638,467948
467638,467949
467638,467950
467638,467951
467638,467952
467638,467953
467638,467954
467638,467955
467638,467956
467638,467957
467638,467958
467638,467959
467638,467960
467638,467961
467638,467962
467638,467739
467638,467963
467638,467964
467638,467965
467638,467966
467638,467967
467638,467968
467638,467969
467638,467970
467638,467971
467638,467972
467638,467973
467638,467974
467638,467975
467638,467976
467638,467977
467638,467978
467638,467979
467638,467980
467638,467981
467638,467982
467638,467983
467638,467984
467638,467985
467638,467986
467638,467987
467638,467988
467638,467989
467638,467990
467638,467991
467638,467992
467638,467993
467638,467994
467638,467995
467638,467996
467638,467997
467638,467998
467638,467678
467638,467999
467638,468000
467638,468001
467638,468002
467638,468003
467638,468004
467638,468005
467638,468006
467638,468007
467638,468008
467638,468009
467638,468010
467638,468011
467638,468012
467638,468013
467638,468014
467638,468015
467638,468016
467638,468017
467638,468018
467638,468019
467638,468020
467638,468021
467638,468022
467638,468023
467638,468024
467638,468025
467638,468026
467638,468027
467638,468028
467638,468029
467638,468030
467638,468031
467638,468032
467638,468033
467638,468034
467638,468035
467638,468036
467638,468037
467638,468038
467638,468039
467638,468040
467638,468041
467638,468042
467638,468043
467638,468044
467638,468045
467638,468046
467638,468047
467638,468048
467660,467671
467638,468049
467638,468050
467638,468051
467638,468052
467638,468053
467638,468054
467638,468055
467638,468056
467638,468057
467638,468058
467638,468059
467638,468060
467638,468061
467638,468062
467638,468063
467638,468064
467638,468065
467638,468066
467638,468067
467638,468068
467638,468069
467638,468070
467638,468071
467638,468072
467638,468073
467638,468074
467638,468075
467638,468076
467638,468077
467638,468078
467638,468079
467638,468080
467638,468081
467638,468082
467638,468083
467638,468084
467638,468085
467638,468086
467638,467718
467638,468087
467638,468088
467638,468089
467638,468090
467638,468091
467638,468092
467638,468093
467638,468094
467638,468095
467638,468096
467638,468097
467638,468098
467638,468099
467638,467741
467638,468100
467638,468101
467638,468102
467638,468103
467638,467740
467638,468104
467638,468105
467638,468106
467638,468107
467638,468108
467638,468109
467638,468110
467638,468111
467638,468112
467638,468113
467638,468114
467638,468115
467638,467691
467638,468116
467638,468117
467638,468118
467638,468119
467638,468120
467638,468121
467638,468122
467638,468123
467638,468124
467638,468125
467638,468126
467638,468127
467638,468128
467638,468129
467638,468130
467638,468131
467638,468132
467638,468133
467638,468134
467638,468135
467638,468136
467638,468137
467638,468138
467638,468139
467638,468140
467638,468141
467638,468142
467638,468143
467638,468144
467638,468145
467638,468146
467638,468147
467638,468148
467638,468149
467638,468150
467638,468151
467638,468152
467638,468153
467638,468154
467638,468155
467638,468156
467638,468157
467638,468158
467638,468159
467638,468160
467638,468161
467638,468162
467638,468163
467638,468164
467638,468165
467638,468166
467638,468167
467638,468168
467638,468169
467638,468170
467638,468171
467638,468172
467638,468173
467638,468174
467638,468175
467638,468176
467638,468177
467638,468178
467638,468179
467638,468180
467638,468181
467638,468182
467638,468183
467638,468184
467638,468185
467638,468186
467638,468187
467638,468188
467638,468189
467638,468190
467638,468191
467638,468192
467638,468193
467638,468194
467638,468195
467638,468196
467638,468197
467638,467665
467638,468198
467638,468199
467638,468200
467638,468201
467638,468202
467638,468203
467638,468204
467638,468205
467638,468206
467638,468207
467638,467746
467638,468208
467638,468209
467638,468210
467638,468211
467638,468212
467638,467748
467638,468213
467638,468214
467638,468215
467638,468216
467638,468217
467638,468218
467638,468219
467638,468220
467638,468221
467638,468222
467638,468223
467638,468224
467638,468225
467638,468226
467638,468227
467638,468228
467638,468229
467638,468230
467638,468231
467638,468232
467638,468233
467638,468234
467638,468235
467638,468236
467638,468237
467638,468238
467638,468239
467638,468240
467638,468241
467638,468242
467638,468243
467638,468244
467638,468245
467638,468246
467638,467747
467638,468247
467638,468248
467638,468249
467638,468250
467638,468251
467638,468252
467638,468253
467638,468254
467638,468255
467638,468256
467638,468257
467638,468258
467638,468259
467638,468260
467638,468261
467638,468262
467638,468263
467638,468264
467638,468265
467638,468266
467638,468267
467638,468268
467638,468269
467638,468270
467638,468271
467638,468272
467638,468273
467638,468274
467638,468275
467638,468276
467638,468277
467638,468278
467638,468279
467638,468280
467638,468281
467638,468282
467638,468283
467638,468284
467638,468285
467638,468286
467638,468287
467638,468288
467638,468289
467638,468290
467638,468291
467638,468292
467638,468293
467638,468294
467638,468295
467638,468296
467638,468297
467638,468298
467638,468299
467638,468300
467638,468301
467638,468302
467638,468303
467638,468304
467638,468305
467638,468306
467638,468307
467638,468308
467638,468309
467638,468310
467638,468311
467638,468312
467638,468313
467638,468314
467638,468315
467638,467745
467638,468316
467638,468317
467638,468318
467638,468319
467638,468320
467638,468321
467638,468322
467638,468323
467638,468324
467638,468325
467638,468326
467638,468327
467638,468328
467638,468329
467638,468330
467638,468331
467638,468332
467638,468333
467638,468334
467638,468335
467638,468336
467638,468337
467638,468338
467638,468339
467638,468340
467638,468341
467638,468342
467638,468343
467638,468344
467638,468345
467638,468346
467638,468347
467638,468348
467638,468349
467638,468350
467638,468351
467638,468352
467638,468353
467638,468354
467690,468355
467638,468356
467638,468357
467638,468358
467638,468359
467638,468360
467638,468361
467638,468362
467638,468363
467638,468364
467638,468365
467638,468366
467638,468367
467638,468368
467638,468369
467638,468370
467638,468371
467638,468372
467638,468373
467638,468374
467638,468375
467638,468376
467638,468377
467638,468378
467638,468379
467638,468380
467638,468381
467638,468382
467638,468383
467638,468384
467638,468385
467638,468386
467638,468387
467638,468388
467638,468389
467638,468390
467638,468391
467638,468392
467638,468393
467638,468394
467638,468395
467638,468396
467638,468397
467638,468398
467638,468399
467638,468400
467638,468401
467638,468402
467638,468403
467638,468404
467638,468405
467638,468406
467638,468407
467638,468408
467638,468409
467638,468410
467638,468411
467638,468412
467638,468413
467638,468414
467638,467662
467638,468415
467638,468416
467638,468417
467638,468418
467638,468419
467638,468420
467638,468421
467638,468422
467638,468423
467638,468424
467638,468425
467638,468426
467638,467673
467638,468427
467638,468428
467638,467756
467638,468429
467638,468430
467638,468431
467638,468432
467638,468433
467638,468434
467638,468435
467638,467672
467638,468436
467638,468437
467638,468438
467638,468439
467638,468440
467638,468441
467638,468442
467638,468443
467638,468444
467638,468445
467638,468446
467638,468447
467638,468448
467638,468449
467638,468450
467638,468451
467638,468452
467638,467749
467638,468453
467638,468454
467638,468455
467638,468456
467638,468457
467638,468458
467638,468459
467638,468460
467638,468461
467638,468462
467638,468463
467638,468464
467638,468465
467638,468466
467638,468467
467638,468468
467638,468469
467638,468470
467638,468471
467638,468472
467638,468473
467638,468474
467638,468475
467638,468476
467638,468477
467638,468478
467638,468479
467638,468480
467638,468481
467638,468482
467638,468483
467638,468484
467638,467663
467638,468485
467638,468486
467638,468487
467638,468488
467638,468489
467638,468490
467638,468491
467638,468492
467638,468493
467638,468494
467638,468495
467638,468496
467638,467761
467638,468497
467638,468498
467638,468499
467638,468500
467638,468501
467638,468502
467638,468503
467638,468504
467638,468505
467638,468506
467638,468507
467638,468508
467638,468509
467638,468510
467638,468511
467638,468512
467638,468513
467638,468514
467638,468515
467638,468516
467638,468517
467638,468518
467638,468519
467638,468520
467638,468521
467638,468522
467638,468523
467638,468524
467638,468525
467638,468526
467638,468527
467638,468528
467638,468529
467638,468530
467638,468531
467638,468532
467638,468533
467638,468534
467638,468535
467638,468536
467638,468537
467638,468538
467638,468539
467638,468540
467638,468541
467638,468542
467638,468543
467638,468544
467638,468545
467638,468546
467638,468547
467638,468548
467638,468549
467638,468550
467638,468551
467690,468098
468552,468553
467690,468554
468555,468556
468557,468558
468557,468559
468560,468561
468562,468454
468562,468403
468562,468563
468562,468564
468565,468566
468565,468468
468565,468567
468565,468568
468565,468569
468570,468571
468565,468565
468565,468572
468565,468573
468565,468574
468575,468576
468575,468577
468578,468579
468580,468581
468582,468583
468582,468584
468582,468585
468582,468586
468582,468587
468582,468588
468565,467721
468570,468589
468570,468590
468570,467666
467638,468591
467638,468592
467638,468593
467638,468594
467638,467729
467638,468595
467638,468596
467638,468597
467638,468598
467638,468599
467638,468600
467638,468601
467638,468602
467638,468603
467638,468604
468605,468606
468607,468608
468607,468609
468607,468610
468607,468611
468607,468612
468607,468613
468607,468614
468607,468615
468607,468616
468607,468617
468607,468618
468570,468619
468570,468174
468582,468620
468582,468621
468582,468622
468623,468624
468625,468626
468627,468628
468627,468629
468630,468631
468630,468561
468630,467638
468632,468633
468632,468634
468632,468635
468632,468636
468632,468637
468632,468610
468632,468638
468632,468639
468632,468640
468632,468641
468642,467748
468642,467739
468642,468643
468644,468645
468644,467740
468646,468647
468646,468648
468646,468143
468646,467694
468646,467696
468649,468561
468650,468172
468651,468278
468623,468652
467638,468653
468623,468654
468623,468655
468623,468656
468623,468625
468623,468619
467690,468657
468623,468658
468623,468659
468623,468660
468623,468661
468623,468662
468623,468663
468623,468664
468623,467669
468623,468623
468623,467670
468623,467671
468623,468665
468623,468666
468623,468667
468623,468668
468623,467888
468623,468669
468623,468670
468623,468671
468623,468672
468623,468673
468623,468674
468623,468675
468623,468676
468623,468677
468623,467868
468651,468274
467638,468678
467638,468679
467696,468657
467696,468098
467696,468355
467696,467691
467696,467692
467696,467693
467696,467694
467696,467695
467696,467697
467696,467698
467696,467699
467696,467700
467696,467701
467696,468554
467696,467702
467696,467704
467696,467705
467696,467706
467696,467707
468680,468681
468680,468682
468680,468482
468680,468683
468680,468684
468680,468685
468680,468554
468680,468686
468680,467694
467696,467703
467696,468687
467696,468688
467696,468689
468690,468691
468690,468692
468690,468693
468690,468694
468690,468695
468690,468696
468690,468697
468698,468626
468699,468700
467694,468648
467694,468143
467694,467696
467696,468701
467696,468702
467696,468703
467696,468704
467696,468705
467696,468482
467696,468706
467696,468707
467696,468708
468709,468710
467696,468711
467696,468712
467696,468713
467696,467709
467696,468714
467696,468443
467696,468409
468680,468715
468482,468689
468482,468701
468482,468716
468717,468224
467810,468718
467810,468719
468058,468720
468219,468471
467638,468721
467638,467736
467638,468722
467638,468723
467638,468724
467638,468574
467638,468725
467638,468726
467638,468727
467638,468728
467638,468729
467638,468730
467638,468731
467638,468732
467638,468733
467638,468734
467638,468735
467638,468736
467638,468737
467638,468738
467638,468739
467638,468740
467638,468741
467638,468742
468743,468744
467638,468745
468743,468746
468743,468747
468482,468703
468482,468704
468482,468748
468482,468705
468482,468749
468482,468711
468482,468712
468482,468750
468482,468751
468482,468657
468482,468752
468482,468753
468482,468754
468482,467695
468482,467696
468482,467701
468482,467704
468482,467705
468482,467706
468482,468755
468605,468756
468605,468757
468758,468759
468758,468760
468758,468055
468758,468761
468758,468198
468758,468762
468743,468763
468743,468368
468690,468764
468651,467748
468651,468538
468709,468765
468709,468766
468709,467760
468709,468767
468709,468673
468709,468768
468709,468769
468709,468770
468709,468771
468709,468772
468709,468773
468709,468774
468709,467845
468709,468775
468709,468776
468709,468777
468709,468778
468709,468779
468709,467776
468709,467775
468709,467758
468709,467771
468709,468780
468709,468781
468709,467757
468709,468782
468709,468783
468709,468412
468709,468669
468709,468784
468709,468785
468709,467718
468709,467981
468709,467968
468709,467739
468709,467984
468709,468676
468709,468002
468709,467678
468709,467997
468709,468627
468709,468786
468709,468787
468709,468788
468709,468789
468709,467676
468709,467675
468709,468790
468709,468791
468709,468792
468709,468793
468709,468794
468709,468795
468709,468796
468709,468797
468709,468752
468709,467741
468709,468798
468709,468799
468709,468800
468709,468801
468709,468802
468709,468803
468709,467672
468709,468804
468709,468805
468709,468806
468709,468807
468709,467746
468709,468174
468709,468808
468709,468809
468709,468810
468709,467665
468709,468811
468709,467716
468709,468812
468709,468813
468709,468814
468709,468619
468709,468815
468709,468816
468709,468817
468709,468276
468709,468625
468709,468265
468709,468818
468709,468819
468709,468820
468709,468821
468709,468822
468709,468823
468709,468824
468709,468825
468709,467748
468709,467719
468709,468826
468709,467668
468709,468827
468709,468828
468709,468829
468709,468830
468709,467671
468709,468831
468709,468553
468709,468832
468709,468833
468709,468834
468709,468835
468709,468836
468709,468837
468709,467754
468709,468838
468709,468839
468709,468840
468709,467669
468709,468841
468709,468842
468709,468843
468709,468844
468709,468845
468709,468580
468709,467752
468709,468846
468709,467750
468709,467749
468709,468224
468709,468847
468651,468848
468709,468849
468709,468850
468851,468852
468851,468339
468851,468853
468851,468854
468851,468855
468851,468856
468851,468857
468851,468858
468851,468859
468851,467662
468851,468860
468851,468861
468851,467810
468851,468287
468851,467814
468851,468862
468851,468007
468851,468863
468851,468864
468851,468865
468851,468866
468851,467932
468851,467896
468851,468867
468851,467725
468851,468868
468851,468604
468851,468598
468851,467740
468851,468869
468851,467730
468870,468613
468651,468553
468651,468859
468651,467830
468651,468091
468651,468798
468651,468864
468651,468725
468871,468471
468872,468873
468872,468874
468872,468875
468872,468876
468872,468877
468872,468878
468872,468879
468872,468880
468872,468881
468872,468882
468872,468883
468872,468884
468872,468885
468886,468004
468887,468265
468888,467668
468888,467671
468888,468793
468888,467686
468889,468890
468870,468891
468851,468735
468851,468892
468893,467709
468894,467709
468709,468895
468709,468896
468709,468897
468709,468898
468709,467876
468709,468899
468709,468698
468709,468900
468709,468901
468709,467682
468709,468902
468709,468556
468709,468903
468709,467797
468709,468904
468709,468905
468709,468563
468709,468643
468709,467680
468709,467768
468709,468024
468709,468906
468709,468907
468709,468908
468709,468909
468709,468910
468709,468911
468709,468047
468709,467721
468709,467726
468709,468552
468709,467683
468709,467686
468912,468866
468912,467811
468912,468853
468913,468914
468915,468914
468915,468916
468915,468917
468918,468919
468918,468587
468920,468921
468922,468923
468918,468584
468924,468925
468926,468559
468926,468927
468926,468608
468928,468929
468929,468928
468709,468721
468709,468574
468709,467733
468709,467732
468709,468652
468709,468930
468709,468931
468709,468932
468709,467729
468709,468933
468709,467728
468709,468934
468517,468031
467696,468685
468517,468133
468925,468935
468925,468936
468925,467733
468937,468925
468938,468939
468938,468940
468938,468941
468938,468942
468938,467810
468938,468943
468938,468391
468938,468944
468938,468945
468938,468487
468938,467663
468938,468209
468938,468324
468946,468837
468946,468947
468946,468804
468946,467845
468946,467741
468946,468948
468925,468949
468946,467728
468938,468278
468938,468373
468938,468950
468938,468592
468938,468334
468938,468951
468672,468952
468925,468953
468925,468954
468925,468955
467984,468956
467984,468382
467984,468957
467984,467962
467984,468958
467984,468959
467984,468960
467984,468961
468610,468962
468610,468963
468610,468608
468610,468964
468610,468965
468610,468966
468967,468610
468946,468224
467984,468968
467984,468969
468925,468970
468925,468971
468925,468895
468925,468972
468925,468973
468925,468924
467984,468974
468391,468115
467984,468738
467984,468975
467984,468307
467984,468976
467984,468977
467984,468236
468553,468368
468610,468575
467663,468978
467663,468979
468098,468409
468098,468482
468098,468980
468098,467696
468981,468454
467695,468657
467695,468482
467695,468701
468712,467696
468711,467696
468711,468409
468982,468278
468983,468984
468983,468982
468983,468037
468983,467982
468983,468007
468985,468986
468985,468987
468985,468988
468985,468989
468985,468990
468985,468991
468098,468657
468985,468608
468985,468992
468985,468993
468985,468994
468995,468031
468983,468278
468983,468088
468985,468996
468098,468997
467691,467691
467691,467696
468998,468999
468998,468998
468998,469000
468998,469001
468998,467965
468998,468679
468998,467977
468998,469002
468998,469003
468998,469004
468998,469005
468998,469006
468998,469007
468998,468409
468998,469008
467663,469009
469010,468574
467739,467722
468250,468031
468250,469011
469012,467714
467714,468161
467714,469013
467714,469014
469015,469016
467714,469017
467714,469018
468042,468300
468042,468292
468042,468595
469019,467696
467739,467964
467714,469020
468610,469021
469022,469023
469022,469024
468552,467686
468552,468787
468552,467675
468552,468793
468552,468529
468552,468817
469025,468172
469026,467740
468980,467696
468980,468098
468980,468657
468980,467837
468980,469027
468980,468547
468980,469028
469029,469014
469029,467857
468403,467775
469030,468304
469030,469031
469030,469032
469030,468468
469030,469033
468817,467669
469030,469034
469030,469035
469030,467811
469030,468004
469030,469036
469030,469037
469029,468409
469030,469038
468817,467670
468793,467671
468793,468667
467690,468706
467690,468707
467690,468708
467690,468685
467690,468711
467690,468712
467690,468482
467690,468713
467690,468714
467690,468443
467690,468409
467690,468689
467690,468688
467690,468687
467690,467709
468403,468224
467690,468705
467690,468703
468793,468671
468793,467683
468793,467686
468641,469039
467670,467671
467670,468909
467690,468704
467670,469040
468669,469041
468669,468626
468669,468817
468669,469042
467690,468701
467690,468702
468669,468619
469043,469044
469043,469045
469043,469046
469047,468954
469047,469048
469047,469049
469047,469050
469047,469051
469047,469052
469047,469053
469047,469054
469047,468925
469047,469055
469047,469056
469047,469057
469047,469058
469047,469059
469047,469047
469047,469060
469061,468300
468910,468265
469062,468278
469063,469064
469063,469065
469063,469066
469063,469067
469063,469068
469061,468938
469063,469069
469063,468579
469063,469070
469063,469071
468719,469072
468719,469073
468719,469074
469063,469075
468985,469076
469047,469077
469047,469078
469079,467714
469079,469080
469081,468610
469081,469082
469083,469023
469083,468339
469079,469084
469083,468517
467772,468846
468846,469085
469086,469055
469086,469087
469086,469088
469043,469089
469083,468452
469047,468935
469090,469091
468766,467672
469055,469087
469055,469086
469055,469088
468955,468925
469092,469093
469092,469094
468766,468909
469092,469095
469092,467909
469092,469096
469092,469097
469092,469098
469092,469099
468766,467665
469092,469100
468517,468025
468985,469101
467803,469102
467709,467694
467709,469073
467709,467740
467709,469072
467709,468657
467709,469103
467709,469104
467709,467858
467709,468688
467709,467696
467709,468423
467709,468444
467709,467672
467709,468363
467709,468685
467709,468529
467709,468482
467709,468225
467803,468559
467709,468237
467709,468409
467709,469105
467709,467868
467709,467706
469073,468250
469072,469073
469072,468482
469072,468719
468657,467696
468688,467696
468409,467691
468409,468158
468409,469106
468409,467739
468409,469004
468409,469107
468529,467740
468245,468031
468245,468025
468245,468133
468245,468423
468245,468517
467709,469108
467709,469109
467709,467683
467709,468701
469073,469110
468554,469111
468554,467868
468209,469112
468209,469113
468209,468489
468209,468516
468209,468517
468209,468433
468209,468430
468209,468423
468209,467740
468209,469114
468209,468081
468209,469115
468209,468139
468209,468015
468209,469116
468300,468517
468300,468031
469113,468409
468517,468245
468517,468423
468209,468579
468209,468300
467661,467660
467661,467671
468554,468982
468554,468983
468554,469117
468554,468248
468554,468278
468482,469118
468482,468685
468482,467698
468482,468719
468482,467707
468482,467692
468482,467694
468482,468948
468482,469119
468482,469027
468482,468042
468482,467709
468482,467868
467660,468619
467660,467668
467660,467682
468554,469120
469073,468031
467709,468245
469073,468685
469121,469122
469121,469123
469124,469125
469124,468914
468025,468031
468025,468133
468025,468423
468025,468517
468025,468245
469121,469126
469127,469128
469129,468914
469129,469130
469129,469131
469129,469132
469129,469133
469129,469134
469129,469135
469073,468482
469129,469136
469129,469137
469121,468914
469121,469138
469011,467834
469139,469039
469039,469140
469039,469141
469039,468641
469039,467689
469039,469039
469039,469142
469039,469143
469039,469144
469039,469139
469142,469039
468198,469145
468198,469146
468198,469147
468198,469148
468198,468672
468198,468055
469149,468198
469011,468902
469011,468031
469011,469150
469129,469151
469129,469152
468709,469153
469129,469154
469155,469156
469155,468914
467668,467682
469155,467703
469129,469157
469155,469158
467722,469159
467722,467746
467722,468840
469155,467997
469129,469160
467722,468423
467722,467739
467722,467968
467722,468643
469129,468891
469129,469161
469129,469162
469129,469163
469129,468275
467722,468828
469155,469164
469155,467722
469155,469165
469129,469166
469129,469167
469073,467709
469073,468443
469073,467699
467868,468482
467868,469168
467868,469108
469108,469169
469108,469170
469108,468031
469108,467862
469155,469171
469155,468217
469155,467986
469155,469172
469155,468406
469155,469173
469155,468443
469155,468803
469155,467756
469155,468979
467722,469174
