477325,477326
477327,477328
477327,477325
477327,477329
477330,477331
477327,477332
477327,477333
477326,477334
477326,477335
477326,477336
477326,477332
477328,477325
477328,477329
477330,477337
477328,477332
477327,477326
477330,477338
477339,477340
477341,477342
477328,477327
477339,477343
477339,477344
477339,477345
477339,477346
477339,477347
477348,477349
477330,477350
477348,477351
477348,477352
477348,477353
477354,477355
477354,477356
477354,477357
477354,477358
477341,477348
477348,477359
477328,477360
477361,477362
477328,477326
477363,477364
477363,477365
477363,477342
477363,477366
477363,477367
477363,477368
477363,477369
477363,477370
477342,477371
477363,477372
477373,477374
477373,477375
477373,477376
477373,477377
477373,477378
477373,477379
477373,477380
477373,477381
477373,477382
477342,477383
477342,477348
477342,477384
477342,477385
477342,477386
477342,477363
477342,477387
477342,477388
477342,477341
477342,477389
477342,477390
477342,477391
477342,477349
477342,477392
477342,477393
477342,477394
477342,477395
477342,477396
477342,477370
477342,477397
477342,477398
477342,477399
477373,477400
477328,477333
477373,477401
477373,477402
477403,477404
477405,477406
477405,477407
477405,477408
477405,477409
477405,477410
477405,477411
477405,477412
477403,477413
477405,477414
477415,477416
477415,477417
477418,477419
477418,477420
477421,477422
477421,477423
477421,477356
477421,477424
477405,477425
477403,477414
477361,477426
477361,477425
477373,477427
477373,477428
477361,477429
477361,477406
477361,477430
477361,477407
477361,477408
477361,477431
477361,477409
477361,477403
477361,477410
477361,477405
477361,477411
477361,477412
477361,477432
477361,477414
477361,477433
477361,477434
477361,477435
477373,477436
477437,477438
477439,477440
477339,477441
477442,477443
477442,477444
477442,477445
477442,477446
477442,477447
477444,477448
477442,477449
477450,477451
477450,477452
477450,477453
477450,477454
477450,477455
477450,477444
477450,477456
477450,477457
477442,477458
477442,477453
477442,477459
477439,477460
477439,477461
477369,477462
477439,477463
477439,477355
477439,477464
477439,477465
477439,477466
477467,477468
477467,477469
477467,477470
477467,477471
477467,477472
477467,477473
477442,477474
477450,477475
477450,477438
477450,477476
477450,477477
477478,477479
477478,477480
477481,477482
477481,477483
477481,477484
477485,477486
477366,477487
477366,477488
477489,477490
477491,477358
477466,477356
477492,477493
477492,477494
477492,477495
477492,477496
477478,477481
477439,477497
477478,477498
477455,477499
477450,477500
477450,477501
477450,477502
477450,477503
477450,477504
477450,477505
477450,477506
477450,477507
477455,477452
477455,477453
477455,477450
477455,477508
477455,477509
477455,477444
477455,477510
477455,477475
477339,477511
477439,477512
477439,477513
477514,477515
477514,477516
477514,477517
477514,477518
477514,477519
477514,477520
477514,477514
477514,477521
477514,477522
477514,477523
477514,477524
477514,477525
477514,477526
477527,477528
477514,477529
477514,477530
477514,477531
477530,477532
477339,477533
477339,477534
477339,477535
477339,477536
477339,477356
477339,477537
477339,477538
477339,477539
477339,477396
477339,477540
477339,477541
477339,477542
477339,477543
477530,477514
477530,477520
477527,477355
477527,477347
477527,477544
477527,477545
477439,477546
477439,477547
477439,477548
477439,477549
477439,477550
477439,477357
477439,477551
477439,477535
477439,477552
477439,477553
477439,477354
477439,477554
477439,477555
477439,477556
477439,477396
477439,477557
477439,477558
477439,477491
477439,477559
477527,477560
477527,477561
477439,477356
477439,477562
477439,477563
477439,477564
477439,477565
477439,477566
477439,477567
477439,477568
477439,477340
477439,477344
477439,477569
477439,477570
477439,477571
477439,477572
477369,477573
477574,477575
477369,477363
477496,477576
477496,477577
477496,477578
477496,477492
477496,477579
477496,477580
477496,477581
477496,477582
477583,477584
477585,477586
477587,477588
477589,477590
477591,477586
477592,477593
477550,477355
477550,477357
477594,477595
477496,477596
477496,477597
477496,477598
477599,477493
477599,477494
477599,477495
477599,477496
477599,477600
477599,477601
477599,477602
477599,477603
477599,477604
477599,477605
477599,477606
477599,477607
477496,477608
477496,477609
477496,477610
477496,477599
477496,477611
477550,477612
477550,477613
477550,477614
477396,477370
477615,477616
477615,477617
477615,477343
477615,477511
477615,477618
477615,477619
477615,477339
477615,477575
477615,477552
477615,477620
477615,477621
477615,477615
477615,477622
477615,477623
477615,477396
477615,477624
477615,477625
477615,477626
477599,477627
477615,477628
477615,477570
477396,477339
477396,477629
477396,477340
477396,477630
477396,477441
477396,477631
477396,477552
477396,477415
477396,477560
477396,477497
477396,477363
477615,477356
477615,477632
477615,477567
477615,477340
477615,477344
477615,477633
477615,477630
477615,477634
477635,477636
477635,477637
477638,477639
477638,477640
477638,477641
477642,477643
477644,477645
477352,477646
477352,477647
477638,477648
477649,477650
477649,477486
477649,477651
477649,477652
477649,477653
477649,477654
477649,477655
477649,477656
477649,477657
477638,477356
477638,477658
477638,477659
477660,477661
477347,477662
477347,477663
477662,477347
477662,477664
477662,477665
477662,477666
477662,477667
477662,477668
477638,477669
477638,477670
477638,477568
477638,477633
477638,477671
477638,477672
477638,477673
477638,477674
477649,477542
477649,477675
477649,477676
477649,477677
477678,477679
477678,477680
477678,477681
477678,477682
477678,477683
477678,477684
477685,477686
477687,477523
477637,477688
477637,477635
477637,477573
477637,477661
477637,477689
477688,477573
477688,477527
477688,477690
477688,477689
477678,477691
477635,477692
477678,477693
477678,477694
477649,477695
477649,477462
477649,477696
477649,477697
477649,477356
477649,477465
477651,477356
477462,477656
477698,477699
477699,477689
477699,477700
477699,477698
477678,477701
477678,477702
477678,477703
477678,477628
477678,477704
477678,477685
477369,477705
477615,477540
477615,477706
477574,477707
477574,477708
477709,477709
477710,477711
477710,477712
477710,477713
477710,477714
477574,477715
477710,477355
477716,477717
477716,477718
477716,477719
477716,477720
477716,477721
477716,477722
477716,477646
477710,477723
477574,477724
477574,477725
477574,477726
477574,477727
477574,477728
477574,477729
477574,477415
477574,477730
477574,477396
477574,477731
477574,477732
477574,477667
477574,477733
477574,477734
477574,477735
477574,477736
477574,477560
477574,477737
477574,477331
477574,477738
477716,477716
477716,477739
477448,477740
477448,477741
477553,477742
477743,477744
477743,477745
477743,477746
477744,477747
477744,477748
477744,477749
477745,477750
477751,477752
477753,477584
477754,477755
477754,477756
477754,477757
477754,477758
477369,477364
477369,477584
477369,477342
477553,477759
477574,477760
477553,477761
477555,477762
477448,477763
477448,477764
477448,477765
477448,477766
477448,477767
477555,477768
477555,477769
477555,477770
477555,477553
477555,477771
477555,477772
477555,477773
477555,477774
477555,477775
477555,477776
477555,477777
477555,477778
477555,477712
477615,477497
477574,477779
477574,477780
477574,477781
477574,477782
477574,477783
477574,477784
477574,477785
477574,477330
477574,477786
477574,477787
477574,477788
477574,477789
477574,477790
477574,477470
477574,477791
477574,477340
477574,477792
477574,477703
477574,477793
477574,477794
477574,477795
477574,477796
477615,477797
477615,477798
477615,477799
477615,477800
477615,477801
477615,477715
477615,477802
477615,477803
477615,477804
477615,477805
477615,477707
477615,477806
477615,477807
477632,477356
477808,477809
477808,477574
477808,477685
477574,477810
477574,477809
477574,477630
477574,477811
477574,477812
477574,477813
477574,477814
477574,477815
477574,477816
477574,477817
477492,477600
477574,477552
477574,477685
477574,477818
477574,477819
477574,477820
477574,477821
477574,477822
477574,477823
477574,477824
477574,477825
477574,477826
477574,477827
477574,477631
477574,477828
477574,477662
477574,477808
477574,477829
477574,477830
477574,477831
477574,477664
477574,477832
477574,477833
477574,477834
477574,477835
477574,477547
477574,477836
477574,477837
477574,477574
477574,477838
477574,477839
477574,477840
477574,477441
477492,477601
477439,477646
477492,477603
477841,477842
477841,477843
477841,477766
477841,477844
477841,477845
477841,477846
477841,477847
477841,477848
477841,477849
477841,477850
477841,477765
477841,477851
477852,477853
477852,477854
477852,477855
477852,477651
477852,477826
477852,477852
477852,477728
477852,477856
477852,477696
477857,477858
477859,477646
477841,477763
477841,477860
477841,477861
477862,477349
477862,477506
477863,477864
477863,477349
477863,477862
477865,477866
477865,477867
477865,477841
477865,477868
477865,477869
477865,477765
477865,477842
477865,477766
477865,477850
477841,477870
477841,477871
477841,477841
477841,477865
477841,477872
477841,477868
477841,477873
477841,477874
477841,477444
477857,477875
477862,477876
477857,477745
477875,477745
477736,477837
477736,477838
477736,477840
477736,477877
477736,477878
477736,477822
477736,477879
477736,477880
477736,477881
477736,477751
477736,477836
477736,477882
477736,477667
477736,477883
477736,477884
477736,477885
477736,477886
477736,477887
477736,477888
477736,477889
477736,477890
477736,477891
477736,477732
477736,477892
477736,477893
477736,477894
477895,477896
477895,477646
477897,477898
477899,477566
477899,477568
477899,477557
477899,477900
477899,477901
477899,477354
477899,477466
477736,477662
477736,477829
477736,477818
477736,477736
477736,477902
477736,477338
477736,477903
477736,477783
477736,477904
477736,477905
477736,477791
477736,477906
477736,477907
477857,477750
477862,477864
477862,477908
477862,477863
477909,477784
477728,477831
477728,477910
477728,477911
477728,477795
477728,477829
477728,477826
477728,477912
477728,477814
477728,477824
477913,477414
477728,477738
477816,477816
477914,477915
477914,477590
477914,477916
477393,477498
477393,477342
477393,477341
477393,477917
477393,477918
477393,477348
477816,477919
477913,477403
477913,477920
477913,477921
477620,477650
477620,477922
477620,477923
477620,477924
477620,477486
477620,477925
477620,477651
477620,477926
477620,477927
477620,477928
477620,477929
477620,477620
477620,477930
477620,477554
477620,477356
477620,477697
477620,477931
477620,477656
477620,477649
477620,477632
477620,477677
477620,477932
477620,477933
477393,477934
477393,477383
477917,477393
477917,477498
477395,477935
477936,477510
477936,477937
477938,477586
477939,477940
477941,477942
477943,477944
477944,477945
477946,477947
477948,477949
477948,477950
477948,477951
477948,477952
477953,477954
477953,477955
477953,477956
477953,477957
477958,477945
477862,477959
477862,477960
477862,477961
477492,477602
477862,477962
477395,477963
477964,477965
477395,477399
477395,477398
477917,477342
477917,477341
477917,477918
477917,477348
477917,477934
477917,477383
477917,477966
477917,477967
477917,477968
477917,477481
477917,477368
477917,477363
477917,477969
477917,477349
477917,477370
477917,477970
477917,477971
477917,477369
477917,477972
477917,477973
477917,477974
477917,477975
477395,477590
477395,477976
477964,477977
477964,477978
477964,477588
477979,477980
477981,477982
477983,477364
477983,477984
477983,477983
477983,477584
477983,477985
477983,477986
477983,477987
477983,477340
477979,477988
477983,477989
477983,477358
477983,477570
477983,477571
477983,477630
477983,477628
477983,477342
477983,477990
477983,477991
477983,477992
477983,477341
477983,477993
477979,477994
477979,477995
477979,477996
477997,477438
477998,477999
478000,478001
478002,477646
478002,478003
478002,478004
478005,477917
478005,477349
477979,478006
477979,478007
477979,478008
477979,478009
477979,477484
477979,478010
477979,478011
477979,478012
477979,478013
477979,478014
477979,477548
477979,478015
477979,478016
477979,477376
477979,478017
477983,477716
477983,477481
477983,478018
477983,477357
478019,477389
478019,478020
478021,478022
477660,477514
477660,478023
477660,477688
477660,478024
477660,478025
477660,478026
477660,477334
477660,478027
477660,478028
477660,478029
477660,478030
477660,477700
477660,477699
477660,478031
477660,478032
477660,478033
477660,478034
477660,477637
477660,478035
477660,477573
478019,477705
478036,478037
478019,478038
478019,478039
477983,477552
477983,477553
477983,478040
477983,478041
477983,478042
477983,477622
477983,477356
477983,477859
477983,477555
477983,477699
477983,477396
477983,478043
477983,477349
477983,478044
477983,478045
477983,477497
477983,478046
477983,477800
477983,477573
477983,478047
478019,478048
478019,477388
478019,478049
478019,478050
478051,477632
478036,477507
478036,477763
478052,477406
478052,477946
478052,477366
478052,477409
478052,477745
478052,478053
478052,478054
478052,477537
478052,477405
478052,477414
478055,477982
478052,477425
478056,477566
478056,478057
478056,478058
478056,478059
478056,478060
478061,478026
478062,477364
478062,477342
478062,477481
478062,477387
478052,478060
477935,477590
478063,477588
478064,477752
477964,478065
477964,478066
477964,478067
477964,477964
477964,478068
478069,478070
477372,477364
477372,477365
477372,477342
477372,477366
477372,477367
477372,477368
477372,477363
477372,477369
477372,477370
478071,478072
478071,478073
478074,478074
478074,478075
478074,478076
478074,477376
478064,478077
478064,478078
478062,477349
478079,477528
478080,477514
478080,477986
478081,478082
478081,478083
478081,478084
478081,477356
478081,478085
478081,478086
478081,478087
478081,477561
478088,478001
478089,477745
478089,477697
478089,478090
478091,478092
478093,477356
478093,477632
478094,477657
478095,477908
478036,478096
478036,477754
478036,478097
478036,477868
478036,478098
478036,477448
478081,477652
478036,477845
478081,478081
478081,477564
478080,477688
478080,478099
478080,477537
478080,478030
478080,477700
478080,477699
478080,478033
478080,477637
478080,477573
478100,478101
478100,477485
478100,478102
478100,478103
478100,478104
478100,478105
478100,478106
478105,478101
478105,477485
478105,478102
478105,478100
478105,478103
478105,478104
478105,478106
478081,477423
478051,478107
477862,477357
478051,478108
478109,477982
477992,477353
477992,477358
477992,477656
477686,477685
478110,477356
478111,477745
478112,478113
478114,477923
478114,477407
477951,478115
478114,478116
478114,478117
478114,477403
478114,477414
478114,477542
478114,478118
478114,478119
477383,477364
477383,477989
477383,477358
477383,477571
478114,478120
477951,478121
478115,477951
478115,478016
478051,477506
477597,477607
477576,478122
477579,477609
477579,477610
477579,477599
477579,477611
477579,477598
477579,477496
477579,477597
477579,477596
477579,477582
477579,477576
477579,477577
477579,477578
477579,477492
477579,477580
478123,478124
478123,478125
478123,478126
478123,478127
478115,478128
478115,478129
477383,477342
477597,477605
477383,477990
477383,477992
477383,477584
477383,478130
477383,478131
477383,478132
477383,478133
477383,477326
477383,477986
477383,478134
477383,478135
477383,478048
477383,478136
477383,478137
477383,478138
477383,478139
477383,478140
477383,478141
477383,478142
477383,478143
477383,477626
477383,478144
477383,478145
477383,478146
477383,477371
477383,478147
477383,478148
477383,477462
477383,477341
477383,477334
477383,478149
477383,477481
477383,477357
477383,477503
477383,478150
477383,478042
477383,478151
477383,477368
477383,478152
477383,477356
477383,478153
477383,477387
477383,477348
477383,477349
477383,478154
477383,477390
477383,477383
477383,477573
477383,478155
477383,478156
477383,478157
477383,477388
477597,477604
477597,477603
477597,477602
478158,478159
478158,478160
478158,478161
478158,478162
478158,478163
478158,478164
478158,478165
478158,478166
478158,478167
478158,478168
478158,478169
478158,478170
478158,478171
478158,478172
478158,478173
478158,478174
478158,477444
478158,478175
478158,478176
478158,478177
478158,477763
478158,477765
478158,477443
478158,478178
478158,477453
478158,478179
477492,477604
477492,477605
477492,477606
477492,477607
477349,477342
477349,477481
477349,477917
477349,477363
478158,478180
478158,478181
478158,478182
478158,478183
478158,478184
478158,478185
478158,478186
478158,478096
478158,477451
478158,478187
478158,478188
478158,478189
478158,478190
478158,478191
478158,477452
478158,478192
478158,478193
478158,478194
478158,478195
478158,478196
478158,478197
478158,478198
478158,477850
478158,477502
478158,478037
478158,478199
477763,477841
477763,477448
477763,477765
477763,477842
477763,477766
477763,478200
478201,477920
478201,477414
478099,478202
478099,478035
477597,477493
477597,477494
477597,477495
477597,477496
477597,477600
477597,477601
478158,477501
477383,478203
478158,478204
478158,478205
478158,477446
478158,477766
478158,478206
478158,478207
478158,478208
478158,478209
478158,478210
478158,478211
478158,478212
478158,478213
478158,478214
478158,478215
478158,477848
478158,478216
478158,478217
478158,478218
478158,478219
478158,477767
478158,478220
478158,478221
478158,478222
478158,477447
478158,478223
478158,477849
477383,478224
477597,477606
477383,478225
478226,478227
478226,478157
478226,478228
478229,477982
478230,477896
478230,478231
478232,478233
478232,478234
477510,478235
478051,477505
478226,478037
478051,477656
478051,477558
478051,478236
478051,477931
478051,477556
478051,477479
478051,478237
478051,478238
478051,478239
478051,478240
478051,478241
478051,478242
478226,478243
478226,478244
478226,478245
478226,478246
478226,478247
478226,478248
478226,478249
478226,478250
478226,478251
478226,478252
478226,478253
478226,478254
478226,478255
478226,478256
478226,478257
478226,478258
478226,478259
478226,478260
478226,477634
478226,478261
478226,478262
478226,478263
478226,478264
478226,478265
478226,478266
478226,478267
478051,478268
478051,477356
478051,478269
478051,478270
478051,477353
478051,478271
477510,478272
477510,478273
477510,478274
477510,478275
477510,478276
477510,478277
477510,478278
477510,478279
477510,478280
477510,478281
477510,478282
477510,478283
477510,478284
477510,478285
477510,478286
477383,478287
477510,478288
477510,478289
477510,478290
477510,478291
477510,478292
478051,477646
478226,478293
478051,478294
478051,478295
478051,477930
478051,478296
478051,478297
478051,478298
478051,478299
478051,478300
478051,477357
478051,477481
478051,478301
478051,478302
478051,478303
478051,477549
478051,478304
478051,477992
478051,478305
478051,478306
478051,477352
478051,478307
478051,477491
478051,477358
478051,478308
478051,478309
478051,477484
478051,478310
478226,478168
478230,478311
478226,478312
477383,478313
477383,478314
477383,477540
477383,478315
477383,477369
477383,478316
477383,478317
477383,478318
477383,478033
477383,477389
477383,478319
477383,478320
477383,478321
477383,477542
477383,478322
477383,478323
477383,478324
477383,478325
477383,478326
477383,478327
477383,477677
477383,478328
477383,478329
477383,478330
477383,477370
477383,477802
477383,478331
477383,478332
477383,478333
477383,478334
477383,478335
477383,478336
477383,478099
477383,478337
477383,477991
477383,478338
477383,477971
477383,478339
477383,478340
477383,478341
477383,478342
477383,478343
477383,477553
477383,478344
477383,478345
477383,478346
477383,478347
477383,478348
477383,478349
478226,478350
477383,478351
477383,478352
477383,478353
477383,478354
477383,478355
477383,477543
478226,478356
478226,478183
478226,478357
478226,478358
478226,478359
478226,478360
478226,478361
478226,478362
478226,478363
478226,478290
478226,478364
478226,478365
478226,478366
478226,478367
478226,478368
478226,478162
478226,478369
478226,478370
478226,478371
478226,478372
478226,478373
477383,478374
478226,478375
478226,478376
478377,477652
478226,478378
477365,477370
477388,477349
478377,477423
477383,477805
477368,477342
477368,477918
477368,477369
477368,477349
477368,477705
478379,478380
478379,477774
478379,478381
478379,478382
477365,478377
478379,477777
478379,478066
477365,477349
478379,478383
477365,477342
477365,477481
477365,477368
477365,477363
