478384,478385
478384,478386
478384,478387
478388,478389
478390,478391
478390,478392
478390,478393
478390,478394
478390,478395
478390,478396
478384,478397
478390,478398
478390,478399
478390,478400
478384,478401
478384,478402
478384,478403
478384,478404
478384,478405
478384,478406
478384,478407
478390,478408
478384,478409
478384,478410
478384,478411
478384,478412
478384,478413
478384,478414
478384,478415
478384,478416
478384,478417
478384,478418
478384,478419
478390,478420
478421,478422
478390,478423
478421,478424
478421,478425
478421,478426
478421,478427
478421,478428
478421,478429
478421,478430
478421,478431
478432,478433
478432,478434
478384,478435
478432,478436
478432,478437
478432,478438
478432,478439
478421,478440
478421,478441
478442,478443
478390,478444
478392,478445
478399,478446
478399,478447
478399,478448
478399,478445
478399,478449
478399,478450
478451,478452
478453,478454
478455,478456
478455,478457
478455,478458
478455,478459
478460,478460
478390,478461
478384,478462
478463,478464
478384,478465
478466,478467
478466,478468
478466,478469
478470,478471
478470,478472
478473,478474
478473,478475
478473,478476
478473,478425
478473,478477
478478,478479
478480,478448
478480,478481
478480,478482
478466,478483
478480,478484
478463,478485
478463,478486
478463,478487
478463,478488
478463,478489
478463,478490
478463,478491
478463,478492
478463,478493
478463,478494
478463,478495
478463,478496
478463,478497
478463,478498
478463,478499
478466,478500
478466,478501
478500,478469
478432,478502
478503,478504
478503,478505
478503,478506
478503,478507
478503,478508
478503,478509
478503,478510
478503,478511
478503,478512
478503,478426
478503,478513
478503,478514
478503,478515
478503,478516
478517,478518
478519,478520
478500,478468
478500,478467
478500,478521
478500,478466
478500,478522
478523,478524
478463,478525
478526,478527
478519,478528
478519,478529
478519,478530
478519,478531
478519,478532
478519,478533
478519,478534
478384,478535
478463,478536
478463,478537
478538,478539
478540,478452
478541,478542
478541,478543
478541,478544
478541,478545
478541,478546
478541,478547
478541,478548
478541,478549
478541,478550
478541,478551
478541,478552
478541,478553
478554,478555
478542,478556
478542,478557
478542,478558
478542,478559
478542,478560
478542,478543
478542,478544
478542,478561
478542,478541
478542,478546
478542,478562
478542,478547
478542,478548
478542,478563
478542,478549
478542,478564
478565,478566
478567,478568
478569,478570
478463,478571
478463,478572
478463,478573
478463,478574
478463,478575
478463,478576
478463,478577
478463,478578
478463,478579
478463,478580
478463,478581
478582,478452
478583,478448
478584,478585
478584,478586
478584,478587
478588,478589
478588,478449
478588,478590
478588,478459
478588,478591
478588,478592
478588,478593
478463,478594
478588,478595
478588,478596
478588,478597
478588,478598
478588,478599
478588,478600
478588,478601
478588,478456
478432,478602
478457,478595
478603,478604
478605,478606
478605,478607
478605,478608
478605,478609
478605,478610
478611,478612
478611,478613
478605,478614
478611,478615
478611,478609
478616,478443
478450,478448
478448,478399
478448,478617
478448,478618
478448,478619
478611,478605
478448,478620
478605,478621
478605,478622
478605,478623
478605,478624
478605,478625
478605,478626
478605,478627
478605,478615
478605,478628
478605,478629
478605,478630
478605,478631
478605,478632
478605,478611
478605,478633
478605,478634
478605,478635
478605,478605
478605,478636
478605,478637
478448,478638
478448,478449
478639,478640
478639,478641
478642,478643
478642,478568
478631,478644
478631,478645
478631,478611
478639,478646
478631,478647
478631,478648
478631,478625
478631,478649
478631,478650
478631,478629
478631,478605
478631,478613
478631,478615
478448,478450
478639,478651
478639,478652
478653,478654
478457,478655
478457,478592
478457,478458
478457,478459
478457,478590
478592,478456
478639,478656
478592,478657
478639,478658
478639,478659
478639,478660
478639,478661
478639,478662
478639,478663
478639,478664
478641,478639
478605,478665
478605,478613
478605,478666
478667,478667
478667,478668
478469,478669
478469,478613
478469,478670
478469,478671
478469,478672
478667,478673
478469,478674
478469,478675
478469,478676
478469,478468
478469,478677
478469,478678
478469,478679
478469,478680
478469,478681
478469,478682
478667,478683
478667,478684
478685,478686
478685,478687
478685,478688
478685,478689
478685,478667
478690,478691
478690,478667
478667,478692
478667,478693
478667,478694
478667,478695
478667,478696
478667,478697
478667,478698
478667,478690
478667,478699
478667,478700
478469,478701
478469,478609
478469,478702
478703,478426
478618,478638
478618,478704
478618,478448
478618,478619
478618,478620
478615,478612
478705,478706
478615,478613
478615,478636
478615,478631
478615,478611
478605,478707
478605,478669
478605,478612
478605,478708
478615,478615
478705,478709
478705,478710
478705,478711
478469,478712
478469,478713
478714,478469
478715,478716
478711,478717
478711,478718
478711,478719
478711,478720
478711,478721
478711,478722
478711,478723
478711,478724
478711,478725
478711,478726
478711,478727
478711,478709
478711,478728
478631,478612
478685,478729
478730,478518
478731,478732
478733,478734
478733,478735
478733,478477
478733,478736
478733,478737
478733,478738
478733,478739
478733,478740
478733,478741
478733,478742
478733,478743
478733,478426
478733,478744
478733,478745
478733,478746
478733,478637
478733,478747
478733,478429
478733,478748
478733,478749
478733,478750
478733,478751
478733,478505
478733,478752
478733,478753
478733,478754
478733,478755
478733,478756
478733,478757
478733,478758
478733,478759
478733,478760
478733,478761
478733,478424
478733,478762
478733,478763
478733,478764
478733,478765
478733,478766
478474,478426
478767,478768
478767,478769
478767,478770
478767,478771
478767,478772
478767,478773
478767,478774
478767,478775
478767,478440
478767,478776
478767,478777
478767,478778
478767,478779
478767,478767
478767,478780
478767,478781
478767,478475
478474,478782
478767,478783
478767,478441
478474,478784
478474,478733
478474,478475
478474,478778
478474,478756
478776,478785
478776,478786
478767,478787
478776,478505
478767,478788
478767,478789
478767,478790
478767,478791
478767,478474
478767,478792
478767,478733
478776,478793
478733,478794
478733,478767
478733,478795
478625,478796
478625,478708
478797,478475
478797,478798
478797,478799
478797,478800
478797,478515
478625,478666
478797,478801
478800,478798
478800,478797
478800,478799
478800,478515
478800,478801
478802,478802
478803,478669
478800,478475
478600,478448
478625,478613
478625,478637
478804,478731
478805,478469
478625,478806
478625,478629
478625,478807
478625,478808
478625,478809
478625,478810
478625,478811
478625,478633
478625,478611
478625,478631
478625,478630
478625,478624
478625,478812
478625,478529
478625,478813
478600,478814
478600,478815
478816,478817
478733,478784
478733,478818
478733,478474
478733,478819
478733,478820
478733,478821
478733,478733
478733,478789
478733,478822
478733,478823
478733,478783
478733,478769
478733,478475
478733,478776
478733,478824
478733,478778
478733,478441
478733,478825
478826,478827
478826,478828
478816,478829
478816,478830
478816,478831
478816,478832
478816,478833
478816,478834
478817,478835
478836,478504
478836,478837
478838,478839
478838,478840
478841,478479
478826,478842
478826,478843
478826,478568
478826,478844
478826,478845
478731,478804
478685,478846
478685,478847
478685,478848
478589,478592
478589,478457
478589,478655
478589,478593
478589,478595
478589,478849
478589,478456
478589,478458
478589,478850
478589,478851
478629,478852
478629,478853
478854,478855
478854,478856
478857,478801
478857,478515
478589,478858
478857,478859
478589,478459
478456,478860
478456,478858
478456,478851
478456,478861
478456,478862
478456,478863
478456,478864
478456,478589
478589,478590
478456,478865
478456,478866
478456,478867
478456,478868
478456,478869
478456,478870
478456,478588
478456,478871
478456,478872
478456,478873
478857,478874
478857,478875
478876,478877
478878,478879
478504,478880
478504,478881
478504,478882
478883,478405
478884,478885
478876,478886
478543,478887
478543,478888
478543,478797
478799,478547
478799,478889
478799,478543
478890,478426
478890,478891
478543,478892
478857,478893
478876,478469
478494,478894
478857,478895
478857,478896
478857,478400
478897,478857
478897,478898
478897,478899
478897,478900
478901,478611
478897,478902
478897,478903
478897,478904
478897,478905
478897,478906
478897,478907
478897,478908
478494,478854
478897,478897
478456,478394
478456,478909
478456,478910
478456,478911
478456,478912
478456,478913
478456,478914
478456,478455
478456,478915
478456,478916
478595,478589
478456,478917
478456,478828
478456,478590
478456,478459
478456,478591
478456,478454
478456,478918
478456,478458
478456,478919
478456,478920
478595,478851
478595,478850
478457,478456
478457,478850
478457,478858
478457,478851
478457,478601
478457,478589
478595,478919
478595,478858
478595,478590
478595,478458
478595,478592
478595,478457
478595,478655
478595,478593
478595,478849
478595,478456
478595,478459
478456,478921
478456,478922
478456,478923
478456,478924
478456,478925
478456,478926
478456,478927
478456,478928
478456,478596
478456,478929
478456,478930
478456,478931
478456,478932
478456,478933
478456,478850
478456,478685
478456,478934
478456,478935
478456,478599
478456,478936
478456,478937
478456,478938
478456,478939
478456,478940
478456,478844
478456,478592
478456,478705
478456,478941
478456,478942
478456,478943
478456,478655
478456,478944
478456,478945
478456,478946
478456,478593
478456,478947
478456,478826
478456,478595
478456,478948
478456,478949
478890,478505
478890,478767
478757,478429
478757,478750
478429,478950
478951,478952
478750,478890
478750,478476
478750,478953
478750,478954
478750,478955
478429,478956
478750,478429
478750,478755
478750,478475
478957,478958
478957,478959
478957,478960
478957,478961
478957,478750
478750,478426
478957,478962
478429,478475
478429,478505
478429,478760
478429,478963
478429,478964
478429,478757
478429,478895
478429,478965
478429,478798
478429,478750
478429,478780
478429,478777
478429,478774
478429,478770
478429,478966
478429,478789
478429,478967
478429,478426
478429,478953
478957,478968
478957,478969
478957,478970
478729,478568
478729,478944
478729,478903
478729,478971
478729,478685
478688,478817
478688,478515
478729,478844
478688,478789
478685,478915
478685,478515
478685,478972
478685,478973
478685,478974
478685,478944
478685,478511
478685,478912
478729,478972
478729,478828
478729,478915
478957,478975
478957,478976
478957,478977
478978,478979
478515,478801
478515,478800
478515,478799
478515,478797
478515,478798
478515,478475
478973,478980
478511,478981
478511,478982
478729,478857
478729,478912
478729,478898
478729,478827
478429,478424
478767,478983
478429,478984
478429,478797
478518,478985
478986,478987
478986,478988
478986,478989
478986,478518
478986,478985
478986,478990
478518,478991
478992,478443
478531,478993
478531,478994
478531,478995
478531,478996
478531,478997
478531,478998
478531,478999
478531,479000
478531,479001
478518,479002
478518,479003
478757,478950
478737,478844
478737,478568
478737,478426
478737,478757
478737,478505
478737,478475
478518,479004
478518,478988
478518,479005
478518,478989
478518,479006
478518,479007
478518,478986
478518,479008
478518,479009
478518,479010
478531,479011
478531,479012
478531,479013
479014,478389
478967,479015
478967,479016
478956,478475
478950,479017
478950,479018
478429,478422
478531,479019
478429,479020
478429,479021
478429,478515
478429,478429
478429,478800
478429,479022
478429,478890
478429,478737
478429,479023
478531,479024
478531,479025
478531,478532
478531,479026
478531,479027
478531,479028
478531,479029
478531,479030
478531,479031
478531,479032
478531,479033
478531,479034
478531,479035
478531,479036
478531,479037
478531,479038
478531,478534
478531,479039
478531,479040
478531,478530
478429,478875
478432,479041
478767,478750
478767,479042
479043,479044
479043,479045
479043,479046
479043,479047
479043,479048
479043,479049
479043,479050
479043,479051
479043,479052
479043,479053
479043,479054
479043,479055
479043,479056
479043,479043
479043,479057
479043,479058
479043,479059
479043,478657
479043,479060
479061,478480
479062,478771
479062,479063
479062,479064
479062,479065
479066,478443
479067,478568
479067,479068
479061,478448
479067,479069
479067,478469
479067,478674
479067,479070
479067,478678
479067,479071
479072,478476
479072,479073
479067,479074
479062,479075
479043,479076
479043,479077
479043,479078
479043,479079
479043,479080
479043,479081
479043,479082
479043,479083
479043,479084
479043,479085
479043,479086
479043,478408
479043,479087
479043,479088
479043,478596
479043,479089
479043,479090
479043,479091
479043,479092
479043,479093
479043,479094
479043,479095
479043,479096
479043,479097
479043,479098
479043,479099
479043,479100
479043,479101
479043,479102
479043,479103
479043,478942
479043,479104
479043,479105
479043,479106
479043,479107
479043,479108
479043,478461
479043,479109
479043,479110
479062,479111
479062,479112
479062,479113
479114,479115
479002,478518
479116,479117
478503,479118
478503,478731
478503,478774
478503,479119
479114,479120
478503,478777
478503,478895
478503,479121
478503,478726
478503,478963
478503,478875
478503,478711
478503,478874
478503,479122
478503,479123
479114,479124
479114,479125
478786,479126
478786,478669
478786,479127
479128,478405
479129,478570
479130,479131
479130,479132
479114,479133
479130,478875
479130,479045
479114,479131
479114,479134
479114,479132
479114,479135
479114,478393
479114,479136
479130,479114
478503,479137
478503,479138
478503,478789
479139,479140
479139,479141
479139,478938
479139,479142
479143,479144
479145,479146
479145,479147
479148,479149
479145,479150
479145,479151
478457,478593
479145,479152
479145,479153
479145,479154
479062,478801
479062,478875
479145,479155
479148,479156
479148,479157
479148,479158
478503,478583
478503,479159
478503,478503
478503,478950
478503,478689
478503,479160
478503,478966
478503,479161
478503,478770
478503,478772
478503,479162
478503,478475
478503,478780
478503,478750
479163,478835
479164,478817
479165,479165
479043,479166
478786,479167
479043,479168
479043,479169
479170,479171
479170,479158
479170,479172
479170,479173
479170,479174
479170,479175
479170,479176
479170,479177
479170,479178
479170,479179
479170,479170
479170,479180
479170,479181
479170,479182
479170,479183
479170,479184
479170,479185
479170,479186
479170,479187
479170,479188
479189,479190
479189,479191
479189,479192
479189,478786
479189,479193
479189,479194
479170,479195
479170,479196
479170,479197
479170,479198
479170,479199
479170,479200
479170,479201
479170,479202
479170,479203
479170,479204
479170,479205
479189,479206
479170,479157
479170,479207
479208,478424
479208,478753
479208,478895
479209,478448
479210,478443
479211,479212
478603,478637
479208,479213
478603,478672
478603,479214
478603,478633
478603,479215
478603,478622
478603,478680
478603,479216
478603,479217
478603,478627
479170,479218
479208,478763
479208,479219
479170,479220
479170,479221
479170,479222
479170,479223
479170,479224
479170,479225
479170,479226
479208,478875
479170,479227
479170,479228
479229,478766
479229,478427
479229,478426
479229,478424
479229,478441
479208,478426
479170,479230
479189,479231
479189,479232
479189,479167
479043,479233
479043,479234
479043,479235
479043,479236
479043,479237
479043,479238
479043,479239
479043,479240
479043,479241
479043,479242
479043,478400
479043,478392
479043,479243
479043,479244
479043,479245
479043,479246
479043,479247
479043,479248
479043,479249
479043,479250
479043,479251
479043,479252
479043,479253
479043,479254
479043,479255
479043,479256
479043,479257
479043,479258
479043,479259
479043,479260
479043,479261
479043,479207
479043,479262
479043,478831
479043,479263
479043,479264
479043,479265
479043,479266
479043,478588
479043,479267
479268,478511
479268,478848
479268,478847
479268,479269
479268,479270
479268,479271
479268,478798
479268,479272
479268,479273
479268,479274
479268,478688
479268,479275
479268,478667
479276,479277
479276,478539
479189,478669
479268,479278
479268,479279
479268,478974
479268,479280
479043,479281
479043,479282
479043,479283
479284,478669
479284,478613
479284,478626
479284,478631
479284,478611
479284,478635
479284,478605
479284,479285
479284,478629
479284,479286
479268,479287
479268,478515
479268,479288
479268,478973
479043,479289
478786,479290
478786,479232
478786,479291
479292,479293
479292,479294
479295,478855
479296,478539
479297,479298
479297,479299
479297,479300
479292,479301
479297,479302
479297,479239
479297,479303
479297,479304
479297,479254
479297,479305
479297,479087
479297,479297
479297,478400
479297,479306
479158,479307
479307,479158
479308,479309
479310,479311
479310,478586
479311,478682
479311,479310
479311,478532
479311,478586
479158,479312
479311,478611
479311,478613
479313,478527
479313,479314
479315,478448
479307,479316
479307,479312
479307,479317
479311,478529
479308,479318
479297,479319
479297,478893
478425,478441
478425,478769
478425,479320
478425,478475
478425,478767
478425,478781
478425,478505
478425,478789
478425,478752
478425,478424
478425,478890
478425,478422
478425,478426
478425,478427
478425,479321
478425,479322
478425,478753
479297,478875
479323,479314
479323,478570
479297,479324
479297,478568
479297,478859
479297,479325
479297,479326
479297,479046
479297,479327
479323,478527
479328,479329
479330,478539
479330,479331
479330,479332
478874,479131
478874,479138
478790,478426
479333,478448
479330,479334
479308,478505
479308,479335
479308,479336
478767,479337
478767,479138
478767,479338
478767,478427
478767,479339
478767,479340
478767,479322
478767,478426
478767,479341
478767,478429
478767,479342
478767,478515
478767,478766
478767,478431
478751,478475
478751,478856
478767,478428
478751,478750
478767,478422
478767,478747
478767,478895
478767,478753
478767,478703
478767,478759
478767,479343
478767,478761
478767,478424
478767,478890
478767,478425
478767,478875
478767,478756
478767,479344
478767,479345
478767,478736
478767,478891
478767,478874
478767,478763
478751,479346
478751,478735
478751,479347
478749,478750
478749,479348
478749,479349
478749,478460
478749,478424
478749,478749
478749,479350
478749,479351
478749,479352
478749,479353
478749,479354
478749,479355
479356,479357
479356,478849
479356,479308
479308,479358
478749,479359
478749,479360
478749,479361
478749,478791
478753,478791
478753,478441
478753,478783
478753,478475
478753,478767
478753,478505
478753,478761
478753,478424
478753,479213
478753,478425
478753,478747
478753,478422
478753,478426
478753,478427
478753,479354
478753,478766
478749,478426
478425,479341
478425,478428
478422,478475
478422,479362
479363,478387
479363,479364
479363,479365
479366,478543
479366,478799
479367,479368
479369,478405
479363,479370
479369,478387
479371,478426
479372,478566
479372,478443
479373,478389
479374,479375
479374,478991
479374,479376
479371,478790
479374,479377
479363,479354
479363,478419
479363,478413
479363,478424
479363,478425
479363,479378
479363,478415
479363,478735
479363,479379
479363,479347
479363,479380
479363,478738
479363,479381
479363,479382
479363,478747
479363,478743
479363,478426
479363,478744
479363,478891
479374,479334
479374,479383
479374,479006
479384,478747
479384,478890
479384,479341
479384,478429
478786,479194
478786,479385
478786,479193
479384,478753
478786,479386
478786,479191
478786,479190
478786,479387
478786,479388
478786,479389
478786,479390
478786,479391
478786,479192
479384,478750
479384,478475
479384,478474
479374,479392
479374,479393
479374,479394
479374,479395
478991,479396
478991,478985
478991,479162
478991,479397
478991,479121
478991,478518
478991,479398
478991,479399
478991,479400
478991,479401
478991,478884
478991,479402
478991,479403
479363,479404
478767,478505
479363,479405
479363,478753
478922,478449
479213,478426
479278,479273
479278,478835
479406,479407
479406,479408
479406,478630
478922,479409
479406,479406
479410,478688
479410,479273
479410,478798
479410,479269
479410,478847
479410,478848
479410,478511
479410,479275
479410,479279
478922,479411
478922,479117
478422,479412
478422,479413
478422,478424
478428,478474
478428,478733
478428,478475
478428,478425
478922,479414
478726,479415
478726,478515
478720,479416
478720,479417
479418,478868
479418,479273
479273,479419
479420,479144
478726,479421
479410,478974
479410,478973
479410,479287
479363,479422
479363,479423
479363,478856
479363,478405
479363,479424
479363,478410
479363,479425
479363,478475
479363,479426
479363,479427
479363,479428
479363,478781
479363,479429
479363,478505
479363,479430
479363,479431
479363,479432
479363,479433
479363,479434
479363,479435
479279,478980
478941,478598
478941,478448
479063,478875
479436,479436
479436,478448
479436,478618
479436,479437
479363,479438
479363,478790
479363,479439
479363,479440
479363,479441
479363,478441
479363,479442
479363,478783
479363,479443
479363,478758
479145,479444
