487907,487908
487909,487910
487909,487911
487909,487912
487909,487913
487909,487914
487909,487915
487909,487916
487909,487917
487909,487918
487909,487919
487909,487920
487909,487921
487909,487922
487909,487923
487909,487924
487909,487925
487909,487926
487909,487927
487909,487928
487909,487929
487909,487930
487909,487931
487909,487932
487909,487933
487909,487934
487909,487935
487909,487936
487909,487937
487909,487938
487909,487939
487909,487940
487909,487941
487909,487942
487909,487943
487909,487944
487909,487945
487909,487946
487909,487947
487909,487948
487909,487949
487909,487950
487909,487951
487909,487952
487909,487953
487909,487954
487909,487955
487909,487956
487909,487957
487909,487958
487909,487959
487909,487960
487909,487961
487909,487962
487909,487963
487909,487964
487909,487965
487909,487966
487967,487968
487967,487969
487967,487970
487967,487971
487967,487972
487967,487973
487967,487974
487967,487975
487976,487977
487976,487978
487976,487979
487976,487980
487976,487981
487976,487982
487983,487984
487983,487985
487983,487986
487983,487987
487983,487988
487983,487950
487983,487989
487983,487990
487983,487960
487983,487917
487983,487991
487967,487992
487909,487993
487967,487994
487967,487995
487909,487996
487909,487997
487909,487998
487909,487999
487909,488000
487909,488001
487909,488002
487909,488003
487909,488004
487909,488005
487909,488006
487909,488007
487909,487983
487909,488008
487909,488009
487909,488010
487909,488011
487909,488012
487909,488013
487909,488014
487909,488015
487909,488016
488017,488018
487967,488019
487967,488020
487967,488021
487909,488022
487909,487988
487909,488023
488024,488025
488024,488026
488024,488027
488028,488029
488028,488030
488031,488032
488033,488034
488033,488035
488033,488036
488033,488037
488033,488038
488033,488039
488040,488041
488040,488042
488040,488043
488040,488044
488040,488045
488040,488046
488041,488040
488047,487985
488047,487986
488047,487988
488047,488048
488047,487989
488047,488049
488024,488050
488047,488051
488024,488052
488024,488053
488054,488055
488054,488056
488054,488057
488054,488058
488059,488060
488061,488062
488063,488064
488065,488066
488065,488002
488067,488062
488068,488024
488068,488028
488024,488069
488024,488070
488024,488071
488024,488072
488024,488073
488024,488074
488024,488075
488024,488076
488024,488077
488024,488078
488024,488079
488024,488080
488024,488081
488024,488082
487983,487925
488047,488083
488047,488084
488085,488086
488085,488087
487925,487988
488088,487990
488088,487991
488088,488089
487909,488090
487909,488091
487909,488092
487909,488093
487909,488054
487909,488094
487909,488032
487909,488095
487909,487986
487909,488096
487909,488097
487909,488098
487909,488099
487909,488100
487909,488101
487909,488102
487909,488103
487909,487987
487909,488104
488085,488105
488047,487925
488085,488106
488085,488107
488047,488089
488047,488108
488047,488109
488047,488110
488047,488111
488047,488112
488113,488114
488113,488115
488113,488116
488113,488117
488113,488089
488113,488118
488119,488120
488119,488121
488119,488122
488119,488123
488124,488125
487984,488126
487984,488127
487984,488128
488129,488028
488130,488131
488130,488132
488130,488087
488130,488085
488085,488133
487983,487926
487983,488134
487983,488135
488136,488137
488138,488139
488138,488140
488138,488138
488138,488141
488138,488142
488138,488143
488138,488144
488138,488145
488138,488146
488138,488147
488138,488148
488138,488149
488138,488150
488138,488151
488138,488152
488138,488153
488138,488154
488138,488155
488138,488156
488138,488157
488138,488158
488138,488159
488138,488160
488138,488161
488136,488162
488138,488163
488136,488164
488136,488165
488110,488049
488110,488051
488110,488083
488110,487925
488110,488084
488110,488089
488110,488108
488110,488109
488110,488111
488110,488112
488112,487988
488112,488166
488112,487925
488167,488168
488167,488169
488167,488170
488167,488171
488167,488172
488167,488173
488167,488174
488169,488175
488136,488176
488136,488177
488136,488178
488136,488179
488136,488180
488110,487989
488138,488181
488138,488182
488138,488183
488138,488184
488138,488185
488138,488186
488138,488187
488138,488188
488138,488189
488138,488190
488138,488191
488138,488192
488138,488193
488138,488194
488138,488195
488138,488196
488138,488197
488138,488198
488138,488199
488138,488200
488138,488201
488138,488202
488138,488203
488138,488204
488138,488205
488138,488206
488138,488207
488138,488208
488138,488209
488138,488210
488138,488211
488138,488212
488138,488213
488138,488214
488138,488215
488138,488216
488138,488217
488138,488218
488138,488219
488138,488220
488138,488221
488138,488222
488138,488223
488138,488224
488138,488225
488138,488226
488138,488227
488138,488228
488138,488229
488138,488230
488138,488231
488138,488232
488138,488233
488138,488234
488138,488235
488138,488236
488138,488237
488054,488238
488110,488048
488110,487986
487987,487911
487987,487913
487987,487915
487987,487916
487987,487917
487987,487918
487987,487920
487987,487924
487987,487925
487987,487928
487987,487930
487987,488239
487987,488240
487987,487966
487987,488241
487987,487999
487987,488003
487987,488007
487987,487983
487987,488011
487987,488014
488128,487984
488128,488242
488128,488126
488128,488243
487987,487936
488128,488244
487987,487959
487987,487957
487983,488089
487983,488245
487983,487909
487983,488128
487983,488013
487987,487985
487987,487986
487987,487950
487987,488246
487987,487989
487987,487990
487987,487960
487987,487926
487987,488127
487987,488135
487987,488089
487987,487909
487987,488247
487987,488091
487987,488101
487987,488103
487987,488023
487987,487941
487987,487945
487987,487954
487987,487958
488110,487988
488128,488248
488128,488249
488250,488251
488252,488253
488252,488254
488252,488255
488252,488256
488252,488257
488252,488258
488252,488259
488252,488260
488252,488261
488252,488262
488252,488263
488252,488264
488252,488265
488252,488266
488252,488267
488268,488269
488268,488270
488268,488271
488268,488272
488268,488064
488268,488273
488268,488274
488110,488047
488110,487985
488250,488275
488128,488276
488250,488268
488250,488252
488128,487988
488128,488277
488128,488048
488128,488278
488128,487992
488128,488279
488128,487990
488128,487980
488128,488280
488128,488281
488128,488282
488128,488283
488128,487991
488128,488165
488128,488062
488128,488180
488128,488127
488128,488089
488128,488284
488128,488285
488128,488128
488128,488286
488128,488287
488128,488288
488250,488289
488250,488290
488138,488291
488054,488261
488054,488292
488293,488294
488293,488295
488293,488296
488293,488297
488293,488298
488293,488299
488293,488300
488293,488301
488293,488302
488293,488303
488293,488304
488293,488305
488293,488306
488307,488308
488308,488308
488308,488309
488310,488310
488311,488312
488313,488314
488313,488315
488036,488316
488036,488034
488036,488317
488036,488318
488293,488319
488293,488320
488293,488321
488293,488322
488323,488324
488323,488325
488323,488326
488323,488327
488323,488328
488323,488329
488323,488330
488323,488331
488323,488332
488323,488333
488323,488334
488325,488335
488336,488337
488337,488338
488293,488339
488293,488340
488293,488341
488293,488342
488293,488343
488293,488344
488293,488345
488293,488346
488293,488347
488293,488348
488293,488349
488036,488350
488036,488351
488036,488037
488036,488352
488142,488353
488142,488354
488142,488355
488142,488356
488142,488357
488142,488358
488142,488359
488142,488360
488142,488361
488142,488362
488142,488363
488142,488364
488142,488365
488142,488366
488142,488367
488142,488368
488142,488369
488142,488370
488142,488371
488142,488372
488142,488373
488142,488374
488142,488375
488142,488376
488142,488377
488142,488378
488323,488379
488142,488380
488142,488381
488036,488382
488034,488038
488034,488033
488034,488035
488034,488036
488034,488037
488351,488383
488351,488384
488351,488034
488351,488036
488351,488317
488351,488318
488351,488350
488351,488037
488153,488142
488153,488210
488153,488291
488153,488385
488153,488386
488142,488387
488142,488388
488142,488389
488142,488390
488142,488391
488142,488392
488142,488393
488323,488394
488323,488323
488323,488395
487988,487909
487988,488396
487988,487950
487988,487957
487988,488397
487988,488246
487988,488242
487988,488398
487988,488399
487988,488245
487988,488400
487988,487983
487988,488401
487988,488089
487988,488402
487988,487985
487988,488013
487988,488165
487988,488180
487988,488135
487990,488403
487990,488089
487990,488404
487990,488405
487990,487991
487988,488406
487990,488088
487988,487991
487988,487984
488126,487988
488126,487990
488126,488089
488126,488407
488126,488132
488126,488165
488126,488180
488126,488408
488126,488409
488126,488410
488126,488411
488126,488412
488126,488413
488126,488414
488126,488312
488126,488415
488126,488416
488126,488417
488126,488418
488126,488419
488126,488420
488126,488421
487988,488422
487988,488047
487988,488113
487988,487925
488142,488423
488089,488276
488089,488278
488424,488425
487963,488426
487963,487947
487963,488427
487963,488062
487963,488428
487963,488429
487963,488430
487963,488431
487963,488432
487963,488005
488428,488062
488428,488429
488433,488434
488433,488435
488433,488436
488433,488437
488433,488438
488433,488439
488433,488440
488433,488441
488433,488442
488433,488443
488433,488444
488433,488445
488424,488261
488089,488096
488446,487984
488447,488286
488089,487980
488089,488062
488089,487963
488089,488286
488407,488126
488448,488449
488450,488062
488132,488126
488132,488451
488132,488277
488132,488452
488132,488453
488132,488454
488132,488130
488132,488085
488132,488455
488132,488456
488132,488457
488132,488458
488132,488459
488460,488461
488462,488463
488447,488446
488447,488424
488447,488464
488446,488465
488142,488466
488142,488158
488142,488467
488468,488469
488468,488470
488468,488471
488468,488472
488468,488473
488468,488474
488468,488269
488468,488475
488468,488476
488468,488308
488468,487990
488468,488477
488468,488478
488468,487980
488468,488479
488468,488257
488468,488480
488468,488481
488468,488482
488468,488282
488468,488483
488468,488484
488468,487991
488468,487924
488468,488485
488468,488486
488468,488062
488468,488487
488468,488488
488267,488489
488267,488490
488267,488252
488491,488492
488491,488493
488491,488494
488491,488495
488491,488496
488491,488497
488277,488062
488498,488499
488500,488501
488500,488502
488500,488503
488500,488121
488500,488504
488121,488505
488121,488506
488121,488507
488468,488508
488468,488509
488468,488510
488468,488511
488468,488512
488468,488513
488468,488514
488515,488043
488468,488503
488468,488261
488261,488255
488261,488260
488261,488262
488261,488263
488261,488264
488261,488516
488261,488517
488261,488265
488261,488267
488261,488252
488518,488508
488518,488519
488518,488520
488518,488521
488518,488522
488518,488523
488518,488468
488518,488524
488525,488464
488452,488132
488526,488527
488054,487977
488054,488528
488054,488529
488054,488258
488261,488259
488468,488530
488261,488258
488261,488254
488468,488522
488468,487963
488468,488531
488468,488523
488468,488532
488468,488533
488468,488089
488468,488534
488468,488535
488468,488518
488468,488536
488468,488537
488468,488524
488468,488286
488468,488525
488468,488538
488257,488252
488257,487980
488261,488489
488261,488132
488261,488539
488261,488540
488261,488256
488261,488541
488261,488253
488261,488257
488054,488542
488022,488543
487939,488544
488142,488545
488142,488546
488142,488547
488142,488548
488142,488549
488142,488550
488142,488551
488142,488552
488142,488553
488142,488210
488142,488554
488142,488555
488142,488556
488142,488557
488142,488558
488142,488559
488142,488560
488142,488561
488142,488562
488142,488563
488142,488564
488142,488565
488142,488566
488142,488567
488142,488568
488142,488569
488142,488517
488142,488570
488142,488571
488142,488572
488142,488573
488142,488574
488142,488575
488142,488576
488142,488577
488142,488578
488142,488579
488142,488580
488142,488581
488142,488582
488142,488583
488142,488584
488142,488585
488142,488586
488142,488587
488142,488588
488142,488589
488142,488590
488142,488591
488142,488592
488142,488593
488142,488594
488142,488595
488142,488596
488142,488597
488598,488036
488142,488599
488142,488600
488142,488601
488142,488602
488142,488603
488142,488604
488142,488141
488142,488143
488142,488147
488142,488153
488142,488222
488142,488605
488142,488234
488142,488211
488142,488606
488142,488607
488142,488608
488142,488199
488142,488205
488142,488385
488142,488609
488142,488610
488611,487939
488611,488612
488611,488613
488611,488614
488611,488615
488142,488616
488142,488617
488142,488618
488142,488619
488142,488620
488142,488621
488142,488622
488142,488623
488142,488624
488142,488625
488142,488626
488142,488627
488142,488628
488142,488629
488142,488630
488142,488631
488142,488451
488142,488632
488142,488633
488142,488634
488142,488635
488142,488636
488142,488637
488142,488638
488142,488639
488142,488640
488142,488641
488142,488642
488142,488643
488142,488644
488138,488385
488142,488645
488138,488646
488647,488648
488649,488650
488649,488651
488649,488043
488652,488653
488654,488136
488655,488472
488656,488657
488656,488035
488656,488656
488658,488659
488647,488087
488658,488660
488658,488661
488658,488662
488658,488663
488664,487922
488664,488490
488664,488665
488664,488666
488664,488667
488668,488669
488668,488670
488671,488672
488658,488673
488647,488674
488417,488675
488676,488677
488667,488678
488667,488679
488667,488680
488667,488681
488667,488682
488667,488683
488667,488684
488667,488685
488667,488686
488667,487969
488667,487971
488667,488687
488667,488667
488667,488432
488667,488430
488688,488689
488688,487942
488688,487955
487933,488690
487933,488691
487933,488692
488693,488290
488694,488695
488696,488605
488696,488609
488671,488472
488671,488308
488671,488697
488671,488698
488699,488700
488699,488701
488699,488048
488699,488702
488699,487950
488699,488246
488699,487989
488699,488703
488699,488704
488699,488126
488699,488410
488699,488705
488699,487990
488699,488706
488699,488707
488699,488708
488699,487960
488699,488709
488699,488399
488699,488243
488699,488710
488699,488049
488699,487917
488699,488711
488699,488712
488699,488699
488667,488713
488699,488714
488699,488715
488716,488717
488699,488718
488699,487984
488699,488719
488699,488720
488699,488721
488699,488047
488699,488722
488699,488723
488699,488724
488699,488725
488699,488726
488699,488727
488699,488728
488699,488406
488699,487985
488699,487986
488699,488729
488699,488242
488699,488730
488699,487987
488699,487988
488699,488113
488699,488731
488699,488732
488699,488733
488667,488028
488667,488665
488667,487922
488734,487976
488734,488735
488734,488736
488734,488737
488734,488738
488734,488739
488734,488740
488734,487979
488734,488288
488734,488741
488742,488653
488743,488744
488745,488746
488745,488175
488747,488748
488747,488413
488747,488749
488747,488750
488747,488751
488747,488752
488747,488753
488747,488754
488747,488755
488747,488756
488747,488757
488734,488758
488747,488759
488734,488760
488734,488761
488762,488763
488762,488764
488762,488765
488762,488766
488762,488767
488762,488768
488762,488769
488762,488770
488720,487988
488720,488089
488419,488126
488770,488125
488770,488771
488772,488653
488772,488773
487935,488062
487935,487927
488774,488775
488774,488062
488774,488776
488774,488777
488734,488020
488734,488778
488734,487967
488734,487973
488734,488779
488699,488780
488747,488781
488747,488782
488731,488089
488783,488784
488783,488785
488783,488786
488783,488787
488783,488788
488783,488682
488783,488021
488783,488279
488783,488789
488783,488790
488783,488791
488783,488792
488783,488793
488783,488794
488783,487979
488783,488795
488783,487974
488783,488796
488783,488667
488783,488797
488783,488015
488783,488287
488783,488798
488667,488799
488731,488800
488747,488801
488731,488083
488747,488802
488747,488803
488747,488804
488747,488805
488747,488806
488747,488807
488747,488808
488747,488809
488747,488810
488747,488811
488747,488812
488747,488813
488747,488814
488747,488815
488747,488816
488747,488817
488747,488818
488747,488819
488747,488820
488747,488821
488747,488822
488747,488823
488747,488824
488747,488825
488747,488409
488747,488826
488747,488827
488699,488828
488699,488051
488699,488166
488829,488424
488830,488831
488830,488832
488830,488833
488830,488834
488830,488122
488830,488835
488830,488431
488830,488680
488830,488836
488830,488837
488830,488758
488830,488838
488830,488839
488830,488840
488830,488841
488830,488842
488830,488843
488830,488844
488830,488793
488830,488845
488830,488846
488830,488847
488830,488848
488830,488849
488850,488247
488830,488123
488850,487983
488850,487991
488851,488106
488852,488663
488853,488125
488854,488855
487907,487907
487907,488856
487907,488857
487907,488858
487907,488859
487907,488860
487907,488474
487907,488861
487907,488862
487907,488863
487907,488864
487907,488533
487907,488121
487907,488504
487907,488123
487907,488538
488865,488481
488866,488125
488866,488770
488850,488726
488850,488406
488850,488089
488867,487924
488830,488868
488830,488869
488870,488871
488872,488872
488873,488035
488874,488323
488874,488875
488874,488446
488874,488876
488874,488877
488874,488878
488874,487992
488874,488879
488874,488880
488874,488881
488874,488131
488874,488882
488874,488424
488874,488883
488874,488884
488874,488885
488874,488886
488874,488464
488874,488335
488874,488286
488874,488887
488138,488888
488870,488889
488830,488890
488870,488891
488870,488892
488830,488430
488830,488893
488894,488669
488895,488896
488897,488898
488897,488899
488897,488062
488897,488900
488897,488901
488902,488903
488902,488044
488902,488904
488902,488905
488902,488906
488902,488907
488902,488210
488902,488908
488902,488909
488902,488910
488902,488911
488902,488199
488912,488913
488870,488914
488870,488915
488870,488916
488870,488917
488762,488918
488867,487911
488867,488104
488699,488919
488699,488920
488699,488921
488699,488768
488699,488110
488699,488245
488699,488422
488699,487909
488699,488128
488699,488111
488699,488922
488699,488247
488699,488013
488699,488923
488699,488112
488106,488254
488106,488924
488106,488266
488106,488105
488925,488062
488926,488169
488927,488122
488927,488120
488927,488928
488927,488929
488699,487983
488927,488930
488699,488931
488699,488932
488699,487991
488699,488933
488699,488083
488699,487925
488699,488934
488699,488800
488699,487926
488699,488935
488699,488936
488699,488937
488699,488938
488699,488404
488699,488939
488699,488239
488699,488088
488699,488940
488699,488084
488699,488764
488699,488127
488699,488941
488699,488942
488699,488089
488699,488943
488699,488108
488699,488944
488699,488945
488867,488946
488927,488121
488947,488903
488948,488949
488948,488950
488948,488951
488948,488952
488948,488953
488948,488954
488948,488955
488948,488956
488948,488538
488957,488125
488958,488103
488958,487912
488959,488913
488960,488605
488961,488962
488961,488446
488961,488464
488961,488335
488963,488169
488963,488087
487940,488964
488965,488653
488966,488125
488967,488968
488867,488095
488948,488969
488970,488970
488948,488971
488948,488948
488947,488044
488947,488972
488947,488905
488947,488907
488947,488909
488947,488910
488947,488973
488947,488911
488947,488205
488947,488974
488907,488975
488976,488087
488976,488086
488977,488978
488977,488979
488977,488980
488977,488981
488977,488982
488977,488983
488981,488984
488981,488985
488735,487911
488735,488534
488735,487980
488948,488986
488948,488987
488762,488116
488907,488663
488762,488988
488989,488990
488989,488991
488991,488992
488663,488993
488663,488994
488663,488995
488663,488996
488663,488975
488663,488412
488663,488113
488663,488997
488663,488043
488663,488998
488663,488999
488069,489000
488069,488087
488506,488121
489001,488605
489001,488673
489001,488153
489001,489002
489001,489003
489001,489004
489001,488606
489001,489005
488989,489006
489001,488412
488989,489007
488989,489008
489009,489010
489009,489011
489009,489012
489009,489013
489009,489014
489009,489015
489009,489016
489009,489017
489009,489018
489009,489019
489009,488028
489009,489020
488989,489021
488989,489022
488989,488169
488989,489023
488989,489024
488989,488899
488989,489025
488989,489026
488989,489027
488989,489028
488989,489029
488989,489030
488989,488337
488989,489031
489009,488786
489001,488663
487912,489032
489000,488087
489000,488069
489000,489033
489000,489034
489000,489035
489000,488976
489000,489036
489000,489037
489000,489038
489000,488851
489000,488074
489000,488693
489000,489039
488105,488254
488105,488085
488105,488106
489040,489041
489040,489042
489043,488019
489043,488122
489043,489044
489043,489045
489043,488680
489043,488836
489043,489046
489000,489047
489048,488087
488465,489049
489050,488663
487912,489051
489052,489053
489052,489054
489052,489055
489052,489056
489052,489057
488746,488169
488746,489058
489059,489042
488767,489060
488767,488066
488767,488002
488767,489061
488767,489062
488767,488410
488767,488104
488767,488704
488767,488429
488767,488922
489060,488410
489060,488066
489060,488002
489060,488767
489050,489063
489050,489064
489065,488125
489043,489066
489009,489067
489009,489068
489069,488145
489069,489070
489069,488230
489069,488210
489069,488199
489069,488204
489069,488205
489069,488291
488607,488605
488605,488608
488605,489071
488605,489072
488605,488522
488605,489005
488605,489001
488605,489073
488605,488607
488605,489074
488605,489075
488605,488412
488605,489076
488605,488960
488605,489077
488605,489078
488605,489079
488199,488205
488605,488904
488186,488204
488186,488199
488138,489080
488762,489081
488138,489069
488138,488610
488138,489082
488138,489083
488225,488153
488225,488035
488225,488607
488225,488608
488186,488139
488186,489084
488186,488145
488186,488156
488186,489085
488186,488215
488186,489001
488186,488235
488186,489086
488186,488210
488186,489087
488186,489088
488186,489089
488186,488195
488186,488198
488186,489090
489009,489091
488605,488606
488689,488103
489092,489093
489092,489094
489092,489095
489092,489096
489092,489097
489092,489098
489099,489100
489099,488786
489099,489101
489099,489102
489099,489103
489099,489104
489099,489105
489099,489106
489099,489099
489099,488024
489099,488665
489099,489107
489099,489009
489099,489108
489099,489017
489099,488028
489099,488129
489099,489109
489099,489092
489092,489110
488605,488148
489092,488665
489092,489111
488689,487962
488689,489112
488264,489113
488264,488263
488264,489114
489113,489114
488137,488162
489115,489115
488761,488450
488761,488062
488761,489116
488761,489117
489072,488605
489118,488062
488272,489119
488087,489120
488087,489048
488087,488105
488087,489121
488087,489122
488087,489000
488087,489123
488087,488073
488087,488851
488087,489124
489092,489102
489043,489125
488087,488074
489043,489126
489127,489124
489127,488015
489127,488176
489127,489128
489127,489020
489127,489129
487938,489130
487938,488092
487938,489131
489132,489133
489134,488002
489135,489136
489135,489137
489135,488461
489135,489138
488884,488425
488884,489139
488884,487959
488884,489140
488884,489141
488884,489142
489143,488132
489144,489073
489145,489115
489145,488461
489127,489146
489147,489148
489127,489092
489127,489109
489127,489149
489127,489150
489127,489151
489127,489132
489127,489152
489127,488666
489127,489009
489127,489153
489127,489154
489127,489155
489127,489108
489127,489156
489127,489157
489127,489158
489127,489017
489127,489159
489127,489160
489127,489019
489127,489161
489127,489162
489127,488028
489127,489163
489127,488129
489127,489164
489127,489165
489127,489166
489147,489167
489147,489168
489147,489169
488175,488169
489170,488277
489170,488131
489170,488127
489170,488286
489170,489171
489172,488653
489173,488689
488762,488720
488762,488726
488762,488419
488762,489174
488762,489175
488762,489176
488762,488125
488762,489177
488762,489178
488762,489062
488762,489179
488762,489180
488762,487990
488762,488399
489043,488913
488762,489181
488762,487991
488997,488663
488997,488158
488995,488035
488995,488997
489147,488490
489182,489182
489183,488125
489184,488309
489184,489185
489184,489186
488309,489184
488309,488309
488309,489185
488309,489186
488253,488256
488253,488255
489127,489187
488516,489188
489189,488913
489190,488040
489190,489191
489190,488975
489190,488663
489191,488605
489192,488253
489193,488946
489193,488004
489193,488430
489194,488472
489194,488697
489195,488169
489127,489196
488253,488261
489127,489197
488843,489198
488843,488863
488843,489199
488843,487969
488843,489200
488843,489201
488843,489202
488843,489203
488843,488793
488843,488121
488843,488740
488843,489204
488843,489205
488843,489206
488843,488901
488843,488848
488843,488849
488843,489207
488843,488288
488843,489208
488843,488430
488903,489209
488903,488136
488609,488035
488609,488605
488843,489210
489127,489068
488843,489211
488843,488681
489043,489212
489127,489107
489043,488485
489043,488062
489043,487971
489043,489201
489043,489202
489043,488697
489043,488121
489043,488740
489043,488777
489043,488500
489043,489207
489043,488798
489213,489214
489213,488308
488843,489215
488843,489216
488843,488019
488843,488835
488843,488680
488843,488836
488843,489217
488843,489218
488843,489046
488843,488021
489127,489048
488843,489219
489127,489067
489127,489220
489127,489221
489127,488087
489127,489222
489127,487949
489127,489105
489127,489223
489127,489224
489127,489014
489127,489225
489127,489226
489127,489227
489127,489228
489127,487914
489127,489099
489127,489229
489127,489230
489127,487922
489127,488165
489127,489231
489127,487927
489127,489232
489127,488665
489127,489233
489127,489234
489127,489235
489127,489236
489127,489103
489043,489043
489127,487938
489127,489100
489127,489237
489127,489238
489127,488786
489127,489239
489127,488092
489127,489240
489127,489101
489127,489102
489127,489241
489127,489242
489127,489010
489127,489243
489127,489011
489127,488100
489127,489127
489127,489244
489127,489000
489127,489245
489127,489038
489127,489246
489127,489247
489043,488685
489127,489248
