508392,508393
508394,508395
508394,508396
508394,508397
508394,508398
508394,508399
508392,508400
508392,508401
508392,508402
508392,508403
508392,508397
508404,508405
508404,508406
508394,508407
508392,508408
508394,508408
508409,508410
508411,508412
508409,508413
508409,508396
508409,508414
508415,508416
508417,508418
508419,508420
508421,508422
508394,508423
508424,508425
508426,508427
508428,508429
508428,508430
508428,508431
508428,508432
508433,508434
508433,508435
508426,508416
508415,508436
508437,508438
508439,508440
508437,508395
508437,508441
508437,508442
508437,508443
508437,508412
508437,508444
508437,508445
508437,508446
508437,508447
508437,508448
508437,508449
508409,508450
508437,508451
508437,508452
508437,508453
508437,508454
508437,508455
508437,508456
508437,508457
508458,508459
508437,508460
508437,508461
508437,508462
508437,508463
508437,508464
508437,508465
508466,508440
508437,508467
508437,508468
508437,508469
508437,508470
508437,508471
508437,508472
508437,508473
508437,508474
508437,508416
508409,508475
508476,508477
508409,508478
508479,508480
508479,508481
508476,508482
508476,508483
508476,508484
508476,508485
508476,508486
508476,508487
508476,508488
508476,508489
508476,508490
508476,508491
508476,508492
508476,508493
508476,508494
508479,508495
508479,508496
508479,508497
508479,508498
508476,508499
508476,508500
508437,508501
508476,508502
508476,508503
508476,508504
508476,508505
508476,508506
508476,508507
508476,508508
508476,508509
508476,508510
508476,508511
508476,508512
508476,508513
508476,508514
508476,508515
508409,508516
508476,508517
508476,508518
508519,508520
508519,508521
508519,508522
508519,508523
508519,508524
508519,508442
508519,508403
508519,508525
508519,508526
508519,508527
508519,508528
508529,508530
508409,508531
508409,508532
508409,508533
508519,508534
508519,508535
508519,508536
508537,508538
508476,508539
508476,508540
508476,508541
508476,508542
508476,508543
508476,508544
508476,508545
508476,508546
508476,508547
508476,508548
508476,508549
508476,508550
508476,508551
508552,508553
508554,508555
508556,508557
508476,508558
508437,508398
508559,508560
508437,508561
508559,508562
508559,508563
508559,508564
508559,508565
508559,508566
508559,508567
508559,508568
508559,508569
508559,508570
508559,508571
508559,508572
508559,508573
508559,508574
508559,508575
508559,508576
508559,508577
508559,508578
508559,508579
508559,508580
508559,508581
508559,508582
508559,508583
508559,508584
508479,508585
508559,508586
508559,508587
508559,508588
508559,508589
508559,508590
508559,508591
508559,508592
508559,508593
508559,508594
508559,508595
508559,508596
508559,508597
508559,508598
508559,508599
508559,508600
508559,508601
508559,508602
508559,508603
508559,508604
508559,508605
508559,508606
508559,508607
508559,508608
508559,508609
508559,508610
508559,508611
508559,508612
508559,508613
508559,508614
508559,508615
508559,508616
508559,508480
508559,508617
508559,508618
508559,508619
508559,508620
508559,508621
508559,508622
508559,508623
508559,508624
508559,508625
508559,508626
508559,508627
508559,508628
508559,508629
508559,508630
508559,508631
508559,508632
508559,508633
508559,508634
508559,508635
508437,508636
508559,508637
508559,508638
508559,508639
508559,508640
508559,508641
508559,508642
508559,508643
508559,508644
508559,508645
508559,508646
508559,508647
508559,508648
508559,508649
508559,508650
508559,508651
508559,508652
508559,508653
508559,508654
508559,508655
508559,508656
508559,508657
508437,508658
508437,508659
508437,508660
508437,508661
508437,508662
508437,508663
508437,508437
508559,508664
508437,508665
508559,508666
508559,508667
508559,508668
508559,508669
508559,508670
508559,508671
508559,508672
508437,508673
508559,508674
508559,508675
508559,508676
508559,508677
508559,508678
508559,508679
508559,508680
508559,508681
508559,508682
508559,508683
508559,508684
508559,508685
508559,508686
508559,508687
508559,508688
508559,508689
508559,508690
508559,508434
508559,508691
508559,508692
508559,508693
508559,508694
508559,508695
508559,508696
508559,508697
508559,508698
508559,508699
508559,508700
508559,508701
508559,508702
508559,508703
508559,508704
508559,508705
508559,508706
508559,508707
508559,508708
508559,508709
508559,508710
508559,508711
508479,508712
508713,508714
508479,508715
508716,508717
508716,508718
508716,508719
508716,508720
508716,508721
508716,508722
508716,508723
508716,508724
508725,508726
508725,508727
508725,508720
508725,508728
508725,508716
508725,508717
508729,508453
508730,508720
508731,508732
508733,508734
508661,508413
508735,508736
508735,508737
508735,508738
508735,508739
508735,508740
508735,508741
508735,508742
508729,508729
508735,508743
508735,508744
508735,508745
508735,508746
508735,508747
508735,508748
508749,508438
508661,508396
508735,508750
508735,508751
508729,508752
508753,508754
508753,508755
508753,508756
508753,508757
508753,508758
508753,508759
508753,508760
508753,508761
508753,508762
508753,508763
508753,508764
508753,508765
508753,508766
508753,508767
508753,508768
508753,508769
508753,508770
508753,508594
508753,508578
508753,508771
508753,508772
508753,508773
508753,508774
508753,508775
508753,508776
508753,508777
508753,508778
508753,508779
508753,508780
508753,508781
508753,508782
508753,508783
508753,508784
508753,508785
508753,508786
508753,508787
508753,508788
508753,508789
508735,508790
508735,508791
508792,508793
508792,508649
508792,508794
508792,508795
508792,508796
508792,508797
508792,508798
508794,508530
508794,508799
508800,508801
508802,508803
508802,508804
508802,508805
508802,508806
508802,508807
508792,508808
508792,508809
508792,508810
508792,508811
508792,508812
508792,508813
508792,508814
508792,508815
508792,508816
508792,508817
508792,508818
508802,508406
508792,508819
508792,508820
508792,508821
508792,508822
508792,508823
508792,508824
508792,508825
508792,508826
508792,508827
508735,508828
508806,508829
508806,508830
508831,508832
508831,508833
508834,508835
508834,508836
508837,508440
508838,508839
508838,508538
508836,508836
508836,508834
508836,508840
508836,508841
508842,508459
508735,508843
508735,508844
508735,508845
508831,508846
508847,508848
508849,508850
508849,508851
508806,508806
508806,508852
508806,508853
508806,508854
508806,508570
508806,508580
508806,508855
508806,508856
508806,508857
508858,508603
508859,508860
508859,508861
508859,508420
508862,508420
508863,508864
508849,508663
508806,508865
508479,508866
508753,508867
508753,508868
508713,508869
508713,508870
508713,508871
508713,508872
508713,508873
508713,508874
508713,508875
508713,508876
508713,508877
508713,508878
508713,508879
508713,508880
508713,508881
508713,508882
508713,508883
508713,508884
508713,508885
508713,508886
508713,508887
508713,508888
508713,508889
508713,508890
508713,508891
508713,508892
508713,508893
508713,508894
508713,508895
508713,508896
508713,508897
508713,508898
508713,508899
508713,508900
508713,508901
508713,508902
508713,508903
508713,508904
508713,508905
508713,508906
508713,508907
508713,508908
508713,508909
508713,508910
508911,508912
508911,508913
508911,508914
508911,508915
508911,508897
508911,508900
508911,508902
508911,508738
508911,508877
508911,508916
508911,508917
508918,508919
508713,508920
508713,508921
508713,508922
508713,508923
508713,508924
508713,508925
508713,508926
508713,508927
508713,508928
508713,508929
508713,508930
508713,508931
508713,508932
508713,508933
508713,508934
508713,508935
508713,508936
508713,508937
508713,508938
508713,508911
508713,508939
508753,508940
508713,508941
508713,508942
508943,508902
508943,508885
508943,508872
508943,508738
508943,508877
508943,508917
508943,508929
508943,508935
508944,508945
508944,508946
508944,508947
508944,508948
508944,508949
508944,508950
508944,508951
508943,508943
508952,508953
508952,508954
508952,508787
508753,508955
508753,508956
508753,508957
508753,508958
508753,508959
508753,508960
508771,508438
508944,508961
508771,508756
508762,508774
508762,508776
508762,508787
508762,508764
508962,508570
508952,508963
508952,508964
508771,508758
508713,508965
508944,508966
508944,508967
508713,508968
508713,508969
508713,508912
508713,508913
508713,508970
508713,508971
508713,508972
508713,508973
508713,508974
508713,508975
508559,508976
508713,508977
508713,508978
508713,508979
508713,508980
508713,508981
508713,508982
508713,508983
508713,508984
508944,508985
508944,508576
508944,508986
508944,508987
508944,508988
508944,508701
508944,508989
508944,508990
508944,508991
508944,508992
508944,508993
508713,508994
508713,508995
508713,508996
508713,508997
508713,508998
508944,508789
508559,508771
508559,508999
508559,509000
508559,509001
508559,509002
508559,509003
508559,508812
508559,509004
508559,508559
508559,509005
508559,509006
508559,509007
508559,509008
508559,509009
508559,509010
508559,509011
508559,509012
508559,509013
508559,509014
508559,509015
508559,509016
508559,508829
508559,509017
508559,509018
508559,509019
508559,509020
508559,508435
508559,509021
508559,509022
508559,509023
508559,509024
508559,509025
508559,509026
508559,509027
508559,509028
508559,509029
508559,509030
508559,509031
508559,509032
508559,509033
508559,509034
508559,509035
508559,509036
508559,509037
508559,509038
508559,509039
508559,509040
508559,509041
508559,509042
508559,509043
508559,509044
508559,509045
508559,509046
508559,509047
508559,509048
508559,509049
508559,509050
508559,509051
508559,509052
508559,509053
508559,509054
508559,509055
508559,509056
508559,509057
508559,509058
508559,509059
508559,509060
508559,509061
508559,509062
508559,509063
508559,509064
508559,509065
508559,509066
508559,509067
508559,509068
508559,509069
508559,509070
508559,509071
508559,508497
508559,509072
508559,509073
508559,509074
508559,509075
508559,509076
508559,509077
508559,509078
508559,509079
508559,508949
508559,509080
508559,509081
508559,509082
508559,509083
508559,509084
508559,509085
508559,509086
508559,509087
508559,509088
508559,509089
508559,509090
508559,509091
508559,509092
508559,509093
508559,509094
508559,509095
508559,509096
508559,509097
508559,509098
508559,509099
508559,509100
508559,509101
508559,509102
508559,509103
508559,509104
508559,509105
508559,509106
508559,509107
508559,509108
508559,509109
508559,509110
508559,509111
508559,509112
508559,509113
508559,509114
508559,509115
508559,509116
508559,509117
508559,509118
508559,509119
508559,509120
508559,509121
508559,509122
508559,509123
508559,509124
508559,508661
508559,509125
508559,509126
508559,509127
508559,509128
508559,509129
508559,509130
508559,509131
508559,509132
508559,509133
508559,509134
508559,509135
508559,509136
508559,508662
508559,509137
508559,509138
508559,509139
508559,509140
508559,509141
508559,509142
508559,509143
508559,509144
508559,509145
508559,509146
508559,509147
508559,509148
508559,509149
508559,509150
508559,509151
508559,509152
508559,509153
508559,509154
508559,509155
508559,509156
508559,509157
508559,508437
508559,509158
508559,509159
508559,509160
508559,509161
508559,509162
508559,509163
508559,509164
508559,509165
508559,509166
508559,509167
508559,509168
508559,509169
508559,509170
508559,509171
508559,509172
508559,509173
508559,509174
508559,509175
508559,509176
508559,509177
508559,509178
508559,509179
508559,509180
508559,509181
508559,509182
508559,509183
508559,509184
508559,509185
508559,509186
508559,509187
508559,508549
508559,509188
509189,509190
509189,509191
509189,509192
509189,509193
509189,509194
509189,509195
509189,509196
509189,508789
509189,509197
509189,509198
509189,509199
509189,509200
509189,509201
509189,509202
509189,509203
509189,509204
509189,509205
509189,509206
509189,509207
509189,508864
509189,509208
509189,509209
509189,509210
509189,509211
509189,509212
509189,509213
509189,509214
509189,509215
509189,509216
509189,509217
509189,509218
509189,509219
509189,509220
509189,508955
509189,509221
509189,509222
509189,509223
509189,509224
509189,509225
509189,508646
509189,509226
509189,509227
509189,509228
509189,509229
509189,508940
509189,509230
509189,508809
509189,509231
509189,509232
509189,508987
509189,509233
509189,509234
509189,509235
509189,509236
509189,509237
509189,509238
509189,509239
509189,509240
509189,509241
509189,509242
509189,509243
509189,509244
509189,509245
509189,509246
509189,509247
509189,509248
509189,509249
509189,508679
509189,509250
509189,509251
509189,509252
509189,509253
509189,509254
509189,509255
509189,509256
509189,509257
509189,509258
509189,509259
509189,509260
509189,509261
509189,509262
509189,509263
509189,509264
509189,509265
509189,509266
509189,509267
509189,509268
509189,509269
509189,509270
509189,509271
509189,509272
509189,509273
509189,509274
509189,509275
509189,509276
509189,509277
508559,509278
509189,509279
509189,509280
508559,509281
508559,509282
508559,509283
508559,509284
508559,509285
508559,509286
508559,509287
508559,509288
508559,509289
508559,509290
508559,509291
508559,509292
508559,509293
508559,509294
508559,509295
508559,509296
508559,509297
508559,509298
508559,509299
508559,509300
508559,509301
508559,509302
508559,509303
508559,509304
508559,509305
508559,509306
508559,508772
508559,509307
508559,509308
508559,509309
508559,509310
508559,509311
508559,509312
508559,509313
508559,509314
508559,509315
508559,509316
508559,509317
508559,509318
508559,509319
508559,509320
508559,509321
508559,509322
508559,508749
508559,509323
508559,509324
508559,509325
508559,509326
508559,509327
509328,509329
509189,509330
509189,509331
509189,509332
509189,509333
509189,509334
509189,509335
509189,509336
509189,509337
509189,509338
509189,509339
509189,509340
509189,509341
509189,509342
509189,509343
509189,509344
509189,509345
509189,509346
509189,509347
509189,509348
509189,509349
509328,508921
509189,509350
509328,509351
509328,509352
508559,509353
508559,509354
508559,509355
508559,509356
508559,509357
508559,508779
508559,509358
508559,509359
508559,509360
508559,509361
508559,509362
508559,509363
508559,509364
508559,509365
508559,509366
509328,509367
509328,509368
509328,509369
509328,509370
509328,509371
509328,508920
509328,508567
508559,509372
508559,509373
508559,509374
508559,509375
508559,509376
508559,509377
508559,509378
508559,509379
508559,508852
508559,509380
508559,509381
508559,509382
508559,509383
508559,509384
508559,509385
508559,509386
508559,509387
508559,508458
508559,509388
508559,509389
508559,509390
508559,509391
508559,509392
508559,509393
508559,509394
508559,509395
508559,509396
508559,509397
508559,509398
508559,509399
508559,509400
508559,509401
508559,509402
508559,509403
508559,509404
508559,509405
508559,509406
508559,509407
508559,509408
508559,509409
508559,509410
508559,509411
508559,509412
508559,509413
508559,509414
508559,509415
508559,508787
508559,509416
508559,509417
508559,509418
508559,509419
508559,509420
508559,509421
508559,509422
508559,509423
508559,509424
508559,509425
508559,509426
508559,509427
508559,509428
508559,508806
508559,508448
508559,509429
508559,509430
508559,509431
508559,509432
508559,509433
508559,509434
508559,509435
508559,509436
508559,509437
508559,509438
508559,509439
508559,509440
508559,509441
508559,509442
508559,509443
508559,509444
508559,509445
508559,509446
508559,509447
508559,509448
508559,508967
508559,509449
508559,509450
508559,508784
508559,509451
508559,509452
508559,509453
508559,509454
508559,509455
508559,509456
508559,509457
508559,509458
508559,509459
508559,509460
508559,509461
508559,509462
508559,509463
508559,508782
508559,509464
508559,509465
508559,509466
508559,509467
508559,509468
508559,509469
508559,509470
508559,509471
508559,509472
508559,509473
508559,509474
508559,509475
508559,509476
508559,509477
508559,509478
508559,509479
508559,509480
508559,509481
508559,509482
508559,509483
508559,509484
508559,509485
508559,509486
508559,509487
508559,508965
508559,509488
508559,509489
508559,509490
508559,509491
508559,509492
508559,509493
508559,509494
508559,509495
508559,509496
508559,509497
508559,509498
508559,509499
508559,509500
508559,509501
508559,509502
508559,509503
508559,509504
508559,509505
508559,509506
508559,509507
508559,508444
508559,509508
508559,509509
508559,509510
508559,509511
508559,509512
508559,509513
508559,508853
508559,509514
508559,509515
508559,509516
508559,509517
508559,509518
508559,509519
508559,509520
508559,509521
508559,509522
508559,509523
508559,509524
508559,509525
508559,508525
508559,508729
508559,509526
508559,509527
508559,509528
508559,509529
508559,509530
508559,509531
508559,509532
508559,509533
508559,509534
508559,509535
508559,509536
508559,509537
508559,509538
508559,509539
508559,509540
508559,509541
508559,509542
508559,509543
508559,509544
508559,509545
508559,509546
508559,509547
508559,509548
508559,509549
508559,509550
508559,509551
508559,508446
508559,509552
508559,509553
508559,509554
508559,509555
508559,509556
508559,509557
508559,509558
508559,509559
508559,509560
508559,509561
508559,509562
508559,509563
508559,509564
508559,509565
508559,509566
508559,509567
508559,509568
508559,509569
508559,509570
508559,509571
508559,509572
508559,509573
508559,509574
508559,509575
508559,508659
508559,509576
508559,509577
508559,508495
508559,509578
508559,509579
508559,509580
508559,509581
508559,509582
508559,508804
508559,509583
508559,509584
508559,509585
508559,509586
508559,509587
508559,509588
508559,509589
508559,509590
508559,509591
508559,509592
508559,509593
508559,509594
508559,509595
508559,509596
508559,509597
508559,509598
508559,509599
508559,509600
508559,509601
508559,509602
508559,509603
508559,509604
508559,509605
508559,509606
508559,509607
508559,509608
508559,509609
508559,509610
508559,509611
508559,509612
508559,509613
508559,509614
508559,509615
508559,508981
508559,509616
508559,509617
508559,509618
508559,509619
508559,509620
508559,509621
508559,509622
508559,509623
508559,509624
508559,509625
508559,509626
508559,509627
508559,509628
508559,509629
508559,509630
508559,509631
508559,509632
508559,509633
508559,509634
508559,509635
508559,509636
508559,509637
508559,509638
508559,509639
508559,509640
508559,509641
508559,509642
508559,509643
508559,509644
508559,509645
508559,509646
508559,509647
508559,509648
508559,509649
508559,509650
508559,508398
508559,509651
508559,509652
508559,509653
508559,509654
508559,509655
508559,508830
508559,509656
508559,509657
508559,509658
508559,508452
508559,509659
508559,509660
508559,509661
508559,509662
508559,509663
508559,509664
508559,509665
508559,508922
508559,508451
508559,509666
508559,509667
508559,509668
508559,509669
508559,509670
508559,509671
508559,508781
508559,509672
508559,509673
508559,509674
508559,509675
508559,509676
508559,509677
508559,509678
508559,509679
508559,509680
508559,509681
508559,509682
508559,509683
508559,509684
508559,509685
508559,509686
508559,509687
508559,509688
508559,509689
508559,509690
508559,509691
508559,509692
508559,509693
508559,509694
508792,509695
508559,509696
508559,509697
508559,509698
508559,509699
508559,509700
508559,509701
508559,509702
508559,509703
508559,508780
508559,509704
508559,509705
508559,509706
508559,509707
508559,509708
508559,509709
508559,509710
508559,509711
508559,509712
508559,509713
508559,509714
508559,509715
508559,509716
508559,509717
508559,509718
508559,509719
508559,509720
508559,509721
508559,509722
508559,509723
508559,509724
508559,509725
508559,509726
508559,509727
508559,508431
508559,509728
508559,509729
508559,509730
508559,509731
508559,509732
508559,509733
508559,509734
508559,509735
508559,509736
508559,509737
508559,509738
508559,509739
508559,509740
508559,509741
508559,509742
509743,509744
508461,509745
509743,509746
508809,509747
508809,509230
508809,508649
508809,509748
508809,508797
508809,508798
508809,509749
508809,509750
508809,509751
508809,508640
509752,508920
509753,508418
509753,508603
508459,509754
508459,508803
508459,508458
508459,508787
508459,509755
508809,509756
508459,509757
508809,508826
508809,508825
509758,508420
509759,509760
508687,509046
508687,508530
508687,509488
508687,508799
508687,508467
508809,508812
508809,509761
508809,508814
508809,508815
508809,508816
508809,509762
508809,508818
508809,509763
508809,508827
508809,508821
508809,508823
508809,509764
509765,508420
508459,509766
508459,509767
509768,509235
509768,509769
508549,509770
508549,509771
508549,508476
508570,509772
508570,508601
508570,508395
509768,509773
508570,509774
508570,509775
508570,509525
508570,509483
508570,508549
508570,508830
508570,508562
508570,508580
508570,508855
508570,509776
508459,509777
509778,509745
508659,509779
509780,509781
509780,509782
509783,509784
509783,508398
509783,508522
509785,508420
509786,509786
509786,509787
509778,509788
509789,509435
509789,509790
509789,509791
509789,509342
509792,509793
509794,509795
509796,509797
509798,508659
509798,509799
509789,509800
509765,509780
509765,509801
509765,508459
509802,509687
509803,509804
508538,509805
508538,509806
508538,508608
508538,509807
508538,508536
508538,509808
509802,509809
508538,509810
508538,509811
508538,508516
508538,509812
508538,509813
508440,508837
508440,509814
508440,509815
508440,509816
508538,508839
508440,509811
509817,509818
509264,509802
509264,509591
509264,509819
509264,509820
509264,508853
509264,509468
509264,508604
509264,508594
509264,508434
509264,509803
509264,509821
509264,509822
509264,509823
509264,509824
509264,509264
509264,509825
509264,509817
509264,509826
509264,509827
509264,508807
508440,509828
509829,509811
509829,509830
509765,509490
509765,508412
509765,508575
509765,508901
509765,509831
509765,508902
509765,508885
509765,508738
509765,508525
509765,509832
509765,508809
509765,508917
509765,509833
509765,509834
509765,508416
509765,508408
509765,509752
509765,508832
509765,508877
509765,508470
509835,508530
508885,508935
509829,509147
509829,508775
508902,508738
508902,509836
508902,508917
508902,508980
508902,509837
508902,508885
508902,508911
508738,509838
508738,509839
508738,508902
508738,509840
508917,509841
508917,509842
508980,508877
508980,509843
509844,508966
508885,508902
509845,509172
509264,509846
509845,509847
509172,509845
509848,509849
509848,508567
509848,509850
509848,508902
509848,509851
509848,509852
509848,509853
509848,509854
509848,509848
509848,508920
509848,508877
509848,509855
509848,509856
509848,509857
509848,509368
509848,508935
509848,509858
509848,509859
509848,509860
509857,508902
509848,509861
509848,508969
509862,509863
509864,509865
509866,508857
508773,508443
508920,508910
508920,509867
508920,509868
508920,508909
509848,509869
508920,509870
508920,509871
508920,509872
508920,509873
508920,509368
509848,509874
509848,509875
509848,509876
509848,509877
508920,509878
509862,509817
509857,508920
509857,508908
509879,509880
509879,509879
509879,509881
509879,509882
509879,509883
509879,509884
509879,509885
509879,509886
509879,509887
509879,509888
509879,509889
509879,509890
509879,509891
509879,509892
509879,509893
509879,509894
509879,509895
509879,509896
509879,509897
509857,508877
509808,508538
509811,509898
509857,509752
509857,509858
508839,509899
508839,509900
508839,509727
508839,508538
508839,508694
508839,509901
509902,508440
508839,509903
508839,509904
508839,509905
508839,509906
509907,509811
509907,509908
509907,508440
509907,508496
509811,508516
508839,509909
509862,508594
509862,509436
509862,508781
509763,509762
509763,508809
509230,509910
509230,508809
509147,508804
509147,509737
509147,508805
509147,509556
509756,508798
509147,508406
509147,509911
509147,509912
509147,509913
509556,509914
509556,509915
509556,509916
509556,509154
509556,509147
509147,509917
509556,509105
509756,508649
509756,508823
509918,509035
509918,508440
509919,508522
509814,508440
509920,509921
509922,509923
509922,509924
509922,509925
509756,508809
509749,508809
509749,509926
509749,509762
509749,509927
509749,509928
509756,508812
509756,509764
509756,508818
509756,508821
509749,509929
509556,509930
509556,508804
509556,508805
509666,509931
509666,509932
509666,509933
509934,508438
509935,509936
509079,509862
509079,509937
509079,509938
509666,509939
509079,509940
508720,508730
508720,508716
508720,508725
508720,509941
509942,509867
509943,508966
509943,508597
509862,509944
509079,509754
509666,509945
509666,508626
509666,509493
509556,509946
509556,509768
509556,508406
509556,509911
509556,509436
509556,509947
509556,508600
509556,508471
509556,509948
509556,509949
509556,509912
509556,509950
509951,509666
509951,509932
509666,509952
509666,509034
509666,509953
509666,509954
509666,509955
509845,509956
509264,509930
509264,509136
509264,508435
508413,509957
508413,509958
508413,509959
508413,509960
508413,509961
508413,508453
508413,508413
508396,509962
508413,508407
508396,508663
508396,508413
508396,509963
508396,509921
508396,509964
508396,509965
508396,509966
508396,509967
509968,509969
508396,509970
509968,509131
509971,508481
509393,509350
509972,509973
509972,509974
509972,509975
509972,509976
509972,509977
509972,509978
509972,509979
509972,509980
509981,508919
509972,508473
509936,509982
509936,509972
509936,509983
509936,509935
509921,509984
509921,509967
509393,508438
509393,509985
509936,509986
509972,509987
509968,508431
509968,509552
508431,508673
508431,509988
508431,509989
508431,509990
508431,508470
508431,508430
508431,508461
508431,508460
508431,509552
508431,509991
508431,509968
508431,509992
508431,509993
508431,508661
508470,509994
509991,508555
509995,509865
509995,508435
508431,509996
509968,509462
508431,509462
508431,509745
509968,508555
509968,508605
509968,509997
509968,509998
509968,509996
509968,509989
509968,509990
509968,508470
508431,509999
509968,510000
509968,510001
509968,510002
509968,508430
509968,508429
509968,508461
509968,509991
508431,509778
508431,509998
509968,509833
509972,509440
509972,509936
510003,510004
508673,508447
508673,509403
508673,510005
508673,508605
508673,510006
508673,510007
508673,510008
508673,510009
508673,510010
508673,510011
508673,510012
508673,509989
508673,509990
508673,508470
508673,510013
508673,509833
508673,510001
508673,510014
508673,509996
508673,510015
508673,508431
508673,509131
508461,509999
509933,509945
509969,510016
509969,510017
508673,508412
508673,508416
508673,508461
508673,510018
508673,509936
508673,510019
508673,510020
508673,510021
508673,510022
508673,508430
508673,510023
508673,508673
508673,509969
508673,508432
508673,508449
508673,510024
508673,509345
508673,508460
508438,510025
508438,508771
508438,509766
508438,510026
508438,508447
508438,510027
508438,509862
508469,510028
508438,510029
508469,508464
508469,508473
508469,510030
508469,509172
508469,509951
508469,508444
508442,509921
508442,510031
508442,510032
508469,510033
508438,510034
508438,510035
508438,510036
508673,509991
510037,509126
510037,510038
510037,510039
510037,510027
510037,510040
510030,510041
510030,508438
510030,508469
510030,508461
510030,510036
510030,509393
510030,508396
510030,508465
510030,510025
508438,510042
508438,510041
508438,510030
508438,509393
509995,509136
509995,509649
509995,508553
509995,510043
508471,509556
508471,510044
508471,508720
508471,508455
508471,510045
508471,510046
508471,508864
508471,509942
508471,509561
508471,510047
508471,510048
508471,510049
508471,510050
508471,510051
508471,510052
508471,510053
508471,509818
508471,509184
508471,509684
508471,509111
508471,509079
508471,509780
510054,510055
510054,509456
510054,509509
510054,509490
510054,508562
510054,509760
510054,509832
510054,508471
508471,508803
510054,510056
508471,509490
508471,509760
508471,508597
508471,509456
508471,510057
508471,509768
508471,509832
508471,510058
508471,509180
508471,510055
508471,509509
508471,508562
510059,509969
510059,508605
510059,509996
510059,509989
510059,508470
510059,508430
510059,508461
510059,508460
510060,510061
510059,509991
510062,510063
508406,510064
508406,510065
508406,510066
508406,509347
508406,508404
509264,509296
509264,509312
508460,508430
510060,510067
510060,510068
510060,510069
508471,510054
508471,510056
509474,510070
509474,509154
509474,509737
509474,509672
509474,509393
509474,508853
509474,509474
509474,509831
509474,510071
509474,510072
509474,509350
509831,510073
509831,510074
509831,510075
509831,510076
509831,510077
510060,510078
510054,510053
509879,510079
510054,509111
509832,509483
510080,510081
510080,510082
510080,510083
510080,510084
510080,510085
510080,510086
510080,510087
510080,510088
510080,510089
510080,510090
510080,510091
510080,510092
509136,510093
509136,510094
509136,510095
509136,509597
509136,509396
509136,510096
510080,510097
508553,508974
509995,509829
509995,508538
509995,509861
509995,509720
509995,508453
509995,509435
509995,508787
509995,508530
509995,508481
509995,508594
509995,508440
509995,509945
509995,510098
509995,508855
509995,508438
509995,509921
509995,510099
509995,509820
509995,508406
509995,509819
509995,509821
508553,508913
510043,510100
510043,510101
508787,509923
510053,509184
510053,509111
510053,510055
510053,509456
510053,509509
510053,509490
510053,508562
508787,510102
510053,509760
510053,510054
510053,508471
510053,510056
510053,510103
510053,510104
509490,510105
509832,510106
509832,510107
510053,509832
508787,510108
508787,508767
510109,510110
510043,508867
509720,510111
509720,510112
509720,510113
510114,508449
510114,508412
510114,510109
510114,510115
510114,508416
510109,510116
510109,510117
510109,508449
510109,510118
510109,510119
510109,510115
510109,510120
510109,510121
510109,510122
510109,508416
510054,509184
509743,510072
509879,510123
509879,510124
510125,509062
510125,510126
510125,510127
510125,510128
510125,510129
510125,510130
510125,510131
510125,510132
510133,508594
510125,510134
510125,510135
510125,510136
510125,510137
510125,510138
510125,508920
510125,510139
510125,510140
510125,510141
510125,510142
510125,508908
510143,508640
510143,510144
510145,508839
510145,509907
510145,508516
510145,509898
510145,510146
510145,509903
510145,508538
510145,510147
510143,510148
510145,510149
510145,510150
509597,509136
509597,509396
510151,508416
510152,508459
510143,509762
510143,509763
510143,510153
510145,508440
510145,510154
510125,510155
510156,508438
510034,510029
508756,508787
510157,508603
510158,510159
510160,508575
510161,509079
510161,508412
510161,509942
510034,508438
510161,509252
510162,510163
510162,510164
510162,510165
508461,509998
508461,508431
508461,509778
508408,510166
508408,509692
510162,510167
510168,509834
510029,510034
510169,509760
509960,508413
510170,508396
510170,508407
510171,510172
510171,510173
510171,510174
510171,510175
510171,508534
510029,508438
510171,510176
510171,510177
510171,510178
510171,510179
510171,508420
510178,510180
510178,508928
510178,508420
510181,510181
510171,510182
510145,509963
510145,509813
510145,508409
510147,508423
510147,510183
510147,510184
510147,510185
510147,510186
510147,510187
510147,510188
510147,510104
510147,508538
510147,510189
510147,508440
510147,509904
510147,510190
510147,510191
510147,510192
510147,510193
510147,510194
510147,510195
510147,510149
510147,509905
510147,510196
510147,510197
510147,510198
510147,510199
510147,510200
510147,510201
510147,510202
510147,510203
510147,510204
510147,508839
510147,509903
510147,510205
510147,509901
510147,510206
510147,509898
510147,510207
510147,510208
510147,510146
510147,510209
510147,508650
510147,508516
510147,510210
510211,509695
510211,510212
510211,510196
510211,508423
510211,510147
510211,510104
510211,508440
510211,510213
510211,509904
510211,508479
510211,508650
510211,510190
510211,510194
509812,508538
509812,510214
509812,510147
510145,510215
510145,509812
510145,510216
510145,509811
510211,510217
510211,510218
510211,510219
510211,510220
510211,509034
510211,510221
510211,510222
510211,510223
510211,510224
510211,510225
510211,509580
510211,509731
510211,509487
510211,510226
510211,509250
510211,508683
510211,508585
510211,510227
510211,510228
510211,510229
510211,508712
510211,510230
510211,510202
508408,508395
510147,510231
508408,510036
508408,508731
508412,508407
508412,510115
508412,510232
508412,508474
508412,510233
508412,510234
508412,508395
508412,508605
508412,508438
508412,508444
508412,508525
508412,508451
508412,508398
508412,508561
508412,510235
508412,510236
508412,510237
508412,508412
508412,510238
508412,509942
508412,508394
508412,510014
510239,510240
510239,510168
510239,509834
510239,510010
509189,510241
510010,510239
510010,509834
508412,510242
508412,510243
508412,510244
508412,510245
508412,510246
508412,510247
508412,510248
508412,510249
508412,508411
508412,510170
508412,508461
508412,510250
510239,510251
508412,509079
508412,510252
510253,510254
510255,508397
510255,510256
510255,510257
510255,510258
510255,508408
510255,508423
510259,508603
510253,508966
510260,508787
509743,509144
509743,509113
509743,510261
509743,510262
509743,509743
509743,508761
509743,509237
509743,510099
510263,510264
508412,508447
510162,510265
508461,508430
508412,510266
508412,510267
508412,508663
508412,510161
508412,508673
508412,510268
508412,510269
508412,508442
510162,510270
508412,510271
508412,508416
508412,510020
508412,510122
508412,508523
508412,508633
508412,508449
510271,508412
510272,510273
508412,510023
510274,510275
510274,508432
510274,510276
509692,509989
509692,510277
509692,509998
509692,510005
509692,509552
509692,509462
510023,510278
510023,510279
509692,510280
510023,510281
510020,510023
510020,508412
510020,508673
508449,510282
508449,510283
508449,510238
508449,510284
508449,510022
510023,508412
508420,510285
509692,510000
509692,508408
508408,510177
508408,510286
508408,510287
508408,510288
508408,508443
508408,510289
508408,508397
508408,510290
509692,510013
510280,508423
509998,509999
509692,509999
509692,510291
509692,510191
509692,508461
509692,509904
509692,508423
509692,510002
510280,508408
508420,510292
508420,510293
508420,508929
510274,510294
510274,510295
510274,510296
510274,510297
510274,510298
510274,509552
510274,510299
510274,510300
510274,510301
510274,510302
510274,510303
510274,510304
510274,510305
510274,510306
510274,510307
510274,510308
510274,510309
510274,510310
510274,510311
510274,510312
510274,510313
510274,510314
508420,508862
508420,510315
508420,510316
508420,510317
508420,510178
508420,510318
508420,510319
508420,510320
510321,508420
510274,510322
510274,510323
510274,510324
510274,510325
510274,510326
510274,510327
510274,510328
510274,510329
510274,510330
510274,510331
508408,510332
510147,510333
510147,510227
510147,510334
510335,510336
510335,508526
510335,510337
510335,510338
510335,510339
510340,510341
510342,508848
510343,510344
510335,510345
510343,510343
510346,508459
510347,510348
510347,509898
510347,510349
510347,510350
510347,510351
510347,509811
510347,508775
510346,510352
510347,508665
510335,508449
510335,510353
510354,510355
510354,510020
510354,510356
510354,510357
510354,510358
510354,508663
510335,510359
510335,510360
510335,510361
510335,510020
510335,510362
510335,510363
510335,510364
510335,508442
510335,510168
510335,510365
510335,510238
510335,510366
510335,510367
510354,510368
510347,509829
510369,508416
510370,510371
510370,510372
510370,510373
510370,510374
510370,510375
510370,510376
510370,510377
510370,510378
510370,510379
510370,510380
510370,510381
510370,510382
510370,510383
510370,510384
510370,510385
510370,510386
510370,510387
510370,510388
510370,510389
510390,510159
510370,510391
510370,510392
510369,510393
510369,510394
510369,510395
510369,510396
510369,510397
510369,510398
510369,510399
510369,510400
510370,510370
510369,510249
510369,509429
510369,509676
510369,510401
510370,510402
510370,510403
510370,510404
510370,510405
510370,510406
510369,510407
510408,510409
510410,508855
510410,510411
509958,509388
509958,510412
509958,509396
509958,510413
509958,510414
509958,510415
509958,510396
509958,510416
509958,510098
509958,508599
509958,508481
509958,510417
509958,510033
509958,510418
509958,510120
509958,510419
509958,510420
509958,510421
509958,508574
509958,509200
509958,509845
509958,510117
509879,510422
509879,510423
509879,510424
509879,510425
509879,510352
509879,510426
509879,510427
509879,510428
509958,508449
510429,509649
508830,508674
508830,510430
508830,510431
508830,510432
509958,510053
509958,508659
509958,510433
509958,509739
508830,510434
509958,510435
509958,509834
509958,510436
510077,509831
510437,510437
510438,508438
510439,510440
510439,510441
510439,510442
510439,510443
510439,510444
509754,509757
510445,509845
510272,508438
510272,509393
510272,510041
510446,508734
510447,510448
510447,508717
510447,510449
510450,510451
510272,510288
509754,510452
509754,510453
509754,510260
509958,510022
509958,510454
509958,510455
509958,510456
509958,509847
508640,509756
508640,509762
508640,508809
510457,510374
509956,509845
510458,508663
510458,510459
510458,510460
510458,510461
510458,510462
508663,510463
509754,510464
509754,510465
509754,510466
510370,510467
510370,510468
510370,510469
510370,510470
510471,508413
510471,508396
510471,510472
510471,510473
510471,510474
510471,510475
510471,510476
510471,510477
510471,509813
510471,509811
510471,510478
510471,510479
510471,508414
510471,510480
510471,508663
510471,509812
510471,510481
510471,510482
510471,510145
510471,510483
510471,510484
510471,508787
510471,508849
510471,508516
510471,509907
510471,510485
510471,510486
510471,508407
510471,509902
510471,509959
510471,510487
510471,510488
510471,510489
510471,510490
510471,510491
510471,509808
510471,510492
510471,510493
510471,510494
510471,510495
510471,510496
510471,510497
510471,508665
510471,508410
510147,510498
510147,510145
510147,509811
510147,509603
510147,509589
510147,509731
510147,509727
510147,510499
510147,509139
510147,509724
510147,509813
510147,509394
510147,510500
510147,509963
510147,509502
510147,510501
510147,510502
510147,508588
510147,509692
510147,509173
510147,510503
510147,510504
510505,509136
508665,508396
510506,508603
510507,508603
510007,508429
510069,510060
509937,509136
508496,510508
508496,509907
508496,508440
510147,510509
510147,510211
510147,510510
510147,509054
510147,509047
510147,509072
510147,509017
510147,510511
510147,509812
510471,509921
509879,510512
510471,510513
510471,509898
510514,510287
510514,510515
510514,509766
510514,510516
510514,510200
510514,510517
510514,510518
510514,510519
510514,510520
510514,510521
510514,510522
510514,509440
510514,510523
510514,510256
510514,509715
510514,509614
510514,509621
510514,509094
510514,509391
510514,508802
510514,510524
510514,508408
510370,510525
510370,510526
510370,510527
510370,510528
510529,508522
510514,509999
510514,510530
510514,508411
510514,508650
510514,510531
510514,510532
510514,510273
510514,510533
510514,510534
510514,510535
510514,510536
510514,510537
510514,508731
510514,510066
510514,508404
510514,508732
510514,509046
510471,510538
510471,510460
510471,508531
510471,510539
510471,510540
510471,509965
510471,510541
510471,508538
510471,510542
510471,509964
510471,510543
510471,510544
510471,510545
510471,510546
510471,510471
510471,510547
510471,510146
510471,510548
510471,510549
510471,510550
510011,508429
510551,510552
510514,510553
510554,510555
510556,508603
510557,509943
510557,508966
510557,510558
510559,510560
510561,508440
510562,510563
510562,510155
510562,510564
510562,510565
510562,510566
510562,508920
510562,510138
510562,509701
510562,508913
510562,510567
510562,510568
510471,510569
509189,510570
508559,510571
510242,510572
510573,510574
510573,510575
510573,510576
510573,510577
510573,508979
510573,508980
510573,510578
510573,509351
510573,510397
510573,510579
510573,510580
510573,508442
510573,510581
510573,508889
510573,510582
510573,510135
510573,510583
510573,510584
510573,510137
510573,510585
510573,508900
510573,508886
510573,510586
510573,508920
510573,510587
510573,510588
510573,510573
510573,510131
510573,510589
510573,508922
510573,510590
510237,510591
510237,510592
510237,508540
510237,510593
510237,510594
510237,510595
510237,508412
510237,510596
510237,510597
510237,510598
510237,510599
510237,510600
510237,510601
510573,510602
510237,510603
510237,510604
510237,510605
510237,510606
510237,510607
510608,510350
510573,510609
510573,509868
510573,510610
510573,510611
510573,510171
510573,508553
510573,510128
510573,508913
510237,510612
510237,510613
510573,510614
510573,510615
509189,510616
509189,510617
509189,510618
509189,510619
509189,510620
509189,510621
509189,510622
509189,509304
509189,509323
509189,509695
509189,510623
509189,510624
509189,509061
509189,510625
509189,509049
509189,510626
509189,509088
509189,510401
509189,510627
509189,510628
509189,510629
509189,510630
509189,509009
509189,510631
509189,510632
509189,510070
509189,510633
509189,509364
510100,510634
510635,508966
510166,508423
510573,510636
510573,509843
510573,510178
510573,510637
510573,510638
510573,510639
510573,508909
510573,509752
510573,510640
510573,510641
510573,510642
510573,510643
510573,508846
510573,508908
510573,508929
510573,508832
510573,510644
510573,509871
510573,510645
510573,510646
510573,510647
510573,508923
510573,508833
510166,510648
510166,508397
510166,510649
510166,510258
510166,508408
510573,508910
509189,510650
510237,510651
510652,508603
510242,510653
510242,510654
510248,510247
510248,510655
509730,510656
509730,509144
509730,509113
509730,509737
509730,510261
509730,509393
509730,510262
509730,509545
509730,509831
509730,509743
509730,508761
509730,509237
509730,510099
509730,508848
509730,509746
509730,510657
509730,509744
509730,508644
509730,509801
509730,510658
510659,509666
510660,510661
510660,510662
510242,510663
510242,510664
510242,510665
510242,510666
510242,510667
510242,510668
510242,510669
510242,510670
510242,510671
510242,510672
510242,510673
510242,510674
510242,510675
510242,510676
510242,510677
510242,510678
510242,510679
509809,509802
510242,510680
510242,510681
510242,510682
510242,510683
510242,510684
510242,510685
510242,510686
510242,510687
510242,510688
510242,510689
510242,510690
510242,510691
510242,510692
510242,510693
510242,510694
510695,508431
509818,509165
509818,508662
509681,510472
509681,510696
509681,508787
509681,508756
509681,510697
509681,510698
510698,509720
510698,510472
510698,509681
510698,510696
510698,508787
510698,508756
510698,510697
510699,510700
510699,510701
510699,510702
510699,510703
510699,510704
510699,510705
510699,510706
510699,510699
510699,510707
510699,510708
510699,510709
510699,510710
510699,510711
510154,508787
509681,509720
510712,509747
510214,508538
510214,510713
509818,510714
509818,508659
509818,508451
509818,508781
509818,510715
509818,510350
509818,508570
509818,508395
509818,508454
509818,508455
509818,508473
509818,508438
509818,510716
509818,508802
509818,508471
509818,508464
509818,509817
509818,508644
509818,509999
509818,509829
510717,510153
509868,508922
509868,508902
509868,508920
509868,509752
510214,509805
510214,509812
510214,510718
509818,508867
510242,510719
509189,510720
509189,510721
509878,508920
509878,510722
509878,510723
509878,508509
509878,508909
509878,510724
509878,510725
509878,510726
510727,510728
510727,510729
510727,510730
510727,510731
510727,508412
510727,508447
510727,510732
510727,510733
510734,508406
510734,509154
509766,508731
509766,508438
509766,508771
509941,508720
510735,509834
510736,510737
509928,509750
509928,508809
509928,510738
509878,510739
509878,509878
509878,510740
509878,510741
510242,510742
510242,510271
510242,510743
510242,510744
510242,510745
510242,510746
510242,510747
510242,510748
510242,510749
510242,510750
510242,510751
510242,510752
510242,510753
509928,509749
510242,510754
510242,510755
510242,510756
510242,510757
510242,510758
510242,510759
510242,510760
510242,510761
510242,510762
510242,510763
510242,510764
510242,510765
510242,510766
510767,508522
510242,510768
510242,510769
509455,509999
510025,508438
510770,509395
510770,510771
510770,510772
510770,510773
510770,510774
510770,509778
510770,510775
510770,510776
510770,510714
510770,509649
510770,510777
510770,509323
510770,510778
510770,510779
509842,508917
510780,510781
509940,509079
510105,509490
510105,510782
508475,508440
508911,508911
508911,508935
508911,508933
508911,508939
508911,508924
508911,508883
508911,508881
510770,510783
510770,510416
510770,510784
510770,510785
510093,509136
510430,510430
510786,510787
509779,508659
510788,510789
509839,508738
510770,510790
510770,509976
510770,510770
510770,510791
510770,509999
510770,510792
510770,510793
509455,509998
510770,510794
510770,510795
510770,510796
510770,510797
510770,510421
510770,510798
510770,510799
510770,510800
510770,510801
510770,510802
510770,508473
510770,508752
510770,510803
510770,510804
510770,509745
509189,509910
510242,510805
510242,510248
509189,509672
509189,508973
509189,510806
509189,510807
509189,509435
509189,509432
509189,508448
509189,508966
509189,510808
509189,510809
509189,510810
509189,510811
509189,510812
509189,510813
509189,510814
509189,508977
509189,509449
509189,508967
509189,509418
509189,510815
509189,510816
509189,510817
509189,510818
509189,510819
509189,510820
509189,509548
509189,510821
509189,510822
509189,509733
509189,510823
509189,508780
509189,509092
509189,509162
509189,510824
509189,509147
509189,509953
509189,510825
509189,510826
509189,509108
509189,510827
509189,509096
509189,510828
509189,509131
509189,510829
509189,509478
509189,510830
509189,510831
509189,510832
509189,509930
509189,510833
509189,510834
509189,510835
509189,509640
509189,510836
509189,510837
509189,510838
509189,508816
509189,508970
509189,510839
509189,510840
510242,510841
509189,510842
509189,509476
510242,510843
510242,510844
510242,510845
510242,510846
510242,510847
510242,510848
510242,510849
510242,510850
510242,510851
510242,510852
510242,510853
510242,510854
510242,510855
510242,510655
510242,510856
510242,510857
510242,510858
510242,510859
510242,510860
510242,510861
510242,510862
510242,510863
510242,510864
510242,510865
510242,510866
510242,510867
510242,510868
510242,510869
510242,510870
510242,510871
510242,510872
509189,510873
509189,510874
509189,510875
509189,510876
509189,510877
509189,510044
509189,510878
509189,510879
509189,510880
509189,510226
509189,510881
509189,508600
509189,510882
509189,510883
509189,510884
509189,508674
510242,510885
510242,510886
510242,510887
510242,510888
510242,510889
510242,510890
510242,510891
510242,510892
510242,510893
510242,510894
510242,510895
510242,510896
509189,508637
510242,510897
509818,508469
