510898,510899
510900,510901
510900,510902
510900,510903
510900,510904
510900,510905
510900,510906
510900,510907
510900,510908
510908,510909
510900,510910
510908,510911
510908,510912
510913,510914
510915,510916
510915,510917
510915,510918
510915,510919
510915,510920
510921,510921
510922,510923
510908,510924
510900,510925
510900,510926
510900,510927
510928,510929
510928,510930
510928,510931
510928,510932
510928,510933
510928,510934
510928,510935
510928,510936
510928,510937
510928,510938
510928,510939
510928,510940
510928,510941
510942,510928
510942,510943
510942,510944
510942,510945
510946,510947
510948,510949
510948,510950
510900,510951
510952,510953
510954,510955
510956,510957
510958,510959
510960,510961
510960,510962
510960,510963
510963,510961
510964,510965
510966,510967
510968,510969
510970,510971
510970,510972
510973,510926
510974,510974
510975,510976
510975,510977
510975,510978
510975,510979
510980,510981
510982,510983
510982,510984
510985,510986
510985,510987
510985,510988
510989,510990
510928,510991
510992,510993
510994,510995
510958,510996
510958,510997
510958,510998
510958,510999
510958,511000
510958,511001
510958,511002
510958,511003
510958,511004
510958,511005
510958,511006
510958,511007
510958,511008
510958,511009
510958,511010
510958,511011
510958,511012
510994,511013
510994,511014
510994,511015
510994,511016
511017,511018
510928,511019
510928,511020
510928,511021
511022,511023
511022,511024
511022,511025
511022,511026
511022,511027
511022,511028
511028,511029
511030,511031
511030,511032
511030,511022
511030,511033
511030,511034
511030,511035
511030,511036
511030,511037
511030,511023
511030,511024
511030,511025
511030,511026
511030,511027
511030,511028
511022,511037
511038,511039
511022,511036
511022,511034
510948,511040
511041,511042
511043,511044
511043,511045
511046,511047
511048,511049
511050,511051
511050,511052
511053,511054
510999,511055
511056,510957
511057,510928
511057,510931
511058,511059
511060,511051
511060,511061
511022,511030
511022,511031
511022,511032
511022,511022
511022,511033
511022,511035
510985,511051
511038,511062
511038,511063
511064,511065
511064,511066
511067,511068
511069,511070
511069,511067
511069,511071
511069,511072
511069,511073
511069,511074
511075,510926
511076,510983
511076,511077
510928,511078
510928,511079
510928,511080
510928,511081
510928,511082
510928,511083
510928,510942
510928,511084
510928,511085
511064,510961
511038,511086
511064,511087
511088,511071
511038,511089
511038,511090
511038,511091
511038,511092
511038,511093
511094,511095
511096,511049
511096,511097
511098,511049
511098,511099
511098,511100
511098,511101
511098,511102
511098,511052
511098,511103
511104,511105
511104,511051
511104,511106
511104,511107
511104,511108
511104,511109
511088,511110
510948,511111
510985,511104
511112,511113
511114,511115
511114,510929
511114,511116
511114,511117
511114,511118
511114,511119
511114,511120
511114,511121
511114,511122
511114,511123
511114,511124
511114,511125
511114,511126
511114,511127
511114,511128
511114,511129
511114,511130
511114,511131
511114,511132
511133,511134
511114,511135
511114,511136
511114,511137
511114,511138
511139,511140
511139,511141
510987,511049
510987,510988
511142,511143
511142,511144
511142,511145
511142,511146
511142,511147
511142,511148
511142,511149
511142,511150
511151,511152
511114,511153
511114,511154
511114,511155
511114,511156
511114,511157
511114,511158
511114,511159
511114,511160
511133,511161
511133,511162
511133,511163
511133,511164
511133,511165
511133,511166
511133,511167
511133,511168
511133,510905
511133,510902
511133,511169
511133,511170
511133,510927
511133,511171
511172,511167
511172,511162
511172,511173
511172,511174
511172,510905
511172,511175
511172,511176
511172,511177
511172,511178
511172,510902
511172,511179
511133,511180
511139,511181
511133,511182
511133,510913
511133,511183
511133,511184
511133,511185
511133,511186
511133,511175
511133,511187
511133,511188
511133,511189
511133,511190
511133,511191
511133,511192
511133,511193
511133,511178
511133,511194
511133,511195
511133,511196
511133,511197
511133,511198
511133,511199
511133,511200
511133,511201
511133,511202
511139,511203
511139,511152
511139,511063
511204,511205
511204,510935
511204,511206
511204,511207
511204,511208
511204,511209
511204,511210
511204,511211
511204,511212
511204,511213
511204,511214
511204,511215
511204,511216
511204,511217
511204,511218
511204,511219
511204,511220
511204,511221
511204,511222
511204,511223
511204,511224
511204,511225
511204,511226
511204,511227
511228,510969
511112,511229
511112,511230
511112,511231
511232,511233
511234,510926
511235,511236
511235,511237
511235,511238
511235,511239
511235,511240
511235,511241
511235,511242
511235,511243
511235,511244
511235,511245
511246,511247
511248,511249
511250,511251
511250,511252
511253,510961
511253,511254
511255,510969
511256,511257
511204,511258
511204,511259
511260,511261
511260,511000
511260,511262
511260,511213
511260,511263
511260,510923
511260,511191
511260,511264
511260,511265
511260,511266
511260,511010
511260,511267
511268,511269
510946,511270
511139,511271
511139,511272
511139,511273
511139,511274
511139,511275
511139,511276
511139,511151
511260,510913
511204,511054
511260,510917
511260,511095
511204,511277
511204,511278
511279,511280
511279,510988
511279,511049
511281,511262
511282,511283
511282,511284
511282,511285
511282,511286
511282,511287
511282,511288
511282,511289
511282,511290
511282,511291
511282,511292
511282,511293
511282,511294
511282,511049
511282,511295
511260,511296
511260,511297
510898,511262
511298,511299
511300,511301
511302,511303
511302,511304
511302,511305
511302,511306
511302,511307
511302,511308
511302,511309
511302,511310
511302,511311
511302,511312
511302,511313
511302,511314
511302,511315
511302,511209
511302,511316
511302,511317
511302,511318
511302,511319
511302,511320
511172,511211
511302,511321
511302,511322
511302,511323
511302,511324
511302,511325
511302,511326
511302,511327
511302,511328
511302,511329
511302,511330
511302,511331
511302,511332
511302,511333
511302,511334
511302,511335
511302,511336
511302,511337
511302,511338
511302,511339
511302,511340
511302,511341
511302,511342
511302,511343
511302,511344
511302,511345
511302,511346
511302,511347
511302,511348
511302,511349
511302,511350
511302,511351
511302,511352
511302,511353
511302,511354
511302,511355
511302,511356
511302,511357
511302,511278
511302,511358
511302,511359
511302,511360
511302,511361
511302,511362
511302,511050
511302,511363
511302,511364
511302,511365
511302,511366
511302,511367
511302,511368
511302,511369
511302,511370
511302,511371
511302,511372
511302,511373
511302,511374
511302,511375
511302,511376
511302,511377
511302,511378
511302,511379
511302,511380
511302,511381
511302,511382
511302,511383
511302,511384
511302,511385
511302,511386
511302,511387
511302,511388
511302,511389
511302,511390
511302,511391
511302,511392
511302,511393
511302,511394
511302,511395
511302,511396
511302,511397
511398,511399
511398,511400
511398,511211
511398,511401
511398,511402
511398,511403
511398,511404
511398,511405
511398,511406
511407,511408
511407,511076
511409,511410
511411,511411
511412,511413
511041,511414
511041,511415
511041,511416
511041,511417
511041,511418
511041,511419
511041,511420
511398,511398
511041,511421
511398,511422
511398,511384
510898,511423
510898,511424
510898,511425
510898,510976
510898,511426
510898,511427
510898,511166
510898,511296
510898,511428
510898,511429
511430,511431
511430,511432
511430,511433
511434,511435
511436,511243
511431,511432
511431,511433
511431,511430
511398,511437
511398,511438
511398,511439
511398,511440
511302,511441
511041,511442
511041,511443
511191,510898
511191,511444
511191,511445
511191,511446
511447,511448
511449,511450
511449,511451
511452,510993
511453,511454
511455,511456
511457,511458
511302,511459
511302,511460
511302,511461
511302,511462
511302,511463
511302,511464
511302,511465
511302,511466
511302,511467
511302,511468
511191,511469
511041,511470
511191,511471
510898,511010
511041,511472
511041,511473
511041,510957
511041,511474
511041,511475
511041,511476
511041,511477
511041,511478
511041,511479
511041,511480
511041,511481
511041,511482
511041,511483
511041,511484
511041,511485
510898,511486
510898,511003
510898,511487
510898,511488
510898,511191
510898,511266
510898,511489
511300,511490
511302,511491
510935,510928
511007,511492
511007,511493
511007,511494
511007,511444
511007,511495
511007,511496
511007,511497
511007,511498
511007,511499
511007,511500
511501,511502
511503,511504
511503,511505
511506,511049
511506,511507
511508,511212
511509,511510
511511,511265
511512,511513
511512,511514
511501,511515
511007,511516
511007,511517
511007,511518
511519,511520
511519,511521
511519,511522
511519,511156
511519,511523
511519,511524
511519,511525
511519,511526
511519,511527
511519,511528
511519,511529
511519,511530
511519,511531
511532,511533
511533,511534
511533,511535
511536,511537
511536,511538
511536,511539
511536,511540
511536,511541
511512,510905
511507,511049
511499,511542
511499,511543
511497,511544
511497,511076
511497,511497
511497,511545
511497,511546
511497,511547
511497,511262
511497,511298
511497,511247
511497,511548
511497,511549
511550,511551
511550,511552
511550,511553
511550,510969
511550,511554
511550,511555
511550,510984
511550,511556
511550,511557
511550,511558
511497,511559
511519,511153
511499,511560
511499,511561
511499,511562
511499,511563
511499,511544
511499,511564
511499,511497
511499,511565
511499,511566
511499,511567
511499,511547
511499,511568
511499,511569
511499,511570
511499,511571
511499,511572
511499,511573
511499,511574
511499,511575
511499,511576
511499,511577
511499,511360
511499,511578
511499,511579
511519,511580
511519,511581
511519,511582
511519,511583
511519,511584
511519,511585
511519,511586
511519,511587
511519,511588
511519,511589
511519,511125
511519,511590
511519,511591
511519,511592
511519,511593
511519,511121
511519,511594
511519,511595
511519,511596
511519,511597
511519,511598
511519,511599
511519,511600
511519,511601
511519,511602
511519,511603
511519,511604
511519,511605
511263,511606
511263,511607
511263,511608
511263,511609
511263,511610
511180,511166
511180,511611
511612,511613
511614,511615
511614,511616
511615,511614
511617,511618
511619,511619
511619,511620
511519,511621
511519,511622
511519,511623
511519,511624
511519,511625
511519,511626
511519,511627
511519,511628
511302,511629
511519,511630
511519,511631
511519,511632
511519,511633
511519,511123
511519,511634
511519,511635
511519,511636
511519,511637
511519,511136
511519,511638
511519,511639
511519,511640
511519,511641
511519,511642
511519,511643
511519,511644
511519,511159
511519,511645
511519,511157
511519,511646
511519,511647
511519,511648
511519,511649
511519,511650
511519,511651
511519,511652
511519,511653
511519,511654
511519,511118
511519,511655
511519,511656
511519,511657
511519,511658
511519,511659
511519,511660
511519,511661
511519,511662
511519,510929
511519,511663
511519,511664
511519,511665
511519,511666
511519,511667
511519,511668
511519,511669
511519,511670
511519,511671
511519,511672
511172,511198
511268,510923
511172,511673
511168,510927
511168,511110
511168,511617
511168,511608
511168,511674
511168,511675
511168,511676
511168,511182
511168,511677
511168,511678
511168,511679
511168,511680
511168,511681
511168,511533
511168,511682
511168,511683
511168,511684
511168,511178
511168,511685
511168,511686
510905,511687
510905,511688
510905,511174
510905,511689
510905,511690
510905,511691
510905,511163
511168,511297
510905,511173
510905,511162
510905,511692
510905,511693
510905,511167
510905,511694
510905,511695
510905,511133
510905,511168
511172,511199
511168,511696
511168,511241
511174,511697
511174,511698
511174,511165
511174,511699
511174,511182
511174,510927
511174,511700
511174,511701
511174,511702
511174,511703
511174,511170
511174,511704
511174,511705
511174,511706
511174,511707
511174,511200
511174,511708
511174,511709
511174,511710
511174,511711
511168,511712
511168,511713
511168,511714
511168,511174
511168,511715
511168,511716
511168,511694
511168,511717
511174,511718
511174,511171
511174,511719
511174,511720
511174,511721
511174,511722
511174,511723
511174,511724
511174,511725
510905,511726
511174,511727
510905,511728
510905,511186
510905,511708
510905,511703
510905,511170
510905,511704
510905,511705
510905,511706
510905,511707
510905,511702
510905,511200
510905,511676
510905,511673
510905,511729
510905,511730
510905,511731
510905,511199
510905,511198
510905,511727
510905,511211
510905,511700
510905,511182
510905,511171
510905,511719
510905,511720
510905,511721
510905,511722
510905,511723
510905,511724
510905,510927
510905,511725
510905,511710
510905,511709
510905,511701
510905,511697
510905,511698
510905,511165
510905,511699
510905,511711
510905,511732
510905,511733
510905,511734
510905,511735
510905,511736
510905,511737
510905,511738
510905,511222
510905,511739
510905,511740
510905,511741
510905,511742
510905,511743
510905,511744
510905,511745
510905,511176
510905,511188
510905,511746
510905,510905
510905,511177
510905,511747
510905,511178
510905,510902
510905,511748
510905,511749
510905,511172
510905,511750
510905,511751
510905,511752
510905,511753
510905,511754
510905,511755
510905,511756
510905,511757
510905,511758
510905,511759
510905,511760
510905,511169
510905,511179
510905,511761
510905,510906
511174,511676
511174,511673
511174,511729
510902,511737
510902,510905
511171,511027
511171,511551
511171,511762
511171,511763
511171,511165
510902,511700
511171,511552
511171,511764
511171,511765
511171,511436
511171,511199
511171,511766
511171,511767
511171,511036
511171,511768
511171,511769
511770,511771
511770,511772
511773,511556
511773,511772
511773,511774
511775,511047
511770,511776
511770,511762
511770,511777
511770,511778
511770,511552
511770,511779
511770,511780
511770,511781
511770,511782
511770,510984
511770,511783
511770,511784
511770,511785
511171,511786
511171,511787
511171,511788
511211,511789
511211,511790
511211,511791
511211,511792
511211,511793
511211,511794
511211,511747
511211,511795
511211,511796
511797,511208
511798,511799
511800,511002
511800,511801
511002,511802
511213,511054
511213,510923
511211,511214
511211,511751
511211,511222
511171,510984
511171,511034
511171,511446
511171,511803
511171,511435
511171,511804
511171,511188
511171,511782
511171,511175
511171,511805
511171,511806
511171,511163
511171,511434
511171,511162
511171,511807
511171,511772
511171,511808
511171,511774
511773,510984
511773,511809
511773,511805
511773,511782
511174,511760
511174,511169
511174,511179
511174,511761
511174,510902
511174,511178
511174,511747
511174,511759
511174,511741
511174,511736
511174,511737
511174,511738
511174,511222
511174,511739
511174,511740
511174,511742
511174,511735
511174,511758
511174,511757
511174,511756
511174,511730
511174,511731
511174,511199
511174,511198
511174,511211
511174,511732
511174,511733
511174,511734
511174,511748
511174,511749
511174,511172
511174,511750
511174,511751
511174,511752
511174,511753
511174,511754
511174,511755
511174,511177
510905,511718
511174,511743
511174,511745
511174,511695
511174,511133
511773,511027
511773,511762
511773,511552
511773,511810
511773,511775
511174,511694
511773,510969
511773,511811
511773,511812
511773,511788
511773,511446
511773,511803
511773,511435
511773,511813
511773,511766
511174,511167
511174,511693
511174,511692
511174,511176
511174,511188
511174,511746
511174,510905
511174,511186
511174,510906
511174,511728
511174,511726
511174,511687
511174,511688
511174,511689
511174,511690
511174,511691
511174,511163
511174,511173
511174,511168
511174,511162
511174,511744
510927,511167
510927,511162
510927,511199
511123,511658
511814,510941
511815,511199
511199,511816
511199,511815
511199,511817
511199,511818
511123,511625
511199,511186
511199,511673
511199,511751
511199,511188
511199,510905
511199,511162
511199,511819
511199,511820
511199,510927
511199,511821
511123,511153
511123,511152
511123,511822
511123,511823
511123,511160
511123,511643
511123,511824
511123,511644
511123,511157
511123,510972
511123,511825
511123,511520
511123,511826
511123,511155
511123,511827
511123,511828
511123,511829
511123,511159
511123,511830
511199,511831
511199,511832
511199,511833
511199,511834
511199,511835
511199,511836
511199,511837
511199,511838
511199,511839
511199,511840
511199,511841
511199,511171
511199,511842
511199,511200
511199,511177
511199,511728
511772,511027
511772,511762
511772,511552
511199,511211
511199,511843
511199,511844
511199,511845
511199,511846
511199,511847
511199,511848
511199,511849
511199,511850
511199,511851
511199,511852
511199,511853
511199,511854
511199,511855
511199,511856
511199,511857
511199,511858
511199,511233
511199,511859
511199,511860
511199,511861
511123,511862
511123,511863
511123,511123
511123,511864
511111,511054
511111,511865
511866,511867
511258,511868
511258,511869
511258,511870
511258,511054
511111,511871
511258,511053
511054,511868
511054,511870
511054,511258
511054,511872
511054,511873
511874,511875
511874,511876
511258,511877
511878,511311
511878,511879
511878,511880
510923,511751
510923,511213
510923,511881
510923,511882
510923,511311
510923,511278
510923,511883
510923,511220
511878,511870
511878,511884
511878,511111
511878,511866
511878,511885
511878,511258
511878,511054
511878,511877
511878,511886
511874,511887
511772,510969
511874,511888
511874,510941
511123,511889
511123,511120
511123,511890
511123,511891
511123,511892
511123,511893
511123,511894
511123,511895
511123,511896
511123,511118
511123,511897
511123,511898
511123,511899
511123,511900
511123,511888
511123,511901
511123,511119
511123,511887
511123,511902
511123,511130
511874,511864
511874,511271
511874,511123
511874,511828
511874,511155
511874,511814
511874,511827
510941,510928
510941,511814
510941,510929
510941,511903
511271,511504
511271,511814
511123,511519
511123,511875
511123,511874
511123,511876
511874,511901
511755,511904
511772,511766
511772,511446
511905,511494
511905,511906
511905,511907
511905,511908
511909,511213
511908,511910
511908,511911
511905,511266
511818,511054
511818,511199
511818,511868
511818,511206
511818,511867
511818,511912
511818,511213
511818,511817
511818,511873
511818,511220
511905,511913
511905,511493
511905,511914
511905,511915
511905,511916
511905,511917
511905,511918
511905,511919
511905,511920
511905,511921
511905,511546
511905,511905
511905,511922
511905,511909
511905,511923
511905,511498
511905,511924
511905,511925
511905,511926
511818,511927
511818,511870
511818,511818
510927,511168
510927,511731
510927,511735
510927,511928
510927,511732
510927,511200
510927,511743
510927,510905
510927,511929
510927,511729
510927,511754
510927,511742
510927,511174
510927,510902
510927,511188
510927,511930
510927,511182
510927,511931
510927,511178
510927,511932
511029,511027
511029,510969
511029,511036
511029,511788
511029,511933
511029,511774
511036,511933
511036,511556
511036,511029
511934,511208
511208,511797
511208,511935
511208,511741
511208,511910
511208,511936
510927,511722
510927,511701
511905,511937
511905,511938
511917,511095
511917,511247
511027,511032
511027,511031
511027,511030
511552,511773
511552,511551
511552,511762
511552,511812
511027,511022
511552,511788
511552,511783
511552,511770
511552,511774
511552,511027
511552,511939
511552,511940
511552,511029
511552,511941
511027,511033
511027,511034
511027,511035
511772,511803
511772,511435
511772,511782
511772,511805
511772,510984
511772,511772
511772,511808
511772,511774
511027,511036
511027,511028
511027,511027
511027,511026
511027,511025
511027,511024
511027,511023
511027,511037
511027,511555
510969,511788
511772,511788
510969,511228
511435,511942
511921,511498
511921,511924
511921,511925
511921,511493
511921,511921
511921,511913
511921,511266
511921,511923
511921,511494
511921,511907
511921,511908
511938,511907
511917,511943
511917,511944
511917,511945
511917,511946
511921,511906
511921,511909
511921,511922
511921,511905
511435,511947
511435,511434
511435,511810
510984,511171
510984,510983
510984,510982
511921,511938
511921,511937
511921,511914
511921,511915
511921,511916
511921,511917
511921,511918
511921,511919
511921,511920
511921,511546
511921,511926
511788,510969
511755,510905
511168,511948
511949,511950
511951,511952
511951,511953
511951,511954
511951,511955
511951,511956
511951,511957
511951,511958
511951,511959
511951,511960
511951,511961
511951,511962
511951,511963
511951,511964
511951,511965
511951,511966
511951,511967
511951,511968
511951,511969
511951,511970
511971,511051
511100,511052
511100,511102
511100,511101
511100,511099
511100,511049
511100,511108
511100,511972
511951,511973
511100,511974
511100,511975
511100,511976
511100,511510
511100,511977
511100,511051
511100,511978
511978,511051
511100,511979
511951,511980
511951,511981
511951,511982
511983,511984
511983,511985
511983,511986
511983,511987
511983,511988
511983,511989
511990,510923
511983,511991
511992,511054
511487,511296
511487,511426
511993,511166
511993,511426
511993,511003
511993,510923
511993,511489
511992,511873
511983,511994
511951,511951
511951,511995
511951,511996
511951,511997
511951,511998
511951,511999
511951,512000
511951,512001
511951,512002
511951,511574
511951,512003
511951,511873
511951,511100
511951,512004
511951,511049
511951,512005
511951,511978
511951,512006
511951,512007
511100,511098
512008,512009
511100,511103
511976,511049
512010,512011
512010,512012
512010,512013
512010,512014
512010,512015
512010,512016
512010,512017
512010,512018
512010,512019
511102,511108
511102,512020
511102,512021
511102,511972
511102,511974
511102,512022
511102,512023
511102,511952
511102,511979
512010,512024
512010,512025
511134,512026
511134,512027
511134,510978
512028,512010
512028,511054
512010,511054
512010,512029
512010,512030
512010,512031
512010,512032
512010,512033
512010,512034
512010,511061
512010,512035
512010,512028
512010,512036
512010,512037
511102,511981
511102,511996
511102,511998
511102,511951
511102,512038
511102,512039
511974,511296
511974,512040
511974,511426
511974,512041
511102,512042
511974,512043
511974,512008
511974,511510
511974,512044
511974,511049
511976,512021
511976,512045
511976,511052
511974,512046
511102,512047
511102,511971
511102,512007
511102,511052
511102,511976
511102,512048
511102,511510
511102,512049
511102,512050
511102,511977
511102,512051
511102,511574
511102,512052
511102,511051
511102,511873
511102,512017
511102,511100
511102,511099
511102,511049
511102,511978
511510,512053
512008,511974
512009,512008
511095,511917
511192,512054
511192,512055
511192,512056
512057,512058
512057,512059
512057,512060
512061,512062
512004,511049
512061,510934
512061,512063
512063,512064
511161,511914
511161,511915
511161,512065
511161,512066
511161,512067
512061,512064
510919,510916
512004,511997
512004,511192
512046,511974
512046,512041
512046,512043
512046,512008
512046,511510
512068,511297
511118,511625
512004,510986
511118,511123
511118,511155
510961,511166
510961,512069
510961,511065
510961,511064
510961,511087
510961,511253
511118,511645
512070,512071
512070,512072
512070,512073
512074,512075
512076,511444
512076,512077
511444,512076
511444,512077
511444,511191
511444,512078
512074,512048
511456,512079
511456,512080
512081,511243
512082,511196
511970,511383
511172,511171
511172,511711
511172,512083
511456,512084
512074,512085
512074,512086
512074,512047
512070,512087
512070,512088
512070,512089
512070,511018
512070,512090
512091,511243
512092,512093
512092,512094
512092,511764
512092,512095
512094,511870
512094,512096
512094,512010
512094,510923
512094,511877
512074,511009
512074,512052
512046,511426
512046,512040
512046,511296
511018,512097
512098,512099
512098,511741
512098,511736
512098,511177
512098,511745
512098,511188
512098,510905
512098,511754
512098,511186
512098,511728
512098,511726
512098,511691
512098,511162
512098,512100
512098,511695
511700,512101
512098,510906
512098,511753
512098,511199
512098,511731
512098,511718
512098,511171
512098,511719
512098,511721
512098,512102
512098,511725
512098,512103
512098,511697
512098,510927
512098,511700
512098,511703
512098,511170
512098,511706
512098,511707
512098,511200
512098,511676
512098,511729
511700,512104
511471,510979
511700,510904
512105,512106
512107,512108
512107,512109
512107,512110
512107,512111
512107,512112
512107,512113
512107,512114
512107,511018
512107,512115
512107,512116
511018,512117
511018,512118
511018,512119
511018,512109
511018,512111
511018,512120
512107,512121
512107,510979
512107,512122
512107,510914
511700,512123
511700,510927
511728,511200
511728,511199
511728,511177
511728,511188
512124,512125
512124,512126
512124,512127
512124,512106
512128,510926
512129,510941
512130,512131
512130,512132
512133,511049
511747,511211
511747,511688
511700,511514
510979,511805
511700,510905
511428,511808
511049,511048
511049,511076
511049,511262
511049,511506
511049,511097
511049,512134
511049,511096
511049,511099
511049,512135
512136,511413
512137,511014
512137,512138
512137,512139
512137,512140
512137,512141
512045,511817
511186,511199
512045,512142
511049,511100
511049,511102
511049,512143
511049,512144
511049,510986
511049,512145
511049,512146
511049,512147
511049,512148
511049,511051
511049,512149
511049,511972
511049,511979
511049,511052
511049,510988
511049,511976
511049,511510
511049,511977
511049,512069
512045,511818
512045,512150
512045,512151
511763,512152
512153,512154
512153,512155
512153,511607
512153,512156
512153,512153
512153,512157
511763,512158
512153,511264
511264,512155
511264,511607
511264,512156
511264,512153
511264,512157
511264,511213
511264,512159
511264,512154
511763,511242
511763,512160
511763,512161
512045,512162
512045,512163
512045,512021
512045,511976
512164,511049
512165,512166
512165,512167
512165,512168
512165,511413
512165,512169
512165,512170
511166,511489
511166,512171
511166,511993
511166,510899
511166,511614
511763,512172
511049,512173
511049,512174
511049,512175
511049,512176
512177,511122
512177,512178
512177,510929
512177,511152
512177,511271
512177,510934
512177,512064
512177,512179
512177,512180
512181,512182
512181,512183
512181,511504
511504,512184
511504,511503
512093,510923
512185,512186
512177,510928
511152,511504
511152,512181
511152,512177
511428,511489
511949,512187
511949,511243
511949,511609
511243,511609
511609,511949
511609,511243
510907,511243
510907,511697
510907,511768
510907,511703
510907,511198
510907,512188
511153,512189
511153,511645
511768,511243
512190,511199
512191,512192
511264,512193
512191,512194
511817,511818
512195,512196
512196,512197
512198,511111
512199,512200
512201,511014
512202,512203
512202,510988
512204,512205
512202,511049
512203,510988
512203,511049
510988,511049
511049,510987
511049,512206
511049,512207
511049,512208
512203,512202
511247,512209
511610,511247
511051,511104
511817,512045
511817,511912
511817,511054
511817,512210
511817,511873
511817,512151
511817,512163
512211,512212
512211,510941
512211,512213
512214,512181
512215,511051
512215,512216
511051,511978
511051,511050
511051,511052
511051,511971
511817,511199
511264,512217
511247,512218
511433,512219
510929,512220
510929,512221
510929,512222
510929,511153
510929,511156
510929,512064
512220,512064
511110,512223
511156,512224
511156,512225
511156,511123
511156,511153
512064,512226
512064,512227
512064,512228
512064,512220
511156,511141
512064,511159
511110,512229
512044,511049
511052,511974
511052,511510
511052,512230
511052,512231
511052,512022
511052,512232
511052,512233
512229,511110
511052,512234
511052,512235
511052,512236
511052,512237
512238,511076
512239,511262
512239,512240
512239,512241
511052,512242
512064,510934
512064,511153
512243,510996
511428,511471
511428,512244
511428,511134
511428,511269
511428,512245
511428,512246
511428,511610
511428,510979
511428,511909
511428,511217
511428,511003
511428,512247
511428,512248
511428,511609
511264,510920
511428,511882
511428,511263
511428,511469
511428,510976
511428,512249
512250,512250
512251,511686
512251,512252
512253,512253
511162,512091
511162,512254
511162,512255
511162,511200
511162,511199
511162,512256
511162,512257
511162,512258
511162,511188
511162,512259
511162,512260
511162,511842
511428,511559
511052,511104
511052,512261
511162,512262
511052,511108
511467,512263
511467,512264
511383,511467
511383,511387
512265,512265
512265,511297
512266,512196
511467,511383
511322,511468
511322,511383
511322,511384
511322,511387
511322,511392
511322,511359
511322,511970
511387,511383
511322,511341
511467,512267
511467,512268
511467,512269
511433,512270
511433,512271
511052,512272
511433,511431
511433,512273
511262,512274
511262,511610
511262,512275
511262,512276
512274,511799
512274,510923
511686,512277
511686,512278
511686,512279
511686,512280
512171,511166
511467,512281
512282,512283
512282,512284
511467,512285
511052,512238
512178,510929
512178,510934
512178,512177
512178,512064
512178,512180
510972,510972
511052,511050
512178,512179
511052,512286
511052,512287
511052,512288
511052,512047
511052,512289
511052,512284
511052,512048
512282,512290
511052,512291
512178,510972
512178,511122
512292,511211
512282,512293
512282,512131
512282,512294
512282,512132
512282,512295
512282,512296
512292,512197
512132,512297
512132,512298
512132,512299
512132,512300
512132,511798
512292,511791
512301,511176
511052,512302
512132,512303
512304,510926
