36806,36807
36806,36808
36809,36810
36806,36811
36809,36812
36809,36813
36809,36814
36809,36815
36809,36816
36809,36817
36809,36818
36809,36819
36809,36820
36809,36821
36809,36822
36806,36823
36809,36824
36809,36825
36809,36826
36809,36827
36809,36828
36809,36829
36809,36830
36806,36831
36809,36832
36809,36833
36809,36834
36809,36835
36809,36836
36809,36837
36809,36838
36809,36839
36809,36840
36809,36841
36809,36842
36809,36843
36809,36811
36809,36844
36809,36845
36809,36807
36809,36846
36809,36847
36809,36848
36809,36849
36809,36850
36806,36851
36806,36852
36806,36853
36806,36854
36806,36855
36806,36856
36806,36857
36806,36858
36806,36859
36806,36860
36806,36861
36806,36862
36806,36837
36806,36838
36806,36863
36806,36840
36806,36864
36806,36865
36806,36866
36806,36867
36806,36868
36806,36869
36806,36870
36806,36871
36806,36872
36806,36873
36806,36874
36806,36875
36806,36876
36806,36877
36806,36878
36806,36879
36806,36880
36806,36881
36806,36882
36806,36883
36806,36884
36806,36885
36806,36886
36806,36887
36806,36888
36806,36889
36806,36890
36806,36891
36806,36845
36806,36892
36806,36893
36806,36894
36895,36896
36895,36897
36895,36898
36895,36899
36895,36900
36895,36901
36895,36902
36895,36903
36895,36904
36895,36905
36895,36906
36895,36907
36895,36908
36895,36909
36895,36910
36895,36911
36895,36912
36895,36913
36895,36914
36895,36915
36895,36916
36895,36917
36895,36918
36809,36856
36919,36920
36919,36921
36919,36922
36919,36923
36919,36919
36919,36924
36925,36926
36925,36927
36895,36928
36925,36929
36930,36931
36932,36933
36932,36926
36932,36932
36932,36934
36932,36929
36934,36933
36934,36929
36935,36936
36925,36937
36895,36938
36895,36939
36940,36931
36806,36941
36806,36942
36806,36821
36806,36943
36806,36944
36806,36945
36806,36946
36806,36813
36806,36947
36806,36948
36806,36949
36806,36950
36806,36951
36806,36952
36806,36953
36806,36954
36806,36955
36806,36832
36806,36956
36806,36957
36806,36958
36806,36959
36806,36960
36806,36961
36962,36963
36962,36964
36962,36965
36966,36967
36968,36969
36968,36970
36968,36971
36968,36972
36973,36974
36806,36822
36973,36975
36973,36976
36973,36977
36806,36978
36806,36979
36806,36980
36806,36981
36806,36982
36806,36983
36806,36984
36973,36985
36809,36986
36987,36988
36809,36989
36990,36991
36991,36970
36991,36990
36992,36993
36992,36931
36994,36995
36996,36997
36996,36998
36996,36999
36996,37000
36996,37001
37002,37003
37002,37004
37002,37005
37002,37006
37002,37007
37002,37008
37002,37009
37002,37010
36990,36970
37011,37012
36919,37013
36987,37014
37015,37016
37017,36937
37018,37018
37018,37019
37018,37020
37018,37021
37022,36937
37023,37024
36987,37025
37002,37026
36987,37027
36987,37028
36987,37029
36987,37030
36987,37031
36987,37032
36987,37033
36987,36936
36987,37034
36987,37035
36987,37036
37015,37037
37002,37038
37039,36970
37040,37041
37040,37042
37040,37043
37040,36998
37040,37044
37040,37045
37040,37046
37040,37047
37040,37048
37040,37049
37040,37050
37040,37051
37040,37052
37040,37053
37040,37054
37055,36965
37056,37057
37058,37059
37058,37060
37040,37061
37062,37063
37062,36929
37062,36934
37039,37064
37039,37065
37066,37067
37068,36998
37068,37069
37068,37070
37068,37071
37072,37073
37074,36929
37002,37075
37074,37076
37077,37078
37077,37079
37077,36937
37080,37081
37080,37082
37080,36937
37083,37084
37085,37086
37062,36932
37087,37088
37016,37089
37016,37090
37016,37091
37092,36988
37092,37093
37092,36936
37092,37014
37092,37094
37092,37095
37096,36936
37097,37098
37098,37099
37098,37100
37101,37102
37103,37104
37103,37105
37103,36931
37106,37107
37106,37108
37109,36970
37109,37110
37109,37111
37092,37112
37092,37096
37092,37113
37092,37114
36809,36871
36809,37115
36809,37116
36809,37117
36809,37118
36809,36886
36809,37119
36809,36885
36809,36884
37109,37120
36809,36883
36809,36965
36809,37121
36809,37122
36809,37123
36809,37124
36809,37125
36809,37126
36809,37127
37092,37128
36809,37129
37109,37130
37109,37131
37109,37132
37133,37134
37133,36936
37133,37014
37133,37135
37136,37137
37136,37138
37136,37139
37140,36967
37140,37141
37133,37142
37140,37143
37144,37145
37144,37146
37144,37147
37144,37148
37144,37149
37144,36977
37150,36970
37150,37151
37152,37073
37140,37153
36809,37154
37133,37155
37156,37157
37158,37114
37159,36967
37159,37141
37160,36967
37160,37143
37148,37161
37148,37145
37148,37146
37148,37162
37163,37164
37148,37165
37148,37147
37148,37149
37148,36977
37148,37144
37148,37166
37167,36970
37167,37151
37156,37168
37156,37169
37148,37170
36919,37171
37172,37173
36919,37174
37123,36839
37123,36838
37123,36837
37123,36836
37123,36835
37123,36834
37123,36856
37123,36986
37123,37154
37123,36989
37123,36871
37123,37115
37123,37116
37123,37117
37123,37118
37123,36886
37123,37119
37123,36885
37123,36884
37123,36840
37123,36841
37123,36843
37123,36850
37123,36819
37123,36818
37123,36817
37123,36816
37123,36815
37123,36814
37123,36813
37123,36812
37123,36820
37123,36883
37123,36832
37123,36833
37123,36849
37123,36848
37123,36847
37123,36846
37123,36807
37123,36845
37123,36844
37123,36811
37123,36842
37123,36821
37123,37129
37123,37121
37175,37176
37172,37177
37172,37178
37172,37179
37172,37180
37172,36969
37172,37181
37182,37183
37182,37184
36967,37185
36967,37159
36967,37141
36967,37186
36967,37187
36967,37188
37189,37190
37189,37025
37189,37191
37189,37192
37172,37193
37172,37194
37172,37195
37172,37196
37123,37122
37123,37124
37123,37125
37123,37126
37123,37127
36927,36926
36927,36929
37197,37198
37197,37020
37123,36965
37172,37199
37172,37200
37172,37201
37172,37202
37172,37203
37172,37204
37172,37205
37172,37206
37172,37207
37172,37208
37172,37209
37189,37210
37123,36830
37123,36810
36856,36826
36856,36825
36856,36824
36856,36810
36856,36822
36856,36830
36856,36821
36856,36819
36856,36818
36856,36817
36856,36816
36856,36815
36856,36814
36856,36813
36856,36812
36856,36820
36856,36832
36856,36842
36856,36833
36856,36827
36856,36828
36856,36829
36856,36965
36832,36887
36832,36886
36832,36885
36832,36884
36832,36883
36832,36882
36832,36881
36832,36880
36832,36879
36856,36849
36832,36878
36832,36876
36832,36875
36832,36874
36832,36873
36832,36853
36832,36852
36832,36851
36832,36831
36856,37211
36832,36877
37123,36822
36856,36848
36856,36846
36856,36886
36856,37119
36856,36885
36856,36884
36856,36883
36856,37129
36856,37121
36856,37122
36856,37123
36856,37124
36856,37125
36856,37126
36856,37127
37123,36829
37123,36828
37123,36827
37123,36826
37123,36825
37123,36824
36856,37118
36856,37117
36856,37116
36856,37115
36856,36807
36856,36845
36856,36844
36856,36811
36856,36850
36856,36843
36856,36841
36856,36840
36856,36839
36856,36847
36856,36838
36856,36836
36856,36835
36856,36834
36856,36964
36856,36856
36856,36986
36856,37154
36856,36989
36856,36871
36856,36837
37189,37212
37189,37213
37189,37214
37215,37216
37215,36931
37215,37217
37218,37219
37218,37147
37218,37220
37218,37221
37218,36977
37218,37222
37222,37219
37222,37147
37222,37220
37222,37221
37222,37218
37222,36977
37223,36931
37224,37225
37224,37226
37224,37227
37215,36937
37228,36937
37229,36937
37094,37230
37231,37232
37231,37233
37231,37234
37231,37235
37231,37236
37231,37237
37238,37239
37240,36970
37241,37241
37224,37224
37241,36929
37166,36936
37242,37243
37242,37244
37242,37245
37242,37246
37242,37247
37248,37249
37094,37250
37094,36936
37065,37086
37231,37251
37224,37252
37224,37253
37254,37086
37254,37146
37254,37255
37254,37256
37254,37257
37254,37258
37254,37259
37254,37260
37254,37261
37146,36977
37261,37262
37261,37263
37261,37086
37261,37146
37261,37255
37261,37256
37261,37258
37261,37259
37261,37260
37254,37262
37264,36929
37141,36967
37265,36929
37224,37266
37224,37256
37224,37267
37224,37268
37224,37269
37224,37255
37224,37270
37224,37271
37224,37272
37224,37273
37224,37274
37224,37275
37224,37276
37224,37277
37224,37278
37224,37279
37224,37280
37224,37281
37224,36976
37282,36970
37224,37283
37231,37284
37231,37285
37231,37286
37287,37086
37287,37243
37287,37242
37287,37288
37287,37289
37287,37065
37287,37290
37287,37291
37287,37292
37287,37293
37287,37294
37287,37287
37295,36931
37296,36929
37063,36933
37063,36934
37063,36929
37297,37298
37297,37299
37287,37244
37190,37294
37190,37293
37190,37292
37189,37300
37189,37301
37189,37302
37189,37287
37189,37303
37189,37304
37189,37305
37190,37306
37190,36936
37297,37307
37190,37308
37190,37244
37190,37086
37190,37243
37190,37309
37190,37288
37190,37289
37190,37065
37190,37290
37190,37291
37190,37310
37297,37311
37297,37312
37313,37239
37231,37314
37231,37315
37231,37316
37231,37317
37231,37318
37231,37319
37231,37320
37231,37321
37231,37322
37231,37323
37231,37324
37231,37325
37231,37326
37231,37327
37231,37328
37231,37329
37231,37330
37231,37331
37231,37332
37231,37333
37231,37334
36919,37024
37231,37335
37231,37336
37337,37338
37339,36937
37340,37239
37231,37341
37231,37342
37231,37343
37231,37344
37231,37345
37231,37346
37231,37347
37231,37348
37231,37349
37231,37350
37231,37351
37231,37352
37231,37353
37231,37354
37231,36970
37231,37355
37231,37356
37231,37357
37175,37358
37359,37159
37175,37150
37360,37361
37360,37362
37360,37363
37360,37190
37360,37025
37360,37364
37360,37365
37360,37003
37360,37366
37360,37367
37360,37368
37360,37369
37360,37370
37360,37371
37360,37372
37360,37373
37360,37374
37360,37375
37360,37376
37360,37377
37360,37378
37360,37379
37360,37380
37360,37381
37360,37382
37360,37383
37384,37385
37384,37386
37384,37387
37384,37123
37384,36851
37384,37388
37384,37125
37384,37389
37384,37390
37384,37391
37360,37392
37384,37393
37384,37394
37360,37395
37360,37396
37360,37397
37360,37398
37360,37399
37360,37400
37360,37401
37360,37007
37360,37402
37384,37403
37360,37404
37360,37405
37360,37406
37360,37407
37360,37408
37360,37409
37360,37064
37360,37410
37360,37411
37360,37412
37360,37413
37360,37414
37360,37415
37360,37416
37360,37417
37360,37418
37360,37419
37360,37420
37360,37421
37360,37029
37360,37422
37360,37423
37360,37424
37360,37425
37360,37426
37360,36996
37360,37427
37360,37428
37360,37429
37360,37430
37360,37086
37360,37431
37360,37432
37360,37433
37360,36919
37360,37434
37360,37435
37360,37436
37360,37437
37360,37438
37360,37439
37360,37440
37360,37441
37360,37442
37360,37443
37360,37444
37360,37445
37360,37446
37360,37447
37360,37448
37360,37449
37360,37450
37384,37451
37384,37452
37384,36852
37384,37453
37384,37454
37384,36859
37384,36858
37384,37455
37384,36964
37384,37456
37384,37457
37384,37458
37384,36856
37384,36855
37384,37459
37384,37460
37384,37461
37384,37462
37384,37463
37384,37464
37384,37465
37384,37466
37384,37467
37384,37468
37384,36862
37384,37469
37384,37470
37384,36861
37384,36835
37384,36836
37384,36811
37384,37471
37384,37472
37384,36868
37384,37473
37384,36843
37384,37474
37384,37475
37384,37476
37384,36866
37384,36864
37384,36840
37384,37477
37384,37478
37384,37479
37384,36863
37384,37480
37384,36838
37384,36869
37384,37481
37384,37482
37384,37483
37384,36837
37384,37484
37360,37485
37384,37486
37384,36989
37384,36881
37384,36880
37384,36879
37384,37129
37384,37487
37384,37488
37384,37489
37384,36878
37384,36877
37384,37490
37384,37491
37384,37492
37384,37493
37384,36876
37384,36875
37384,37494
37384,37495
37384,36874
37384,36873
37384,37496
37384,37121
37384,37497
37384,37498
37384,36883
37384,37499
37384,36885
37384,37500
37384,37501
37384,37502
37384,37503
37384,37504
37384,36870
37384,37505
37384,36871
37384,37506
37384,37115
37384,37507
37384,37508
37384,37116
37384,36889
37384,37509
37384,36887
37384,37510
37384,37511
37384,36886
37384,37512
37384,37384
37384,37513
37384,37514
37384,37515
37360,37516
37360,37517
37360,37518
37519,37520
37519,37521
37519,37522
37519,37523
37519,37524
37519,37525
37519,37526
37519,37527
37519,37528
37519,37529
37519,37530
37519,37531
37519,37532
37519,37533
37519,37534
37519,37535
37519,37536
37519,37537
37519,37538
37519,37539
37519,37540
37519,37541
37519,37542
37519,37543
37519,37544
37519,37545
37519,37546
37519,37547
37519,37548
37519,37549
37519,37550
37519,37551
37519,37552
37519,37553
37519,37554
37519,37555
37519,37556
37519,37557
37519,37558
37519,37559
37519,37560
37519,37561
37519,37562
37519,37563
37519,37564
37519,37565
37519,37566
37519,37567
37519,37568
37519,37569
37519,37570
37519,37571
37519,37572
37519,37573
37519,37574
37519,37575
37519,37576
37519,37577
37519,37578
37519,37579
37519,37580
37519,37581
37519,37582
37519,37583
37519,37584
37519,37585
37519,37586
37519,37587
37519,37588
37519,37589
37519,37590
37519,37591
37519,37592
37519,37593
37519,37594
37519,37595
37519,37596
37519,37597
37519,37598
37519,37599
37519,37600
37519,37601
37519,37602
37519,37603
37519,37604
37519,37605
37519,37606
37519,37607
37519,37608
37519,37609
37519,37610
37519,37611
37519,37612
37519,37613
37519,37614
37519,37615
37519,37616
37519,37617
37519,37618
37519,37619
37519,37620
37519,37621
37519,37622
37384,37623
37519,37624
37519,37625
37360,37626
37360,37627
37360,37628
37360,37291
37360,37292
37360,37629
37360,37630
37360,37631
37360,37301
37360,37632
37360,37633
37360,36925
37360,37634
37360,37635
37360,37636
37360,37637
37360,37638
37360,37293
37360,37639
37360,37640
37360,37641
37360,37642
37360,37643
37360,37644
37360,37645
37360,37646
37360,37647
37360,37648
37360,37649
37360,37650
37360,37651
37360,37652
37360,37653
37360,37082
37360,37654
37360,37360
37360,37655
37360,37004
37360,37656
37360,37657
37360,37658
37360,37289
37360,37300
37360,37659
37360,37660
37360,37661
37360,37662
37360,37065
37360,37663
37360,37664
37519,37665
37360,37666
37360,37667
37668,37669
37668,37668
37519,37670
37519,37671
37519,37672
37519,37673
37519,37674
37519,37675
37519,37676
37519,37677
37360,37678
37519,37679
37519,37680
37519,37681
37519,37682
37519,37683
37519,37684
37519,37685
37519,37686
37519,37687
37519,37688
37519,37689
37519,37690
37360,37691
37360,37692
37360,37693
37360,37694
37360,37695
37360,37151
37360,37696
37360,37697
37360,37013
37360,37080
37360,37078
37360,37079
37360,37698
37360,37699
37360,37700
37360,37701
37360,37702
37360,37703
37360,36937
37360,37704
37360,37705
37360,37706
37360,37707
37360,37708
37360,37709
37360,37710
37360,37711
37384,37712
37384,36845
37384,36808
37713,37714
37715,37716
37717,36936
37718,37719
37720,36936
37720,37721
37722,37723
37724,36998
37724,36937
37725,36937
37726,37727
37728,37729
37359,37730
37359,37731
37359,37732
37359,37733
37359,37734
37359,37735
37359,37736
37359,37737
37359,37738
37359,37739
37728,37740
37726,37741
37726,37742
37726,37743
37744,37745
37744,37746
37744,37747
37744,37748
37744,37634
37744,36936
37744,37666
37744,37749
37744,37302
37744,37750
37744,37751
37752,37081
37752,36929
37726,37753
37726,37754
37726,37755
37726,37756
37726,37114
37726,37177
37726,37757
37726,37713
37726,37758
37726,37759
37359,37760
37744,37648
37359,36929
37359,37761
37762,37763
37762,37764
37762,37765
37762,37766
37762,37767
37762,37768
37762,37769
37762,37770
37762,37771
37762,37772
37762,37773
37762,37774
37762,37775
37762,37776
37762,37777
37762,37762
37762,37778
37762,37779
37762,37030
37762,37780
37762,37781
37762,37782
37762,37783
37762,37784
37762,37027
37762,37785
37359,37786
37359,37151
36832,36888
37359,37787
37359,37063
37788,37761
37789,36929
37762,37790
37762,37791
37762,37792
37762,37402
37762,37793
37762,37794
37762,37795
37762,37796
37762,37797
37762,37798
37762,37799
37762,37800
37762,37801
37762,37802
37762,37803
37762,37804
37359,37805
37762,37806
37744,37485
37744,37414
37807,37297
37807,37808
37108,37809
37108,37810
37108,37298
37108,37811
37108,37812
37108,37307
37108,37813
37108,37814
37807,37815
37108,37816
37108,37817
37108,37818
37108,37733
37108,37735
37108,37819
37108,37820
37108,37821
37108,37822
37108,37823
37108,37824
37108,37196
37807,37825
37807,37307
37807,37812
37175,37826
37175,37827
37175,37828
37829,37086
37829,37287
37807,37108
37807,37830
37807,37831
37807,37822
37807,37823
37807,37824
37807,37810
37807,36963
37807,37298
37807,37832
37807,37833
37807,37834
37807,37835
37807,37169
37807,37299
37807,37836
37807,37837
37807,37838
37108,37839
37744,37744
37108,37840
37108,37757
37841,37842
37841,37843
37841,37077
37841,37844
37841,36937
37845,37846
37845,37847
37845,37000
37845,37848
37845,37849
37850,37761
37845,37851
37845,37852
37845,37853
37845,37854
37845,37855
37848,37856
37744,37857
37744,37383
37744,37382
37744,37858
37744,37859
37845,37860
37861,37862
37861,37863
37861,37864
37108,37865
37108,37866
37108,37867
37108,37868
37108,37869
37108,37299
37108,37837
37108,37870
37108,37871
37108,37786
37108,36976
37108,37872
37108,37873
37810,37299
37810,36977
37810,37307
37874,37875
37874,37102
37874,36995
37876,37877
37861,36967
37861,37312
37861,37141
37108,37878
37175,36970
37762,37879
37762,37189
37384,36983
37384,37880
37384,36824
37384,37881
37384,37882
37384,37883
37384,36961
37384,37884
37384,37885
37384,37886
37384,37887
37384,36822
37384,37888
37384,37889
37384,37890
37384,37891
37384,37892
37384,36948
37384,37893
37384,36941
37384,37894
37384,37895
37384,36960
37384,36825
37384,37896
37384,37897
37898,37310
37898,37086
37898,37292
37898,37641
37415,37086
37415,37899
37415,37425
37415,37292
37415,37643
37415,37900
37415,37695
37415,37707
37415,37692
37901,36929
37384,37902
37384,37903
37384,37904
37384,37905
37384,36828
37384,36980
37384,37906
37384,36827
37384,37907
37384,37908
37909,36831
37384,37910
37384,37911
37384,37912
37384,37913
37384,37914
37384,36832
37384,36956
37384,37915
37384,37916
37384,37917
37384,36957
37384,36894
37384,37918
37384,36959
37384,37919
37384,37920
37384,36892
37384,36849
37384,36848
37384,37921
37384,36847
37384,36807
37384,37922
37384,37923
37384,37924
37384,37925
37384,37926
37384,36954
37384,37927
37384,36943
37384,36819
37384,37928
37384,37929
37384,37930
37384,37931
37384,36815
37384,37932
37384,37933
37384,36945
37384,36946
37384,36813
37384,36947
37384,36893
37384,37934
37384,36958
37384,37935
37384,37936
37384,37937
37384,37938
37384,37939
37384,36951
37384,36821
37762,37940
37909,36851
37909,36853
37909,36948
37909,36941
37909,36942
37909,36821
37909,36943
37909,36944
37909,36945
37909,36946
37909,36813
37909,36947
37909,36960
37909,36893
37909,36958
37909,36950
37909,36951
37909,36806
37909,36952
37909,36953
37909,36954
37909,36955
37909,36832
37909,36956
37909,36949
37909,36822
37909,36961
37909,36984
37762,37941
37762,37942
37762,37943
37762,37166
37762,36936
37762,37944
37762,37945
37762,37946
37762,37947
37762,37948
37762,37949
37762,37950
37762,37951
37762,37952
37762,37953
37762,37095
37954,36937
37909,36978
37909,36979
37909,36980
37909,36981
37909,36982
37909,36983
37909,36957
37909,36852
37909,36894
37909,36892
37909,36871
37909,36872
37909,36891
37909,36890
37909,36889
37909,36888
37909,36887
37909,36886
37909,36885
37909,37955
37909,36870
37909,36884
37909,37956
37909,36882
37909,36881
37909,36879
37909,36878
37909,36877
37909,36876
37909,36875
37909,36874
37909,36873
37909,36883
37909,36862
37909,36854
37909,36855
37909,36823
37909,36807
37909,36808
37909,36845
37909,36811
37909,36868
37909,36867
37909,36866
37909,36865
37909,36864
37909,36840
37909,36863
37909,37957
37909,36838
37909,36869
37909,36837
37909,36861
37909,36860
37909,37958
37909,36859
37909,37909
37909,36857
37909,36856
37909,36959
36832,36889
37384,36833
36832,36891
37132,37633
37132,37959
37132,37960
36970,37132
36970,37109
36970,36990
36970,36991
36970,37120
37959,37960
37959,37732
37959,37024
37959,37109
37959,37961
37959,36970
37959,37962
37959,37963
37959,37694
37959,37151
37959,36991
37964,37965
37964,37966
37964,37738
37964,37967
37964,37968
37964,37969
37132,37970
37964,37971
37132,36970
37086,37972
37973,37280
37973,37974
37973,37281
37973,37274
37973,37975
37973,37165
37973,37976
37973,36976
37973,36977
37973,37977
37973,37267
37973,37978
37979,37980
37979,37981
37979,37244
37979,37982
37979,37983
37310,37365
37310,37086
37310,37984
37310,37442
37310,37985
37086,37065
37086,37985
37086,37292
37086,37190
37964,37986
37964,37734
37964,37730
36993,37414
36993,37647
36993,37987
36993,37422
36993,37988
36993,37989
36993,37228
36993,37738
36993,37990
36998,37376
36998,37991
36998,37071
36998,37992
36998,37993
36998,37994
36998,37995
36998,37069
36998,37070
36998,37996
36998,37997
36998,37441
36998,37998
36998,37983
36998,37999
36998,38000
36993,37392
36993,38001
36993,37215
36993,37081
37964,37359
37964,37725
37964,38002
37964,38003
36993,38004
36993,38005
36993,36927
36993,37079
36993,38006
36993,38007
36993,38008
36993,38009
37973,37973
36993,38010
36993,38011
36993,38012
36993,36929
36993,37844
36993,37078
36993,38013
36993,36937
36993,36992
36993,36931
36993,38014
36993,37363
36993,37642
36993,38015
37973,38016
37973,38017
37973,38018
37060,37182
37060,38019
38020,38021
36926,36937
36937,37339
36937,37229
36937,37082
36937,37695
36937,37215
36937,37013
36937,38022
36937,37730
36937,37103
36937,38023
36937,37106
36937,38024
36937,37228
36937,38025
36937,38026
36937,37022
36937,36926
36937,38027
36937,36925
36937,38028
36937,37725
37060,37432
37060,38029
37060,38030
37060,38031
36832,36890
38032,37823
38032,38033
38032,38034
38032,37307
38035,36936
36936,38035
36936,38036
36936,37191
36936,36935
36936,37025
36936,38037
36937,36993
36936,38038
37029,37060
37060,37029
37060,37060
37060,37019
37060,38039
37060,38040
37060,38041
37060,37021
37060,37059
37060,38042
37060,37197
37060,38043
36936,37698
36998,38044
36937,38045
36937,36929
36931,36993
36931,38046
38047,36931
38048,38049
38048,38050
38048,38051
38048,38052
38048,37114
38048,38053
38048,38054
38048,38055
38048,38056
38048,38057
38048,37743
38048,38058
38048,38059
38048,38060
38048,38061
38048,38062
37973,38063
37973,37266
37973,38064
37973,37279
37973,38065
37973,38066
36931,37841
36931,37842
36931,37223
36931,37966
36937,37449
36937,38067
36937,37363
36937,37422
36937,38068
37114,38069
37114,37757
37114,37092
37114,38070
37650,36937
36931,38047
36931,37648
36937,37017
36931,38071
36931,36929
36931,36937
36931,37295
36931,38072
36931,37079
36931,36930
36931,38006
36931,37017
36931,37181
36931,37217
36931,38073
36931,38074
36931,37078
36998,38075
36937,37171
36822,36965
36825,36856
36825,37154
36825,36989
36825,36871
36825,37115
36825,37116
36825,37118
36825,36886
36825,37119
36825,36885
36825,36884
36825,36883
36825,37129
36825,36965
36825,37121
36825,37122
36825,37123
36825,37124
36825,37125
36825,37127
36825,37126
36832,36978
36832,36979
36832,36980
36832,36981
36825,36834
36825,36835
36825,36837
36825,36838
36825,36828
36825,36825
36825,36824
36825,36810
36825,36822
36825,36830
36825,36821
36825,36819
36825,36818
36825,36816
36825,36815
36825,36813
36832,36982
36825,36812
36825,36833
36825,36849
36825,36848
36825,36847
36825,36846
36825,36807
36825,36845
36825,36811
36825,36850
36825,36843
36825,36841
36825,36840
36825,36832
36825,36829
36832,36983
36832,36961
36832,36845
36832,36811
36832,36868
36832,36867
36832,36866
36832,36865
36832,36864
36832,36840
36832,36863
36832,36838
36832,36869
36832,36837
36832,36861
36832,36860
36832,36859
36832,36858
36832,36857
36832,36856
36832,36855
36832,36854
36832,36862
36832,36870
36832,36871
36832,36872
36822,36848
36832,36807
36832,36823
36832,36892
36832,36959
36832,36822
36832,36960
36832,36948
36832,36941
36832,36942
36832,36821
36832,36943
36832,36944
36832,36945
36832,36946
36832,36813
36832,36947
36832,36984
36832,36893
36832,36958
36832,36950
36832,36951
36832,36952
36832,36953
36832,36954
36832,36955
36832,36832
36832,36956
36832,38076
36832,36957
36832,36894
36832,36949
36828,36965
36832,36808
37021,37590
36965,36883
36965,36965
36965,37123
36965,38077
36965,38078
36965,37272
36965,38079
36965,38080
36965,38081
36965,38082
36965,38083
36965,38084
36965,36962
36965,37256
36965,38085
36965,37267
36965,38086
36965,38087
36965,37270
36965,36976
36965,37224
36965,38088
36965,38089
36965,38090
36965,38091
36965,36885
36965,36886
36965,37118
36965,37115
36965,38092
36965,38093
36828,36848
36965,36828
36965,36825
36965,36824
36965,36822
36965,36830
36965,36821
36965,36819
36965,36815
36965,36813
36965,38094
36965,36832
36965,36807
36965,36845
36965,36811
36965,36850
36965,36838
36965,36837
36965,36835
36965,36964
36965,36856
36965,37154
36965,36989
36965,36871
36965,36849
36965,37092
36965,36848
37019,38039
36929,37966
36929,37079
36929,37163
36929,36932
36929,36931
36929,38095
36929,36937
36929,37729
38096,38097
38096,38098
38096,38099
38096,38100
36929,36934
38097,38101
38102,37422
38102,37078
38102,37079
37422,37078
37422,37079
37422,36937
37422,37363
37422,37449
37021,37018
37019,38103
38104,38039
38104,37060
38097,38105
36929,36929
38102,36937
36929,37248
37019,37060
37019,37128
36929,37249
37019,38106
37019,38107
37019,38108
37844,36993
37844,38109
37844,37217
37844,36929
37844,36931
37844,37078
37019,38110
37844,38111
37844,38011
37844,37079
36929,37844
36929,37063
37844,37968
37844,38112
36929,37296
36929,38113
37844,37960
37844,36937
37844,37844
36929,38114
