514473,514474
514475,514476
514475,514477
514475,514478
514475,514479
514475,514480
514475,514481
514475,514482
514475,514483
514475,514484
514475,514485
514475,514486
514475,514487
514475,514488
514475,514489
514475,514490
514475,514491
514475,514492
514475,514493
514475,514494
514475,514495
514475,514496
514475,514497
514475,514498
514475,514499
514475,514500
514475,514501
514475,514502
514475,514503
514475,514504
514475,514505
514475,514506
514475,514507
514475,514508
514475,514509
514475,514510
514475,514511
514475,514512
514475,514513
514475,514514
514475,514515
514475,514516
514475,514517
514475,514518
514475,514519
514475,514520
514475,514521
514475,514522
514475,514523
514475,514524
514475,514525
514475,514526
514475,514527
514475,514528
514475,514529
514475,514530
514475,514531
514475,514532
514475,514533
514475,514534
514475,514535
514475,514536
514475,514537
514475,514538
514475,514539
514475,514540
514475,514541
514475,514542
514475,514543
514475,514544
514475,514545
514475,514546
514475,514547
514475,514548
514475,514549
514475,514550
514475,514551
514475,514552
514475,514553
514475,514554
514475,514555
514475,514556
514475,514557
514475,514558
514475,514559
514475,514560
514475,514561
514475,514562
514475,514563
514475,514564
514475,514565
514475,514566
514475,514567
514475,514568
514475,514569
514475,514570
514475,514571
514475,514572
514475,514573
514475,514574
514475,514575
514475,514576
514475,514577
514475,514578
514475,514579
514475,514580
514475,514581
514475,514582
514475,514583
514475,514584
514475,514585
514475,514586
514475,514587
514475,514588
514475,514589
514475,514590
514475,514591
514475,514592
514475,514593
514475,514594
514475,514595
514475,514596
514475,514597
514475,514598
514475,514599
514475,514600
514475,514601
514475,514602
514475,514603
514475,514604
514475,514605
514475,514606
514475,514607
514475,514608
514475,514609
514475,514610
514475,514611
514475,514612
514475,514613
514475,514614
514475,514615
514475,514616
514475,514617
514475,514618
514475,514619
514475,514620
514475,514621
514475,514622
514475,514623
514475,514624
514475,514625
514475,514626
514475,514627
514475,514628
514475,514629
514475,514630
514475,514631
514475,514632
514475,514633
514475,514634
514475,514635
514475,514636
514475,514637
514475,514638
514475,514639
514475,514640
514475,514641
514475,514642
514475,514643
514475,514644
514475,514645
514475,514646
514475,514647
514475,514648
514475,514649
514475,514650
514475,514651
514475,514652
514475,514653
514475,514654
514475,514655
514475,514656
514475,514657
514475,514658
514475,514659
514475,514660
514475,514661
514475,514662
514475,514663
514475,514664
514475,514665
514475,514666
514475,514667
514475,514668
514475,514669
514475,514670
514475,514671
514475,514672
514475,514673
514475,514674
514475,514675
514475,514676
514475,514677
514475,514678
514475,514679
514475,514680
514475,514681
514475,514682
514475,514683
514475,514684
514475,514685
514475,514686
514475,514687
514475,514688
514475,514689
514475,514690
514475,514691
514475,514692
514475,514693
514475,514694
514475,514695
514475,514696
514475,514697
514475,514698
514475,514699
514475,514700
514475,514701
514475,514702
514475,514703
514475,514704
514475,514705
514475,514706
514475,514707
514475,514708
514475,514709
514475,514710
514475,514711
514475,514712
514475,514713
514475,514714
514475,514715
514475,514716
514475,514717
514475,514718
514475,514719
514475,514720
514475,514721
514475,514722
514475,514723
514475,514724
514475,514725
514475,514726
514475,514727
514475,514728
514475,514729
514475,514730
514475,514731
514475,514732
514475,514733
514475,514734
514475,514735
514475,514736
514475,514737
514475,514738
514475,514739
514475,514740
514475,514741
514475,514742
514475,514743
514475,514744
514475,514745
514475,514746
514475,514747
514475,514748
514475,514749
514475,514750
514475,514751
514475,514752
514475,514753
514475,514754
514475,514755
514475,514756
514475,514757
514475,514758
514475,514759
514475,514760
514475,514761
514475,514762
514475,514763
514475,514764
514475,514765
514475,514766
514475,514767
514475,514768
514475,514769
514475,514770
514475,514771
514475,514772
514475,514773
514475,514774
514475,514775
514475,514776
514475,514777
514475,514778
514475,514779
514475,514780
514475,514781
514475,514782
514475,514783
514475,514784
514475,514785
514475,514786
514475,514787
514475,514788
514475,514789
514475,514790
514475,514791
514475,514792
514475,514793
514475,514794
514475,514795
514475,514796
514475,514797
514475,514798
514475,514799
514475,514800
514475,514801
514475,514802
514475,514803
514475,514804
514475,514805
514475,514806
514475,514807
514475,514808
514475,514809
514475,514810
514475,514811
514475,514812
514475,514813
514475,514814
514475,514815
514475,514816
514475,514817
514475,514818
514475,514819
514475,514820
514475,514821
514475,514822
514475,514823
514475,514824
514475,514825
514475,514826
514475,514827
514475,514828
514475,514829
514475,514830
514475,514831
514475,514832
514475,514833
514475,514834
514475,514835
514475,514836
514475,514837
514475,514838
514475,514839
514475,514840
514475,514841
514475,514842
514475,514843
514475,514844
514475,514845
514475,514846
514475,514847
514475,514848
514475,514849
514475,514850
514475,514851
514475,514852
514475,514853
514475,514854
514475,514855
514475,514856
514475,514857
514475,514858
514475,514859
514475,514860
514475,514861
514475,514862
514475,514863
514475,514864
514475,514865
514475,514866
514475,514867
514475,514868
514475,514869
514475,514870
514475,514871
514475,514872
514475,514873
514475,514874
514475,514875
514475,514876
514475,514877
514475,514878
514475,514879
514475,514880
514475,514881
514475,514882
514475,514883
514475,514884
514475,514885
514475,514886
514475,514887
514475,514888
514475,514889
514475,514890
514475,514891
514475,514892
514475,514893
514475,514894
514475,514895
514475,514896
514475,514897
514475,514898
514475,514899
514475,514900
514475,514901
514475,514902
514475,514903
514475,514904
514475,514905
514475,514906
514475,514907
514475,514908
514475,514909
514475,514910
514475,514911
514475,514912
514475,514913
514475,514914
514915,514916
514915,514917
514915,514918
514915,514919
514915,514920
514915,514921
514915,514922
514915,514923
514915,514924
514915,514925
514915,514926
514915,514927
514915,514928
514915,514929
514915,514930
514915,514931
514915,514932
514915,514933
514915,514934
514915,514935
514915,514936
514915,514937
514915,514938
514915,514939
514915,514940
514915,514941
514915,514942
514915,514943
514915,514944
514915,514945
514915,514946
514915,514947
514915,514948
514915,514949
514915,514950
514915,514951
514915,514952
514915,514953
514915,514954
514915,514955
514915,514956
514915,514957
514915,514958
514915,514959
514915,514960
514915,514961
514915,514962
514915,514963
514915,514964
514915,514965
514915,514966
514915,514967
514915,514968
514915,514969
514970,514971
514970,514972
514973,514974
514973,514975
514973,514976
514973,514977
514973,514978
514973,514979
514973,514980
514976,514975
514976,514973
514976,514977
514976,514978
514976,514979
514976,514980
514979,514975
514979,514973
514979,514976
514979,514977
514979,514978
514979,514980
514979,514981
514982,514983
514970,514984
514970,514985
514986,514915
514986,514987
514915,514988
514915,514989
514915,514990
514915,514991
514915,514992
514915,514993
514915,514994
514915,514995
514915,514996
514915,514997
514915,514998
514915,514999
514915,515000
514915,515001
514915,515002
514915,515003
514915,515004
514915,515005
514915,515006
514915,515007
514915,515008
514915,515009
514915,515010
514986,515011
514915,515012
514915,515013
514915,515014
514915,515015
514915,515016
514915,515017
514915,515018
514915,515019
514915,515020
514915,515021
514915,515022
514915,515023
514915,515024
514915,515025
514915,515026
514915,515027
514915,515028
514915,515029
514915,515030
514915,515031
514915,515032
514915,515033
514915,515034
514915,515035
514915,515036
514915,515037
514915,515038
514915,515039
514915,515040
514915,515041
514915,515042
514915,515043
514915,515044
514915,514719
514915,514718
514915,514698
514915,514700
514915,514717
514915,514777
514915,514784
514915,515045
514915,514791
514915,515046
514915,515047
514915,515048
514915,515049
514915,515050
514915,515051
514915,515052
514915,515053
514915,515054
514915,515055
514915,515056
514915,515057
514915,515058
514915,514770
514982,515059
514915,515060
514915,515061
514915,515062
514915,515063
514915,515064
514915,515065
514915,515066
514915,515067
514915,515068
514915,515069
514915,515070
514915,515071
514915,515072
514915,515073
514915,515074
514915,515075
514915,515076
514915,515077
514915,515078
514915,515079
514915,515080
514915,515081
514915,515082
514915,515083
514915,515084
514915,515085
514915,515086
514915,515087
514915,515088
514915,515089
514915,515090
514915,515091
514915,515092
514915,515093
514915,515094
514915,515095
514915,515096
514915,515097
514915,515098
514915,515099
514915,515100
514915,515101
514915,515102
514915,515103
514915,515104
514915,515105
514915,515106
514915,515107
514915,515108
514915,515109
514915,515110
514915,515111
514915,515112
514915,515113
514982,515114
514982,515115
514982,515116
514475,515117
514475,515118
514475,515119
514475,515120
514475,515121
514475,515122
514475,515123
514475,515124
514475,515125
514475,515126
514475,515127
514475,515128
514475,515129
514475,515130
514475,515131
514475,515132
514475,515133
514475,515134
514475,515135
514475,515136
514475,515137
514475,515138
514475,515139
514475,515140
514475,515141
514475,515142
514475,515143
514475,515144
514475,515145
514475,515146
514475,515147
514475,515148
514475,515149
514475,515150
514475,515151
514475,515152
514475,515153
514475,515154
514475,515155
514475,515156
514475,515157
514475,515158
514475,515159
514475,515160
514475,515161
514475,515162
514475,515163
514475,515164
514475,515165
514475,515166
514475,515167
514475,515168
514475,515169
514475,515170
514475,515171
514475,515172
514475,515173
514475,515174
514475,515175
514475,515176
514475,515177
514475,515178
514475,515179
514475,515180
514475,515181
514475,515182
514475,515183
514475,515184
514475,515185
514475,515186
514475,515187
514475,515188
514475,515189
514475,514475
514475,515190
514475,515191
514475,515192
514475,515193
514475,515194
514475,515195
514475,515196
514475,515197
514475,515198
514475,515199
514475,515200
514475,515201
514475,515202
514475,515203
514475,515204
514475,515205
514475,515206
514475,515207
514475,515208
514475,515209
514475,515210
514475,515211
514475,515212
514475,515213
514475,515214
514475,515008
514475,515215
514475,515216
514475,515217
514475,515218
514475,515219
514475,515220
514475,515221
514475,515222
514475,515223
514475,515224
515225,515226
515225,515227
515225,515228
515225,515229
515225,515230
515225,515231
515225,515232
515225,515233
515225,515234
515225,515235
515225,515236
515225,515237
515225,515238
515225,515239
515225,515240
515225,514978
515225,514915
515225,515241
515225,515242
515225,515243
515225,515244
515225,515245
515246,514985
515225,515247
515225,515248
515225,515249
515225,514504
515250,515251
515250,515252
515250,515253
515250,515254
515250,515255
515250,514985
515250,514984
515250,515256
515250,515257
515250,515258
515250,515259
515246,515215
515250,515260
515250,515261
515016,515262
515016,514926
514925,515229
514925,515263
514925,515264
514925,515265
515266,515267
515266,515268
515269,515270
515225,515271
515250,515272
514475,515273
515274,515275
515274,515276
514475,515277
514475,515278
514475,515279
514475,515280
514475,515281
514475,515282
514475,515283
514475,515225
514475,515284
514475,515285
514475,515286
514475,515287
514475,515288
514475,515289
514475,515290
514475,515291
514475,515292
514475,515293
514475,515294
514475,515295
514475,515296
514475,515297
514475,515298
514475,515299
514475,515300
514475,515301
514475,515302
515274,515303
515304,514777
515304,515305
515031,515306
515031,515307
514823,515176
514823,514881
514823,515308
514823,515031
514823,515309
514823,515310
515274,515311
514823,515312
515313,515314
515313,515315
515313,515313
515316,515316
515095,515317
515095,515318
515319,515305
515319,515320
515319,515321
515319,515245
515322,514990
514881,515323
514475,515324
514475,515325
514475,515326
515327,515053
515327,515328
515329,514570
515330,514975
515330,514973
515330,514976
515330,514981
515330,514977
515330,514978
515330,514979
515330,514980
515331,515332
515331,515333
515331,515334
515331,515264
515331,515335
515336,514978
515337,515338
515339,515340
515339,514801
515339,515263
515339,515341
515339,514474
515342,514747
515339,515343
515344,515345
515344,515346
515344,515347
515344,515348
515344,515349
515344,515350
515344,515351
515344,515352
515344,515353
515344,515354
515344,515355
515344,515356
515344,515357
515344,515358
515344,515359
515344,515360
515344,515361
515344,515362
515344,515363
515344,515364
515344,515365
515344,515366
515344,515367
515344,515368
515344,515369
515344,515370
515339,515371
515339,515372
515373,515374
515375,515376
515375,515377
515375,515378
515375,515379
515375,515380
515381,515382
515383,515384
515383,515385
515386,515387
515386,515388
515389,515314
515390,515391
515390,515392
515390,515393
515390,515394
515390,515395
515390,515396
515390,515397
515390,515398
515399,514570
515028,515400
515028,515401
515402,515372
515375,515403
515375,515404
515375,515405
515406,515407
515373,515372
515408,515409
515408,515410
515411,515412
515413,515414
515406,515415
515406,515416
515406,515417
515406,515418
515406,515419
515406,515420
515344,515421
515406,515422
515406,515423
515406,515424
515406,515425
515406,515426
515406,515427
515406,515428
515406,515429
515406,515430
515406,515431
515406,515432
515406,515433
515406,515031
515344,515434
515344,515435
515344,515436
515344,515437
515344,515438
515344,515439
515344,515440
515344,515441
515344,515442
515344,515443
515344,515444
515344,515445
515344,515446
515344,515447
515344,515448
515344,515449
515344,515450
515344,515451
515344,515452
515344,515453
515344,515454
515344,515455
515344,515456
515344,515258
515344,515457
515344,515458
515344,515459
515344,515460
515344,515461
515344,515462
515344,515463
515344,515464
515344,515465
515344,515466
515344,515467
515344,515468
515344,515469
515344,515470
515344,515471
515344,515472
515344,515473
515344,515474
515344,515475
515344,515476
515344,515477
515344,515478
515344,515479
515344,515480
515344,515481
515344,515482
515344,515483
515344,515484
515344,515485
515344,515486
515344,515487
515488,515489
515344,515490
515344,515491
515344,515492
515344,515493
515344,515494
515344,515495
515344,515496
515344,515497
515344,515498
515344,515499
515344,515500
515344,515501
515344,515502
515344,515503
515344,515504
515344,515505
515344,515506
515344,515507
515344,515508
515344,515509
515344,515510
515344,515511
515344,515512
515344,515513
515344,515514
515344,515515
515344,515516
515344,515517
515344,515518
515344,515519
515344,515520
515344,515521
515344,515522
515344,515523
515344,515524
515344,515525
515344,515526
515344,515527
515344,515528
515344,515529
515344,515530
515344,515531
515344,515532
515344,515533
515344,515534
515344,515535
515344,515536
515344,515537
515344,515538
515344,515539
515344,515540
515344,515541
515344,515542
515344,515543
515488,515544
515488,515545
515488,515546
515547,515548
515547,515549
515547,515550
515547,515551
515547,515552
515547,515553
515547,515554
515547,515555
515547,515556
515547,515557
515547,515558
515547,515559
515547,515560
515547,515561
515547,515562
515547,515563
515547,515564
515547,515565
515547,515566
515547,515567
515547,515568
515547,515258
515547,515569
515547,515570
515547,515571
515547,515572
515547,515573
515547,514893
515547,515574
515547,515575
515547,515253
515547,515576
515547,515577
515547,515578
515547,515579
515547,515580
515547,515581
515547,515582
515547,515583
515547,515584
515547,515585
515547,515547
515547,515586
515547,515587
515547,515409
515547,515588
515547,515589
515547,515590
515547,515591
515547,515592
515547,515593
515547,515594
515547,515595
515547,515596
515547,515597
515547,515598
515547,515599
515547,515600
515547,515601
515547,515602
515547,515603
515547,515604
515605,514976
515605,514977
515605,514978
515605,514979
515605,514980
515606,515607
515608,515609
515608,515610
515608,515611
515608,515612
515608,515258
515608,515338
515608,515613
515614,515615
515614,515616
515614,515617
515547,515618
515547,515619
515547,515620
515547,515261
515547,515621
515547,515622
515547,515623
515547,515260
515547,515624
515547,515625
515547,515626
515547,515627
515547,515628
515547,515629
515547,515630
515547,515631
515547,515632
515547,515633
515547,515634
515547,515635
515547,515636
515547,515637
515547,515638
515547,515639
515547,515640
515547,515641
515547,515642
515547,515643
515547,515644
515344,515645
515547,515646
515547,515647
515648,515649
515650,515651
515652,515653
515654,515035
515655,515656
515657,515658
515659,515660
515661,515662
515661,514905
515661,515663
515661,515664
515661,515665
515661,515666
515661,515667
515661,515668
515034,515177
515034,515669
515034,514905
515034,514730
515034,514782
515034,515670
515034,515034
515034,515035
515671,515672
515671,515673
515674,515267
515675,515676
515488,515677
515488,515385
515488,515678
515488,515679
515488,514478
515488,515680
515488,515681
515488,515682
515488,515671
515683,515684
515685,515684
515034,515038
515007,515686
515007,515687
515007,515688
515007,515689
515007,515007
515675,515690
515675,515675
515675,515691
515675,515692
515675,515693
515675,515694
515675,515695
515007,515696
515547,515697
515034,515107
515034,515698
515699,515700
515699,515701
515699,515004
515699,515702
515699,515703
515699,515704
515699,515705
515699,514932
515699,515343
515699,515706
515699,515707
515699,515708
515547,515709
515547,515710
515547,515711
515547,515712
515547,515713
515547,515714
515547,515715
515547,515716
515547,515717
515547,515718
515547,515719
515699,515258
515699,515720
515699,515721
515699,514739
515722,515270
515723,515724
515723,515338
515725,515726
515727,515728
515729,515730
515731,515049
515732,514915
515733,515267
515734,515735
515734,515736
515034,514945
515734,515372
515736,515734
515736,515372
515737,515738
515739,514915
515740,515741
515699,515742
515699,515743
515699,515333
515699,514809
515699,514873
515699,514746
515736,515735
514915,514730
515344,515744
515344,515745
514475,515746
514475,515747
514475,515748
514475,515749
514475,515038
514475,515750
514475,515751
514475,515400
514475,515752
514475,515753
514475,515046
514475,515754
514475,515060
514475,515755
514475,515756
514475,515757
514475,515758
514475,515759
514475,515760
514475,515761
514475,515762
514475,515763
514475,515764
514475,515765
514475,515766
514475,515767
514475,515768
514475,515769
514475,515770
514475,515771
514475,515026
514475,515772
514475,515773
514475,515774
514475,515775
514475,515776
514475,515777
514475,515029
514475,515778
514475,515779
514475,515030
514475,515031
514475,515032
514475,515780
514475,515781
514475,515782
514475,515035
514475,515783
514475,515784
514475,515785
514475,515786
514475,515787
514475,515788
514475,515789
514475,515790
514475,515083
514475,515791
514475,515792
514475,515793
514475,515794
514475,515795
514475,515796
514475,515797
514475,515798
514475,515799
514475,515800
514475,515801
514475,515802
514475,515004
514475,514960
514475,515803
514475,515804
514475,515805
514475,515806
514475,515807
514475,514931
514475,515808
514475,515809
514475,515810
514475,515811
514475,515812
514475,515813
514475,515814
514475,515815
514475,515816
514475,515817
514475,515818
514475,515091
514475,515819
514475,515820
514475,515821
514475,515822
514475,515823
514475,515824
514475,515825
514475,515826
514475,515827
514475,515828
514475,515829
514475,515830
514475,515831
514475,515832
514475,515833
514475,515834
514475,515067
514475,515835
514475,515836
514475,515837
514475,515838
514475,515839
514475,515840
514475,515841
514475,515842
514475,515843
514475,515844
514475,515845
514475,515846
514475,515052
514475,515053
514475,515847
514475,515848
514475,515849
514475,515850
514475,515054
514475,515851
514475,515852
514475,515853
514475,515854
514475,515855
514475,515056
514475,515856
514475,515857
514475,515858
514475,515859
514475,515860
514475,515861
514475,515048
514475,515862
514475,515863
514475,515864
514475,515670
514475,515865
514475,515866
514475,515867
514475,515868
514475,515869
514475,515049
514475,515870
514475,515871
514475,515872
514475,515873
514475,515874
514475,515875
514475,515876
514475,515877
514475,515878
514475,515050
514475,515879
514475,515880
514475,515881
514475,515882
514475,515883
514475,515884
514475,515885
514475,515886
514475,515887
514475,515888
514475,515889
514475,515890
514475,515018
514475,515891
514475,515892
514475,515893
514475,515894
514475,515895
514475,515317
514475,515020
514475,515728
514475,515896
514475,515897
514475,515898
514475,515899
514475,515900
514475,515901
514475,515902
514475,515721
514475,515903
514475,515904
514475,515905
514475,515906
514475,515907
514475,515908
514475,515909
514475,515910
514475,515911
514475,515912
514475,515913
514475,515914
514475,515915
514475,515916
514475,515917
514475,515041
514475,515918
514475,515919
514475,515040
514475,515920
514475,515921
514475,515922
514475,515923
514475,515924
514475,515925
514475,515926
514475,515927
514475,515928
514475,515016
514475,515929
514475,514968
514475,515930
514475,515931
515344,515932
515344,515933
515344,515934
515344,515935
515344,515936
515344,515937
515344,515938
515344,515939
515344,515940
515344,515941
515344,515942
515344,515943
515344,515944
515344,515945
515344,515946
515344,515947
515344,515948
515344,515949
515344,515950
515344,515951
515344,515952
515344,515953
515344,515954
515344,515955
515344,515956
515344,515957
515344,515958
515344,515959
515344,515960
515344,515961
515344,515962
515344,515963
515344,515964
515344,515965
515344,515966
515344,515967
515344,515968
515344,515969
515344,515970
515344,515971
515344,515972
515344,515973
515344,515974
515344,515975
515344,515976
515344,515977
515344,515978
515344,515979
515344,515980
515344,515981
515344,515982
515344,515983
515344,515984
515344,515985
515344,515986
515344,515987
515344,515988
515344,515989
515344,515990
515344,515991
515344,515992
515344,515993
515344,515994
515344,515995
515344,515996
515344,515344
515344,515997
515344,515998
515344,515999
515344,516000
515344,516001
515344,516002
515344,515728
515344,516003
515344,516004
515344,516005
515344,516006
515344,516007
515344,516008
515344,516009
515344,516010
515344,516011
515344,516012
515344,516013
515344,516014
515344,516015
515344,516016
515344,516017
515344,516018
515344,516019
515344,516020
515344,516021
515344,516022
515344,516023
515344,516024
515344,516025
515344,516026
515344,516027
515344,516028
515344,516029
515344,516030
515344,516031
515344,516032
515344,516033
515344,516034
515344,516035
515344,516036
515344,516037
515344,516038
515344,516039
515134,516040
515134,516041
515134,514915
515134,516042
515134,515703
515134,514925
515134,515241
515134,514969
515134,516043
515134,515000
515134,516044
515134,515003
514523,516045
514523,516046
514523,516047
514730,515177
514730,515669
514730,514905
514730,514730
514730,514782
514730,515670
514730,515034
514730,515035
515134,515305
515134,516048
515134,515005
515134,516049
514475,516050
514475,516051
514475,516052
514475,516053
514475,516054
514475,516055
514475,516056
514475,516057
514475,516058
514475,516059
514475,516060
514730,515038
515124,514475
515134,515738
515134,515008
515134,515009
515134,514631
515134,514676
515134,514652
515134,516061
515134,514743
515134,516062
515134,515771
515134,516063
515134,515200
515344,516064
514730,515107
514730,515698
516065,516066
516067,514612
516068,514915
516069,515267
515344,516070
515344,516071
515344,516072
515344,516073
515344,516074
515344,516075
515344,516076
515344,516077
515344,516078
515344,516079
515344,516080
515344,516081
515344,516082
515344,516083
515344,516084
515344,516085
515344,516086
515344,516087
515344,516088
516089,516090
516089,515215
515107,516091
516092,515883
514801,515263
514801,515341
514801,515339
514801,514474
514801,515371
514801,515372
515854,516093
515854,514590
515854,514812
515854,514885
515854,514777
514730,514945
515854,515670
515854,516094
515854,515086
515854,516095
515854,514929
515794,515260
516096,515270
516097,514945
516098,516099
516092,516100
516092,516101
516092,516102
515854,515854
514915,514727
514915,516103
514915,514722
515849,516104
515849,516105
515849,515097
515849,516106
515849,516107
515849,516108
515849,515108
515849,516109
515849,515109
515849,516110
515849,515087
515849,515085
515849,515072
515849,516111
515849,515080
515849,516112
515849,515083
515849,516113
515849,514944
515849,516114
515849,516115
515849,516116
515849,516117
515849,515092
515849,516118
515849,515090
515849,516119
515849,514767
515849,514770
515849,516120
515849,516121
515849,515049
515849,515873
515849,515876
515849,516122
515849,515055
515849,515056
515849,516123
515849,515041
515849,515920
515849,515926
515849,515017
515849,515018
515849,515019
515849,516124
515849,516125
515849,515029
515849,515032
515849,515033
515849,515046
515849,516126
515849,516127
515849,516128
515849,516129
515849,516130
515849,516131
515849,516132
515849,514991
515849,516133
515849,516134
515849,516135
515849,516136
515849,516137
516117,516138
516117,514695
516117,516139
516117,515873
516140,514570
516140,516141
516140,515049
516140,515090
516140,515064
516140,516117
516140,514963
516140,516142
516136,516143
516144,516145
515849,516146
515849,516147
515849,516148
515849,516149
515849,516150
515849,514956
515849,514958
515849,516151
515849,516152
515849,516153
515849,516154
515849,516155
515849,516156
515849,516157
515849,516158
515849,514791
515849,516140
515849,514941
515849,516159
515849,516160
515849,516161
515849,514939
515849,516162
515849,516163
515849,516164
515849,516165
515849,516166
515849,514933
515849,514963
515849,514790
515849,514717
515849,516167
515055,515080
515055,516112
515055,515083
515055,516113
515055,514944
515055,516115
515055,516116
515055,516117
515055,516150
515055,514956
515055,514958
515055,516151
515055,516155
515055,516157
515055,516158
515055,516140
515055,514963
515055,514941
515055,514939
515055,516162
515055,516163
515055,516165
515055,516166
515055,516111
515055,515072
515055,515085
515055,515087
515055,515055
515055,515056
515055,515041
515055,515920
515055,515926
515055,515017
515055,515018
515055,515019
515055,516125
515055,515029
515055,515032
515055,514933
515055,515033
515055,515090
515055,515092
515055,516104
515055,516105
515055,515097
515055,516106
515055,516107
515055,515108
515055,516109
515055,515109
515055,516110
515055,515046
516168,516169
515055,516147
515055,516131
515849,514570
515849,516170
515849,515321
515849,514837
515849,516171
515849,516172
515849,516173
515849,516174
515849,516175
515849,516176
515849,516177
515849,516178
515849,514891
515849,516141
515849,514901
515849,516179
515849,516180
515849,514904
515849,516181
515849,514722
515849,516182
515849,514727
515849,516183
515849,514498
515849,516184
515849,514489
515849,514487
515055,514991
515055,516133
515055,516134
515055,516135
515055,516136
515849,516185
515849,516186
515849,516187
515849,515168
515849,516188
515849,516189
515055,516130
515849,516190
515849,516191
515849,516192
515849,516139
515849,516143
515849,516193
515849,516194
515849,516195
515849,516196
515849,514651
515849,516197
515849,516198
515849,515135
514819,516199
514819,514600
514819,514688
515341,515264
515341,514474
515341,515371
515341,515372
514474,516200
514474,516201
514474,516202
514474,516203
514474,515138
514474,515199
514474,515196
514474,515176
514474,516204
514474,515333
514474,516205
514474,516206
514474,514675
514474,514685
514474,515340
514474,516207
514474,515374
514474,514565
514474,514548
515341,516208
515341,516209
515341,516210
515341,515263
516211,515371
516211,515372
516211,516212
515374,516213
515374,515372
515374,515373
514473,516208
514473,515341
514473,515371
514473,515333
514473,516207
514474,514818
514473,515374
514473,516210
514473,516209
514473,515264
514473,515372
514473,516214
515341,515333
515341,516215
515341,516207
515341,515374
515341,514473
515341,516216
514473,515263
516211,514474
514474,514823
514474,514826
514474,516208
514474,516217
514474,515004
514474,516218
514474,515341
514474,516219
514474,515264
514474,514980
514474,516220
514474,516221
514474,516222
514474,516223
514474,515339
514474,516224
514474,516225
514474,515343
514474,515371
514474,515372
514474,516226
514474,516227
514474,516228
514474,516229
514474,516230
514474,516231
514474,516232
514474,516209
514474,516233
514474,514883
514474,514473
514474,514801
514474,516234
514474,516235
514474,515919
514474,516236
514474,515308
514474,515779
514474,516237
514474,516238
514474,516239
514474,516240
514474,516241
514474,516242
514474,516243
514474,516244
514474,516245
514474,516246
514474,516247
514474,515263
514474,516248
514474,516210
514474,516249
514474,516250
515055,515849
516211,515264
516211,516208
516251,516252
516251,516253
516251,516254
516251,516255
516251,516256
516251,516257
516251,515457
516251,516258
516251,516259
516251,516260
514978,516261
514978,514977
514978,514980
514978,514915
516262,515387
516262,516263
516262,516264
516262,516265
516262,516266
516262,516267
516268,516094
516269,516270
516270,516271
516251,516272
516251,516273
516251,516274
516275,515035
514819,514812
514819,516276
514819,514777
514819,516277
514819,515050
514819,516094
514819,515660
514819,516278
514819,516279
514819,515065
514819,515077
516280,516094
514819,516281
514819,516282
514819,514931
514819,514990
514819,516283
514688,516284
515660,515305
515077,515077
515077,516285
515077,516286
516281,514688
515886,515035
514819,516287
516211,515341
516288,515391
516288,516289
516290,516291
516290,516292
516290,516293
516290,516294
516290,516295
516290,516296
516290,516297
516290,516298
516290,516299
516211,516300
516211,515333
516211,516301
516211,516207
516211,515374
516211,516211
516211,514473
516211,516235
516211,516302
516211,516216
516211,515263
516211,516303
516211,516210
516211,516209
516290,516304
516290,516305
516290,514664
516290,516306
515636,515579
515636,515589
515636,516307
515636,515713
515305,516061
515305,515245
515305,514614
515305,516308
515305,514910
515305,516309
515305,516310
516288,516311
515305,516312
515305,516313
515305,516314
515305,515321
515305,516063
515305,514987
516061,515305
516061,515245
516290,516315
516290,516316
516290,516317
516290,516318
515305,516319
514474,515373
515055,515876
515055,516121
516320,516321
516320,516322
516320,516323
516320,516324
515267,515674
515267,515268
515633,515253
515633,515553
515633,515557
515633,515260
515633,515409
515633,516325
516326,515385
516326,516327
515385,516328
515385,516308
515385,516329
515385,516330
515385,515384
515385,515677
515385,516331
515385,516332
516327,516333
516320,516334
516327,515385
516320,516335
516320,516336
516337,516338
516337,516339
516337,516340
516337,516341
516337,516342
516337,516343
516337,514960
516337,516344
516337,516345
516337,516346
516337,516347
516337,516348
516337,516349
516337,516350
516337,515930
516337,514731
516320,516351
516320,516352
516320,516353
516320,516354
516320,516355
516320,516356
516320,515267
516320,516357
516327,516358
515260,514834
515260,515253
516359,516360
516359,515309
516359,516361
516359,516359
516359,516362
516359,514920
516359,514921
516359,516363
516359,516364
516359,516365
515143,514870
515043,516366
515044,515043
515044,516367
515020,515295
515020,515143
515020,514612
515020,514658
515020,516368
515020,516369
515020,514546
515020,515043
515020,515044
516359,515096
516359,516370
516359,515788
516359,515400
515260,514768
515260,515913
515260,515409
515260,516063
515260,516319
515260,516371
515260,515305
515260,515235
515260,516117
515260,515633
515260,516372
516337,516373
515260,515688
516359,515143
516359,514612
516359,514658
516359,516368
516359,516369
516359,514546
516359,515043
516359,515044
516359,515670
516359,515884
516359,515020
516359,515295
516337,516374
516337,516375
516337,514785
516376,516377
516376,516378
516376,516379
516376,516380
516376,516381
516376,516382
516376,516383
516376,516384
516376,516385
516376,516386
516376,516387
516376,516388
516376,516389
516376,516390
516376,516391
516376,516392
516376,516393
516376,516394
516376,516395
516376,516396
516376,516397
516376,516398
515253,516399
516376,516400
516376,516401
516376,516402
516376,516403
516404,516405
516406,516407
516406,516408
516409,516410
516409,516411
516376,516412
516376,516413
516376,516414
516376,515412
516376,516415
516376,516416
515253,516417
516376,516418
516376,516419
516376,516420
516376,516421
516376,516422
516376,516423
516376,516424
516376,514757
516376,516425
516376,516426
516376,516427
516376,516428
516376,516429
515020,515670
515253,515633
515253,516430
516431,516432
516431,516433
516431,516434
516431,516337
516431,516431
516431,516435
516337,516436
516337,516437
516337,516438
516337,516439
516337,516440
516337,515191
516337,516441
516337,516442
516337,516443
516337,516444
516337,516445
516337,516446
516337,516447
516337,516448
516337,516449
516337,516450
516337,516451
516431,516452
516431,516453
516431,516454
516431,516455
515253,515557
515253,516456
515253,515260
515253,515576
515253,516457
515253,515626
515253,515255
515253,516458
515253,516459
515253,516460
515253,516461
515253,516462
515253,516463
515253,516464
515253,515553
515253,516465
516399,515709
516399,514822
516399,516466
516399,515607
516399,516467
516399,516468
516399,514985
516431,516469
515253,516288
515020,515884
515020,515020
515020,515400
516470,515314
516471,516472
515222,514990
514990,515322
515561,516473
515561,516474
515561,516475
515561,516476
515561,516477
515561,515718
515561,516478
515561,516479
515561,516480
515561,515568
515561,516481
515561,516482
515561,516483
515561,515785
515561,515561
515561,516484
515561,516485
515561,516486
515561,516487
515619,515642
515619,515641
515619,515628
515619,515565
515372,516488
515372,516489
515372,516490
515372,516491
515372,516492
515372,516493
515372,514976
515372,516494
515372,516495
515372,516496
515372,516497
515561,516498
515372,516499
515372,516500
515372,516501
515372,516502
516503,516504
516503,515105
516503,516505
516506,516507
515628,515619
515619,515582
515619,515593
515619,515570
515372,515374
515372,516508
515561,516509
515561,516510
515055,516184
515055,514498
515055,514570
515055,516170
515055,516171
515055,516173
515055,516174
515055,516176
515055,516177
515055,516178
515055,514891
515055,516141
515055,516179
515055,516180
515055,514904
515055,514722
515055,516182
515055,514727
515055,516183
515055,514717
515055,514790
515055,514791
515055,514770
515055,514489
515055,514487
515055,516198
515055,516197
515561,516511
515561,516512
515561,516513
516474,515549
516474,516514
516474,516515
516516,516516
516141,515018
515018,516517
516518,516519
516518,516520
515561,516521
516522,515387
515055,516186
515055,515168
515055,516188
515055,516189
515055,516190
515055,516191
515055,516192
515055,516143
515055,516193
515055,516195
515055,516196
515055,516185
515055,515049
515372,516523
515372,514474
516524,515882
516524,516045
516524,515317
516524,516525
516524,516526
516524,516466
516524,516527
516524,516528
516524,516529
516524,516530
516524,516531
516524,516532
516524,516042
516524,515607
516524,515649
516524,516372
516524,516533
516524,516468
514822,516534
514822,516535
515882,515412
515882,516045
516045,514743
516524,514743
516524,514822
516524,514584
516524,516455
515020,515788
515020,516370
515020,515096
515020,516360
515020,515309
515020,516361
515020,516359
515020,516362
515020,514920
515020,514921
515020,516363
516045,515882
515020,516364
515788,515802
515788,516063
516365,516536
515576,515253
515576,515409
515576,515553
515576,515260
516458,515253
516458,516463
516537,516538
516539,515726
515020,516365
515372,516540
516045,516042
516529,516541
515035,515044
515035,516542
516543,516543
516544,516545
516546,516547
516548,515387
515387,516063
515387,516522
516549,514722
516549,516104
516549,516107
516549,516163
516549,516130
516550,516551
516550,516552
516550,515372
516550,516550
515372,516553
515372,516550
515372,516554
515372,515402
515372,516555
515372,515339
515897,515035
516556,516143
516557,516337
516557,515270
516529,516558
516529,516528
516529,516372
516042,515882
516042,516045
515607,516559
515607,516560
516561,515688
516562,516563
516564,516565
516564,516566
516529,516567
516564,516568
516564,516569
516564,516570
516564,516571
516448,516337
516572,515738
516573,515726
516574,516575
516576,516094
516094,516577
516094,516268
516094,516280
516564,516578
516579,515372
514474,516580
514474,516581
515254,515255
515254,516582
515254,516461
515254,516583
515254,516584
515254,516585
515254,516463
515254,514985
515254,516586
515254,515409
515254,516430
515254,516587
515254,516588
515254,516589
515254,516590
515254,516325
515254,514984
515254,516591
515254,515572
515254,516592
515254,516593
515254,516594
515254,516595
515254,516596
515254,516597
515254,516598
515254,516599
515254,515709
515254,516600
515254,516601
515254,516464
515254,516190
515254,516602
515254,516603
515254,516604
515254,516605
515254,516606
515254,516607
515254,516608
515254,516609
515254,516610
515254,516399
515254,516611
515254,515646
515254,515253
515254,515576
515254,515577
515254,516612
515254,516613
515254,516614
515254,515254
515254,516615
515254,516616
515254,515553
515254,516617
515254,516467
515254,516618
515254,516462
515254,515261
515254,515618
515254,516619
515254,515601
515254,516460
515254,516620
515254,516417
515254,516621
515254,516244
515254,516622
516464,515260
516608,516623
516608,516399
516608,515253
516608,516583
516608,515589
516608,516325
516608,516624
516608,515553
515254,516625
515254,516626
515254,515633
515254,516627
515254,516628
515254,515555
515254,515557
515254,516629
515254,516630
515254,516288
515254,516631
515254,516632
515254,516633
515254,515410
515254,516634
515254,516635
515254,516636
515254,516637
515254,516458
515254,516638
515254,516459
515254,516639
515254,515260
515254,516640
515254,516641
515254,515629
515254,516642
515254,515272
515254,516643
516644,516645
516646,515385
516646,516647
516648,516649
516648,516650
516648,516651
516648,516652
516648,516653
516648,516531
516648,516654
516648,516655
516648,516656
516648,516657
516648,516658
516648,516659
516660,516143
514910,514892
514910,516063
514910,515305
516063,514768
516063,515305
516063,515387
516661,515688
516148,516364
516662,516663
516662,516664
516648,516665
516648,516666
516648,516667
516648,516668
515252,515251
515252,515253
515252,515254
515252,515255
515252,515250
515252,514985
515252,514984
515252,515256
515252,515257
515252,515258
515252,515259
516662,515713
515252,515260
515252,515261
514870,514805
514870,514793
514870,516278
514870,516669
516648,516670
516648,516671
516648,516672
516648,516673
516648,516674
516648,516675
515252,515272
516608,516676
516662,516677
516662,516678
516662,516679
516662,515636
516662,514986
516680,515713
516680,516681
516680,516307
516680,516682
516680,516683
516680,516684
516680,516473
516680,516685
516680,516686
516680,516687
516680,515554
516680,516688
516680,516689
516680,516690
516680,516691
516680,516692
516680,515619
516680,516693
516680,516680
516694,514688
516662,516682
516662,516680
516662,516695
516662,515599
516662,515579
516662,516307
516662,515910
516662,516696
516662,516697
516662,516683
516662,516698
516662,515549
516662,516662
516662,516686
516662,516687
516662,515718
516662,516699
516662,516700
516662,516701
516662,516702
516662,515568
516662,516688
516662,515621
516662,515624
516662,516690
516662,515635
516662,515619
516662,516703
516662,515554
516608,515260
516608,516467
516584,515253
514915,514768
514915,516704
514915,515913
514915,516062
514915,515771
514915,515409
514915,516063
514915,516319
514915,515688
514915,516705
514915,516706
514915,516371
514915,515305
514915,515235
514915,516707
514915,516040
514915,516041
514915,515239
514915,514978
514915,515632
514915,515639
514915,515245
514915,514478
514915,516708
514915,515387
514915,514834
514915,516709
516710,516711
516711,516711
515610,515611
515610,515612
515610,515338
515610,515608
515610,515609
515610,515258
515610,515613
514915,516712
514915,516713
514915,516714
514915,516314
514915,516715
514915,516068
514915,516716
514915,516717
514915,516718
514915,515011
514915,514987
514915,516719
514915,516720
514915,515200
514915,515738
514915,516721
516722,516723
514915,516724
514915,515292
514915,516725
514915,514489
514915,516726
514915,514495
514915,516184
514915,514558
514915,514570
514915,514580
514915,514530
514915,514532
514915,514537
514915,514693
514915,514842
514915,516176
514915,514819
514915,514891
514915,516141
514915,514905
514915,515323
514915,516727
514915,514873
514915,514881
514915,514857
514915,516198
514915,514483
514915,516728
514915,514508
514915,515295
514915,516729
514915,516730
514915,515166
514915,516731
514915,515124
514915,516732
514915,516733
514915,516143
514915,516193
514915,515185
514915,515280
514915,515191
514915,514612
514915,514609
514915,514590
514915,514676
514915,516734
514915,514665
514915,516735
514915,514640
514915,516736
514915,514583
514915,514505
514915,516737
516738,515385
516739,515372
516740,515372
516586,515338
516586,516741
516325,516608
516325,515253
516325,516583
516325,515553
516593,515260
516630,516742
516630,515260
516630,516743
516620,516744
516620,515338
516620,515255
516744,516745
516744,515338
516744,516620
514935,514658
516746,516747
516746,516748
516746,516471
516749,515688
516312,516319
516312,515305
516586,516401
516586,516422
514985,516750
514985,515260
516584,516751
516584,516752
516584,516753
516584,516592
516584,516636
516584,515260
516584,516142
516584,515646
516584,515255
516584,515557
516584,516754
516755,516578
516584,516756
514985,514984
514985,514970
514985,515250
514985,516399
514985,515254
514985,515391
514985,514973
514985,514977
514985,515215
514985,515246
514985,515253
516584,516642
516757,516758
515680,515688
516759,516759
516760,515270
516478,515718
516478,516479
516478,516480
516478,515561
516478,515568
516478,516475
516761,516762
516763,516764
516763,515738
516763,516765
516763,515035
516763,516766
516763,515067
516763,516767
516763,515073
516763,514964
516763,514965
516768,516762
516740,514883
516740,516430
516740,516769
516740,515263
516760,516770
516760,516760
516436,516337
515617,516771
516759,515594
516759,515586
516759,516772
516759,516773
516759,516700
516759,516774
516759,515632
516759,516775
516759,516776
516777,514570
516778,515264
516759,515711
516778,515371
516554,515372
516779,516780
516779,516781
516782,514768
516782,514978
516555,515372
515617,516783
515617,516784
515617,516785
515617,515632
515617,516786
516778,516787
514474,516788
516617,515260
516789,516790
516791,516792
516793,516794
516793,516795
516795,516794
516795,516793
516796,516797
516796,516798
516796,516490
516796,514805
516796,516799
516796,516800
516796,515263
516796,516801
516796,516802
516796,516803
516796,516804
516796,515371
516796,515372
516796,516805
516677,516677
516677,516806
516677,516807
516677,515549
516791,515704
516677,515562
516791,516808
516791,516809
516810,514793
514793,516811
514793,514870
514793,516669
514793,516090
515249,514978
516812,516704
516704,515252
516704,516812
516704,516813
516704,516814
516704,516815
516816,516730
516687,516817
514948,516818
514948,516819
516818,516820
516818,514948
516821,516822
516791,514834
516791,515049
516791,515721
516791,516823
516791,516824
516677,516825
516677,516748
516677,515619
515559,516826
515559,514501
515559,516827
515559,516677
515559,516828
515559,515718
515559,515719
515559,516829
515559,515697
515559,515595
515559,514893
515559,516830
515559,516831
515559,515575
515559,516832
515559,516833
515559,516834
515559,516835
515559,516836
515559,516837
515559,516307
515559,515581
515559,515582
515559,516838
515559,516839
515559,516840
515559,515714
516748,515549
516748,516687
516748,516841
516748,516514
516748,516748
516748,516515
516748,515642
516748,516842
516843,516844
516843,516845
516846,516847
516848,516849
516846,515549
516846,516850
516846,515564
516846,516851
516846,515598
516846,516852
515559,516853
515559,516854
515559,516855
515559,516856
515559,516857
515559,516858
516846,515559
516848,516859
516848,516860
516848,516861
516862,516863
516862,515253
516862,516864
516862,514709
516862,516865
516862,516866
516862,515409
516862,515060
516862,516867
516862,515555
516862,516868
516862,516869
516862,516870
516862,516871
516862,516872
516862,516873
516862,515260
516862,516641
516862,516741
516862,516874
515555,515260
516873,515409
516873,515260
516862,516875
516862,516876
516862,516877
515553,514768
515371,515264
515371,516878
515371,516778
515371,515333
515371,516207
515371,515374
515371,514473
515371,515263
515371,516210
515371,516209
515371,516208
516741,516422
515371,515341
515371,516214
516879,516514
516879,516515
516879,516879
516514,516880
515409,516881
515409,515260
515409,515576
515409,514915
515553,515260
515553,516882
515371,515372
515559,516883
516741,516866
516254,516273
516848,516884
516848,516885
516848,516886
516848,516887
516848,516888
516848,516889
516848,516890
516848,516891
516848,516892
516848,516893
516848,514944
516848,516894
516848,516895
516848,516896
516848,516897
516848,516898
516848,516899
516848,516900
516848,516901
516848,516902
516848,516903
516848,516904
516848,516905
516848,516906
516848,516907
516848,516908
516848,516909
516254,516910
516254,516251
516254,516272
516848,516911
516848,516912
516848,516913
516848,516914
516848,516915
516848,516916
516848,516917
516848,516918
516741,515338
516848,516919
516848,516920
516848,516921
516848,516922
516848,516923
516848,516924
516848,516925
516848,516926
516848,516927
516848,516928
516848,516929
516848,516930
516848,516931
515559,515910
515559,516932
515559,516933
515632,516934
515632,516935
515632,515594
515632,516772
515632,516936
515632,516785
515632,516937
515632,516938
515632,516783
515632,516939
515632,515617
515632,514986
516940,515688
516940,516882
516099,515058
516099,516941
516099,516942
516099,514584
516099,516528
516366,516943
516311,515391
515391,515679
515391,516944
515632,515647
515632,516945
515593,515619
516933,516946
516933,516933
516933,516807
516933,515785
516933,515570
516933,515549
516933,516947
516933,516687
516933,516841
516933,515561
516933,516948
516933,516514
515391,516949
516933,516748
516933,516515
516933,516950
516933,515624
516933,515635
516933,515636
516933,516783
516933,515642
516933,515643
516933,516477
516933,516842
516933,515617
516933,516951
516933,515575
516553,515372
516643,515215
514995,514484
514995,516369
514995,514852
514995,515400
514995,515788
514995,516370
514995,516952
514995,516953
514995,515082
514995,516954
514995,516955
514995,516362
514995,514920
514995,515401
514995,516364
514995,516365
514995,514612
514995,516368
514995,515043
514995,515044
514995,516956
514995,516363
514995,516957
514995,514658
514995,515143
516958,516959
516958,516960
516643,516090
516643,516459
516643,515629
516090,516961
516090,515215
516090,516643
516090,516089
516090,515246
516090,516962
516090,514793
516090,516963
516964,516762
516090,516965
516958,516966
516958,516967
516958,516968
516958,516969
516958,516970
516958,516971
516958,516972
516958,516973
516958,516974
516958,516975
516958,516976
516977,515305
516789,516978
516933,516518
516933,516979
515559,516841
515559,515561
515559,515562
515559,516514
515559,515564
515559,516980
515559,515565
515559,515567
515559,516981
515559,515568
515559,516748
515559,516982
515559,516951
515559,516983
515559,516984
515559,516515
515559,516985
515559,516986
515559,516987
515559,516988
515559,515624
515559,516690
515559,516879
515559,516989
515559,515558
515559,516990
515559,516991
515559,516992
515559,515587
515559,515590
515559,516993
515559,516994
515559,516995
515559,516481
515559,516683
515559,515593
515559,516996
515559,516997
515559,515630
515559,515570
515559,515548
515559,516998
515559,516698
515559,516999
515559,517000
515559,515549
515559,517001
515559,517002
515559,515551
515559,515552
515559,516687
515559,517003
516933,514563
515559,515632
515559,517004
516833,515575
516833,517005
516833,517006
516833,515711
516833,517007
516833,515627
516833,516645
515582,517008
515582,515570
515582,515548
515582,515549
515582,515558
515582,515567
515582,515583
515582,515628
515582,515641
515582,515642
515582,515600
516933,517009
516933,516520
516933,517010
516933,517011
516933,516856
516833,516644
516500,515372
515559,517012
515559,515621
515559,517013
515559,515635
515559,515636
515559,517014
515559,517015
515559,517016
515559,516783
515559,515641
515559,515642
515559,515643
515559,517017
515559,517018
515559,517019
515559,515598
515559,517020
515559,515600
515559,516842
515559,517021
515559,515602
515559,517022
515559,517023
515559,517024
515559,515603
515559,515559
515559,517025
517026,515688
514915,517027
