521012,521013
521014,521015
521014,521016
521012,521017
521014,521018
521019,521020
521019,521021
521012,521022
521023,521024
521014,521025
521026,521027
521026,521028
521026,521029
521026,521030
521026,521031
521026,521032
521026,521033
521026,521034
521026,521035
521026,521036
521026,521037
521026,521038
521026,521039
521026,521040
521012,521041
521012,521042
521012,521043
521012,521044
521012,521045
521012,521046
521047,521048
521012,521049
521012,521050
521012,521051
521012,521052
521012,521053
521012,521054
521012,521055
521012,521056
521012,521057
521012,521058
521012,521059
521012,521060
521012,521061
521012,521062
521012,521063
521012,521064
521012,521065
521012,521066
521012,521067
521012,521068
521012,521069
521012,521070
521071,521072
521073,521074
521075,521076
521073,521077
521073,521078
521073,521079
521073,521080
521073,521081
521073,521082
521073,521083
521073,521084
521073,521085
521073,521086
521087,521076
521088,521089
521090,521091
521092,521093
521092,521059
521094,521095
521096,521097
521096,521098
521096,521099
521096,521096
521100,521101
521102,521103
521104,521105
521106,521107
521106,521108
521073,521109
521073,521110
521073,521111
521073,521112
521113,521018
521114,521115
521116,521117
521118,521119
521120,521059
521121,521122
521123,521124
521123,521125
521123,521123
521123,521126
521123,521127
521128,521129
521075,521130
521128,521131
521132,521025
521132,521014
521133,521134
521133,521135
521136,521137
521138,521139
521138,521140
521141,521142
521143,521144
521073,521145
521073,521146
521073,521147
521132,521148
521149,521150
521151,521152
521153,521154
521151,521155
521151,521156
521151,521157
521151,521158
521151,521159
521151,521160
521151,521161
521151,521162
521151,521163
521151,521164
521151,521165
521151,521166
521151,521167
521151,521168
521151,521169
521151,521170
521151,521171
521151,521172
521151,521173
521151,521174
521151,521175
521151,521176
521151,521177
521151,521178
521151,521179
521151,521180
521151,521181
521151,521182
521151,521183
521184,521185
521106,521186
521184,521187
521184,521188
521184,521189
521184,521190
521191,521119
521192,521193
521192,521115
521192,521194
521192,521195
521192,521144
521192,521196
521192,521197
521192,521198
521192,521199
521200,521201
521200,521202
521200,521203
521200,521204
521205,521206
521151,521207
521151,521208
521151,521209
521151,521210
521151,521211
521151,521212
521151,521213
521151,521214
521151,521215
521151,521216
521151,521217
521151,521218
521151,521219
521151,521220
521221,521066
521222,521223
521224,521225
521226,521226
521226,521115
521226,521194
521226,521195
521227,521228
521227,521229
521227,521230
521227,521231
521153,521232
521153,521233
521153,521234
521153,521235
521153,521024
521153,521236
521153,521013
521153,521237
521151,521238
521151,521239
521151,521240
521151,521241
521151,521242
521151,521243
521151,521244
521151,521245
521151,521246
521151,521247
521151,521248
521151,521249
521151,521250
521151,521251
521151,521252
521151,521253
521153,521254
521151,521255
521151,521256
521151,521257
521151,521258
521151,521259
521151,521260
521151,521261
521151,521262
521151,521263
521151,521264
521151,521265
521151,521266
521151,521267
521151,521268
521106,521269
521270,521271
521106,521272
521273,521274
521275,521276
521275,521277
521275,521101
521276,521275
521276,521101
521278,521279
521280,521281
521282,521283
521282,521284
521285,521286
521285,521287
521285,521288
521285,521289
521285,521042
521285,521066
521285,521290
521285,521291
521285,521292
521285,521293
521285,521294
521285,521015
521295,521296
521295,521297
521295,521298
521270,521299
521295,521300
521270,521301
521270,521302
521270,521303
521270,521304
521270,521305
521270,521306
521270,521307
521270,521308
521270,521309
521270,521310
521270,521311
521270,521312
521270,521313
521270,521314
521270,521315
521270,521316
521270,521317
521270,521103
521270,521318
521270,521319
521270,521320
521270,521321
521270,521322
521270,521197
521270,521323
521270,521324
521270,521325
521270,521326
521270,521327
521328,521286
521328,521289
521329,521330
521331,521332
521331,521101
521333,521334
521335,521336
521335,521337
521335,521338
521335,521339
521335,521340
521335,521341
521335,521342
521335,521343
521344,521345
521346,521347
521348,521349
521348,521350
521351,521103
521352,521232
521352,521353
521352,521354
521352,521355
521356,521059
521357,521059
521358,521359
521184,521360
521361,521119
521328,521362
521361,521363
521364,521070
521328,521042
521328,521365
521328,521366
521328,521367
521328,521066
521328,521292
521328,521293
521328,521368
521369,521370
521369,521371
521369,521372
521369,521373
521370,521374
521370,521372
521375,521206
521364,521376
521364,521377
521364,521137
521364,521378
521364,521379
521364,521380
521364,521364
521364,521059
521364,521381
521364,521065
521364,521382
521106,521383
521270,521384
521270,521385
521386,521387
521386,521388
521386,521389
521386,521227
521270,521390
521270,521232
521270,521391
521270,521392
521270,521393
521270,521394
521270,521395
521270,521396
521270,521397
521270,521398
521270,521399
521270,521400
521270,521401
521270,521402
521270,521403
521270,521404
521270,521405
521270,521406
521270,521407
521270,521148
521270,521408
521386,521409
521270,521410
521386,521231
521411,521412
521106,521413
521106,521414
521106,521415
521106,521416
521106,521417
521106,521418
521106,521419
521106,521420
521106,521421
521106,521422
521106,521423
521106,521424
521106,521425
521106,521426
521106,521427
521106,521428
521411,521386
521411,521429
521411,521430
521411,521431
521411,521432
521411,521433
521411,521434
521411,521435
521411,521436
521411,521140
521270,521437
521270,521438
521270,521439
521270,521440
521270,521441
521270,521442
521270,521443
521270,521444
521270,521445
521270,521446
521270,521447
521270,521025
521270,521448
521270,521449
521270,521450
521270,521451
521270,521452
521270,521453
521270,521454
521270,521455
521270,521456
521270,521457
521270,521016
521270,521458
521270,521372
521270,521459
521270,521460
521270,521461
521270,521462
521270,521463
521270,521464
521270,521465
521270,521466
521270,521467
521270,521468
521270,521270
521270,521018
521270,521469
521270,521470
521270,521194
521270,521471
521270,521354
521270,521472
521270,521473
521270,521474
521270,521475
521270,521144
521270,521476
521270,521477
521270,521478
521270,521479
521270,521480
521270,521481
521270,521482
521270,521483
521270,521484
521270,521485
521270,521486
521184,521039
521283,521487
521184,521041
521488,521489
521488,521490
521488,521491
521488,521492
521488,521493
521488,521494
521495,521101
521495,521496
521495,521497
521495,521498
521323,521400
521488,521499
521381,521070
521381,521500
521381,521061
521381,521059
521381,521049
521381,521065
521501,521502
521501,521503
521504,521020
521504,521505
521504,521506
521504,521507
521381,521508
521488,521509
521488,521510
521488,521511
521488,521512
521488,521513
521488,521514
521488,521515
521488,521516
521488,521517
521488,521518
521488,521519
521488,521520
521488,521521
521488,521522
521488,521523
521488,521524
521488,521525
521488,521526
521488,521527
521488,521528
521488,521529
521488,521530
521488,521531
521488,521532
521488,521533
521488,521534
521488,521535
521488,521536
521504,521537
521504,521538
521504,521021
521504,521539
521046,521540
521046,521093
521541,521101
521374,521372
521542,521543
521542,521544
521542,521188
521542,521545
521542,521546
521542,521547
521542,521548
521542,521549
521542,521368
521542,521550
521542,521293
521542,521551
521542,521552
521542,521292
521542,521553
521542,521554
521542,521555
521542,521290
521542,521556
521542,521557
521542,521066
521046,521558
521488,521559
521046,521560
521561,521562
521504,521563
521504,521564
521565,521566
521565,521567
521568,521569
521568,521570
521568,521571
521568,521350
521568,521572
521568,521573
521568,521574
521568,521575
521568,521576
521568,521577
521568,521578
521568,521579
521568,521580
521568,521581
521568,521582
521568,521583
521561,521189
521561,521185
521561,521584
521561,521585
521561,521054
521046,521586
521488,521587
521488,521588
521488,521589
521590,521591
521590,521592
521590,521593
521590,521594
521595,521596
521595,521140
521595,521089
521595,521592
521343,521597
521343,521101
521343,521598
521343,521599
521343,521600
521598,521597
521598,521343
521598,521101
521598,521601
521598,521602
521603,521604
521603,521605
521603,521606
521607,521608
521140,521609
521140,521610
521140,521089
521590,521021
521140,521611
521590,521595
521590,521566
521612,521613
521612,521614
521612,521563
521612,521615
521612,521616
521612,521429
521612,521617
521612,521618
521612,521619
521612,521620
521612,521621
521612,521622
521623,521608
521624,521625
521626,521072
521627,521372
521628,521629
521630,521059
521631,521632
521631,521021
521590,521140
521590,521505
521590,521089
521590,521537
521590,521633
521590,521634
521542,521367
521140,521635
521140,521636
521637,521039
521637,521584
521637,521638
521637,521041
521637,521043
521637,521066
521637,521639
521637,521063
521637,521062
521637,521042
521637,521640
521637,521641
521637,521051
521637,521642
521637,521050
521637,521643
521644,521059
521488,521645
521488,521646
521488,521647
521488,521648
521488,521649
521488,521650
521488,521651
521488,521652
521062,521653
521140,521654
521062,521655
521656,521059
521140,521657
521140,521658
521140,521659
521140,521591
521140,521660
521140,521661
521140,521662
521140,521663
521140,521664
521140,521665
521140,521666
521140,521667
521140,521563
521140,521593
521140,521668
521140,521669
521140,521621
521140,521592
521670,521671
521672,521673
521674,521059
521675,521231
521675,521676
521675,521677
521678,521679
521680,521608
521612,521681
521542,521682
521542,521683
521684,521685
521684,521686
521684,521687
521684,521688
521684,521689
521684,521690
521684,521565
521684,521691
521684,521692
521684,521693
521684,521694
521684,521695
521684,521563
521684,521696
521684,521697
521684,521698
521684,521699
521684,521700
521684,521701
521684,521702
521684,521703
521684,521704
521684,521705
521684,521621
521684,521706
521684,521707
521684,521708
521684,521709
521684,521710
521684,521711
521684,521712
521684,521713
521684,521714
521684,521715
521684,521567
521684,521716
521684,521717
521684,521718
521684,521719
521684,521720
521684,521021
521684,521721
521684,521722
521684,521723
521684,521724
521684,521725
521684,521726
521684,521727
521684,521684
521684,521728
521684,521592
521684,521729
521684,521730
521684,521731
521684,521732
521684,521733
521734,521632
521735,521736
521735,521737
521735,521738
521735,521739
521735,521740
521735,521741
521735,521731
521735,521742
521735,521743
521735,521744
521735,521745
521735,521735
521735,521746
521747,521748
521747,521749
521747,521750
521747,521751
521747,521752
521747,521753
521747,521754
521747,521755
521747,521756
521747,521757
521747,521758
521747,521759
521735,521760
521684,521761
521735,521762
521735,521763
521734,521764
521734,521765
521734,521716
521734,521766
521734,521724
521734,521767
521734,521768
521735,521769
521735,521770
521735,521771
521735,521772
521735,521773
521735,521774
521735,521775
521735,521776
521735,521373
521735,521777
521735,521778
521735,521779
521735,521780
521735,521781
521735,521782
521735,521783
521735,521784
521735,521785
521735,521786
521684,521658
521684,521787
521684,521788
521542,521789
521790,521791
521790,521792
521791,521790
521793,521794
521795,521036
521795,521069
521795,521796
521795,521793
521797,521069
521037,521066
521037,521798
521037,521799
521037,521286
521443,521197
521443,521144
521443,521800
521801,521801
521679,521338
521679,521678
521802,521803
521802,521804
521802,521189
521802,521805
521802,521806
521542,521807
521802,521297
521542,521286
521542,521808
521542,521809
521542,521810
521542,521206
521542,521811
521542,521812
521542,521365
521542,521042
521542,521542
521542,521813
521542,521814
521542,521791
521542,521815
521542,521289
521542,521482
521542,521481
521542,521790
521542,521816
521542,521817
521542,521288
521542,521354
521542,521818
521542,521819
521542,521668
521542,521820
521542,521821
521542,521822
521542,521823
521802,521824
521802,521825
521826,521827
521826,521828
521829,521830
521831,521832
521833,521050
521834,521835
521684,521836
521684,521140
521684,521837
521684,521752
521684,521756
521684,521838
521684,521757
521684,521089
521684,521654
521684,521839
521684,521840
521684,521841
521684,521842
521684,521843
521684,521844
521684,521845
521684,521846
521684,521847
521684,521848
521826,521849
521802,521425
521826,521115
521850,521194
521802,521851
521802,521852
521802,521853
521802,521854
521802,521855
521802,521856
521802,521857
521802,521679
521802,521858
521802,521296
521802,521859
521802,521860
521802,521861
521089,521593
521862,521089
521862,521538
521862,521021
521862,521664
521862,521863
521633,521761
521633,521864
521633,521865
521866,521867
521868,521279
521850,521869
521850,521115
521184,521870
521612,521690
521612,521871
521872,521873
521872,521441
521872,521440
521872,521462
521872,521464
521872,521486
521872,521465
521872,521485
521872,521484
521872,521874
521872,521875
521872,521443
521872,521876
521872,521482
521872,521877
521872,521878
521872,521479
521872,521478
521872,521477
521872,521476
521872,521144
521872,521879
521872,521475
521872,521880
521872,521483
521872,521881
521872,521882
521872,521444
521872,521327
521872,521437
521872,521883
521872,521884
521872,521459
521872,521372
521872,521458
521872,521885
521872,521886
521872,521456
521872,521887
521872,521454
521872,521888
521872,521889
521872,521452
521872,521449
521872,521448
521872,521025
521872,521890
521872,521891
521872,521447
521872,521446
521872,521892
521872,521893
521872,521445
521872,521474
521872,521894
521872,521473
521872,521194
521872,521895
521872,521896
521897,521898
521897,521899
521897,521900
521897,521901
521897,521902
521897,521903
521897,521904
521897,521905
521897,521906
521897,521907
521897,521908
521897,521909
521910,521185
521910,521291
521910,521066
521910,521054
521910,521562
521911,521912
521911,521913
521911,521914
521911,521915
521911,521119
521911,521916
521872,521390
521872,521917
521872,521918
521872,521393
521872,521470
521872,521469
521872,521468
521872,521919
521872,521115
521872,521920
521872,521463
521872,521438
521872,521410
521872,521408
521872,521407
521872,521921
521872,521406
521872,521405
521872,521404
521872,521403
521872,521402
521872,521401
521872,521800
521872,521400
521872,521398
521872,521922
521872,521923
521872,521396
521872,521395
521872,521232
521872,521924
521872,521925
521872,521306
521045,521012
521926,521045
521927,521928
521927,521048
521927,521929
521930,521016
521930,521018
521930,521135
521931,521932
521933,521934
521933,521935
521933,521936
521933,521937
521933,521938
521933,521939
521933,521940
521933,521941
521933,521942
521933,521943
521933,521944
521933,521945
521933,521946
521933,521947
521933,521948
521933,521949
521950,521095
521933,521951
521952,521953
521184,521562
521184,521954
521184,521955
521184,521956
521184,521291
521184,521066
521184,521585
521184,521957
521184,521958
521184,521959
521184,521960
521184,521961
521184,521857
521184,521653
521184,521962
521184,521963
521184,521964
521184,521642
521184,521965
521184,521966
521184,521967
521184,521968
521184,521969
521184,521970
521184,521184
521184,521971
521184,521972
521911,521973
521933,521974
521933,521975
521872,521323
521872,521197
521872,521976
521872,521101
521872,521977
521872,521322
521872,521978
521872,521979
521872,521321
521872,521980
521872,521981
521872,521982
521872,521319
521872,521318
521872,521103
521872,521983
521872,521984
521872,521985
521872,521315
521872,521986
521872,521312
521872,521311
521872,521987
521872,521309
521872,521308
521872,521988
521933,521989
521872,521990
521872,521991
521933,521992
521933,521993
521933,521994
521933,521995
521933,521996
521933,521997
521933,521998
521933,521999
521933,522000
521933,522001
521933,522002
521933,522003
521933,522004
521933,522005
522006,521119
522007,522008
522009,521188
522009,521066
522010,521888
522010,522011
522012,521862
522013,522014
522015,522016
522017,522018
521382,522019
521872,521302
521612,522020
521911,522021
521911,522022
522023,522024
522023,522025
522023,522026
522023,522027
522028,521064
522029,522030
522029,521225
522029,521656
522029,521671
522029,522031
522029,522032
522023,522033
522034,521372
522035,521772
522035,521089
522035,521764
522035,522036
522035,521590
522035,522037
521612,522038
521612,522039
521612,522040
521612,522041
521612,521755
522042,522043
522023,522044
522023,522045
522023,522046
522023,522047
522023,522048
522023,522049
522023,522050
522023,522051
522023,522052
522023,522053
522023,522054
522023,522055
522023,522056
522023,522057
522023,522058
522023,522059
522023,522060
522023,522061
522023,522062
522023,522063
522023,522064
522023,522065
522023,522066
522023,522067
522023,522068
522023,522069
522023,522070
522023,522071
521612,521757
521612,521089
521612,521764
521612,522072
521612,522073
521612,521595
521612,522074
521612,522075
521612,521021
521612,522076
521612,522037
521612,522077
521612,522078
521612,522079
521612,521033
521612,522080
521612,522022
521612,522081
521612,522082
521612,522083
521612,521612
521612,521662
521612,522084
521612,522035
521612,522085
521612,522086
521612,522087
521612,522088
521612,521666
521612,522089
522023,522090
521612,522091
521612,521634
521612,521547
521612,522092
521612,522093
521612,521654
521612,522094
521612,522095
521612,521915
521612,522096
521612,521636
521612,522097
521612,522036
521612,522098
521612,521657
521612,522099
521612,522100
521612,522101
521612,521848
521612,521658
521612,522102
521612,522103
521612,521765
521612,522104
521612,522105
521612,522106
521612,521659
521612,521716
522023,522107
522023,522108
522023,522109
522023,521265
522023,522110
522023,522111
522023,522112
522023,522113
522023,522114
522023,522115
522023,522116
522023,522117
522023,522118
522023,522119
522023,522120
522023,522121
522023,522122
522023,522123
522023,522124
522023,522125
522023,522126
522023,522127
522023,522128
522023,522129
522023,522130
522023,522131
522023,522132
522023,522133
522023,522134
522023,522135
522023,522136
522023,522137
521911,522138
521911,521681
521911,522139
522140,522141
522140,522142
522143,521021
522144,522145
522144,522146
522147,522148
522147,522149
522147,522150
522147,522151
521908,522152
521908,522153
521908,521805
521908,521806
521908,522154
521908,522155
521908,521859
522023,522156
522023,522157
522023,522158
522023,522159
522023,522160
522023,522161
522023,522162
521911,522163
522023,522164
522023,522165
522023,522166
522023,522167
522023,522168
522023,522169
522023,522170
522023,522171
522023,522172
522023,522173
522023,522174
522023,522175
522023,522176
522023,522177
522023,522178
522023,522179
522023,522180
522023,521579
522023,522181
522023,522182
522023,522183
522023,522184
522023,522185
522023,522186
522023,522187
522023,522188
522023,522189
522023,522190
522023,522191
522023,522192
522023,522193
522023,522194
522023,522195
522023,522196
522023,522197
522023,522198
522023,522199
522023,522200
522023,522201
522023,522202
522023,522203
522023,522204
522023,522205
522023,522206
522023,522207
522023,522208
522023,522209
522023,522210
522023,522211
522023,522212
522023,522213
522023,522214
522023,522215
522023,522216
522023,522217
522023,522218
522023,522219
522023,522220
521747,522221
521747,521839
522222,522223
522222,522224
522222,522225
522222,522226
522222,522227
522228,521144
522225,521115
522225,522229
522222,522230
522226,522231
522226,521049
522226,522232
522226,522233
522226,522234
522226,522235
522226,522236
522226,522237
522226,522238
522226,522239
522222,522228
522222,522240
522222,522241
521067,522242
521067,522243
521067,522244
521625,522245
521625,521624
522246,521144
521144,522247
521144,521882
521144,521284
521144,521143
521144,522248
522249,522249
522222,522239
522222,522232
522222,522236
522222,522250
522222,522251
522222,522252
522222,522253
522226,521052
522226,522254
522226,522255
522226,522256
522257,521018
522257,521135
522257,521813
522257,521119
522257,521913
522258,521013
522259,522227
522260,521378
522260,522261
522260,522262
522260,522263
522260,522264
521378,521376
521378,521377
521378,521137
521378,521378
521378,521379
521378,521380
521378,521364
522226,522265
521067,522266
522226,522223
522226,522267
522226,521061
522226,522268
522226,522269
522226,522270
522226,522271
522226,522272
522226,522273
522226,522274
522226,522275
522226,522224
522226,522276
522226,521013
522226,522277
522226,522225
522226,522278
522226,522279
522226,522280
522226,522281
522226,522227
522226,522282
521067,522283
521067,522284
521067,522285
521835,522286
521835,522287
522252,521043
522252,521824
522252,522288
521063,522289
521063,522290
521063,521785
521063,522291
521063,522292
522293,522294
522293,522295
522296,522297
522298,522299
522298,522300
522016,522015
521254,521043
522301,522301
522302,521519
521835,522303
522302,521345
521835,522304
522305,522306
521043,522307
521043,521835
521043,522252
521043,521063
521043,521064
521043,522308
521043,522293
521043,522296
521043,522309
521043,522298
521043,522016
521043,522240
521043,522310
521043,522230
521043,521254
521043,522311
521043,522312
521043,521013
522305,522313
522305,521607
521378,521059
522314,521225
522304,521835
521813,522315
521813,521206
521813,521018
521813,522163
521813,522021
521813,522006
521813,522316
521813,522317
521813,522318
521813,522319
521813,522320
521813,522321
522322,522323
522322,522324
522322,522325
521067,522326
521067,522327
521067,522328
521067,522329
521813,522330
522331,521932
521813,522332
521813,521119
522304,522333
522304,522334
522253,522335
522253,522222
522336,522337
522336,522338
522336,522339
522336,522340
522336,522341
522336,522342
522336,522343
522336,522344
522336,522345
522340,522343
521130,521130
521813,522346
521813,521553
521813,522257
521813,522347
521813,522348
521043,521053
521378,521381
521378,521070
521716,522349
521716,522094
521716,521759
521716,521724
521716,521766
521716,521020
521706,522035
521706,521590
521716,522350
521021,521594
521021,521089
521021,521566
521021,521666
521021,521505
521021,521019
521021,521590
521021,521631
522351,521706
521021,521750
521716,522352
521716,522353
521716,522354
521716,522351
521716,521654
521716,521757
521716,521756
521716,521505
521716,521750
521716,522355
521716,522035
521716,521590
521716,521633
521716,522356
521716,522099
521716,522357
521716,521742
521716,522358
521716,522359
521716,522360
521716,522361
521716,522362
522351,521592
522351,521716
522351,522356
522351,521756
522363,522343
522363,522364
522363,522365
522363,522342
522363,521038
522363,522366
522363,522367
521137,522368
521137,522369
521137,522370
522371,522372
522371,521018
522371,522373
522371,522319
522371,521973
522371,522257
522371,522374
522375,522376
522375,522377
522378,522379
521716,521716
522378,522343
522378,522363
521505,521021
521505,521595
521505,521590
521750,522380
521750,522381
521750,522382
521750,521706
521750,522035
521750,521021
521750,522383
521750,522384
521750,521590
521750,521716
521750,521633
521750,522356
521750,522099
521750,521654
521750,521756
522378,522337
522378,522385
521716,522386
521716,522384
521716,522383
521193,521115
522269,522255
522269,522256
522269,522269
522269,522387
522269,522225
522269,522226
522271,522388
522271,522236
522271,522389
522271,522390
522271,522269
522271,522241
522271,522275
522271,522224
522271,522226
522271,522227
522391,522392
522393,521566
521039,522394
522393,521537
521039,521041
521050,522395
521378,521382
522396,521050
522396,521963
522396,522397
522396,521041
522396,522398
522396,521039
521050,522399
521050,522400
521050,522401
521050,522402
521050,522403
521050,522404
521050,522405
521050,522406
521050,521777
521050,522407
521050,522408
521050,522409
521050,522410
521378,521065
521747,522094
521566,522411
521148,521400
521148,521473
521148,521016
521148,521392
521148,521018
521148,521135
521148,521385
521148,521913
521148,521119
521148,521324
521148,521148
521400,521880
521716,522380
521716,522381
521716,522412
521716,522382
521716,521706
521716,521726
521716,521021
522263,522226
521566,522413
522263,521283
522263,522414
521566,522415
521566,522416
521566,521565
521537,521504
521537,521590
522416,521566
522263,522417
522263,522019
522263,522418
522263,522253
522263,522419
522263,522420
522263,522421
522263,522422
522263,522423
522263,522310
522263,521561
522263,522424
522263,522425
522263,522426
521043,522305
521043,522427
521043,522428
521059,521674
521059,521656
521059,522239
521059,522429
521059,521356
521059,521357
521093,521059
521093,521046
521059,521630
521093,522430
521093,522252
521093,522431
521093,521064
521093,521065
521093,522293
521093,522296
521093,521070
521093,522240
521093,521137
521059,521286
521059,521092
521059,521644
521861,521908
522432,521805
522343,522339
522343,522363
522343,522340
522343,522364
522343,522341
522343,522342
522343,522345
522343,522433
522343,522434
522435,521041
522436,522437
522436,521179
522436,522438
522436,522439
522436,522440
521059,521093
521059,522441
521093,521254
522442,521095
522443,521806
522443,521860
522444,522445
522444,522446
522444,521608
522444,522447
521608,522447
521608,522448
521608,522449
521608,522314
521608,522450
521608,521607
521608,522451
521608,522452
521608,522453
521608,522454
522455,522456
521446,521101
521101,522457
521101,522010
521101,521277
522445,522447
522458,522459
522445,521608
522445,522446
522443,521859
522443,521679
522443,521854
522443,521853
522443,521852
522443,521851
522443,521425
522443,521824
522443,521189
522443,521804
522447,522445
522447,522460
522447,522444
522447,522446
522447,522461
522447,521608
522445,522462
522445,522460
522445,522444
522445,522461
522458,522458
522458,522343
522458,522463
522388,522281
522388,522388
522388,522239
522388,521049
522388,522232
522388,522235
522388,522237
522388,522464
522388,521052
522388,522254
522388,521380
522388,522465
522388,522466
522388,522256
522388,521061
522388,522268
522388,522390
522388,522467
522388,522468
521806,521860
522388,522469
522470,521359
521018,521480
521747,521654
521018,521119
521018,521066
521018,521973
521018,522319
521018,522471
521018,522371
521018,521400
521018,521148
521018,521135
521018,521913
521018,521324
521018,521132
521018,521025
521018,521014
521018,522472
521018,522163
521018,521915
521018,522473
522474,521095
521101,522475
522388,522476
522388,521013
521066,522428
521066,521641
521066,522348
521066,522477
521066,521189
521066,521353
521066,521365
521066,522478
521066,521354
521066,522479
521066,521188
521066,522480
522458,522481
522458,521861
522458,522482
522458,522483
522458,522484
522458,522432
522458,522485
521066,522486
522388,522224
521041,522398
521041,522487
522388,522488
522388,522280
522388,522227
521052,522489
522469,522254
521013,522490
521013,522491
521013,521093
521013,522492
521013,522493
521013,521043
521013,521022
521013,522258
522227,522494
522227,522495
522227,522496
522227,522497
522227,522498
522499,521041
521041,521653
521101,522500
521101,522501
521101,522502
521654,521716
521654,522099
521654,522094
521654,521757
521654,522022
521654,521547
521654,522386
521593,521636
521593,521654
522503,522504
522503,522505
522503,522091
522503,522506
522503,522507
522503,522508
522509,522509
522510,521286
522510,522511
522510,521292
521654,522020
522512,521115
521654,521619
521654,521593
522513,522514
522515,521274
522516,522517
522516,521013
522518,521095
522518,521022
522519,521274
522520,522520
522511,521286
522511,521292
521286,521066
521286,521059
521286,522521
521286,522522
521654,521563
521654,521724
521654,521766
521654,522357
521654,521712
521654,521669
522523,522524
521115,522512
521115,521194
521135,521148
521135,522371
521135,522525
521135,521385
521135,521135
521135,522526
521135,522527
521135,521016
521135,521930
521135,522528
521135,522529
521135,522530
521135,522531
521135,521641
521135,521857
521135,521189
521135,521025
522532,521076
521043,522533
521135,521392
521115,522534
521135,522535
521135,521916
521115,521144
521115,521874
521115,521197
521115,521826
521115,521115
522240,521135
521135,522240
521135,522536
521135,521018
521135,521813
521135,522257
521135,521119
521135,521913
521135,522537
521135,522538
521135,522319
521135,522022
521135,522539
521135,522021
521135,521915
522375,522540
522541,522542
522324,522323
521101,522543
521101,521958
521101,521600
521101,522544
521101,521888
521101,521202
521101,521454
521101,521456
521101,522545
521101,521203
521101,522546
521101,521327
521101,522547
521101,522548
521101,521307
521101,521308
521101,522549
521101,521850
521101,521985
521101,522550
521101,522551
521101,522011
521101,522552
521101,522553
521101,522554
521101,522555
521101,522556
521101,521404
521101,521193
521101,522557
521101,521332
521101,522558
521101,522559
521101,522560
521101,521474
521101,522561
521101,521476
521101,522562
521101,522563
521101,522564
521101,522565
521101,522566
521101,522567
522324,522325
521101,521103
521101,522568
521101,521486
521101,521446
521101,521452
521101,522569
521101,521311
521101,521197
522570,522571
522572,521048
521048,521047
521466,522573
521466,522574
521466,521498
521498,521495
521498,521497
521498,521101
522575,522482
522575,521274
522576,521048
522576,521072
521101,522577
521101,521236
521101,522578
521101,521405
521101,521192
521101,521981
521101,522579
521101,521598
521101,521196
521101,521979
521101,521154
521101,522580
521101,521343
521101,522581
521101,521198
521101,521597
521101,522582
521101,522583
521101,522584
521101,521920
521101,521321
521101,521390
521101,522585
521101,522586
522375,522587
522393,522588
522375,522589
521283,522590
521283,522591
521976,522592
521976,521115
521976,522593
521976,521894
521976,521878
521976,521874
521283,522594
521976,522595
521976,521984
521976,522596
521976,522597
521874,521115
521874,521923
521874,521398
521874,521404
521874,521406
521976,522598
521283,521568
521283,522599
521283,521830
522600,521368
521103,522601
521103,521979
521103,522602
521103,522603
521103,522011
521103,521196
521641,521066
521592,521595
522604,522605
522604,522606
522604,521284
522604,522607
522604,521283
521283,522608
521283,522252
521283,521284
521283,522609
521283,522610
521874,521894
522375,522372
521874,521878
521874,521882
522448,522449
522448,521608
522611,522612
522611,521066
522611,522613
522611,521236
521236,522611
521236,522614
521236,522612
521236,521066
521236,522613
521236,521368
521676,522615
521676,521677
521676,521231
521676,522616
521676,522617
521676,522618
522619,521401
522448,522450
522600,522620
522448,522621
522248,521144
521874,522622
521874,521454
521874,521327
521874,521308
521874,521103
521874,521976
521874,521990
522623,521458
522623,521372
521372,521919
521372,521448
521372,521370
521372,521371
521372,521373
522624,522625
522624,521018
522624,522626
522624,521119
522248,521195
522248,522627
521294,521548
521294,521550
521294,522628
521294,522629
521294,522236
521294,522630
521294,522631
521294,522427
521294,522238
521294,522632
521294,522633
521294,522634
521294,522282
521294,522635
521294,521835
521294,522636
521294,522637
521294,522638
521294,522389
521294,522639
521294,522253
521294,522255
521294,522234
521294,522640
521294,522233
521294,522641
522642,522643
522642,521292
522642,522260
522642,521368
522642,521294
522642,522644
522642,521188
522642,522645
522642,522646
522642,522647
521206,521027
521368,521016
521368,522648
521368,522649
521294,521287
521294,522231
521294,522650
521294,522608
521294,522651
521294,522652
522619,521362
521294,522269
521294,522653
521294,522654
521294,522655
521294,522278
521294,522417
521294,522426
521294,522656
521294,522657
521294,522279
521294,522658
521294,522226
521294,522659
521294,522660
521294,522661
521294,521199
521294,522662
521294,522663
521294,522664
521294,522665
521294,522666
521294,522225
521294,522667
521294,522265
521294,522668
521294,522271
521294,521957
521294,522263
521294,522669
521294,522670
521294,522671
521294,521291
521294,522273
521294,521954
521294,522672
521294,522673
521294,522609
521294,522310
521294,522424
521294,522274
521294,522275
521294,522425
521294,522674
521294,522277
521294,522610
522642,522675
522619,521471
522619,521473
521747,522676
521747,521865
521747,522358
521747,522020
521747,522677
521747,522678
521747,522679
521747,521709
521747,522680
521747,522681
521747,522682
521747,522683
521747,522684
521747,522685
521747,522359
521747,522686
521747,522687
521747,522688
521747,522689
521747,521706
521747,522690
521747,521734
521666,521772
522691,522692
522693,521671
522537,521135
521747,521735
521747,521745
521747,521747
521747,522380
521747,521742
521747,522381
521747,522412
521747,521619
521747,522694
521747,522695
521747,522382
521747,522696
521747,522697
521747,522698
521747,522699
521747,522700
521747,522360
521747,522701
521747,521684
521747,522702
521747,522703
521747,522351
521747,522704
521747,521712
521747,522705
521747,522353
521747,521864
521747,522352
521747,522706
521747,522707
521747,522350
521747,522708
521747,522349
521747,522356
521747,522099
521747,522357
521747,522709
521747,522710
521747,522711
521666,521089
521747,522712
521747,522713
521747,522361
521747,522714
521747,522715
521747,521726
521747,522716
521747,522717
521747,522718
521747,522362
521747,522719
521747,522354
521747,522720
521747,522721
521747,522722
521747,522723
521747,522383
521747,522724
521747,522725
521747,522384
521747,522386
521747,521716
521666,522036
521666,522726
521666,521021
521456,521342
521456,521154
521456,521197
521456,521354
522022,521135
521547,521789
521547,521636
521547,521140
522292,521063
521406,521103
522727,522583
522728,521279
521279,521279
522729,521050
522667,522650
522667,522651
522667,522652
522667,522730
522667,522731
521456,521236
522667,522630
521456,521307
521456,522732
522619,522733
522619,522734
522619,521366
522619,521025
522619,521452
522619,521456
522619,521016
522619,522735
522619,521304
522619,521307
522619,521368
522619,521236
522619,522736
521354,521066
521354,521042
521456,521401
521456,521473
521456,522737
521456,521477
521456,521025
522619,521354
522667,522631
522667,522639
522424,522414
522424,522426
522424,521283
522424,522226
522738,522739
522738,522740
522738,522741
522738,522742
522738,522743
522738,522744
522738,522745
521830,522746
521830,521829
521830,521487
521830,522747
521830,522748
522746,521830
521772,521666
521666,521666
522424,522425
522667,522251
522424,521561
522424,522423
522667,522653
522667,522749
522667,522750
522667,522263
522667,522670
522667,522671
522667,522751
522667,522424
522667,522417
522667,522752
522667,522281
522667,522661
522424,522418
522424,522253
522424,522419
522424,522420
522424,522421
522424,522263
522424,522422
522424,522310
522642,521954
521874,521474
522642,522402
522317,522021
522317,522006
522317,522316
522317,521119
522535,521135
522535,521916
522535,521913
521552,521593
521057,522753
522754,522755
522754,522756
522754,522757
522486,521066
522487,521041
522758,522759
522760,522761
522760,522762
522760,522763
522760,522764
522317,522163
522760,522765
522317,521813
522766,521119
522625,521225
522625,522767
522625,522768
522625,521585
522625,521041
522625,521914
522318,521135
522318,522375
522318,521553
522318,521119
522163,522376
522163,522528
522163,521813
522163,521973
522163,521119
522163,522530
522526,522319
522526,521135
522021,521119
522317,521018
522625,522769
522760,521437
522760,522770
522760,522771
522760,522772
522760,522773
522760,522774
522760,522775
522760,522776
522760,522777
522760,522778
522760,522779
522760,522780
522760,522781
522760,522782
522760,522783
522760,522784
522760,522785
522760,522786
522760,522787
522760,522788
522760,522789
522760,522790
522760,522791
522760,522792
522760,522793
522760,522794
522760,522795
522760,522796
522760,522797
522760,522798
522760,522799
522760,522800
522760,522801
522760,521537
522760,522802
522760,522803
522760,522804
522760,522805
522760,522806
522760,521478
522760,522807
522760,522808
522760,522809
522760,522810
522760,522811
522760,522812
522625,521018
522625,522813
522375,522814
522375,522815
522375,522528
522375,522373
522375,522816
522375,522319
522375,521135
522375,522444
522375,521813
522375,522318
522375,522817
522375,522818
522375,522819
522375,522820
522375,522163
522375,522526
522375,522821
522375,522822
522375,522823
522375,522371
522375,522824
522375,522825
522375,522375
522375,522826
522375,522827
522375,522828
522375,522139
522375,522829
522375,522830
522375,522625
522375,522831
522375,522832
522375,522472
522375,522833
522375,521681
522375,521018
522375,522834
522375,522835
522375,522836
522375,522837
522375,522838
522375,522839
522375,522840
522625,521969
522375,522841
522375,522842
522375,522843
522375,522844
522375,522845
522375,522846
522375,522847
522375,521915
522375,522848
522375,522849
522375,522374
522375,522850
522375,522530
522375,521914
522375,521913
522375,522851
522375,522852
522375,522853
522375,521912
522375,522854
522375,522535
522375,522855
522642,521066
522375,521119
522375,522257
522375,522856
522375,522539
522375,522021
522375,521890
522375,522857
522375,521973
522375,522626
522375,522858
522375,522766
522375,522859
522375,522860
522375,522861
522375,521553
522375,522862
522375,522473
522375,522529
522375,522863
522375,522471
522375,522317
522375,522864
522760,522865
522375,522866
522760,522867
521985,521196
521985,521979
521985,521101
521985,521154
521985,522580
521985,521343
521985,522581
521985,521198
521985,522868
521985,521597
521985,522582
521985,521199
521985,522869
522870,522871
522870,521284
522870,522599
521284,522428
521284,522872
521284,521144
521985,521598
521284,522873
521985,522579
521985,521192
521985,521202
521985,521456
521985,521114
521985,521203
521985,522546
521985,521327
521985,522547
521985,522548
521985,521308
521985,522874
521985,522549
521985,521850
521985,522551
521985,521103
521985,521236
521985,522875
521985,522568
521985,522876
521985,522877
521985,521981
521985,521888
521284,522599
522878,521054
522642,522250
522642,522649
522642,522306
522642,521378
522642,522879
522642,521288
522642,522880
522642,522571
522642,522881
522642,521042
522642,521365
522642,522882
522642,522390
522642,521206
522642,522642
522642,521683
522642,521682
522642,521798
522760,522883
522642,522884
522878,521562
522642,522885
522642,522648
522878,522477
522878,521585
522878,521454
522878,521584
522878,521185
522878,521189
521054,521910
521054,522886
522477,522887
522477,521066
521454,521406
521454,522888
521454,521081
521454,522889
522642,522533
522642,522890
522642,522891
522642,521286
522642,522892
522642,522893
521985,522894
522642,521336
521985,521600
521231,521676
521231,522616
521231,522617
521231,522618
521231,522895
521231,521227
521231,522896
522897,522898
522897,522899
522897,522900
522897,522901
522897,521231
522897,522902
522897,522903
522897,522904
522897,522905
521398,521888
521398,521985
521398,521981
521231,521677
521398,521979
521231,522615
522791,522804
522791,522760
521985,522544
522791,522761
522791,522762
522791,522763
522791,522764
522791,522765
522791,521437
522791,522770
522791,522794
522791,522795
522791,522796
522791,522797
522791,522799
522791,522800
522791,522801
522791,521537
522791,522802
522791,522803
521231,522897
521398,521103
522791,522798
521888,521311
521985,521332
521985,522558
521985,522559
521985,522560
521985,521474
521985,522561
521985,522906
521985,522562
521985,522563
521985,522564
521985,522566
521985,522907
521985,522552
521985,522567
521985,522011
521985,522543
521398,522908
521985,521891
521985,521958
521985,522557
521985,522909
521985,521602
521985,522910
521985,521277
521985,521193
521888,521979
521985,522475
521985,522500
521985,522911
521985,522010
521985,522502
521985,522553
521985,521398
521985,522501
521985,522912
521985,521406
521985,522913
521985,522556
521985,522555
521985,521404
521985,521401
521985,522554
