544942,544943
544944,544945
544944,544946
544944,544947
544944,544948
544944,544949
544944,544950
544944,544951
544944,544952
544944,544953
544944,544954
544944,544955
544944,544956
544944,544944
544944,544957
544944,544958
544944,544959
544944,544960
544944,544961
544944,544962
544944,544963
544944,544964
544944,544965
544966,544967
544966,544968
544966,544969
544966,544970
544966,544971
544966,544972
544966,544973
544966,544974
544944,544975
544966,544976
544966,544977
544966,544978
544966,544979
544966,544980
544966,544981
544966,544982
544966,544983
544984,544985
544966,544986
544944,544987
544944,544988
544944,544989
544990,544991
544992,544993
544992,544994
544992,544995
544992,544996
544992,544997
544992,544998
544992,544999
544990,545000
544992,545001
544992,545002
544992,545003
544992,545004
544992,545005
544992,545006
544992,545007
545008,545009
545010,545011
544992,545012
544990,545013
545014,545015
545014,545016
544944,545017
544944,545018
544944,545019
544944,545020
544944,545021
544944,545022
544944,545023
544944,545024
544944,545025
544944,545026
544944,545027
544944,545028
544944,545029
544944,545030
545031,545032
545014,545033
545014,545034
545014,545035
545014,545036
544966,545037
545010,545038
544966,545039
544966,545040
545041,545041
545041,545042
545041,545043
545041,545044
545041,545045
545041,545046
545041,545047
545041,545048
545041,545049
545041,545050
545041,545051
545041,545052
545041,545053
545041,545054
545045,545055
545056,545057
545058,545059
545060,545061
545041,545062
545060,545063
545041,545064
545041,545065
545066,545067
545066,545068
545066,545069
545066,545070
545066,545071
545066,545072
545066,545073
545066,545074
545041,545075
545066,545076
545066,545077
545066,545078
545066,545079
545066,545080
545066,545081
545066,545082
545041,545083
545041,545084
545066,545085
545060,545086
545087,545088
545087,545089
545090,545091
545090,545092
545090,545093
545090,545094
545090,545095
545090,545096
545097,545098
545097,545097
545090,545099
545100,545101
545102,545102
544966,545103
544966,545104
544966,545105
544966,545106
544966,545107
544966,545108
544966,545109
545102,545110
545090,545111
545090,545112
545090,545113
545087,545114
545087,545087
545087,545115
545116,545062
545115,545087
545117,545118
545119,545120
545121,545122
545123,545124
545125,545126
545127,545128
545127,545129
545090,545130
545090,545131
545090,545132
545090,545133
545090,545134
545090,545135
545090,545136
544966,545137
545066,545138
545010,545139
545010,545140
545141,545142
545141,545143
545141,545144
545141,545122
545141,545145
545141,545146
545141,545147
545141,545148
545141,545149
545141,545150
545141,545151
545141,545152
545141,545153
545141,545154
545141,545155
545141,545156
545141,545157
545141,545158
545141,545159
545141,545160
545141,545161
545162,545163
545164,545165
545164,545166
545164,545167
545168,545169
545168,545170
545168,545171
545172,545173
545172,545174
545141,545175
545176,545177
545163,545178
545163,545179
545162,545180
545162,545173
545162,545181
545162,545182
545162,545183
545162,545184
545185,545089
545186,545187
545186,545188
545186,545189
545190,545191
545190,544991
545191,544991
545191,545190
545192,545193
545192,545194
545192,545195
545196,545013
545197,545198
545196,544991
545199,545200
545199,545201
545199,545202
545199,545203
545199,545204
545199,545205
545199,545206
545199,545207
545196,545208
545209,545210
545211,545212
545213,545173
545214,544993
545214,544994
545214,544995
545214,544996
545214,544997
545214,544998
545214,544999
545214,545001
545214,545012
545214,545002
545214,545003
545214,545004
545214,545005
545214,545006
545214,545007
545214,544992
545214,545215
545214,545216
545217,545218
545164,545219
545010,545220
545164,545221
545164,545222
545223,545224
545223,545059
545059,545223
545225,545210
545226,545227
545228,545183
545051,545052
545051,545229
545223,545230
545229,545084
545229,545231
545229,545051
545229,545232
545229,545233
545229,545234
545235,545236
545237,545238
545237,545239
545229,545048
545237,545240
545241,545242
545243,545219
545010,545206
545010,545008
545140,545244
545140,545245
545140,545246
545140,545247
545248,545249
545250,544991
545241,545251
545252,545253
545254,545255
545254,545256
545254,545253
545254,545257
545254,545258
545254,545259
545254,545260
545254,545261
545262,545263
545237,545264
545237,545265
545266,545267
545268,545269
545268,545270
545268,545271
545268,545272
545268,545273
545268,545274
545268,545275
545268,545276
545268,545277
545268,545278
545268,545279
545268,545280
545268,545281
545282,545283
545284,545266
545285,545284
545286,545287
545288,545043
545268,545289
545268,545290
545268,545291
545268,545292
545268,545293
545268,545294
545268,545295
545268,545296
545268,545297
545268,545298
545268,545299
545268,545300
545268,545301
545268,545302
545268,545303
545268,545304
545268,545305
545268,545306
545268,545307
545268,545308
545268,545309
545268,545310
545268,545311
545164,545312
545199,545313
545066,545314
545066,545315
545316,545317
545316,545318
545316,545319
545316,545320
545316,545321
545316,545322
545316,545323
545316,545324
545316,545325
545316,545326
545316,545327
545328,545329
545073,545173
545330,545062
545331,545332
545331,545333
545331,545334
545331,545335
545316,545336
545331,545330
545316,545087
545316,545337
545316,545187
545316,545188
545316,545338
545316,545339
545316,545340
545316,545341
545316,545342
545316,545343
545316,545060
545316,545344
545316,545345
545316,545346
545316,545347
545316,545348
545316,545349
545316,545350
545316,545351
545316,545352
545316,545353
545331,545354
545331,545355
545331,545356
545357,545358
545357,545002
545357,545359
545357,545360
545357,545270
545357,545361
545357,545362
545357,545363
545357,545364
545357,545365
545357,545366
545357,545367
545357,545368
545357,545369
545357,545370
545357,545371
545357,545372
545357,545373
545357,545374
545357,545375
545357,545376
545357,545377
545331,545378
545331,545379
545331,545062
545380,545381
545380,545380
545382,545383
545382,545384
545385,545386
545387,545386
545388,545230
545389,545390
545389,545391
545389,545264
545357,545392
545357,545393
545357,545239
545357,545394
545357,545395
545357,545396
545316,545397
545357,545398
545316,545399
545316,545400
545401,545402
545403,545135
545404,545405
545404,545406
545407,545126
545408,545409
545408,545410
545408,545411
545401,545412
545408,545408
545408,545413
545408,545040
545408,545414
545408,545415
545408,545416
545408,545417
545408,545418
545408,545419
545408,545420
545421,545422
545401,545423
545401,545424
545425,545426
545425,545427
545425,545428
545429,545283
545401,545430
545401,545431
545401,545432
545401,545433
545401,545434
545401,545435
545401,545436
545401,545437
545401,545438
545401,545439
545401,545440
545401,545441
545401,545442
545401,545443
545401,545444
545421,545445
545446,545101
545446,545227
545447,545118
545448,545449
545448,545450
545448,545451
545448,545452
545448,545089
545448,545448
545448,545453
545454,545454
545448,545455
545448,545456
545448,545234
545448,545457
545448,545458
545324,545459
545316,545284
545316,545460
545316,545461
545448,545287
545462,545463
545464,545052
545464,545465
545466,545183
545464,545467
545464,545468
545464,545469
545464,545470
545464,545471
545464,545472
545464,545473
545464,545474
545464,545475
545464,545476
545464,545477
545464,545478
545464,545479
545464,545480
545464,545481
545464,545184
545464,545482
545464,545483
545316,545484
545066,545485
545357,545486
545357,545487
545488,545489
545488,545490
545488,545491
545488,545492
545488,545493
545488,545494
545488,545495
545488,545496
545488,545497
545488,545498
545428,545499
545428,545256
545428,545427
545428,545500
545428,545501
545428,545502
545428,545503
545428,545504
545428,545505
545506,545177
545488,545507
545488,545508
545488,544991
545488,545509
545488,545510
545488,545511
545488,545512
545488,545513
545488,545514
545488,545515
545488,545516
545488,545517
545488,545518
545488,545519
545488,545520
545488,545521
545488,545522
545488,545523
545488,545524
545488,545525
545488,545526
545527,545528
545472,545529
545472,545468
545066,545530
545066,545531
545066,545532
545066,545533
545066,545534
545066,545535
545066,545536
545066,545537
545066,545538
545066,545539
545066,545540
545066,545541
545066,545505
545066,545349
545066,545428
545066,545542
545066,545543
545066,545544
545066,545545
545066,545546
545066,545129
545066,545547
545472,545470
545472,545548
545549,545169
545066,545173
545066,545550
545066,545551
545066,544942
545066,545552
545066,545553
545066,545554
545066,545555
545066,545556
545066,545557
545066,545558
545066,545559
545066,545560
545066,545501
545066,545561
545066,545562
545488,545563
545357,545564
545488,545565
545488,545566
545567,545372
545567,545568
545567,545569
545567,545393
545567,545486
545567,545564
545567,545487
545567,545570
545567,545371
545567,545571
545567,545572
545567,545573
545567,545574
545567,545236
545567,545575
545567,545576
545567,545577
545567,545362
545567,545357
545567,545578
545567,545370
545567,545368
545357,545571
545357,545572
545357,545579
545357,545573
545357,545502
545357,545580
545357,545574
545357,545236
545567,545369
545357,545575
545357,545581
545357,545577
545357,545578
545357,545497
545357,545582
545357,545583
545357,545584
545357,545585
545357,545576
545567,545497
545567,545584
545586,545406
545587,545588
545587,544991
545587,545521
545587,545589
545587,545507
545587,545590
545587,545591
545488,545592
545587,545013
545488,545587
545488,545593
545488,545594
545488,545595
545488,545596
545488,545588
545488,545597
545488,545598
545488,545599
545488,545600
545601,545602
545603,545604
545603,545381
545605,545606
545057,545056
545607,545349
545608,545084
545609,545610
545609,545611
545612,545613
545614,545615
545614,545616
545614,545617
545614,545618
545614,545008
545614,544985
545619,545084
545620,545621
545620,545622
545623,545624
545603,545625
545603,545626
545488,545627
545425,545256
545199,545628
545199,545629
545002,545006
545002,545007
545002,544992
545630,545216
545631,545632
545631,544997
545631,545002
545631,545362
545002,545005
545631,545633
545631,545634
545631,545635
545631,545636
545637,545638
545639,545637
545639,545638
545639,545640
545639,545641
545631,545630
545642,545169
545002,545004
545002,545012
545643,545644
545643,545645
545643,545646
545643,545647
545643,545643
545648,545649
545648,545650
545648,545651
545002,545003
545652,545452
545002,544993
545002,544994
545002,545214
545002,544995
545002,544996
545002,544997
545002,544998
545002,544999
545653,545654
545642,545655
545642,545656
545642,545657
545658,545634
545658,545264
545659,545406
545660,545661
545660,545654
545660,545662
545660,545663
545664,545665
545658,545666
545667,545664
545667,545665
545668,545669
545670,545671
545672,545183
545673,545470
545673,545472
545673,545479
545673,545674
545667,545675
545658,545676
545658,545677
545658,545678
545679,545264
545680,545681
545682,545683
545682,545684
545682,545685
545682,545686
545682,545687
545682,545688
545682,545689
545682,545690
545682,545691
545682,545692
545682,545680
545682,545693
545682,545694
545695,545669
545696,545044
545658,545697
545658,545062
545643,545698
545673,545699
545643,545700
545643,545419
545701,545702
545701,545703
545701,545704
545701,545705
545629,545706
545629,545245
545629,545707
545629,545204
545701,545708
545629,545709
545629,545710
545711,545062
545712,545713
545712,545649
545712,545714
545712,545715
545712,545648
545712,545650
545629,545206
545712,545651
545701,545716
545701,545717
545701,545718
545701,545719
545701,545720
545701,545721
545701,545722
545701,545723
545701,545724
545701,545725
545701,545726
545701,545727
545701,545728
545701,545729
545701,545730
545701,545731
545701,545732
545701,545733
545701,545734
545701,545735
545701,545736
545647,545737
545647,545738
545647,545638
545643,545739
545643,545740
545643,545741
545643,545712
545643,545742
545643,545743
545643,545744
545643,545745
545643,545746
545643,545747
545643,545748
545643,545749
545643,545750
545643,545751
545643,545752
545643,545753
545643,545754
545643,545650
545643,545755
545643,545756
545643,545757
545643,545758
545647,545759
545647,545760
545647,545761
545647,545762
545647,545647
545643,545763
545643,545764
545643,545765
545643,545713
545643,545737
545643,545766
545643,545767
545643,545768
545643,545769
545643,545770
545643,545771
545643,545772
545643,545773
545643,545774
545643,545775
545701,545776
545673,545173
545777,545283
545778,545779
545778,545780
545778,545781
545782,545783
545782,545784
545782,545509
545782,545216
545785,545786
545778,545787
545083,545084
545083,545697
545083,545065
545083,545339
545083,545788
545083,545789
545083,545049
545083,545041
545083,545042
545083,545790
545083,545791
545778,545792
545778,545793
545747,545794
545747,545795
545747,545796
545747,545797
545747,545754
545747,545798
545747,545698
545778,545778
545778,545799
545778,545800
545778,545801
545778,545802
545778,545803
545778,545804
545778,545805
545778,545806
545778,545807
545778,545808
545778,545809
545083,545043
545083,545810
545083,545811
545812,545203
545812,545811
545812,545313
545812,545786
545812,545389
545812,545813
545812,545814
545812,545678
545815,545816
545817,545786
545818,545062
545814,545786
545814,545819
545814,545678
545820,545821
545820,545786
545820,545822
545820,545678
545818,545697
545815,545823
545815,545786
545824,545825
545083,545045
545083,545046
545083,545048
545083,545050
545083,545062
545083,545826
545083,545052
545083,545604
545083,545678
545083,545827
545083,545828
545083,545054
545829,545830
545829,545831
545824,545789
545824,545813
545824,545815
545824,545242
545824,545046
545747,545832
545833,545242
545747,545834
545747,545835
545796,545836
545796,545837
545796,545838
545796,545839
545796,545840
545796,545841
545796,545842
545796,545843
545796,545844
545796,545757
545796,545845
545796,545846
545796,545847
545796,545795
545796,545848
545796,545849
545796,545747
545796,545850
545796,545851
545796,545852
545796,545853
545796,545854
545283,545777
545855,545856
545855,545857
545855,545858
545114,545087
545859,545451
545859,545287
545859,545860
545796,545861
545859,545114
545862,545212
545863,545864
545796,545865
545796,545866
545796,545867
545796,545868
545796,545869
545796,545870
545859,545871
545796,545872
545796,545873
545796,545874
545747,545875
545747,545876
545747,545877
545747,545878
545747,545879
545747,545880
545747,545881
545747,545747
545747,545847
545747,545882
545747,545749
545747,545883
545747,545884
545747,545885
545747,545886
545747,545887
545747,545888
545747,545889
545747,545748
545747,545890
545747,545891
545747,545757
545796,545892
545796,545883
545796,545797
545796,545893
545796,545894
545796,545886
545796,545895
545796,545896
545796,545897
545796,545898
545796,545899
545796,545900
545747,545901
545747,545902
545747,545903
545747,545769
545747,545904
545747,545905
545747,545906
545747,545907
545199,545245
545701,545908
545701,545909
545910,545911
545910,545468
545910,545912
545910,545255
545910,545913
545910,545256
545910,545615
545910,545553
545910,545914
545910,545915
545910,545916
545910,545917
545910,545918
545910,545919
545910,545920
545910,545921
545910,545922
545910,545253
545910,545642
545910,545556
545910,545923
545910,545924
545925,545926
545925,545927
545925,545928
545925,545929
545925,545930
545925,545931
545925,545932
545925,545933
545910,545934
545925,545935
545936,545117
545936,545937
545936,545709
545936,545710
545910,545938
545910,545245
545910,545939
545910,545550
545936,545245
545910,545940
545910,545559
545910,545941
545910,545942
545910,545943
545910,545944
545910,545945
545910,545946
545910,545947
545910,545118
545910,545948
545910,545949
545910,545258
545910,545950
545910,545951
545910,545952
545910,545953
545910,545954
545910,545955
545910,545811
545910,545427
545910,545956
545910,545957
545910,545958
545910,545426
545910,545959
545910,545960
545910,545038
545910,545961
545910,545257
545910,545962
545910,545963
545910,545964
545910,545965
545910,545966
545910,545967
545910,545968
545910,545969
545910,545546
545910,545202
545910,545970
545910,545971
545910,545972
545910,545973
545925,545974
545910,545975
545925,545976
545925,545977
545978,545062
545979,545979
545980,545322
545981,545982
545981,545983
545981,545984
545981,545985
545256,545426
545986,545987
545256,545427
545256,545988
545615,545616
545615,545614
545615,545617
545615,545989
545615,545618
545615,545008
545253,545990
545256,545428
545253,545991
545986,545992
545993,545987
545199,545710
545994,545995
545994,545996
545994,545997
545994,545998
545994,545999
545994,546000
545994,546001
545986,545993
545994,546002
545994,545651
545994,546003
545994,546004
545994,546005
546006,546007
546006,545044
546006,546008
545993,546009
545994,546010
545258,545257
545258,545942
545258,545948
545120,546011
545925,545385
545925,545913
545925,546012
545925,546013
545925,545387
545925,546014
545925,545961
545120,546015
545925,545963
545925,545971
545925,546016
545925,546017
545925,546018
545925,546019
545925,545101
545925,545602
545925,546020
545925,546021
545120,546022
545120,546023
546024,545426
546018,545386
546025,545169
546025,545657
546025,546026
546027,545179
546027,545044
546027,546028
546027,546029
546027,546030
546027,546031
546027,545245
546027,546032
546027,546033
546027,545709
546027,546034
546027,546027
545246,545386
546035,545472
546035,546036
545925,545139
545701,546037
545910,546038
545910,546039
546040,546041
546040,546042
546040,546043
546040,546044
546040,546045
546040,546046
546040,546047
546040,546048
546040,546049
546040,546050
546040,546051
546040,546052
546040,546053
546040,546054
546055,545044
546056,546057
546056,546058
546056,546059
546040,546060
546061,546062
546040,546063
546040,546064
545910,545120
545910,546065
545910,546026
545910,546066
545910,545925
545910,545628
545910,546067
545910,546068
546040,545245
545910,546069
545910,545936
546070,545236
546071,546072
546071,546073
546071,546074
546071,546075
546071,546076
546071,546071
545910,546077
546061,546078
546061,545624
546061,546079
545189,545187
545189,545188
545189,545186
546080,546080
545602,545601
545602,546081
546081,545602
546082,546083
545365,545264
546084,546085
546086,545236
546086,545634
546086,545365
546086,545264
546087,546086
546087,546088
546087,545264
545701,546089
546090,545287
545365,545634
545365,546091
545365,545236
546061,546092
546061,545825
546093,546094
546093,546095
546093,546096
546093,545040
546093,546097
546093,546098
546093,546099
546093,546100
546093,546101
546093,546102
546093,546103
546093,546104
546093,546105
546093,546106
546093,546107
546093,546108
545365,546109
545910,546110
545910,546111
545910,546112
545910,546024
545910,546113
545910,546114
545910,545616
545910,546115
545910,546116
545910,546117
545910,546118
545910,545101
545910,546119
545910,545602
545910,546120
545910,546121
545910,546029
545910,546122
545910,546123
545910,546124
545910,546125
545910,546126
545910,546127
545910,546128
545910,545479
545910,546129
545910,546130
545910,546131
545910,546132
545910,546133
545910,546134
545910,546135
545910,546018
545910,546136
545910,545478
545910,546137
545910,546138
545910,546139
545910,546025
545910,546140
545910,546141
545910,546142
545910,546019
545910,545611
545910,546143
545910,545259
545910,545655
545910,546144
545910,545260
545910,545929
545910,546145
545910,546146
545910,546147
545910,546148
545910,544985
545910,546149
545910,546150
545910,545386
545910,546151
545910,545261
545910,546152
545910,546035
545910,545710
545910,546153
545910,546154
545910,546155
545910,546156
545910,545246
545910,545618
545910,546157
545910,546158
545910,545206
545910,546159
545910,546160
545910,546161
545910,545976
545910,546162
545910,546163
545910,546164
545910,545926
545910,546027
545910,545927
545910,546165
545910,546166
545910,546167
545910,546168
545910,546169
545910,546170
545910,545069
545910,546171
546172,545270
546172,545219
546172,545309
546173,546174
546173,546175
546173,546176
546173,546177
546173,546178
546173,546179
546173,546180
546173,546181
546173,546182
546173,546183
546184,545264
546185,546186
546187,546188
546189,545324
545200,546157
546190,545499
546190,546191
546190,546192
546184,545013
546190,546193
546173,545650
546173,545506
546173,546194
546173,546173
546173,546195
546173,546196
546173,545755
546173,546197
546173,546198
546173,546199
546173,546200
546173,545577
546173,546201
546173,546202
546173,545678
546173,545648
546173,546203
546173,546204
546173,546205
546173,545827
546173,546206
546190,546207
546190,546208
546190,546209
546210,545538
546210,546211
546210,545504
546210,546212
546210,546213
546210,546214
546210,546215
546210,546216
546210,546217
546210,546218
546210,546219
546210,546220
546210,546221
546210,546222
546210,546223
546210,546224
546210,546225
546210,546226
546210,546227
546210,546228
546210,545501
546210,545088
546190,546229
546190,546230
546190,546231
546190,546232
546190,546233
546210,546234
546210,546235
546210,546236
546210,546237
546210,546238
546210,546239
546210,546240
546210,545295
546210,546241
546210,546242
546210,546243
546210,546244
546210,546245
546210,546246
546173,546247
546210,546248
546173,545522
546173,546249
546173,545683
546173,546250
546173,545697
546173,545844
546173,545737
546173,546251
546173,546252
546173,545649
546173,546253
546173,546254
546173,546255
546173,546256
546173,545766
546173,546257
546173,546258
546173,545714
546173,546259
546173,545824
546173,546260
546173,546261
546173,545411
546173,546262
546263,546264
546263,546265
546266,546267
546266,546268
546266,546269
546266,546270
546266,546271
546266,546272
546173,546273
546274,545216
546275,545499
546276,546277
546276,546278
546249,546255
546173,546279
546173,546280
546173,546281
546173,546282
546283,546284
546173,546285
546173,545770
546173,545243
546173,546286
546173,545822
546173,546287
546173,545638
546173,546288
546173,546289
546173,546290
546173,546291
546173,545811
546173,545760
546173,545715
546173,546292
546173,546293
546173,546294
546173,546295
546173,546296
546173,546297
546173,546298
546173,546299
546173,546300
546173,545417
546173,546301
546173,546302
546173,545786
546173,546303
546173,546304
546173,545420
546173,546305
546173,546306
546173,546307
546173,545176
546173,546308
546173,546309
546173,546310
546173,546311
546173,546312
546173,546313
546173,545414
546173,546314
546173,546315
546173,545741
546173,546316
546263,546317
546210,545520
546210,546318
546319,546320
546319,546321
546319,546322
546319,546323
546319,546324
546319,546325
546319,546326
546319,546327
546319,546328
546319,546329
546319,545415
546319,546330
546319,546331
546319,546332
546319,546333
546319,546334
546319,546335
546319,546336
546319,546337
546319,546338
546319,546339
546319,546340
546341,546342
546341,546343
546341,546344
546341,546345
546341,546346
546341,546347
546341,546348
546341,546349
546319,546350
546341,546351
546341,546352
546341,546353
546341,546354
546319,546355
546319,546356
546319,546357
546319,546358
546319,546359
546341,545499
546319,546360
546319,546361
546319,546362
546363,545060
546363,545087
546363,546364
546363,545317
546363,545319
546363,545322
546363,545324
546363,546365
546363,545453
546363,545326
546366,546367
546366,545187
546366,546368
546366,546369
546366,546370
546366,546371
546366,545189
546366,546372
546363,546363
546363,546366
546363,546372
546363,545350
546319,546373
546319,546374
546319,546375
546319,546376
546319,546377
546319,546378
546363,545284
546363,545460
546363,545316
546363,546367
546363,545187
546363,545188
546363,546368
546363,546369
546363,546370
546363,546371
546363,545189
546363,545348
546363,545349
546341,546379
546210,546380
546341,546381
546341,546382
546210,545278
546210,546383
546210,546384
546210,546385
546210,545494
546210,546386
546210,546387
546210,546388
546210,546389
546390,545737
546341,546391
546341,546392
546341,546393
546341,546394
546341,546395
546341,546396
546341,546397
546341,546398
546399,545032
546341,546400
546210,546401
546210,546402
546210,546403
546210,546404
546210,546405
546210,546406
546210,546407
546210,546408
546210,546409
546210,546410
546210,546411
546210,546412
546210,546413
546210,546414
546210,545516
546210,545678
546210,545828
546210,546415
546210,546416
546210,546172
546210,546417
546341,546418
546341,546419
546341,546420
546341,546421
546341,546422
546341,546423
546341,546424
546341,546425
546341,546426
546341,546427
546341,546428
546341,546429
546341,546430
546341,546431
546341,546432
546341,546433
546341,546434
546341,546435
546341,546436
546341,546437
546341,546438
546341,546439
546341,546440
546341,546441
546341,546442
546341,546443
546341,546444
546341,546445
546341,546446
546341,546447
546341,546448
546341,546449
546341,546450
546341,546451
546341,546452
546341,546453
546341,546454
546341,546455
546341,546456
546341,546457
546341,546458
546341,546459
546341,546460
546341,546461
546341,546462
546366,546366
546263,546463
546263,544991
546464,546091
546465,546466
546465,545178
546465,545242
546467,546468
546469,546470
546471,545270
546472,546470
546464,546473
546474,545210
546475,546475
546476,545406
546477,546470
546478,546479
546480,545714
546481,545550
546481,546482
546481,546483
546484,546470
546481,546485
546486,545522
546487,546488
546489,546490
546489,546491
546489,546492
546489,545051
546489,546493
546489,546489
546489,545233
546489,546494
546486,546495
546489,546496
546497,545101
546498,544985
546499,546500
546499,546270
546501,546502
546501,545101
546503,546504
546505,545406
546506,546506
546481,545911
546481,545255
546481,546507
546481,546508
546481,546130
546481,546509
546481,546510
546481,546511
546481,546136
546481,546512
546481,546143
546481,546513
546481,545048
546481,545050
546481,545254
546481,545349
546481,546514
546481,545428
546481,546515
546481,546116
546481,546516
546481,546129
546481,546517
546481,545258
546481,545948
546481,545256
546481,545915
546481,545916
546481,545711
546481,546518
546481,545065
546481,546519
546481,546480
546481,546032
546481,545257
546481,546520
546481,545546
546481,545789
546481,545970
546481,546521
546481,545942
546481,545042
546481,546522
546481,545946
546489,546523
546481,546524
546489,546525
546526,546527
546528,545596
546528,546529
546528,546530
546528,546531
546528,546532
546528,544991
546528,546533
546528,546534
546528,546535
546528,546264
546536,546537
546538,545122
546538,545146
546538,546539
546540,545714
546541,546542
546541,546543
546541,546544
546528,545492
546541,546545
546546,546547
546548,545651
546549,546550
546549,546551
546552,546553
546552,546554
546555,545187
546556,545415
546548,545683
546548,545737
546557,546557
546548,546251
546548,545714
546548,546261
546548,546315
546548,545760
546548,545715
546548,546295
546548,546249
546548,545648
546548,545649
546541,546558
546541,546559
546541,546560
546561,546146
546561,545076
546561,545233
546562,545013
546562,544991
546562,545208
546562,546563
546564,545212
546561,545502
546565,546470
546566,546567
546568,545944
546569,546570
546571,546270
546572,545406
546573,546574
546575,545510
546575,545522
546576,546577
546561,545428
546561,545050
546561,545042
546541,546578
546541,546579
546541,544985
546541,546580
546541,546581
546541,546498
546582,546583
546584,546585
546584,546586
546584,546587
546584,546588
546584,544997
546584,546589
546584,546590
546584,546591
546584,546592
546593,545760
546594,546594
546561,546595
546596,544991
546263,546597
546481,546121
546481,546029
546598,545212
546599,545683
546599,546281
546599,546261
546599,545415
546599,546289
546599,546295
546599,545681
546600,546601
546602,546603
546602,544991
546602,546604
546602,546605
546602,546606
546602,546463
546602,546607
546602,546608
546605,546609
546602,546610
546605,546603
546600,546611
546600,546612
546600,546613
546600,545206
546600,546614
546600,546615
546600,545618
546600,546616
546600,546617
546600,546618
546600,546619
546600,546620
546600,546621
546600,546622
546600,546623
546600,546624
546600,546625
546600,546626
546600,546627
546600,546628
546600,546629
546605,544991
546605,546602
546605,546604
546630,546631
546630,546632
546630,546633
546630,546233
546630,546634
546630,546635
546630,546636
546630,546637
546630,546231
546638,545386
546639,545499
546640,545988
546641,545060
546642,545183
546530,544991
546263,546643
546263,545588
546263,546530
546644,546645
546630,546646
546630,546647
546630,546230
546605,546607
546648,545660
546649,546650
546649,545458
546649,546651
546652,546652
546653,545060
545063,545060
546654,546654
546655,545714
546655,546656
546657,546658
546659,545060
546660,545043
546630,546661
546630,546662
546630,546663
546630,546207
546630,546664
546600,545139
546481,546665
546600,546666
546600,546667
546481,546668
546481,546669
546481,546670
546481,546154
546481,546171
546481,546671
546481,546672
546481,546183
546481,546673
546481,546551
546674,546675
546676,546677
546676,545651
546678,545470
546679,545118
545467,546680
545467,546681
545467,545009
546682,546675
545467,545502
546481,546683
546481,545116
546481,546684
546481,546481
546481,545241
546481,545259
546481,546144
546481,546034
546481,546685
546481,546686
546481,546687
546481,546688
546481,546027
546481,546689
546481,546690
546481,545069
546481,546691
546481,546692
546481,545260
546481,546693
546481,546694
545467,546695
546696,546583
546697,545009
546600,546307
546600,546698
546600,546699
546600,546700
546600,546701
546600,545510
546600,546702
546600,545810
546600,546703
546600,546704
546600,546705
546600,546706
546600,546707
546600,546708
546600,546709
546600,546710
546600,546711
546600,546712
546600,546713
546600,545653
546600,546714
546600,546715
546716,545043
546717,546717
546681,545009
546681,545502
546681,546718
546600,545938
546600,546719
546600,546720
546600,546721
546600,546722
546600,546723
546600,546724
546600,546725
546600,546726
546600,545918
546600,546727
546600,546728
546600,546729
546600,546681
546600,545522
546366,545453
546366,546364
546366,546365
546730,546731
546730,546732
546730,546733
546730,546734
546730,546735
546730,545418
546730,546736
546730,546737
546730,546738
546730,546298
546730,546739
546730,546740
546730,545761
546730,546741
546730,546742
546730,546001
546730,545752
546730,546743
546730,546744
546730,546745
546730,545712
546730,545760
546730,546746
546730,546747
546730,545420
546730,545413
546730,545758
546730,546748
546730,546749
546730,546750
546730,546547
546730,546751
546730,546752
546730,546753
546730,546754
546730,545638
546730,545759
546730,546290
546730,545876
546730,546755
546730,545417
546730,545650
546730,546756
546730,546757
546310,546730
546310,546656
546310,545896
546310,546758
546759,546760
546759,546761
546759,546762
546759,546763
546310,545715
546759,546764
546759,546765
546759,546766
546759,546767
546759,546768
546759,546769
546759,546770
546759,546771
546759,546772
546759,546773
546310,545712
546310,545741
546310,546774
546730,546775
546730,546776
546730,546777
546730,546778
546730,545762
546730,546779
546730,546780
546730,545647
546730,546781
546758,545669
546758,546782
546758,545760
546758,546744
546758,546783
546310,546262
546310,546273
546310,545713
546310,546251
546310,546784
546730,545904
546759,546785
546730,546786
546730,545738
545529,546787
545529,546788
545529,546789
545529,546790
546791,545173
546789,545529
546789,546792
546789,545468
545529,545548
546789,546793
546789,546794
546789,545470
546789,545472
546789,545173
546789,545556
546789,546795
546789,545965
546789,546796
546789,545553
546789,546797
545529,546798
545529,546799
545529,546797
545529,545473
545529,546800
545529,546801
545529,545475
545529,546802
545529,546803
545529,546804
545529,545482
545529,545477
545529,545479
545529,546805
545529,546806
545529,546807
545529,546549
545529,546808
545529,546809
545529,546810
545529,545478
546789,545473
546789,546800
546789,546801
545610,545009
545610,545611
545610,545609
546811,545386
546812,546813
546730,546280
546730,546814
546730,545409
545610,545100
546730,546815
546730,546816
546730,545411
546730,545997
546730,545713
546730,546817
546730,546818
546730,545737
546730,546819
546730,545410
545610,546820
546789,546790
546789,546788
546789,545475
546789,546802
546789,546803
546789,546804
546789,545477
546789,545478
546789,545479
546789,546805
546789,546806
546789,546807
546789,546549
546789,546808
546789,546809
546789,546810
546789,546799
546789,545482
546789,546798
546789,546821
546789,546787
546730,546822
545529,546796
546759,546823
546759,546824
546825,546826
546825,545419
546825,546827
546825,546828
546825,546829
546825,546178
546825,546830
546825,546831
546825,546832
546825,546833
546825,546834
546825,546835
546825,546836
546825,545410
546825,546782
546825,546750
546825,545741
546825,546751
546825,546837
546825,545638
546825,546838
546825,546204
546825,546839
546825,546840
546825,546841
546825,546842
546825,546843
546825,546739
546825,546844
546825,546845
546825,546846
546825,546847
546825,546848
546825,546849
546825,546850
546825,546851
546825,546852
546825,546853
546825,546854
546825,545639
546825,546855
546825,545760
546825,546825
545589,545009
546856,546857
546856,546858
546856,546859
546856,546860
546856,546861
546856,546862
546856,546863
546856,546864
546015,545120
546856,546865
546866,546867
546866,546868
546866,545522
546866,546869
546866,546870
546871,546872
546873,546874
546875,545665
546856,546876
546015,546877
546015,546878
546015,546879
545590,545013
545590,545587
545590,545588
545590,544991
545590,545521
545590,545589
545590,545507
545590,545591
546880,546881
546015,545830
546015,545471
546015,546882
546015,544991
546015,546883
546015,546667
546015,546015
546015,546884
546015,546885
546015,546886
546825,546887
546759,546888
546825,545743
546825,546889
546890,546891
546890,546892
546890,546893
546890,546894
546890,546895
546890,546896
546819,545669
546819,545712
545244,545140
546819,545650
545715,545410
545715,546897
545715,545757
545715,546898
545715,546313
545715,545760
545715,546899
545715,545896
545715,546900
545715,546178
545244,545245
546759,546901
546759,545624
546759,546902
546759,546903
546759,546904
546759,546905
546759,546906
546759,546907
546759,546908
546759,546909
546759,546910
546759,546911
546759,546912
546759,546913
546759,546914
546759,546915
546759,546916
546759,546917
546759,546918
546759,546919
546825,546920
546825,546921
546825,546922
546825,545739
546825,546923
546825,546924
546825,546925
546825,546926
546825,546927
546825,546928
546825,546929
546825,546774
546825,546930
546825,546931
546825,546932
546825,546933
546825,546731
546825,546934
546825,546935
546825,546936
546825,546937
546825,546938
546825,546939
546825,546940
546825,546941
546825,546942
546825,545764
546825,546943
546825,546944
546825,546255
546825,546256
546825,546945
546825,546946
546825,545771
546825,546302
546825,546747
546825,546947
546825,546948
546825,546949
546825,546950
546825,546897
546825,546951
546825,546952
546825,546953
546825,546954
545529,545965
545529,546795
545529,545556
546775,546732
546775,546733
546775,546730
546775,546734
546775,546735
546775,545418
546775,546736
546775,546737
546775,546731
546775,546298
546775,546739
546775,546740
546775,545761
546775,546741
546775,546742
546775,546001
546775,545752
546775,546743
546775,546744
546775,546745
546775,546738
546775,546547
546775,546747
546775,545420
546775,545413
546775,545758
546775,546748
546775,546749
546775,546750
546775,546751
546775,545712
546775,545417
546775,546753
546775,546754
546775,545638
546775,545759
546775,546290
546775,545876
546775,546755
546775,545760
546775,546752
546775,545650
546775,546756
546775,546757
546493,546955
546493,545233
546493,546496
546956,546957
546958,545697
546958,545711
546958,546959
546958,545824
546493,545042
546958,546960
546958,546683
546958,546961
546962,546963
546964,546965
546964,545654
546964,545406
546955,545042
546955,546493
546958,545062
546966,545381
546966,545626
546967,546169
546775,546775
546775,546776
546775,546777
546775,546778
546775,545762
546775,546779
546775,546780
546775,545647
546775,546781
546968,546598
546968,546969
546968,546970
546968,545212
546971,545283
546972,546973
546972,546974
546972,546677
546972,546975
546972,545651
546775,546746
546955,545233
546775,545904
546775,546822
546816,546748
546816,546749
546816,546750
546816,546751
546816,545417
546816,546752
546816,546753
546816,546754
546816,545758
546816,545638
546816,546290
546816,545876
546816,546755
546816,545760
546816,546547
546816,545712
546816,546738
546816,546731
546816,545759
546816,546732
546816,545413
546816,546747
546366,546363
546816,546280
546816,546814
546816,545409
546816,546815
546816,545410
546816,545411
546816,545997
546816,545420
546816,545713
546816,546818
546816,545737
546816,546819
546816,545738
546816,546822
546816,546786
546816,545904
546816,546746
546816,546817
546816,546733
546816,546730
546816,546734
546816,546779
546816,546780
546816,545647
546816,546781
546775,546280
546775,546814
546775,545409
546775,546815
546816,545762
546775,545410
546775,545411
546775,545997
546775,545713
546775,546817
546775,546818
546775,545737
546775,546819
546775,545738
546775,546816
546816,546778
546816,546777
546816,546776
546816,546735
546816,545418
546816,546736
546816,546737
546816,546298
546816,546744
546816,546739
546816,546740
546816,545761
546816,546741
546816,546742
546816,546001
546816,545752
546816,546743
546816,546745
546816,545650
546816,546756
546816,546757
546816,546775
546775,546786
546955,546496
546976,546750
546977,546479
546978,546979
546980,546468
546981,546982
546981,546085
546981,546983
546983,546982
546983,546085
546983,546981
546978,545100
546984,545089
546985,546986
546987,545958
546988,546989
546988,546990
546988,546991
546988,546992
546988,546993
546988,546994
546995,545678
546988,546996
546978,546128
546978,546997
546998,546999
546998,547000
547001,547002
547003,545415
547004,545649
547004,547005
547004,547006
547004,547007
546978,545944
547004,545714
547008,547009
547008,545381
547010,545212
547010,545671
547010,545068
547006,545219
547011,546583
546978,545959
547008,547012
546988,547013
546988,547014
546988,545958
546988,547015
546988,547016
546988,546791
546988,547017
546988,546987
547018,545510
547018,546495
547018,545522
546988,547019
545529,545529
545529,545468
545529,546793
545529,547020
545529,545553
545529,546794
545529,545470
545529,545472
545529,545173
545529,546792
546988,547021
546988,547022
546988,547023
546988,547024
546988,547025
546988,547026
546988,547027
546988,547028
546988,547029
546988,547030
546988,547031
546988,547032
546988,547033
546988,547034
546988,547035
546988,547036
546988,547037
546988,547038
546988,547039
546988,547040
546988,547041
546988,547042
546998,547043
546998,547044
547045,545015
547045,545016
546836,546951
546836,546953
546836,546940
546836,545741
546836,546927
546836,546932
546836,546934
546836,546935
546836,546950
546836,546937
546836,546840
546836,546841
546836,546842
546836,546843
546836,546847
546836,546850
546836,546846
546836,546838
546836,546887
546836,546949
546836,546947
546836,546302
547046,547046
547047,546965
547048,545470
547049,545041
547049,545101
547049,545287
547050,545386
547051,547052
547051,545458
547051,547053
547051,546651
546807,545529
546807,545470
546807,545472
546496,545042
546836,546943
546836,546944
546836,547054
546836,545771
546836,546828
545820,547055
546836,546829
547056,546078
547057,547058
547057,545056
547057,547059
547057,547057
547057,545453
547057,545671
547057,547060
547057,547061
547057,545670
547057,547062
547063,545173
547063,546804
547045,547064
547045,547065
547045,545033
547045,545034
547045,545035
547045,545036
547057,546651
547057,547066
547067,545415
547068,547069
547056,545624
547056,546061
547056,546079
547070,545056
547071,545062
546892,546890
547072,545084
545706,545245
545706,545629
545706,545707
545706,545204
545706,545709
545706,545206
545706,545710
547069,545669
547069,545668
547069,547068
547068,545669
547068,547073
547056,546062
546549,547074
545510,545522
547075,547076
545427,545425
546019,546111
546019,547077
546019,546114
546019,545929
546150,547078
546150,547079
546150,547080
545427,545428
546150,545959
546150,547081
546150,547082
546150,547083
546150,547084
546150,546019
546150,546118
546150,546269
546150,547085
546150,547086
546150,547087
545427,545426
545198,545656
547088,547089
547088,547090
547088,546031
547088,545245
547088,547091
547088,547092
547088,547088
547088,547093
545427,545256
547088,545453
547088,547094
547088,547095
547088,547096
547088,547097
545198,545198
545198,547098
545198,545654
545198,547099
547088,547100
546150,547101
547102,545245
547102,547103
547104,547099
547099,547105
547099,545198
547099,547104
547106,545386
545386,546811
545386,547107
545386,547108
547104,545283
545386,545118
547109,547110
546196,547111
546196,547112
546196,546656
546196,547113
546196,547114
547115,547116
547115,545579
545386,547106
547117,545101
547118,547118
547119,546965
547102,545427
547102,547120
547102,547121
547102,547102
547102,545936
547122,545245
547122,546029
546149,546013
546149,545962
546149,545971
546149,545427
546149,546134
546149,546019
546149,546114
546149,546125
546149,546150
546149,547102
546149,547122
546149,545313
547088,545499
547115,547123
547088,547124
547088,547125
547126,547127
547126,547128
547126,547129
547126,547130
547126,547131
547126,547132
547126,547062
547126,546031
545184,547126
547126,545184
545245,545709
545245,547122
545245,547091
545245,545707
545245,545710
545245,547133
545245,547134
547091,545245
545245,547120
547097,545245
545184,545173
547012,547135
547012,547136
547012,547137
547012,547138
547012,547139
547012,547140
547012,547141
547012,547142
547012,547143
545184,545183
547012,547144
547012,547145
547012,547146
547012,547147
547012,547148
547012,545381
547012,547149
547012,547150
547012,547151
547012,547152
547097,547091
547097,547092
547097,547088
547088,545009
547088,547153
547088,547154
547088,547155
547088,547156
547088,545219
547088,545189
547088,547157
547088,545309
547088,545311
547088,546865
547088,547158
547088,545290
547088,545270
547088,546050
547088,545458
547088,547159
547088,547160
547088,545502
547088,547133
547088,547161
547088,547162
547097,547093
547097,545453
547097,547100
547097,547094
547097,547095
547097,547096
547097,547097
547088,545086
547088,547163
547088,547164
547088,546650
547088,547165
547088,547166
547088,546680
547088,545422
547088,546874
547088,547167
547088,547131
547088,547168
547088,545465
547012,547169
547115,547170
547115,545669
546848,545764
546848,546256
546848,545741
546848,545743
546848,546840
546848,546848
547171,546900
547171,545764
547172,545760
547171,546973
547171,546974
547171,545741
547171,546287
547171,545743
547171,547172
547171,546848
547171,546849
547171,547173
547171,546256
547171,545896
546973,545651
546900,545896
545169,545655
545169,545656
545169,545657
545169,547174
545169,545183
545169,547175
545169,545173
545169,547176
546900,546178
547177,545169
546900,545410
546900,546897
546900,545757
546900,546898
546900,546313
546900,545760
546900,545715
546900,546899
546900,546900
547171,546178
547178,547179
547178,547180
545042,545828
545042,547181
545042,546277
545042,545084
545042,545064
545042,545049
545042,545041
545042,546892
545042,545604
545042,546894
545042,545043
545042,545044
545042,545045
545042,545048
545042,545050
545042,545051
545042,546270
545042,547182
545042,547183
545084,547184
545084,547185
545084,545619
547178,547186
547178,547187
547178,547188
547178,547189
547178,547190
547178,547191
547178,547192
547178,547193
547178,547194
547150,545381
547195,547195
545044,546006
545044,545042
545044,547196
545044,546055
545044,545696
545044,545178
545044,547197
545084,545608
545169,547198
547115,547199
545169,545642
545169,545180
545452,547200
546718,545458
546718,545089
545089,547047
545089,545087
545089,547201
545089,545502
545089,547181
545452,547202
545089,545445
545089,545451
545089,547203
545089,545452
545089,545542
545089,545287
545089,546718
546874,545311
546874,547204
545089,545450
547205,546874
545452,547206
545451,545859
547115,545714
547115,546306
547115,546196
547181,545089
545997,545683
545997,546252
545997,545769
545997,547207
545452,545037
545997,547208
545997,546001
545997,547209
545997,545754
545997,545760
545445,545089
547210,547211
545581,545415
547212,547212
545997,546198
547205,547168
547205,545309
547205,545310
547213,545624
547214,545624
547215,545381
545760,546593
545760,545410
545760,545040
545760,546750
545760,545415
547216,545624
545760,545997
545760,547172
545760,546547
545760,546751
547217,545760
547218,547219
547220,545406
545169,546025
545169,545553
545760,545737
547221,544985
547221,546023
547221,546124
547205,545219
547205,545270
547205,547222
547205,547223
545088,545426
545088,545054
545962,545426
545426,545427
545426,545088
545426,545962
546023,545962
546023,545427
546023,544985
546023,545120
544985,546498
544985,547224
547221,545088
547221,545962
547221,545426
545169,545549
545042,545053
547012,547225
547012,547226
547227,546673
547227,545054
545524,547228
547197,545044
547200,545187
547200,545042
547200,545089
547200,545060
547227,545242
547200,545115
547229,545651
545651,546973
545651,547229
547230,547231
547230,547232
547230,547233
547230,547234
547230,547235
547200,545452
547230,547236
547227,546520
547227,545178
545242,546673
545242,547227
545242,547237
546673,545242
545054,547201
545054,547238
545054,546224
545054,545088
547227,545065
545054,545062
545054,547239
545054,547240
545054,545274
545054,547241
545054,545384
545054,545242
547227,547242
547227,546466
545054,547243
547230,547244
546680,545009
545920,547245
545422,547246
545422,547247
545422,547162
545422,547248
545422,547249
545422,547133
545422,547250
545422,545512
545422,547251
545422,547252
545422,547253
545422,547120
545422,547254
545422,547255
545422,547256
545422,547257
545422,547258
545422,547259
545422,546131
545422,547260
545422,547261
545422,547262
545086,545086
545086,545187
545086,545042
545086,545089
545086,545060
545086,545115
547263,544991
547263,545208
547263,545499
545422,545522
545422,547264
545422,547165
545422,547103
545422,545809
545422,545801
545422,547265
545422,547266
545422,547174
545422,547267
545242,545654
545422,547268
545242,545678
545242,545065
547131,546369
547131,547057
547131,547060
547131,547269
547131,547062
547131,547130
547131,547270
547131,547271
547131,546367
547131,547272
547131,547160
547131,547126
547131,547273
547274,547275
547274,545086
547274,547276
547274,547277
547274,547163
547131,546008
547274,545670
547131,547066
547131,547278
545173,545183
545173,547279
545173,547280
545173,547281
545173,547282
545173,545657
545173,547283
546155,546017
547131,547284
546155,546150
547285,545381
545384,545009
545384,545054
547176,545169
547131,547286
547131,547287
547131,547288
547131,546697
547285,547141
547274,547131
547274,547289
547274,547099
545178,547290
545178,547291
545178,547292
545178,546623
545178,547293
545178,547227
545178,547294
545178,545095
546466,547295
545178,547296
545178,545112
545178,545094
546520,545054
545242,547297
545242,545251
545242,545789
545242,545241
545242,545178
545178,547298
546466,545242
546466,545283
546466,545178
547274,547058
547274,547299
547274,547300
547274,547301
547274,547059
547274,545671
547274,547302
547274,547303
547304,545469
547304,547305
547304,547131
547304,547306
547304,547274
545737,545638
545737,547307
545737,545760
545737,547308
545737,545669
547309,545263
545242,545791
547012,547310
545422,547311
545422,547312
547313,547314
547313,547315
547313,547316
547313,547317
547313,547318
547313,545503
547313,546689
547313,547319
547313,547320
547313,545665
547313,547321
547313,547322
547313,547323
547313,547324
547313,546693
547313,547325
547313,546145
547313,545507
547313,547326
547313,547327
547313,547328
547313,547181
547313,547329
547313,547330
547313,547331
547313,547313
547313,547332
547313,545050
547313,547333
547313,547334
547313,547335
547313,547336
547313,545089
547313,545381
547313,547337
547313,547338
547313,547339
547313,547340
547313,547341
547313,547342
547313,547343
547313,547344
547313,547345
547313,547346
547347,547348
547347,545499
546031,545042
546547,547349
546547,546751
546547,545669
546547,547350
546547,545760
547347,547351
547152,545626
547012,547352
547012,547353
547012,547354
547012,547355
547012,547356
547012,547357
547012,547358
547012,547359
547152,545381
547347,547360
547347,547361
547313,546551
547313,547362
547313,547363
547313,546264
547313,547364
547313,547365
547313,547366
547313,547367
547313,547368
547313,547369
547313,547370
547313,547371
547313,547372
547313,545499
547313,547373
547313,547374
547313,547375
547313,547376
547313,547090
547313,547377
547313,547378
545422,547379
547313,547380
547313,547381
547315,547329
547315,547382
547315,545499
545503,545499
546693,545988
545507,545563
545507,547168
545507,546091
547315,547168
545507,545499
545507,544991
545507,547383
547370,545009
547370,547241
547370,545115
547313,547384
547313,545293
547313,547385
545507,547386
547313,547387
547315,547388
547389,545499
545422,545793
545422,547390
545422,545787
545422,547364
545422,547391
545422,547392
545422,547393
545422,547394
547330,545470
545422,547372
545422,547395
545422,547090
545422,547396
545422,546385
545422,547397
545422,547229
545422,547398
545422,545445
545422,547124
547313,547399
547313,547400
547313,546680
547313,547401
547313,547402
547313,547403
547313,545504
547313,545563
547313,545426
547313,547404
547313,547168
547313,547389
547313,547405
547313,547406
547313,546473
547313,547407
547313,547408
547313,547409
547313,545009
547313,547410
547313,547154
547313,547411
547313,547412
547313,547413
547313,547414
547313,547361
547313,547415
547313,547388
547313,545920
547313,545086
547313,547416
547313,547417
547313,547012
547313,547418
547313,547419
547313,547263
547313,547420
547313,547421
547313,545187
547313,547422
547313,545422
547313,547423
547313,547424
547313,545501
547313,547425
545173,547426
545042,545054
545042,546493
544991,547228
544991,545524
547427,544991
547428,546502
547428,545101
545499,547339
545499,547429
545499,547389
544991,547386
545499,547154
545499,547430
545499,546190
545499,546639
545499,547321
545499,547431
545499,547432
545499,547433
545499,547168
545499,547371
545499,546091
544991,547434
544991,545495
545470,547435
545470,547436
545470,547437
545470,547438
545470,545183
546132,544991
546132,545470
544991,546602
544991,545250
544991,546015
544991,547439
544991,545191
544991,545190
544991,545264
544991,545013
544991,545590
544991,545519
544991,545208
544991,545196
545499,545507
545499,545503
545499,545428
545415,546179
545415,545737
545415,547440
545415,546599
545415,546197
545415,547441
545415,547442
545415,547443
545415,547113
545415,545760
545415,545761
545415,547444
545415,545581
547445,547446
547445,547447
547445,547448
547445,547449
547445,547450
545415,547451
545415,547452
545415,547453
545415,546289
545499,547454
545499,547455
545499,545502
547456,547168
547456,547367
547456,545499
547457,546658
545101,545967
545101,545100
545101,547458
547459,546502
547459,545101
545415,547460
545415,545370
545415,545683
545415,547461
545415,547115
545415,547073
545415,547462
545470,547463
547445,547464
545470,547465
545470,547281
546255,547466
546255,547467
546255,547468
546255,547469
546255,546178
546255,546302
546256,545741
545741,546740
546255,547470
545741,546256
545741,546255
545743,545764
545743,545741
545743,546848
546837,546922
546837,546927
546837,546928
546837,546938
545741,546833
546837,545896
546255,546173
545764,545743
545062,545818
545062,546495
545062,545711
545062,546029
545062,547471
545522,547472
545522,547473
545522,547474
546255,546249
547475,547476
547475,545522
547475,547223
547477,546570
545764,545764
545764,545844
545764,546255
545764,546256
545764,545741
547475,546868
546837,546827
546837,546830
546837,546831
545009,547229
545009,547095
545502,545349
545502,545089
545502,545499
545502,545270
545502,545009
545187,545316
545009,547478
547479,545187
547480,547481
545470,546132
545470,545472
545470,546678
545470,545173
545470,546807
545470,547330
545470,547482
547483,547211
545009,547392
545009,546680
545009,545610
546830,546922
546830,545764
546830,545844
546830,546255
546830,546256
546830,547484
546830,546923
546830,545741
546830,546927
546830,546928
546830,546938
546830,545743
546830,546844
546830,546849
546830,546851
546830,546827
546830,546178
546830,546831
546830,546837
545470,547198
545062,546403
547445,545415
547445,547485
545786,547486
545786,547487
545786,547488
545786,547489
545786,547490
545786,546201
545786,546202
545786,547491
545786,545826
545786,545827
545786,547492
545786,547493
545786,547494
545786,547495
545786,547496
545786,547497
545786,547498
545786,547499
545786,547500
545786,547501
545786,547502
545786,547503
545786,547504
545786,546293
545786,547505
545786,545818
545786,547506
545786,547507
545786,547508
545786,547509
545786,545825
545786,547510
545786,545522
545786,547511
545786,545062
545786,545814
545786,547512
545786,545831
545786,547513
545786,547514
545786,546403
545786,545820
545786,547515
545786,547516
547517,545786
547517,546495
546288,545678
546288,545786
546288,547518
546288,547517
547519,547520
547520,547519
547517,547521
546270,545469
546270,547522
546270,545042
546270,545474
546270,547523
546270,547524
546270,545464
546270,546031
547525,546270
546270,545049
547517,545522
547517,545510
547518,545678
545786,547526
545786,545313
545786,547055
545786,547527
545786,547528
545786,546183
545786,547529
545786,545817
545786,547530
545786,545785
545786,547531
545786,546257
545786,547532
545786,547521
545786,545819
545786,545822
545786,545678
545786,547533
545786,546288
545786,547534
547445,547535
545786,547536
545786,547537
547538,547539
547538,547540
547538,547223
547541,547542
547543,547544
547545,547546
546171,547547
546171,547548
547538,547549
547550,545940
547550,546513
547550,546133
547550,546129
547550,546164
547550,547551
547550,547552
547550,546171
547550,546110
547550,547550
547553,545671
547538,547554
547538,546109
547445,547555
547445,547556
547445,547557
547445,547558
547445,547559
547445,547560
547445,547561
547445,547562
547538,547563
547445,547564
545649,545650
545649,545651
545714,547004
546109,545236
547554,545714
547554,547540
547538,545649
547538,545714
545649,545648
546157,547565
546157,547566
547567,546157
545786,547518
545786,545813
545786,547568
545786,545815
545786,545203
545786,545791
545786,545510
545786,547569
545786,545789
545786,547570
545786,547571
545786,547572
545786,545812
545786,545811
545786,546286
545786,547573
545786,545046
545786,547574
545786,547575
545786,547576
545786,545786
545786,547577
545786,545083
545786,547578
545786,547579
545786,546282
545786,547580
545786,546253
545786,545697
545786,547101
545786,545251
545786,545821
545786,547581
545786,547582
545786,547583
545786,547584
545786,547585
545786,545829
545786,545824
545786,547586
545786,547587
545786,547588
545042,546031
545062,545379
545062,545355
547589,547367
547589,547590
547589,547591
547589,545499
547589,545494
547589,547222
547589,547223
547592,547593
547589,547594
547592,547589
547595,545406
547596,547597
545850,545689
545850,545798
547598,545450
547598,547599
547598,547600
547601,545741
547602,546123
545048,546481
547589,547603
547589,546091
547589,547156
547589,547604
547589,547605
547589,547606
547589,545219
547589,546224
547589,545311
547589,545502
547589,546415
547589,545522
547589,545235
547589,547339
547589,547158
547589,547607
547589,547608
547589,545236
547589,547609
547589,545270
547589,547610
545048,547611
545669,547612
545669,547613
545669,545695
545669,547614
545669,547615
545669,545668
545654,545654
545654,545198
545654,545242
545287,547616
545669,547617
545287,545859
545287,547618
545381,547619
545381,545626
545381,546966
545381,545381
545381,546043
545381,545502
545381,546718
545287,546090
545669,547620
545669,547621
545669,547622
545669,547073
545669,547068
545669,547069
545669,545765
545669,545997
545669,546819
545669,546261
545669,545770
545669,545715
545669,546677
545669,547623
545669,546001
545669,545650
545669,545651
545669,545647
545669,545760
545669,545737
545669,547624
545669,547625
547589,547626
545381,547150
547589,547155
547589,545009
545118,547627
545118,546679
545118,547628
545118,545945
545118,545947
545118,545974
545118,545117
545118,545386
545118,547629
547629,545118
547630,547631
547630,545040
547630,547632
547630,547633
547630,547634
547630,546106
547635,547636
547635,547637
545040,547638
547635,547639
545118,546167
545118,547640
545042,546955
545042,545233
545042,546496
545042,545257
545042,545258
545212,546968
545212,546598
545212,545211
545118,546166
545212,545862
545450,546805
545118,547641
545118,545917
545118,547642
545118,546134
545118,546120
545118,546020
545118,546122
545450,545047
547643,547643
547644,545227
547645,547646
547647,545124
547647,546570
547589,547648
547589,546680
547589,547415
547589,545649
547589,545783
547589,546874
547647,546157
547589,545784
547589,547649
547589,547168
547589,545510
547589,547650
547589,547397
547589,545309
547589,547651
547589,547652
547589,547167
547647,547653
547611,545048
547654,546123
547655,547656
547657,547658
547659,547659
545944,547660
547661,545135
547661,545126
547661,545101
547661,545044
547661,545084
547661,545052
547661,545187
547661,545042
547661,545212
547661,545287
547661,545944
547662,545499
545032,546399
547663,545032
547664,546157
547589,545310
545062,545356
545381,547012
546085,546981
547665,547666
547665,545281
547665,547667
547668,547669
547668,547670
547668,547671
547668,545236
547668,547665
547665,545275
547668,547672
547668,545275
547668,547666
547668,545281
547668,547673
547668,547674
547675,547600
545349,545187
545349,545502
547668,547676
545349,547677
547665,545236
545236,545634
547678,547679
547678,547680
547678,547681
547678,547682
547678,547683
547678,547684
547678,547685
547678,547686
547665,547670
547678,547687
547678,547688
547678,547689
547678,547690
547678,547691
547678,547692
547678,547693
547678,547694
547678,547695
547678,547696
547697,545349
547698,545016
547699,547191
545062,546522
545062,546288
545062,546511
545062,547513
545062,546689
545062,545678
545062,545116
545062,545054
545062,545815
545062,545786
545062,545697
545062,545332
545062,547700
545062,545333
545062,547701
545062,545330
545062,545331
545062,545354
545062,545522
545062,545789
545062,546257
545062,547521
547702,546502
547702,545101
547095,545009
547703,547704
547471,545062
545062,547392
545062,546183
545062,546751
545062,545946
545062,545041
545062,547071
545062,545819
545062,547056
545062,547705
545062,547706
545062,547707
545062,547708
545062,545062
545062,545256
547678,547709
545381,547285
547678,547710
547678,547711
547712,545043
547712,545669
547712,545958
547712,545654
547712,545287
547712,545381
547712,546085
547712,545264
547712,545499
547712,545927
545611,546820
545611,545100
545611,546277
545611,546169
545611,547713
545611,545610
545611,545609
545611,545655
547714,547715
547716,545611
547712,545048
547712,547243
546085,546983
546085,546113
546085,546084
546085,546982
546085,546121
546085,547511
546085,546690
545264,546091
547712,547458
545264,545679
545264,545660
545264,545264
545927,545925
545927,547717
547712,545063
547712,547718
547712,547719
547712,547720
545264,547721
547722,546583
547723,547724
547723,545264
547678,547725
547678,547726
547678,547727
547678,547728
547678,547729
547678,547730
547678,547731
547678,547732
547678,547733
547678,547734
547678,547735
547678,547736
547678,547737
547678,547738
547678,547739
547678,547678
547678,547740
547678,546009
547678,547741
547678,547742
547678,547743
547678,547744
547723,547745
547723,546231
547723,546965
547723,547746
547723,546504
547747,547191
547748,545013
547748,547748
547748,547749
547748,547750
547748,544991
547748,547751
547748,547752
547748,545292
547748,547753
547754,547755
547678,547756
547678,547757
547678,547758
547678,547759
545173,547760
545173,547761
545173,545181
547607,547175
547607,547279
547607,547280
547607,546169
547607,547762
547607,545264
547607,547713
547607,547377
547607,545358
546169,547713
546169,547763
546091,546464
546091,545013
546091,546277
546091,547764
546091,547765
546091,547766
546091,547767
546169,547768
546091,547769
547607,547770
547607,547403
545347,545351
546740,545741
547771,547772
545697,545711
545697,546686
545697,546183
545697,545789
545697,545678
547607,547760
545697,545062
547607,545013
547607,546277
547607,547764
547607,547765
547607,547766
547607,547767
547607,547769
547607,545547
547566,546157
546091,545547
546091,547403
546091,547760
545819,547578
545819,547579
545819,546282
545819,547580
545819,546253
545819,545697
545819,547101
545819,547521
545819,545083
545819,545251
545819,547581
545819,547582
545819,547583
545819,546257
545819,547584
545819,547585
545819,545829
545819,545824
545819,545821
547773,547774
547773,547775
547773,546091
546091,547770
546091,545358
546091,547175
546091,547279
546091,547280
546091,546169
546091,547762
546091,545264
546091,547713
546091,547377
547773,547020
547773,547776
547773,547777
547773,547778
547773,547779
547773,547607
547773,547780
547773,547781
547773,546169
545347,545350
545819,547586
545347,545347
545347,545399
547782,547783
547782,547784
547782,547785
547786,547589
547438,545470
547787,547788
547789,547790
547237,545242
547782,547791
545683,545997
545683,545769
545683,547207
545683,545760
545683,547208
545683,546198
545683,546001
545683,547209
545683,545754
545683,546252
545683,546179
547782,547792
547782,547793
547579,546183
547386,544991
547386,547383
547386,545507
547794,545522
547782,547795
547782,545786
547782,547796
547782,545819
547782,547797
547782,547798
547782,547799
547782,547800
547782,547801
547782,547802
547782,547803
547782,547804
547782,547805
547782,547806
545754,545415
545754,547462
547298,545178
547713,547769
547713,545957
547713,547807
547713,545954
547713,546132
547713,545611
547713,547808
547713,547175
547713,547809
547713,545655
547713,547810
547713,546163
547713,546169
547713,546147
547713,546151
547713,546153
547713,547713
545347,545461
547713,546158
547713,546277
547713,545914
546158,544985
547811,545183
547615,545669
547615,547812
547615,547813
547615,546412
547615,547615
546029,545062
546277,546277
545954,547008
545954,545658
545954,547808
545954,546169
545954,547713
547175,545654
546158,547814
546158,546158
546158,546169
546158,545069
546158,546157
545347,547815
547579,547495
545819,547587
545819,545786
545634,545678
545634,545666
545634,545264
545634,545236
547816,546085
545208,545264
545208,545660
545208,544991
545634,545658
545495,545519
545495,545208
547568,545083
547568,546257
547568,545786
547568,545811
547568,547506
547568,545825
547568,545678
545495,544991
547568,547497
545634,545676
545634,545677
547817,547818
547817,545922
547817,545118
547817,546134
547817,545386
547817,546067
545656,547098
547819,545654
545634,545697
547819,547098
547819,545198
547819,547820
545628,545245
545628,545629
545628,545710
545202,545245
545202,545710
545202,545628
547819,545656
545822,545678
545822,545786
547521,545678
547821,546204
547821,547822
547821,546178
547821,546833
547821,546835
546993,547823
546993,547013
546993,547824
547821,547825
546993,547037
545112,545130
545112,545131
545112,545132
545112,545090
545112,545133
545112,545134
545112,545135
545112,547826
546993,547042
547821,546287
547821,545741
547821,547827
547521,545786
547521,545819
547828,545844
547828,545747
547828,545892
547828,545896
547828,545897
547822,545669
547822,547829
547822,545668
547822,547612
547822,546204
547822,547830
547821,545844
547821,546255
547821,546256
547821,547828
547821,547821
547821,546302
547831,547126
545819,547577
547832,547833
547832,546194
545819,545046
545819,547574
545819,547537
545819,547588
545819,547536
545819,547534
545819,547504
545819,546293
545819,546288
545819,547505
545819,547506
545819,547507
545819,547508
545819,547509
545819,547510
545819,546403
545819,545522
545819,547511
545819,545818
545819,545062
545819,547573
545819,546286
545819,547576
545819,545789
545819,547518
545819,545813
545819,547568
545819,545815
545819,545203
545819,545791
545819,545822
545819,545510
545819,547570
545819,547575
545819,547571
545819,547572
545819,545812
545819,545817
545819,547532
545819,545811
545819,547569
545819,545814
545819,547512
545819,545831
545819,547497
545819,547498
545819,547499
545819,547501
545819,545820
545819,547515
545819,547516
545819,547526
545819,547496
545819,545313
545819,547527
545819,547528
545819,546183
545819,547529
547832,545714
547832,547834
547832,547835
547832,547836
545819,547055
545819,547495
545819,547494
545819,547493
545819,547513
545819,547514
545819,547503
545819,545825
545819,547502
545819,545826
545819,547486
545819,545819
545819,547487
545819,547488
545819,547489
545819,547490
545819,546201
545819,546202
545819,547491
545819,545678
545819,545827
545819,547500
545819,547492
547832,545581
545112,545136
547579,545678
547579,547514
545180,547201
545180,547837
545180,547281
545180,547282
545180,547838
545180,547839
545180,547840
545180,547841
545180,546808
545180,546791
545180,545163
545180,547842
545180,546787
545180,547843
545180,546026
545180,546789
545180,547844
547426,547020
545180,545657
547426,546169
545180,545184
545180,545070
545180,546800
545180,547845
545180,545475
545180,547846
545180,546131
545180,547847
545180,546025
545180,547848
545180,547849
545180,546804
545180,547719
545180,547850
545180,547851
545180,547852
545180,547853
545180,545673
545180,547280
545180,545069
545180,545479
547426,546091
547426,546153
547426,547854
544942,547855
544942,547856
544942,546277
544942,547857
544942,545553
544942,545470
544942,545642
544942,547283
544942,545178
544942,547858
544942,547859
544942,545472
544942,547819
544942,545086
544942,547276
544942,547860
544942,547861
544942,546260
544942,547862
544942,547863
544942,545527
544942,545468
547426,545173
547280,545173
545519,544991
545519,545208
545519,545495
547864,545183
547865,545060
547865,545470
547865,545183
547866,545032
544942,547867
544942,547868
544942,545284
544942,545500
544942,545939
544942,547869
544942,545460
544942,547870
544942,545911
545180,545183
544942,547871
545180,547426
545180,547872
547075,547873
547075,547874
547075,547875
547075,547253
547075,547876
547075,547877
547075,547258
547075,547878
547075,545510
547075,547879
547075,547880
547075,547398
547075,547881
547075,547882
547075,547883
547075,547884
547075,547885
547075,547886
547075,545522
547075,547887
547075,547888
547075,547889
547075,547890
547075,547891
547075,547892
547075,547893
547075,547894
547075,547895
547075,546973
547075,547896
547075,547897
547075,547898
547075,547899
547075,547900
547075,547901
547075,547902
547075,546609
547075,547903
547075,547904
547075,547905
547075,546974
547075,547906
547075,547907
547075,547908
545180,545919
545180,545173
545180,547819
545180,545921
545180,547766
545180,545922
545180,547909
545180,545556
545180,545472
545180,545169
545180,545181
545180,545560
545180,545965
545180,545066
545180,547761
545180,545546
545180,545162
545180,547760
545180,546795
545180,545642
545180,545470
545180,545553
547075,547075
547075,547910
547075,547391
547075,547911
547075,547912
547075,547393
547075,547913
547075,547171
547075,547914
545338,546963
545410,545760
545180,547915
545180,545939
545180,545550
545180,545529
545180,545923
545180,544942
545180,545911
545180,545468
545180,547916
547579,545825
544942,547174
544942,546728
544942,547061
544942,547917
544942,545198
544942,546145
544942,547918
544942,545116
544942,546364
544942,547919
544942,547920
544942,547345
544942,547921
544942,547922
544942,545317
544942,547923
544942,547924
544942,547925
544942,546151
544942,545085
544942,547926
544942,545322
544942,545184
544942,545287
544942,545032
544942,546144
544942,545058
544942,547164
544942,547927
544942,545654
544942,545455
544942,545671
544942,547928
544942,546163
544942,545060
544942,545087
544942,547929
544942,547930
544942,546008
544942,547098
544942,545604
544942,545656
544942,547931
544942,547932
544942,546153
544942,547933
547392,545499
547392,545009
547934,546577
547935,547245
547935,546136
545260,546136
547936,545255
547936,545951
545640,545638
547936,545259
547936,545260
547936,546154
547431,545499
547579,547580
547579,546257
547579,545815
547579,545203
547579,545812
547936,547935
545638,545639
545638,545641
545638,545640
544942,547287
544942,545492
544942,547937
544942,547938
544942,547372
544942,547939
544942,547940
544942,547941
544942,545499
544942,547090
544942,546026
544942,547942
544942,545326
544942,545115
544942,547943
544942,545936
545657,547198
545638,545410
545638,545637
544942,545286
544942,547944
544942,547181
544942,545241
544942,547760
544942,547945
544942,547946
544942,547947
544942,545041
544942,546894
544942,545450
544942,545042
544942,545971
544942,545946
544942,545343
544942,545044
544942,545395
544942,547426
544942,547948
544942,545186
544942,547949
544942,547409
544942,547133
544942,547950
544942,547951
544942,547952
544942,545449
544942,547953
544942,545188
544942,547954
544942,545556
544942,545169
544942,547955
544942,547956
544942,545064
544942,545559
544942,547270
544942,547957
544942,545549
544942,547958
544942,545965
544942,547959
544942,545066
544942,547960
544942,547961
544942,547962
544942,547099
544942,545344
544942,547963
544942,545502
544942,545452
544942,547964
544942,545089
544942,547965
544942,547966
544942,547967
544942,547968
544942,547969
544942,547970
544942,547971
544942,545185
544942,547972
544942,547973
544942,545051
544942,547974
544942,546126
544942,545195
544942,547975
544942,545616
544942,547976
544942,547977
544942,545658
544942,545475
544942,547978
544942,545045
544942,546130
544942,546131
544942,547979
544942,547980
544942,545451
544942,546137
544942,545056
544942,547272
544942,546708
544942,545048
544942,547981
544942,545050
544942,547982
544942,545348
544942,547983
545112,545113
545112,545111
545112,545099
547984,547985
547984,545540
547984,545709
547984,547093
547984,547986
547984,547987
547984,546050
547984,547094
547984,547088
547984,547095
547984,545710
547984,547988
547984,545628
547984,547989
547990,547990
547990,545245
547990,545677
547990,547091
547984,547097
547990,547165
547984,547052
547984,545199
547174,547991
547174,547992
547174,547993
547174,545169
547174,545183
547174,545245
547174,547134
547174,547994
547984,547995
547996,545009
547997,545062
547108,545386
545677,545293
545677,545678
547984,547990
547984,545245
547984,545629
547984,547091
547996,545233
547990,547984
547990,547998
547990,547092
546001,545649
546001,546285
546001,546249
546001,545648
546001,545651
546736,546677
546736,546001
546736,545651
547201,545054
547465,545470
547198,545169
547198,545655
547198,545656
547198,545657
547198,547999
547198,545470
547198,547465
547198,547436
547198,545642
548000,548001
548000,548002
548000,548003
547990,545965
547990,548004
547990,547161
547990,548005
547990,547985
547990,547986
547990,548006
547990,548007
547990,547994
547990,547095
547990,547096
547990,547988
548000,548008
548000,548009
548000,548010
548000,548011
548000,547188
548000,548012
548000,548013
547133,545337
547198,548014
547133,546131
547133,548015
545458,547131
545458,545189
545458,547159
545458,546031
545458,547203
545458,548016
547241,545054
548017,548018
545458,545234
548017,548019
548017,548020
548017,548021
548017,548022
548017,548023
548017,548024
548017,548025
548017,548026
548017,548027
548017,548028
548017,548029
545458,545456
545458,545458
548030,546689
548030,545069
548030,547100
548030,547344
548030,548030
548030,548031
548030,548032
548030,548033
545458,545287
545458,547052
545458,545449
545458,545450
545458,545451
545458,545452
545458,545089
545458,545448
545458,545453
545458,545455
545458,548034
548017,548035
547565,547565
547565,546157
548036,548037
548036,547662
548036,547382
548036,548038
548036,547315
548036,545503
548036,548039
548036,547345
548036,547456
548036,545499
548040,548041
548015,548042
548015,545458
548015,547159
547133,545642
547133,547096
547133,545245
547133,545339
548036,547090
548036,547329
548036,547380
548036,546473
546982,546085
546982,546121
546982,547511
546982,546690
546690,546982
546690,546085
546690,546121
546690,547511
547511,545822
547511,545678
547511,546982
547511,546085
547511,546121
547511,546690
548036,547388
548036,545422
548036,548043
548036,548044
548036,547168
547133,545129
548030,548045
546677,546676
546677,546001
545173,545911
545173,545468
545173,545553
545173,545642
545173,545472
545173,545919
545173,547819
545173,545921
545173,544942
545173,547766
545173,547909
545173,545556
545173,546795
545173,545560
545173,545965
545173,545066
545173,545546
545173,547872
545173,545922
545173,547916
545173,545923
545173,545550
548046,548047
548046,548048
548046,548049
548046,548050
548046,548051
548046,548052
548046,548053
548046,548054
545173,545529
548046,548055
548046,546150
548046,548056
548046,548057
548046,548058
545173,545073
545173,548059
545173,547915
545173,545939
548046,548060
545173,546800
545173,547845
545173,545475
545173,547840
545173,547841
545173,546791
545173,547937
545173,545163
545173,547842
545173,546787
545173,547843
545173,547839
545173,546026
545173,547844
545173,545172
545173,545174
545173,545162
545173,545213
545173,545470
545173,545180
545173,545169
545173,546789
545173,547838
545173,547837
545173,547201
545173,547846
545173,546131
545173,547847
545173,546025
545173,547848
545173,546804
545173,545479
545173,547719
545173,544943
545173,547850
545173,547851
545173,547852
545173,547853
545173,545673
545173,545069
545173,545070
545173,547849
545173,545184
545173,546808
548046,548061
546677,545994
548046,548062
548046,548063
547603,547539
547603,548064
547603,546022
547603,548065
547603,547609
547603,548066
547603,548067
547603,547540
547603,548068
547603,548069
547603,548070
547603,548071
547603,548072
547603,545651
547603,548073
547603,547594
547603,548074
547603,548075
547603,547538
547603,547591
547603,548076
547603,547549
546677,547461
546677,545651
546022,545219
546022,545270
547603,548077
547603,548078
547603,548079
547603,545649
547603,546677
547603,548080
547603,546109
547603,548081
547603,546044
547603,548082
547603,547563
547603,547620
547603,548083
547603,547554
547603,547228
547603,548084
547603,548085
547603,548086
546257,545678
547101,545203
547101,545811
547101,547504
547101,545831
547101,545678
547101,545827
547101,545313
546257,545819
547101,546150
547101,545786
548046,548087
548046,548088
548046,548089
548046,548090
548046,548091
548046,548092
548046,548093
547101,546257
546257,546288
546257,547532
546257,545786
547603,547223
547603,548094
546940,546839
546940,545798
545892,548095
545892,548096
545892,548097
545892,545798
548098,546943
548098,546950
548098,546940
548098,546934
548098,546937
548098,546840
548098,546841
548098,546847
548098,545892
548098,545896
548099,545415
548046,548100
548030,546050
548030,548101
548030,546143
545251,545242
545251,547293
545251,546689
545251,545054
545811,547579
545811,545697
545811,547101
545811,547521
545251,545789
545811,545251
545811,546257
545811,545829
545811,545088
545811,547586
545811,547587
545811,545786
545811,546304
545811,545789
545811,545821
545811,547518
548102,546270
548103,546364
545710,545629
545710,545710
545710,545245
545710,545709
545372,548104
545372,548105
545372,544991
545372,547752
548103,545322
545372,545514
545372,548106
545372,546317
545372,548107
545372,548108
545322,545316
545322,545527
545322,545980
548103,547951
545372,548109
545811,548110
545811,547571
545811,545812
545811,545426
545811,545009
545811,545502
545811,545614
545811,547608
545811,548111
545811,546144
545811,546689
545811,545256
545811,548112
545811,547344
545811,546415
545811,548113
545811,548114
545811,547932
545811,548115
545811,545972
545811,545203
545811,545828
545811,547486
545811,545814
545811,545813
545811,546288
545811,547574
545811,547504
545811,546293
545811,545522
545811,545062
545811,545831
545811,547513
545811,547514
545811,545827
545811,547500
545811,547492
545811,547494
545811,547495
545811,545313
545811,548116
545811,546183
545811,547529
545811,547580
545710,545453
545811,547508
545709,545629
545709,547122
546183,545942
546183,545948
546183,545258
546183,546513
546183,545951
546183,548117
546183,546130
546183,548118
546183,545970
546183,546129
546183,546029
546183,545062
546183,546144
546183,546686
546183,546689
546183,546690
546183,545260
546183,547492
546183,546116
546183,548119
546183,545789
546183,546304
545112,545091
545112,545092
545112,545093
545112,545094
545112,545096
545112,545178
547202,545452
548120,548121
546183,545966
548122,548123
546183,546595
546183,545256
546183,545915
546183,545697
546183,545916
546183,545251
546183,545711
546183,545257
546183,545255
546183,545261
546183,546154
546183,546171
545203,545827
548124,548124
546495,545786
546495,545789
546495,545522
546495,547513
546495,545697
546495,545062
545203,545678
547454,545499
547454,545522
545511,545565
545511,544991
548125,546167
546008,548126
546008,547160
546008,548127
548128,547599
547454,546495
545203,547504
545203,545811
545203,546257
546751,545760
548129,547110
545183,546642
545183,545546
545183,545182
545183,545672
545183,547718
545183,545228
545183,544942
545183,548130
545183,545657
545183,547811
545183,545069
545826,547587
545826,545820
545826,547055
545826,547528
545826,545678
545203,547510
545709,545245
545811,545008
545811,546238
545811,545825
546143,545910
546143,548131
546143,546136
546143,546143
546143,546139
546143,546025
546143,546141
546143,546804
546143,546802
546143,546129
546143,547203
546143,548132
546143,548133
546143,548134
546143,546712
546143,546117
546143,546029
546143,548135
546143,548136
546143,546195
546143,546132
546143,545475
546143,545965
546143,545066
546143,546307
546143,545546
546143,545162
546143,548137
546143,545426
546143,548138
546143,547978
546143,548139
546143,547916
546143,547948
546143,548140
546143,545951
546143,546800
546143,547409
546143,548141
546143,548142
546143,548143
546143,548111
546143,545655
546143,546034
546143,547841
546143,547287
546143,546787
546143,546026
546143,546067
546143,548144
546143,548145
548030,546064
546143,548146
548030,545550
548030,545911
548030,545553
548030,548147
548030,548148
548030,545546
548030,545009
548030,548149
548030,547995
548030,547870
546143,548150
546143,546151
546143,548151
546143,548152
546143,545058
546143,546162
546143,546163
546143,548153
546143,546165
546143,548154
546143,548155
546143,546169
546143,545069
546143,546808
546143,548156
546143,546147
546143,547201
546143,547919
546143,546598
546143,548157
546143,547924
546143,548114
546143,545549
546143,546085
546143,545560
546143,545556
545678,547518
545678,547532
545678,545819
545678,547568
545678,546257
545678,545786
545678,546288
545678,547506
545678,547577
545678,547587
545678,545826
545678,545825
545678,547101
545678,545203
545678,545811
545678,547504
545678,545831
545678,545827
545678,546183
545678,545822
545678,546403
545678,547579
545811,545678
546403,545678
546403,545062
545678,546995
545678,548158
545678,547529
545678,545677
545678,545678
545678,547580
545678,545815
545678,547514
545678,547495
545678,545813
545678,545812
545678,545814
545678,545083
545678,547497
545678,545658
545678,547055
547497,547101
547075,548159
547497,545251
547497,548160
546143,545529
546143,548161
546143,545923
546143,544942
546143,545911
546143,545468
546143,547399
546143,548162
546143,545550
546143,547857
546143,545553
546143,545915
546143,548163
546143,547998
546143,545642
546143,545472
546143,545919
546143,545922
546143,546793
546143,547915
545546,548164
545546,545183
547497,545811
547497,546048
547497,545678
547497,547492
547497,545313
547493,545251
547493,546257
547493,548160
547493,545811
547493,546048
547493,546403
547493,545678
547493,547492
547493,547497
547493,545313
545546,548165
545546,548166
545546,545182
545546,545037
547497,546257
546549,548167
545529,546821
546549,546628
548168,548169
548168,548170
548168,548171
548168,548172
548168,548173
548168,548174
548175,545706
548175,545245
548175,545202
548168,548176
548175,545707
548175,545206
548175,548177
548175,545710
548175,548178
548175,545628
548175,548179
548180,546270
548181,547724
548182,546675
548175,548183
548184,545227
548168,548185
548168,548186
546549,545809
546549,545467
546549,548187
546549,548188
548189,548031
548189,548030
548189,545009
548190,546470
548191,546470
548168,548192
548168,548193
548168,548194
548168,548195
548168,548196
548168,548197
548168,548198
548168,548199
548168,548200
548168,548201
548168,548202
548168,548203
548204,548205
547452,546719
547452,547115
548206,545604
548206,545828
548206,544985
548206,546149
548206,545233
548206,547096
548206,547932
548206,545115
548206,545118
548206,545614
548206,545089
548206,548207
548208,548209
548210,545032
548211,546470
548212,544997
548213,546470
548214,545120
548214,546675
546549,548215
548206,545052
548206,545114
548206,545502
548206,545616
547452,548216
547452,548217
547452,545415
547452,547462
547452,545847
547452,547207
547452,545760
547452,547208
547452,548218
547452,546174
548219,545042
548219,548220
548206,545086
548206,545187
548206,545088
548206,545339
548206,545426
548206,545042
548206,545009
548206,545427
548206,545050
546549,546793
546549,545469
548221,548222
546549,548223
546549,548224
546549,547329
546549,547331
546549,546495
546549,548225
546549,548226
546549,547203
546549,548227
546549,547456
546549,548037
546549,548228
546549,547539
546549,545522
546549,548229
546549,546695
546549,547463
546549,548230
546549,547378
546549,547626
546549,548231
546549,547000
546549,548232
546549,548044
546549,545393
546549,548233
546549,548234
546549,548235
546549,548236
546549,548237
546549,546015
546549,548238
546549,548239
546549,547517
546549,546473
546549,547229
546549,547397
546549,545309
546549,545009
546549,545475
546549,546522
546549,548240
546549,547311
546549,548241
546549,546145
546549,545507
546549,547327
546549,548242
546549,546598
546549,548243
546549,547923
546549,548244
546549,545787
546549,548245
546549,548246
546549,545279
546549,548247
546549,548248
546549,547370
546549,547392
546549,548249
546549,546385
546549,548250
546549,546043
546549,548251
546549,546202
546549,548252
546549,545808
546549,548253
546549,546680
546549,548254
546549,548255
546549,548152
546549,548256
546549,548257
546549,548258
546549,545138
546549,548259
546549,547315
546549,547931
546549,546549
546549,547390
546549,548260
546549,547044
546549,545270
546549,546042
546549,548261
546549,548262
546549,548263
546549,547388
546549,545065
546549,546681
546549,545786
546549,545422
546549,546874
