575952,575953
575952,575954
575952,575955
575952,575956
575952,575957
575952,575958
575952,575959
575952,575960
575952,575961
575952,575962
575952,575963
575952,575964
575952,575965
575952,575966
575952,575967
575952,575968
575952,575969
575952,575970
575952,575971
575952,575972
575952,575973
575952,575974
575952,575952
575952,575975
575952,575976
575952,575977
575952,575978
575952,575979
575952,575980
575952,575981
575952,575982
575952,575983
575984,575985
575952,575986
575984,575987
575988,575987
575984,575989
575984,575990
575984,575991
575984,575992
575984,575993
575984,575994
575988,575985
575988,575989
575988,575984
575988,575990
575988,575991
575952,575995
575984,575996
575984,575997
575985,575998
575985,575990
575952,575999
575952,576000
575952,576001
575952,576002
575952,576003
575952,576004
575952,576005
575952,576006
575952,576007
575952,576008
575952,576009
575952,576010
575952,576011
576012,576013
575985,575984
575952,576014
575952,576015
575952,576016
575952,576017
575952,576018
575952,576019
575952,576020
575952,576021
575952,576022
575952,576023
575952,576024
575952,576025
575952,576026
575952,576027
575952,576028
575952,576029
575952,576030
575952,576031
575952,576032
575952,576033
575952,576034
575952,576035
575952,576036
575952,576037
575952,576038
575952,576039
575952,576040
575952,576041
575952,576042
575952,576043
575952,576044
575952,576045
575952,576046
575952,576047
575952,576048
575952,576049
575952,576050
575952,576051
575952,576052
575952,576053
575952,576054
575952,576055
575952,576056
575952,576057
575952,576058
575952,576059
575952,576060
575952,576061
575952,576062
575952,576063
575952,576064
575952,576065
575952,576066
575988,575992
575952,576067
575952,576068
575952,576069
575952,576070
575952,576071
575952,576072
575952,576073
575952,576074
575952,576075
575952,576076
575952,576077
575952,576078
575952,576079
575952,576080
575952,576081
575952,576082
575952,576083
575952,576084
575952,576085
575952,576086
575952,576087
575952,576088
575952,576089
575952,576090
575952,576091
575952,576092
575952,576093
575952,576094
575952,576095
575952,576096
575952,576097
575952,576098
575952,576099
575952,576100
575952,576101
575952,576102
575952,576103
575952,576104
575952,576105
575952,576106
575952,576107
575952,576108
575952,576109
575952,576110
575952,576111
575952,576112
575952,576113
575952,576114
575952,576115
575952,576116
575952,576117
575952,576118
575952,576119
575952,576120
575952,576121
575952,576122
575952,576123
575952,576124
575952,576125
575952,576126
576127,576128
575952,576129
576130,576131
576130,576132
576130,576133
576130,576134
576130,576135
576130,576136
576130,576137
576130,576138
576130,576139
576130,576140
576130,576141
576130,576142
576130,576143
576130,576144
576130,576145
576130,576146
576130,576147
576130,576148
576130,576149
576130,576150
576130,576151
576130,576152
576130,576153
576130,576154
576130,576155
576130,576156
576130,576157
576130,576158
576130,576159
576130,576160
576161,576162
576161,575994
576161,576163
576161,576164
576161,576165
576166,576036
576167,576168
576167,576163
576169,576163
576170,576171
576170,576172
576173,576174
576130,576175
576173,576176
576173,576177
576176,576178
576176,576120
576176,576179
576130,576180
576130,576181
576130,576182
576130,576183
576130,576184
576130,576185
576130,576186
576130,576187
576173,576188
576130,576189
576130,576190
576130,575968
576130,576191
576130,576192
576130,576193
576130,576194
576130,576195
576130,576196
576130,576197
576130,576198
576199,576179
576199,576050
576200,576036
576201,576202
576130,576203
576201,576201
576204,576053
576204,576205
576204,576206
576204,576207
576204,576208
576204,576209
576210,576211
576212,576211
576212,576213
576214,576215
576214,576216
576214,576217
576204,576218
576130,576219
576130,576220
576130,576221
576130,576222
576130,576223
576130,576224
576130,576225
576130,576226
576130,576171
576130,576227
576130,576228
576130,576229
576130,576230
576130,576231
576130,576232
576130,576233
576130,576234
576130,576235
576130,576236
576130,576237
576130,576238
576130,576239
576130,576240
576130,576241
576130,575960
576130,576242
576130,576243
576130,576244
576130,576245
576130,576246
576161,576247
576161,576248
576161,576168
576249,576250
576251,576252
576251,576253
576251,576254
576008,576211
576008,576023
576255,576256
576257,575968
576257,576258
576257,576259
575968,576260
575968,576224
575968,576261
576251,576262
575968,576263
576264,576265
576266,576267
576268,576269
576270,576271
576270,576272
576270,576273
576270,576274
576270,576275
576276,576277
576276,576278
576276,576279
576276,576280
575968,576281
576251,576282
576251,575971
576251,576283
576284,576285
575988,575994
576284,576286
576284,576287
576284,576288
576284,576289
576284,576290
576284,576291
576284,576292
576293,576294
576293,576295
576293,576296
576293,576297
576293,576250
576298,576269
576299,576300
576301,576302
576303,576304
576305,576306
576305,576307
576305,576308
576309,576310
576309,576189
576311,576300
576312,576143
576313,576313
576251,576008
576276,576314
576214,576315
576277,576279
576279,576279
576163,576316
576163,576317
576163,576318
576163,576319
576163,576320
576163,576321
576163,576322
576163,576323
576324,576325
576324,576326
576324,576327
576324,576328
576163,576329
576324,576163
576324,576169
576324,576330
576324,576324
576331,576332
576331,576333
576331,576249
576331,576334
576331,576335
576331,576336
576331,576337
576331,576338
576249,576339
576324,576340
576163,576341
576163,576342
576163,576343
576279,576344
576163,576345
576163,576328
576163,576346
576163,576347
576163,576324
576163,576332
576163,576333
576163,576331
576163,576249
576163,576335
576163,576336
576163,576337
576163,576165
576163,576338
576163,576161
576163,576330
576163,576248
576163,576247
576163,576348
576163,576168
576163,576162
576163,575994
576163,576164
576163,576349
576163,576163
576163,576350
576279,576351
576214,576352
576214,576353
576214,576354
576355,576356
576355,576357
576355,576358
576355,576359
576355,576360
576361,576362
576361,576363
576363,576361
576364,576287
576365,576036
576366,576050
576179,576367
576355,576355
576179,576157
576179,575960
576048,576211
576049,576368
576049,576179
576049,576050
576049,576071
576049,575952
576049,575978
576050,576369
576050,576370
576050,576366
576050,576179
576179,575968
576355,576371
576355,576372
576355,576373
576374,576375
576374,576188
576374,576376
576374,576377
576374,576378
576374,576379
576374,576380
576374,576381
576374,576382
576374,576304
576374,576361
576374,576383
576374,576384
576374,576385
576374,576386
576374,576387
576315,576258
576315,576388
576389,576390
576391,576392
576393,576307
576394,576394
576394,576269
576355,576395
576355,576396
576355,576397
576355,576398
576050,575976
576374,576399
576019,576050
576019,576364
576014,575978
575952,576400
575952,576401
575952,576402
575952,576403
575952,576364
575952,576404
575952,576405
575952,576406
575952,576407
575952,576408
575952,576365
576014,576050
575952,576409
575952,576410
575952,576411
575952,576412
575952,576413
575952,576366
575952,576414
575952,576415
575952,576416
575952,576179
575952,576417
575952,576418
575952,576419
575952,576420
575963,576421
575963,575963
575963,576422
576019,576040
576019,576287
576019,575968
576019,576423
576031,576179
576031,575968
576109,576424
576109,576425
576109,576426
576109,576427
576117,576428
576117,576250
576117,576429
576117,576430
576117,576431
576117,576339
576085,576432
576085,576433
576085,576434
576096,576036
575963,576435
575963,576436
575963,576437
575963,575994
575963,576438
575963,576439
575963,576440
576019,575971
575952,576441
576374,576442
576374,576443
576444,576271
576445,576335
576445,576249
576445,576446
576445,576447
576448,576449
576448,576450
576449,575987
576449,576451
576449,576452
576449,576453
576449,576454
576444,576275
576449,576455
576449,576456
576449,576457
576449,576458
576449,576459
576449,576250
576449,576339
576460,576461
576462,576269
576463,576464
576463,576213
576465,576466
576465,576467
576449,576468
576469,575968
576470,576471
576470,576269
576214,576472
576214,576473
576214,576474
576214,576475
576214,576476
576214,576477
576214,576478
576214,576479
576214,576480
576214,576481
576214,576482
576214,576483
576214,576484
576214,576485
576214,576486
576214,576487
576214,575998
576214,576488
576214,576489
576214,576490
576214,576491
576214,576492
576214,576493
576214,576494
576214,576495
576214,576496
576497,576128
576465,576498
576374,576173
576465,576499
576465,576500
576501,576502
576501,576503
576501,576504
576503,576505
576503,576506
576503,576507
576503,576508
576503,576509
576503,576510
576503,576511
576503,576512
576503,576513
576501,576514
576503,576501
576503,576515
576503,576516
576503,576517
576503,576233
576503,576518
576503,576519
576520,576521
576520,576522
576520,576258
576520,576523
576520,576422
576374,576524
576503,576525
576501,576519
576501,576526
576501,576233
576465,576233
576527,576528
576527,576529
576527,576530
576527,576531
576532,576533
576532,576025
576532,576534
576532,576120
576532,576208
576532,576088
576532,576535
576532,575983
576532,576036
576501,576536
576501,576537
576501,576538
576501,576539
576501,576540
576501,576541
576501,576542
576501,576543
576501,576515
576501,576544
576501,576545
576501,576546
576501,576547
576465,576548
575988,575988
576549,576550
576551,576552
576553,576554
576553,576555
576553,576233
576553,576201
576553,576556
576553,576499
576553,576557
576553,576558
576553,576498
576559,576560
576561,576211
576561,576562
576563,576445
576564,576565
576564,576423
576564,576566
576567,576568
576569,576570
576571,576572
576571,576573
576549,576574
576549,576575
576549,576576
576549,576372
576549,576577
576578,576579
576580,576238
576580,576227
576580,576141
576580,576581
576580,576582
576580,576583
576580,576584
576580,576585
576580,576586
576580,576587
576580,576588
576564,576013
576589,576590
576589,576591
576589,576592
576593,576023
576593,576594
576593,576595
576593,576596
576593,576597
576593,576598
576593,576599
576593,576213
576593,576600
576601,576602
576601,576603
576601,576446
576601,576438
576601,576449
576601,576250
576604,576088
576605,576258
576593,576606
576607,576550
576593,576211
576593,576608
576589,576609
576610,576423
576610,576611
576610,576612
576610,576613
576610,576614
576615,576616
576615,575994
576615,576163
576615,576330
576593,576617
576593,576618
576593,576619
576593,576620
576593,576621
576593,576252
576593,576593
576593,576622
576607,576549
576623,576597
576624,576478
576478,576624
576478,576625
576626,576627
576626,576494
576626,576493
576626,576628
576626,576488
576626,576128
576626,576629
576626,576630
576626,576265
576626,576631
576626,576632
576626,576479
576626,576478
576626,576633
576626,576476
576634,576215
576626,576635
576636,576637
576638,576404
576638,576639
576638,576640
576638,576641
576638,576642
576638,576643
576638,576637
576638,576644
576638,576645
576638,576646
576638,576647
576638,576648
576638,576649
576638,576650
576638,576651
576638,576636
576638,576652
576638,576653
576638,576654
576605,576064
576626,576352
576626,576655
576656,576657
576656,576265
576656,576633
576656,576635
576656,576658
576386,576659
576386,576660
576386,576661
576386,576662
576386,576663
576386,576664
576382,576386
576382,576664
576376,576665
576376,576666
576376,576667
576376,576668
576656,576630
576626,576658
576656,576128
576669,576250
576626,576670
576633,576671
576550,576672
576550,576673
576550,576674
576550,576549
576550,576675
576676,576677
576676,576678
576676,576679
576676,576680
576681,576682
576681,576683
576681,576684
576681,576036
576681,576685
576669,576686
576656,576628
576605,576367
576666,576376
576687,576269
576688,576689
576688,576690
576688,576691
576688,576692
576688,576693
576688,576694
576688,576695
576688,576696
576688,576697
576688,576698
576699,576250
576700,576701
576700,576702
576700,576703
576700,576704
576700,576705
576700,576706
576688,576707
576700,576708
576688,576709
576688,575968
576710,576711
576710,576712
576710,576713
576710,576714
576715,576716
576717,576718
576717,576719
576717,576720
576688,576721
576688,576722
576688,576723
576688,576724
576688,576725
576688,576726
576688,576727
576688,576728
576688,576729
576688,576730
576710,576423
576731,576732
576731,576733
576734,576550
576734,576674
576734,576735
576734,576736
576734,576737
576738,576739
576738,576597
576740,576741
576742,576743
576742,576744
576742,576745
576742,576746
576742,576747
576742,576440
576742,576748
576742,576749
576742,576750
576734,576176
576731,576181
576734,576751
576734,576672
576731,576752
576731,576213
576753,576754
576755,576756
576755,576341
576755,576757
576755,576758
576755,576759
576755,576163
576755,576760
576755,576350
576755,576761
576755,576762
576755,576763
576764,576597
576764,576213
576765,576766
576734,576767
576638,576768
576769,576770
576453,576339
576771,576771
576771,576120
576771,576772
576771,576773
576771,576269
576771,576774
576771,576104
576771,576775
576771,576776
576771,576039
576771,576777
576771,576036
576771,576778
576771,576779
576771,576030
576771,576206
576771,576025
576771,576208
576771,576780
576771,576781
576771,576782
576783,576300
576771,576784
576771,576785
576771,576278
576771,576786
576771,576787
576771,575964
576771,576458
576771,576788
576771,575971
576771,576088
576771,576789
576771,576790
576771,576085
576771,576612
576771,576081
576771,576074
576771,576099
576453,576449
576771,576044
576771,576055
576791,576423
576791,576792
576793,576794
576795,576796
576795,576597
576797,576798
576799,576800
576801,576802
576426,576803
576426,576804
576426,576109
576498,576557
576498,576233
576498,576553
576557,576233
576557,576498
576557,576553
576720,576805
576771,576067
576806,576807
576806,576106
576771,576808
576771,576050
576771,576809
576771,576810
576771,576457
576771,576811
576771,576365
576771,576812
576771,576813
576814,576815
576814,576816
576817,576818
576819,576036
576819,576820
576819,576821
576822,576387
576822,576823
576806,576824
576551,576637
576638,576825
576638,576080
576826,576212
576827,576009
576827,576828
576827,576829
576827,576830
576827,576831
576827,576832
576826,576213
576827,576833
576827,576834
576827,576835
576827,576423
576827,576836
576827,576837
576827,576838
576827,576839
576827,576840
576841,576842
576841,576843
576841,576844
576841,576845
576841,576846
576841,576847
576841,576848
576841,576849
576841,576850
576841,576851
576841,576852
576841,576853
576841,576854
576841,576855
576841,576856
576841,576857
576841,576858
576841,576859
576841,576860
576841,576861
576827,576862
576827,576863
576827,576287
576827,576864
576865,576085
576207,576287
576208,576866
576867,576865
576867,576868
576867,576207
576867,576208
576869,576870
576869,576871
576869,576872
576013,576873
576874,576875
576876,576562
576876,576050
576876,576877
576876,576088
576177,576600
576865,576208
576841,576878
576865,576207
576879,576211
576827,576208
576827,576447
576827,576880
576827,576772
576827,576207
576827,576881
576827,576882
576440,576883
576377,576884
576377,576885
576377,576886
576377,576887
576377,576888
576524,576889
576524,576890
576524,576891
576524,576892
576865,576868
576841,576893
576841,576894
576841,576766
576637,576895
576637,576896
576637,576897
576637,576551
576637,576898
576637,576899
576637,576552
576637,576900
576637,576901
576637,576902
576637,576903
576637,576904
576637,576905
576637,576906
576440,576907
576440,576908
576909,576910
576637,576911
576909,576912
576637,576913
576637,576080
576906,576637
576637,576638
576637,576636
576637,576914
576637,576915
576637,576916
576637,576649
576637,576647
576637,576917
576637,576645
576637,576918
576637,576919
576637,576639
576637,576920
576637,576921
576637,576922
576637,576923
576637,576924
576177,576925
576909,576074
576909,576926
576841,576927
576841,576928
576841,576929
576841,576930
576841,576931
576841,576932
576841,576933
576841,576934
576841,576935
576841,576936
576841,576937
576841,576938
576841,576939
576841,576940
576841,576941
576841,576942
576841,576943
576841,576944
576909,576945
576841,576946
576841,576947
576909,576948
576909,576949
576909,576909
576909,576055
576909,576950
576909,576050
576909,576129
576909,576179
576909,576951
576909,576404
576841,576952
576841,576953
576841,576954
576841,576955
576841,576956
576841,576957
576841,576958
576841,576959
576177,576597
576177,576595
576177,576594
576960,576275
576961,576449
576962,576963
576962,576964
576962,576965
576962,576304
576962,576966
576962,576967
576962,576968
576493,576969
576493,576970
576971,576141
576606,576972
576606,576213
576606,576598
576606,576600
576973,576963
576960,576274
576973,576964
576960,576273
576960,576272
576827,576161
576827,576974
576827,576975
576827,576292
576976,576423
576976,576713
576977,576977
576592,576978
576592,576979
576980,576981
576980,576387
576982,576983
576982,576984
576908,576440
576985,576986
576987,576279
576960,576271
576960,576270
576827,576289
576973,576965
576973,576962
576638,576988
576638,576989
576638,576990
576638,576991
576638,576992
576638,576993
576638,576552
576638,576899
576638,576994
576638,576995
576638,576996
576638,576551
576638,576897
576638,576997
576638,576998
576638,576896
576638,576999
576638,577000
576973,576304
576638,576905
577001,576278
576973,576966
576973,576967
577002,576258
577002,577003
577004,576483
577004,577005
577004,577006
577007,576664
577007,576128
577008,577009
577008,577010
577008,577011
577008,576739
577008,577012
577008,576606
577008,576533
577013,576287
576638,576906
576638,577014
576827,577015
576827,577016
576059,575960
577017,576368
577017,576179
577017,577018
577017,577019
577017,577020
577017,577021
577017,576036
577017,576772
577017,577022
576040,576019
576040,577023
576111,577024
576111,577025
577026,576562
577026,576951
577026,577027
576059,576211
577026,576561
576059,576023
577028,575960
576177,576023
576177,576606
576177,576608
576177,576593
576177,576252
576177,576621
576177,576620
576177,576619
576177,576618
576177,576617
577029,576655
576421,577030
576381,577031
576381,576421
577028,576367
577028,576023
577028,576211
576059,576951
576827,577032
577026,576023
577026,575960
576188,577033
576827,577034
576827,577035
576827,577036
576827,576777
576827,577037
576827,577038
576827,576566
576827,576976
576827,577039
576827,577040
576827,577041
576827,577042
576827,577043
576827,577044
576827,577045
576827,577046
576188,576380
577026,576211
576005,575960
576005,576023
577026,576008
576231,576023
576231,576211
576231,575960
576231,577047
576231,576130
576231,575968
576231,576223
577048,576596
577048,576213
575960,576599
575960,576367
575960,576179
575960,576157
575960,575968
575960,576023
575960,576211
576005,576211
577049,576300
577050,577051
577052,577053
576304,577054
576304,577055
577056,576664
576387,576822
576387,576304
576387,577057
576387,577058
577059,576258
576387,577060
576387,577061
576664,577062
576664,577063
576664,577007
576664,577064
576664,577065
576664,576375
576387,576980
576258,576608
576258,576315
576258,576521
576250,577066
576250,576459
576250,576449
576250,576339
576250,576249
576250,576457
576459,576449
576459,576250
576459,576339
576339,576459
576339,576250
576339,576249
576339,576449
577067,576250
577067,577068
577067,576459
577067,576339
576664,576379
576664,577069
576664,576304
576664,577056
575989,576449
577070,576446
577070,576447
577070,576445
576446,577070
576446,576447
576446,576445
575987,576449
575987,575989
575987,576348
575987,577070
575987,576446
575987,576335
575987,577071
576585,577072
576585,577073
577073,576585
576812,576036
576250,577074
577075,577076
577075,577077
576664,577078
576664,577079
576664,576664
576664,576387
576664,577080
576664,577081
577077,576620
577077,577082
577077,577075
576560,577083
576560,577084
576560,577085
576560,577086
576560,577087
576560,577088
576560,577089
576560,577090
577075,576560
576250,576429
576250,576764
576250,576074
577091,577092
577091,577093
577091,577094
577091,577095
577091,577096
577091,577097
577091,577098
577091,576198
577099,576269
576292,577100
576292,576433
576292,577101
576292,576423
576292,577102
576292,576287
576287,577103
576287,577104
577091,577105
576287,577106
577091,577107
577091,577108
577091,577109
577091,577110
577091,577111
577091,577112
577091,577113
577091,577114
577091,577115
577091,577116
577091,577117
577091,577118
577091,577119
577091,577120
577091,577121
577091,577122
577091,577123
577091,577124
577091,577125
577091,577126
576367,576177
576287,577127
576287,576423
576597,576252
576597,576620
576597,576619
576597,576618
576620,577077
576620,577082
576620,576594
576594,577128
576594,577129
576594,576023
576594,577130
576594,577131
576594,577132
576594,577077
576594,577082
576594,576597
576594,576620
576597,576211
576287,576207
576597,576023
576597,576595
576287,577133
576287,576292
577025,576786
577025,576521
577025,577024
577025,576560
576597,577134
576597,577135
576597,577136
576597,577055
576597,577137
576597,576177
576597,576022
576597,576213
576597,576599
576597,576598
576597,576596
576597,576594
576625,577138
576625,577139
576625,577140
577050,576137
577050,577141
577050,577142
577050,576138
577050,577143
577050,577050
577050,577144
577050,577145
577050,577146
577050,577147
577050,576147
577050,576149
577050,577148
577050,576153
577050,576155
577050,576158
577050,576189
577050,576136
577050,576222
577050,576135
577050,576132
577050,577149
577050,577150
577050,577151
577050,577152
577050,577153
577050,577154
577050,577155
577050,577156
577050,577157
577050,576182
577050,576183
577050,576184
577050,576185
577050,576187
577050,576159
577050,576143
577050,576131
577050,576306
577050,577158
577050,577159
577050,577160
576130,576869
576130,577161
576130,577162
576130,577163
576130,577154
576130,577151
576130,577164
576130,577165
576130,576684
576130,577166
576130,577150
576130,577149
576130,577167
576130,577158
576130,577168
576130,576713
576130,577169
576130,577170
577050,576224
576130,577171
576130,577155
577050,576225
577050,576226
577050,576171
577050,577172
577050,577173
577050,576228
577050,576230
577050,577174
577050,577175
577050,577176
577050,577177
577050,576233
576130,577178
576130,576109
576130,577157
576130,577156
576130,577179
576130,577180
577091,577181
577050,577182
577050,577183
576457,577184
577185,577186
577185,577187
577185,576171
576975,576713
576975,576423
577188,576307
577188,576224
577189,576265
576263,576244
576263,576229
576263,576233
576263,576224
576263,576281
576263,576261
576263,575968
576263,576260
576457,577190
576307,577191
577162,576245
577162,576227
576625,577192
576625,577006
576625,577004
576625,576367
577162,576588
577162,577193
577162,576587
577162,576586
577162,576585
577162,576584
577162,577194
577162,576583
577162,576582
577162,576581
577162,577195
577162,576134
577162,576141
577162,576238
577050,577187
576307,577151
576307,576306
577050,577196
577050,577188
577050,577197
577050,577198
577050,576172
577050,577199
577050,577200
577050,577201
577050,577202
577050,576263
577050,577203
577050,577204
577050,576530
577050,577205
577050,576307
577050,577206
577050,577186
577050,577207
576307,576132
577050,577208
577050,577209
576307,576135
576307,577210
576307,576305
576307,576189
576307,577211
577050,577212
577050,577213
577050,577214
577050,577215
577050,577216
577050,577217
577050,577218
577050,577185
577050,577219
577050,577220
577050,577221
577050,577191
577050,577222
576130,576031
577091,577223
577091,577224
576023,577225
576023,576040
576023,577165
576023,577226
576023,576111
576023,577026
576023,577227
576023,576211
576023,576157
576023,576258
576023,576252
576023,576231
576023,576620
576023,577048
576023,575960
576023,576618
576023,577228
576023,576023
576023,577229
576023,576594
576023,577230
576023,575977
576023,577231
576023,577232
576023,577233
576023,577234
576023,576464
576023,576367
576023,576951
576023,576213
576023,577028
576023,576597
576023,577235
576023,576595
576023,577236
576023,576059
576023,577017
576023,576005
576023,576008
576023,576218
576023,575968
576211,577228
576211,576258
576211,575968
576211,576231
576211,577048
576211,576005
576211,576048
576211,577237
576211,577238
576211,577239
576211,577240
576211,577047
576211,577241
576211,577242
576211,577138
576211,577243
576211,576562
576211,576157
576595,575960
576211,577227
576211,576111
576023,575971
576211,577244
576211,576625
576211,577245
576211,576464
576211,576367
576211,577028
576211,577233
576211,577236
576211,576059
576211,577017
576211,577229
576211,577234
576211,576211
576211,577225
576211,576040
576211,577165
576211,577026
576595,576211
576595,576023
576596,577048
577246,577247
577246,577248
577246,577249
577246,577250
577246,577251
577246,577252
577246,576244
577246,576246
577246,577253
577246,577254
577246,577255
577246,576220
577246,576804
577246,577256
577246,577257
577246,577258
577246,577259
577246,577260
577246,577261
577246,577262
577246,577263
577246,577264
577246,577265
577246,577266
577246,577267
577246,577268
577246,577269
577246,575956
577246,576665
577246,577270
577246,577271
577246,577272
577246,577273
577246,577274
577246,577275
577246,576241
577246,577276
577246,577277
577246,577278
576211,577279
577246,576191
577246,577280
577281,577236
577281,576713
577281,576611
577281,576838
577281,577228
577281,577282
577281,576423
577281,576829
577281,577283
577284,576493
577284,577285
577284,577286
577284,577287
577284,577288
577284,577289
576213,576596
576596,576213
576423,576975
577246,577290
576423,576710
576423,576013
577246,576192
577246,577291
577246,577292
577246,577293
577246,577294
577246,577295
577246,576193
577246,577296
577246,577297
577246,576196
577246,577211
577246,577298
577228,576211
577228,575960
576423,576713
576423,577299
576423,577300
576423,577301
576211,576951
576211,576213
576211,576599
577091,577302
577091,577303
577091,577304
577091,577305
577091,577306
577091,577307
577091,577308
577091,577309
577091,577310
577091,577311
577091,577312
577091,577313
577091,577314
577091,577315
577091,577316
577091,577317
577091,577318
577091,577319
577091,577320
576135,576229
576135,576307
577321,577322
577321,577078
577321,576128
577321,577323
577321,576628
577321,577286
577321,577324
577325,575990
576088,576039
576088,576876
576088,577326
577327,577326
577327,577328
577329,576951
577329,576211
576135,577216
576135,577330
576135,577163
577321,576657
577091,577331
577091,577332
577091,577333
577091,577334
577091,577335
577091,577336
577091,577337
577091,577338
577091,577339
577091,577340
577091,577341
577091,577342
577091,577343
577091,577344
577091,577345
577091,576135
577091,577346
577091,577347
577091,577348
577091,576308
577091,577349
577091,577350
577091,577351
577091,577352
577091,577353
577091,577354
577091,577355
577091,577356
577091,577357
577091,577358
577091,577359
577091,577360
577091,577329
577091,577361
577091,577362
577091,577363
577091,577364
577091,577365
577091,577366
577091,577367
577091,577368
577091,577369
577321,576265
577321,577370
576211,576909
576211,577371
576211,577372
576211,577373
576211,577180
576211,577374
576211,576926
576211,576181
576211,577375
576211,577376
576211,576525
576211,577377
576211,577378
576211,576731
576211,576223
576211,577379
576211,577380
576211,577381
576211,577007
576211,577382
576211,577383
576211,577003
576211,576733
576211,577384
576211,576598
576211,577385
576211,576411
576211,577386
576211,577387
576211,576179
576211,576597
576211,577388
576211,576596
576211,577389
576211,577390
576211,577391
576211,576595
576211,577329
576211,576561
577321,576748
576211,576517
576211,577392
576211,576879
576211,576594
576211,576684
577133,577393
577133,577394
577133,576287
577133,577395
577133,577396
576748,576655
576265,577397
576265,577398
576128,577007
576128,577399
576128,576497
576128,577400
576128,577401
577321,577321
576211,576212
576211,577402
576211,575960
576211,576023
576211,576620
576211,576619
576211,576519
576211,577403
576211,577404
576211,577000
576211,576618
576211,577405
576211,577406
576211,576503
576211,577407
576211,577408
576211,576203
576211,577409
576211,576557
576211,577410
576211,576252
576211,576008
576130,577187
576130,577411
576130,576581
577246,577412
577246,577155
577246,577413
577246,577414
577246,577156
577246,577415
577246,577157
577246,577416
577246,577417
577246,577418
577246,576182
577246,577419
577246,577420
577246,577421
577246,577422
577246,576183
577246,577423
577246,577170
577246,577424
577246,577163
577246,577425
577246,577426
577246,577427
577246,577169
577246,577428
577246,577429
577246,576713
577246,577168
577246,577430
577246,577431
577246,577182
577246,577158
577246,577432
577246,577151
577246,577152
577246,577153
577246,577154
577246,576184
577246,577433
577246,577434
577246,576185
577246,577435
577246,576711
577246,576136
577246,577436
577246,577437
577246,576137
577246,577141
577246,577438
577246,577142
577246,577439
577246,576138
577246,577440
577246,577441
577246,577442
577246,577143
577246,577050
577246,577443
577246,577444
577246,577187
577246,576135
577246,577445
577246,577446
577246,577447
577246,577448
577246,576187
577246,577449
577246,577450
577246,576159
577246,577451
577246,576143
577246,576131
577246,576306
577246,577452
577246,577453
577246,577454
577246,577455
577246,577456
577246,577457
577246,577458
577246,577459
577246,577460
577246,577183
577246,577461
577246,576281
577246,577462
577246,577463
577246,577199
577246,577464
577246,577465
577246,577466
577246,577200
577246,577467
577246,577468
577246,577201
577246,577469
577246,577470
577246,577189
577246,577471
577246,577202
577246,577472
577246,577473
577246,577198
577246,577474
577246,577475
577246,577476
577246,577477
577246,577478
577246,577479
577246,576046
577246,577480
577246,577207
577246,577481
577246,577482
577246,577483
577246,577196
577246,577188
577246,577484
577246,577485
577246,577486
577246,576981
577246,577487
577246,577488
577246,577489
577246,577490
577246,576714
577246,577491
577246,577492
577246,577493
577246,576308
577246,577494
577246,577495
577246,576307
577246,577496
577246,577497
577246,577498
577246,577206
577246,577186
577246,577499
577246,577500
577246,577501
577246,577502
577246,577503
577246,577504
577246,577505
577246,577506
577246,577507
577246,577508
577246,577509
577246,577510
577246,577511
577246,577512
577246,577513
577246,576263
577246,577514
577246,577515
577246,577516
577246,577204
577246,577330
577246,576530
577246,577517
577246,577518
577246,577519
577246,577520
577246,577144
577246,576140
577246,577521
577522,577522
577522,577523
577522,576483
577522,576482
577522,576481
577522,576821
577522,577524
577522,577525
577522,577526
577522,577527
577522,576473
577522,576354
577522,577528
577522,576217
577522,576216
577522,576215
576492,577529
577522,577078
576492,576483
577522,576487
577522,577530
577531,577065
577531,577532
577531,577385
577531,577003
577531,576367
577533,576971
577385,577533
577385,577003
577385,577531
577385,576367
577522,577534
577522,576496
577522,576500
577522,576495
577522,576492
577522,576491
577522,576490
577522,575998
577531,577528
576492,577535
576492,577536
576354,576214
576354,577537
576354,577538
576215,576634
576215,576492
577539,576269
577540,577541
577542,576269
576221,577543
576221,577544
577052,577545
577052,577546
577052,577547
577052,577548
577052,577549
577052,577550
577052,577551
576821,576173
576492,577552
576821,576188
576821,576378
576492,576750
576492,576215
576492,577553
576491,576216
575998,577554
575998,577555
577523,577556
577523,576821
577523,577284
576483,577004
576821,576821
576821,576380
576821,576443
576821,576524
576821,576384
576821,576372
576821,576381
576821,576377
577246,577557
577531,576036
577531,577533
577246,577558
577246,577559
577246,576155
577246,577560
577246,577561
577246,576189
577246,577562
577246,577563
577246,577564
577246,577565
577246,577159
577246,576224
577246,576225
577246,576226
577246,577566
577246,577567
577246,576171
577246,577568
577246,577569
577246,577570
577246,577571
577246,577145
577246,576261
577246,577146
577246,576145
577246,577572
577246,577147
577246,577573
577246,576147
577246,577574
577246,577575
577246,577576
577246,577577
577246,577578
577246,577579
577246,577580
577246,576149
577246,577148
577246,576153
577531,577581
577246,577582
577246,577583
577246,577584
577246,576235
577246,577585
577246,577586
577246,577587
577246,577588
577589,577590
576245,577178
576245,577591
576141,576971
576584,577592
576584,577591
576584,577593
576584,577193
577531,577408
577531,577594
577531,577595
577246,576234
577246,577172
577246,577596
577246,577597
577246,577173
577246,576228
577246,576229
577246,576230
577246,577598
577246,577599
577246,577600
577246,577176
577246,576232
577246,576260
577246,577601
577246,577602
577246,577603
577246,577246
577246,577177
577246,577604
577246,576233
577246,577605
577246,577208
577246,577222
577246,577606
577409,577390
577409,577388
577409,576179
577409,576598
577409,576733
577409,576213
577409,576509
577409,576951
577409,577279
577409,577607
577409,576562
577409,577608
577409,577241
577609,577610
577609,576386
577609,577009
577609,576278
577409,577611
577609,576905
577409,577612
577409,576909
577409,577613
577409,577614
577409,577615
577409,577616
577409,576517
577409,577609
577409,577617
577409,577618
577409,577619
577409,576181
577409,576180
577409,577620
577409,576926
577409,577621
577409,576824
577409,577372
577409,576513
577409,577622
577409,577623
577609,576463
577609,576166
577609,577624
577609,576772
577609,576282
577609,576382
577609,577625
577609,576207
577609,577626
577609,576269
577609,577627
577609,576775
577609,577628
577609,576776
577609,577629
577609,577630
577609,577631
577609,576777
577609,576036
577609,576123
577609,575983
577609,577632
577609,576781
577609,577633
577609,577634
577609,576555
577609,577635
577609,577636
577609,577637
577609,575971
577609,576867
577609,577609
577609,576091
577609,576912
577609,576088
577609,576532
577609,576074
577609,577638
577609,577008
577609,577639
577609,576208
577609,576033
577409,577640
577409,577407
576130,577200
576130,577641
576130,577199
576130,576585
576130,577390
576130,577642
576130,577197
576130,577188
576130,576586
576130,577196
576130,577207
576130,577018
576130,577557
576130,577208
576130,577643
576130,577644
576130,576179
576130,577329
576130,576587
576130,577645
576130,577201
576130,577183
576130,577186
576130,576582
576130,576583
576130,576307
576130,577495
576130,577646
576130,576308
576130,576530
576130,577330
576130,576584
576130,577515
576130,577647
576130,576637
576130,576263
576130,577513
576130,577202
576130,577648
577409,577649
576130,577386
576130,577650
576130,577651
576240,577652
576240,577653
576223,575968
577648,576144
577648,576582
577648,576586
577648,577654
577243,576597
577655,577656
577655,577657
577655,576440
577655,577655
577658,576287
577659,575990
577409,577660
577409,577661
576130,577662
576130,576411
576130,577232
576130,577663
576130,577384
576130,577664
576130,577191
576130,577654
576130,577003
576130,577665
576130,576951
576130,577185
576130,577193
576130,577217
576130,576588
576130,577216
576130,576562
576130,577243
576130,576464
576130,577242
576130,577666
576130,577047
577052,577667
577609,577668
577609,576206
577246,577212
577246,577213
577246,577214
577246,577669
577246,577670
577246,577671
577246,577672
577246,577673
577246,577674
577246,577675
577246,577676
577246,577677
577246,577678
577246,577679
577246,577215
577246,577680
577246,577681
577246,577662
577246,577216
577246,577682
577246,577683
576171,576243
576171,577684
576260,576036
576260,576096
576260,577685
576233,577686
576233,576553
576233,577687
576233,577688
576233,577439
576233,576233
577255,576482
576220,577689
576220,577690
576220,577196
576193,576189
577246,577691
577246,577692
576171,576170
577246,577217
577246,577693
577246,577694
577246,577695
577246,577696
577246,577697
577246,577664
577246,577698
577246,577699
577246,577700
577246,577701
577246,577702
577246,577703
577246,577704
577246,577705
577246,577706
577246,577707
577246,577708
577246,577709
577246,577710
577246,577711
577246,577221
577246,577220
577246,577712
577246,577713
577246,577714
577246,577218
577246,577715
577246,577185
577246,577716
577246,577219
577246,577717
577246,577718
577246,577719
577246,577720
577246,577721
577246,576975
577246,577722
577246,577723
577246,577724
577246,577725
577609,576030
576171,577174
576171,577726
577609,576369
577609,577727
577609,576865
576909,577407
576909,576905
576909,577728
577050,577596
577050,576234
577050,576235
577050,576236
577050,577585
577050,576239
577050,576170
577050,577260
577050,576246
577050,576220
577050,576219
577609,577729
577050,577256
577609,577193
577609,577730
577609,577731
577609,576868
577609,577732
577609,576044
577609,576205
577609,577733
577609,577734
577609,576055
577609,577390
577609,577735
577609,577736
577609,576720
577609,576533
577609,576179
577609,577737
577609,577738
577609,576365
577609,577739
576171,576228
577050,577259
577050,576192
576171,576305
576171,576155
576171,576224
576171,576234
576171,576246
576171,577211
576171,577246
576171,577740
576171,577741
576171,577426
576171,577221
576171,577051
576171,576172
576171,577205
576171,577149
576171,576132
576171,577141
576171,576147
577050,577280
576171,576138
576171,577157
577050,577684
577050,577742
577050,577211
577050,577743
577146,577176
577580,577144
577580,577146
577580,577744
576171,577745
576171,577191
576171,577209
576171,577199
576171,577201
576171,576307
576171,577186
576171,577187
576171,577153
576171,576306
577746,576570
576176,576819
577136,576211
577747,577748
577747,577749
577747,577750
577747,577751
577747,577752
577747,577753
577747,577754
577747,577755
577747,577756
577747,577757
577747,577548
577747,577758
577747,577759
577747,576294
577747,577760
577747,577761
577747,577601
577747,577762
577747,577763
577747,577764
577747,577765
577747,577766
577747,577767
577747,577768
577747,577769
577747,576106
577747,577770
577747,577643
577747,576250
577747,577032
577747,577771
577747,577772
577747,577773
577747,577774
577747,577775
577747,577776
577747,577777
577747,577778
577747,577779
577747,577780
577747,577781
577747,577782
577747,577783
577747,577784
577747,577043
577747,577785
577747,577786
577747,577787
577747,577788
577747,576713
577747,577789
577747,577790
577747,577791
577747,577792
577747,577793
577794,577795
577796,577797
576575,576549
576575,577798
576575,576576
577799,576176
577800,576478
577801,576269
577801,577802
577803,577803
577804,576085
577805,576461
577806,577795
577807,577788
577807,577590
577808,577809
577810,577136
577810,576128
577811,576981
577812,577065
577813,577814
577399,576128
577815,577816
577817,576584
577818,576269
577819,576176
577820,576766
577747,577821
577747,577822
577823,577824
577825,577795
577826,577827
577826,577828
577826,577829
577830,576213
577830,576598
577830,576606
577830,577635
577747,577831
577832,577833
577834,577795
577835,576234
577835,576242
577836,577837
577836,576549
577836,577838
577836,577839
577836,577840
577836,577841
577842,577795
577843,576269
577844,576449
576451,576449
577747,577845
577747,577846
577847,577848
577847,577849
577847,577850
577847,577851
577847,577852
577847,577853
577847,577854
577847,577855
577847,577856
577847,577857
577847,577858
577847,577859
577847,577860
577847,577861
577847,577862
577847,577863
577847,577864
577847,577865
577847,577866
577847,577867
577847,577868
577847,577869
577847,577870
577847,577871
577847,577872
577847,577873
577847,577874
576176,576734
577746,577875
577876,577877
577876,576436
577876,576258
577876,577764
577876,577878
577879,576808
577879,577880
577879,577881
577879,576030
577847,577882
577879,576074
577879,577883
577879,576786
577847,577884
577847,577885
577847,577886
577847,577887
577847,577888
577847,577889
577847,577890
577847,577891
577847,577892
577879,576088
577747,577893
577847,577894
577847,577895
577896,577897
577896,577898
577896,576720
577896,577899
577896,577900
577896,577731
577896,577901
577896,577902
577896,576535
577896,577903
577904,576287
577747,577905
577747,577906
577747,576449
577747,577907
577747,577908
577747,577909
577747,577910
577747,577911
577747,577723
577747,577912
577747,577913
577747,577702
577914,577915
577914,576720
577916,577917
577916,577918
577847,577919
577847,577920
577847,577921
577847,577922
577847,577923
577847,577924
577847,577925
577926,577829
577927,577928
577927,577929
577927,576449
577847,577930
577927,576455
577931,577932
577931,576013
577931,577933
577931,577934
577931,576208
577931,577935
577936,577937
577938,577939
577940,577941
577940,576387
577916,577069
577927,577942
576369,576050
577847,576380
576369,576535
577943,577944
577943,577945
577943,577946
577943,577947
577943,577948
577943,577949
577943,577950
577943,577951
577943,577952
577953,577193
577953,576292
577953,577954
577953,576587
577953,577955
577953,576238
577953,577953
577956,577957
577956,577958
577956,577193
577956,577650
577956,577959
577956,577960
577956,576585
577943,577961
577943,577962
577943,577963
577943,577964
577943,577965
577943,577966
577943,577967
577943,577968
577943,577969
577943,577970
577943,577971
577943,577972
577943,577973
577943,577974
577943,577975
577956,577976
577943,577977
577943,577978
577943,577979
577943,577980
577943,577981
577943,577982
577943,577983
577943,577984
577943,577985
577943,577986
577943,577987
577943,577988
577943,577989
577943,577990
577956,577166
577956,576134
577991,576440
577991,576746
577991,577992
577991,577529
577991,576744
577991,576743
577238,577028
577238,577993
577238,577236
577238,576023
577238,577994
577238,577165
577238,576112
577238,576157
577238,575975
577238,576231
577238,577995
577238,577048
577238,577245
577238,576211
577136,576597
576369,576534
577996,576224
577991,577997
577991,577998
577991,576748
577991,577999
577956,576144
577956,578000
577956,578001
577956,576238
577956,576245
577956,577953
578002,576300
578003,576240
577055,576597
578004,576269
578005,576258
577956,576160
576452,576449
578006,578007
578006,576269
578008,576036
578009,576300
577991,576750
577991,578010
577991,578011
577991,578012
577991,576890
577991,576742
577991,576749
578006,576809
575996,575984
577991,576745
578013,578014
578015,578016
578015,578017
578015,578018
578015,578019
578015,578020
578015,578021
578015,576734
578015,578022
578015,578023
578015,578024
578015,578025
578015,578026
578015,578027
578015,578028
578015,578029
578015,578030
578015,578031
578015,578032
578015,578033
578015,578034
578015,578035
578015,578036
578015,578037
578015,578038
578015,578039
578015,578040
578015,578041
578042,575994
578043,578044
578013,576840
578045,576259
578043,578046
578043,578047
578043,578048
578049,576258
578050,578051
578050,578052
578050,576109
578015,578053
578050,578054
578050,577616
578050,578055
578015,578056
578015,578057
578015,578058
578015,578059
578015,578060
578015,578061
578015,578062
578015,578063
578015,578064
578050,578065
578015,578066
578050,578067
578015,578068
578069,576269
578070,576050
578070,578071
578070,576084
578070,578072
578070,578073
578070,576007
578074,578075
578074,576987
578074,578076
578074,576279
576428,576339
578013,578077
578013,576975
578013,578078
578013,578079
578013,576713
578013,577036
578013,576880
578013,576423
578015,578080
578013,576447
578013,576139
578013,578081
578013,576292
576428,576431
578013,576013
576428,576430
578015,578082
576428,576117
578015,578083
578015,578084
578015,578085
578086,576440
576735,576734
578015,578087
577993,578088
577993,576023
577993,576211
577993,578089
577993,576157
577993,578090
576428,576250
577993,575960
577993,578091
577027,576211
576428,576429
577063,576664
578092,576584
578093,577695
578093,576109
577103,576287
578093,576426
