593554,593555
593556,593557
593558,593559
593560,593561
593560,593562
593560,593563
593560,593564
593560,593565
593560,593566
593560,593567
593560,593568
593560,593569
593560,593570
593560,593571
593560,593572
593560,593573
593560,593574
593560,593575
593560,593576
593560,593577
593560,593578
593560,593579
593560,593580
593560,593581
593560,593582
593560,593583
593560,593584
593560,593585
593560,593586
593560,593587
593560,593588
593560,593589
593560,593590
593560,593591
593560,593592
593560,593593
593560,593594
593595,593596
593595,593597
593595,593598
593595,593599
593595,593600
593595,593601
593595,593602
593595,593603
593595,593604
593595,593605
593595,593606
593595,593607
593595,593608
593595,593609
593560,593610
593595,593611
593595,593612
593595,593613
593595,593614
593595,593615
593595,593616
593617,593618
593619,593620
593619,593619
593621,593622
593623,593618
593560,593624
593560,593625
593560,593626
593560,593627
593595,593628
593595,593629
593560,593559
593560,593630
593631,593632
593631,593633
593631,593634
593631,593635
593631,593636
593631,593637
593631,593638
593631,593639
593631,593640
593631,593641
593631,593642
593631,593631
593631,593643
593631,593644
593631,593645
593631,593646
593631,593647
593631,593648
593631,593649
593631,593650
593631,593651
593631,593652
593631,593653
593631,593654
593631,593655
593631,593656
593631,593657
593631,593658
593631,593659
593631,593660
593631,593661
593560,593560
593631,593662
593631,593663
593560,593664
593665,593560
593665,593577
593666,593667
593631,593668
593631,593669
593631,593670
593631,593671
593631,593672
593631,593590
593631,593625
593631,593673
593631,593592
593631,593674
593631,593675
593631,593676
593631,593677
593631,593678
593631,593679
593631,593680
593631,593681
593631,593682
593631,593683
593631,593684
593631,593685
593631,593686
593631,593687
593631,593688
593631,593689
593631,593690
593631,593559
593631,593589
593595,593691
593595,593692
593693,593694
593693,593695
593693,593696
593693,593697
593698,593699
593698,593700
593701,593702
593703,593704
593705,593706
593707,593708
593707,593709
593707,593710
593707,593711
593707,593712
593693,593713
593707,593714
593707,593715
593707,593716
593707,593717
593707,593718
593707,593705
593719,593720
593719,593721
593719,593722
593719,593723
593719,593724
593719,593725
593719,593726
593719,593727
593719,593728
593707,593729
593719,593730
593693,593731
593693,593732
593680,593559
593680,593672
593680,593560
593680,593733
593680,593734
593680,593735
593680,593736
593680,593737
593737,593680
593697,593738
593697,593739
593697,593740
593697,593741
593697,593697
593693,593742
593697,593743
593693,593744
593693,593745
593693,593746
593693,593747
593693,593748
593693,593749
593693,593750
593693,593751
593693,593752
593693,593753
593693,593754
593693,593755
593693,593756
593693,593743
593697,593693
593595,593757
593719,593758
593719,593759
593719,593760
593719,593761
593760,593719
593762,593763
593762,593764
593762,593765
593766,593762
593767,593768
593767,593762
593767,593766
593769,593769
593770,593771
593770,593772
593770,593773
593719,593774
593770,593775
593770,593776
593770,593777
593778,593779
593780,593704
593781,593782
593783,593784
593785,593786
593785,593787
593785,593777
593788,593704
593788,593789
593788,593790
593791,593784
593595,593792
593770,593793
593719,593794
593719,593795
593719,593796
593719,593797
593719,593798
593719,593799
593719,593800
593719,593801
593719,593802
593719,593803
593719,593804
593719,593805
593719,593719
593719,593778
593719,593806
593719,593807
593719,593573
593719,593808
593719,593809
593719,593810
593719,593811
593719,593812
593719,593813
593719,593786
593719,593814
593719,593585
593719,593815
593719,593816
593719,593817
593719,593818
593719,593819
593719,593820
593719,593821
593719,593822
593631,593823
593631,593824
593631,593825
593669,593668
593669,593826
593669,593827
593669,593828
593669,593676
593669,593779
593669,593625
593669,593674
593829,593830
593829,593831
593829,593832
593829,593833
593829,593834
593829,593835
593836,593837
593829,593838
593829,593839
593829,593840
593829,593841
593829,593842
593829,593843
593829,593844
593829,593845
593829,593846
593829,593847
593829,593848
593829,593849
593829,593850
593829,593851
593829,593852
593829,593853
593829,593854
593855,593856
593857,593858
593859,593630
593859,593860
593859,593861
593862,593859
593862,593862
593863,593864
593865,593866
593865,593867
593868,593708
593868,593865
593869,593702
593870,593871
593872,593708
593873,593874
593857,593875
593876,593877
593878,593879
593878,593674
593880,593881
593882,593880
593883,593864
593884,593874
593884,593784
593884,593885
593886,593887
593886,593888
593857,593889
593857,593890
593857,593891
593857,593886
593892,593893
593859,593859
593829,593894
593829,593895
593896,593897
593585,593898
593585,593800
593585,593801
593585,593899
593585,593900
593585,593573
593585,593901
593585,593727
593585,593902
593585,593719
593585,593903
593573,593786
593573,593585
593896,593904
593905,593906
593907,593908
593907,593909
593907,593910
593907,593911
593907,593912
593907,593913
593907,593914
593907,593915
593907,593916
593907,593917
593907,593918
593907,593919
593907,593920
593907,593921
593905,593907
593829,593922
593896,593923
593897,593904
593829,593924
593925,593925
593926,593790
593927,593927
593927,593928
593929,593927
593930,593931
593930,593932
593930,593933
593930,593934
593930,593935
593930,593936
593930,593937
593930,593938
593897,593896
593930,593939
593940,593941
593940,593942
593940,593812
593940,593943
593944,593681
593944,593945
593944,593946
593944,593947
593944,593625
593944,593940
593897,593948
593897,593949
593897,593950
593897,593951
593930,593952
593953,593954
593953,593955
593953,593956
593631,593957
593631,593958
593631,593959
593631,593960
593631,593961
593631,593962
593631,593963
593631,593964
593631,593965
593631,593966
593631,593967
593631,593968
593631,593969
593631,593970
593631,593971
593631,593972
593631,593664
593631,593973
593631,593946
593631,593974
593631,593975
593631,593976
593631,593977
593631,593978
593631,593979
593631,593980
593631,593981
593631,593982
593631,593983
593631,593984
593631,593985
593631,593986
593631,593945
593631,593987
593631,593988
593631,593989
593631,593990
593631,593991
593631,593992
593631,593993
593631,593994
593631,593557
593631,593995
593631,593996
593631,593997
593631,593998
593631,593999
593631,594000
593631,593762
593631,594001
593631,594002
593631,594003
593631,594004
593631,594005
593631,594006
593631,594007
593631,594008
593631,594009
593631,594010
593631,594011
593631,594012
593631,594013
593631,594014
593631,593560
593631,594015
593631,594016
593631,594017
593631,594018
594019,594020
593704,594021
594022,593704
594023,593674
594023,593559
593867,594023
594024,594025
594024,594026
594024,593771
594024,594027
594028,594029
594028,593669
594028,593889
594028,594030
594031,593880
594028,594032
594028,594033
594028,594034
594028,594035
594028,594036
594028,594037
594028,593828
594028,594038
594028,593886
594028,594039
594028,594040
593953,594041
593953,594042
593953,594043
593953,594044
594028,593890
594045,594046
594047,594048
594047,594049
593631,594050
593631,594051
593631,594052
593631,594053
593631,594054
593631,594055
593631,594056
593631,594057
594058,593631
594059,594060
594059,593927
594061,594062
594063,594063
594064,594065
594064,593592
594064,593694
594064,594066
594047,594067
594068,594068
593582,593674
593582,593559
593582,594069
593582,594070
593680,594071
594072,594073
594072,594074
594073,594075
594073,593674
594073,594076
594077,594078
594079,593622
594072,594080
593907,593906
593680,593902
593680,594081
594082,593779
594082,593680
594082,594083
594082,593562
594082,593566
594082,593590
594082,593570
594082,593592
594082,593559
594084,594085
594086,594087
594088,594089
594088,594090
594088,593751
594082,594091
594088,594092
594088,594093
594088,594094
594088,594095
594088,594096
594088,594097
594098,594099
594098,594100
594098,593927
593736,593680
593736,594101
594102,594103
594102,594104
594102,594105
594102,594106
594088,594107
594102,594108
594082,593591
594082,593576
594109,594110
594109,594111
594109,594112
594109,594113
594109,594114
594109,594115
594116,594117
594118,594119
594118,594120
594118,594121
594118,594122
594118,594123
594118,594124
594118,594125
594082,593676
594126,594127
594128,594129
594082,593668
594082,594073
594082,594130
594082,593695
594082,594131
594082,593672
594082,593568
594082,593625
594082,594132
594082,594133
594082,593674
594082,593560
594082,593630
594128,594126
594109,594134
594102,594135
594102,594136
593570,594137
594138,594139
594138,594130
594138,594140
593610,594141
593610,594142
593610,593576
593610,593626
593610,593610
593610,594143
593610,593561
593610,594130
593610,594131
593610,594144
593570,594145
593610,594146
593610,594147
593610,594138
593610,593559
593610,594148
594149,594150
594151,594149
594152,594153
594152,594154
594152,594155
594152,594156
594152,594157
594152,594158
594152,594159
594152,594160
593610,593570
594102,594161
593570,593676
593570,593630
594102,594162
594102,594163
594102,594164
594102,594165
594102,594166
594102,594167
594102,594168
594102,594169
594170,594171
594170,594172
594170,593900
594170,594173
593900,594174
593900,594173
593570,593576
593900,594170
594146,593625
594146,593576
593570,593668
593570,593610
593570,594073
593570,594131
593570,593672
593570,594146
593570,594175
593570,594176
593570,594177
593570,594178
593570,594133
593570,593674
593626,594130
594152,594179
594109,594180
594109,594181
594182,594183
594182,594184
594182,594185
594182,594186
594182,594187
594182,593910
594182,593911
594182,593913
594182,593787
594182,593914
594182,593915
594182,593908
594182,593907
594188,593751
593773,593907
594188,593909
594188,593910
594188,593912
594188,594189
594188,594190
594188,593913
594188,594191
594188,594192
594188,594193
594188,594194
594188,594195
594188,593787
594188,593844
594188,594196
594188,594183
594188,594187
594188,594185
593773,593915
593773,594197
594198,594199
594198,594098
594200,594201
594200,594202
594200,593625
594203,593625
594203,594200
594204,594145
594204,594073
594204,594205
594204,594206
594204,594207
593679,593559
594208,594209
593773,593911
594184,594210
594211,594212
594211,594213
594211,593914
594211,594182
594211,594188
594211,594214
594211,594186
594211,594184
594211,593773
594211,593911
594211,594190
594211,594211
594211,593915
594211,593854
594184,594215
594109,594216
594188,593908
594188,594217
594109,594218
594109,594219
594109,594220
594109,594221
594109,594222
594109,594223
594109,594224
594109,594225
594109,594226
594109,594227
594109,594228
594109,594229
594109,594230
594109,594231
594109,594232
594109,594233
594109,594234
594109,594235
594109,594236
594109,594237
594109,594238
594109,594239
594109,594240
594109,594241
594109,594242
594109,594243
594109,594244
594109,594245
594109,594246
594109,594247
594109,594248
594188,593851
594109,594109
594109,594249
594188,593854
594188,593613
594188,594250
594188,594251
594188,594186
594188,593911
594188,594184
594188,594211
594188,593773
594188,593914
594188,594182
594188,593915
594188,594188
594252,594253
594109,594254
594252,594255
594252,593876
594252,594256
594252,594257
594252,594258
594252,594259
594252,594260
594252,594261
594262,593625
594263,593716
594264,594265
594109,594266
594109,594267
594109,594268
594109,594269
594252,593877
594152,594270
594152,594271
594152,594272
594273,594130
594273,594274
594273,594140
594273,594275
593726,593812
593726,593727
593726,593730
593726,593813
593726,593816
593727,593726
594276,593771
594277,594277
594278,594279
594278,594280
594140,594138
594278,594278
594278,593865
594281,594282
594283,594279
594283,594029
594283,594284
594283,593669
594283,594280
594283,594030
594283,594285
594283,594286
594283,594035
594283,594287
594283,594288
594283,594289
594278,594290
594283,594039
594140,594130
594130,594069
593787,594291
593787,594292
593787,594293
593787,594294
593787,594295
593787,594296
593787,594297
593787,594298
593787,593787
593787,594299
593787,594187
593787,594300
593787,593830
593787,594189
594140,594139
593787,594301
593787,594302
593787,594303
593787,594304
594305,593787
594305,594306
594307,594308
594307,594309
594307,594310
594307,594311
594307,594312
594307,594313
594130,593559
594130,593626
594130,593779
593787,594314
593787,594315
594283,594316
594283,593865
593902,594317
593902,594318
593902,593674
593681,593635
593681,593631
593681,593557
593681,594000
593681,594319
593681,594320
593681,593946
593946,593962
593946,593663
593946,593635
593946,593557
593902,593625
593946,594321
593946,593965
593946,593643
593946,594056
593946,593631
593946,594322
593946,593681
593946,594000
594323,594324
594323,594325
594323,594326
594323,594327
594323,594328
594323,594329
594330,594323
593946,594011
594283,594331
593902,594332
593902,593680
594333,594334
594333,594335
594333,594336
594337,594338
594337,594281
594337,594339
594337,594337
594337,594340
594337,593771
594337,594341
594337,593867
594337,594046
594337,594027
594337,594342
593902,593626
594337,594343
594337,594023
594337,593705
594337,593622
594337,594026
594337,594344
594337,594333
594337,594345
594346,594347
593643,593675
593643,593946
593643,593977
593902,593672
593902,594071
593902,593559
594337,594283
593787,594348
594349,594350
594349,594351
594152,594352
594152,594353
594152,594354
594152,594355
594152,594356
594152,594273
594152,594357
594152,594358
593559,594069
593559,593582
593559,594023
594355,594359
594355,593674
594357,594080
594152,594275
594357,594360
594361,594155
594361,594153
594361,594362
594361,594080
594361,593590
594361,593625
594361,594152
594361,593592
594361,593674
594361,594361
594361,593559
594361,594363
594361,594275
594361,594352
594357,594364
594361,594354
594152,594365
594152,594363
594152,594366
594152,594152
594152,594367
594152,594368
594152,594369
594152,594370
594152,594371
594152,593718
594152,594372
594152,594202
594152,594373
594152,594374
594152,594362
594152,594080
594152,594375
594152,594130
594152,594376
594152,594377
594152,594378
594152,593590
594152,593625
594152,594176
594152,594379
594152,593592
594152,594283
594152,594133
594152,593674
594152,594361
594152,594380
594152,593559
594152,594334
594361,594355
594361,594356
594361,594273
594381,594359
594381,594353
594381,593711
594381,594382
594381,593944
594381,594346
594265,594383
594265,594384
594265,594385
594265,594264
594265,594265
594386,594387
594388,593704
594389,594390
594381,594391
594392,594393
594393,594394
594393,594392
593717,594395
593717,594396
594397,594397
594349,594398
594349,594399
594349,594323
594349,594400
594349,594401
594349,594402
594349,594403
594349,594404
594349,594405
594393,593717
594381,594406
594381,594407
594381,594408
594361,594154
594361,594357
594409,594410
594409,594411
594412,594359
594413,594414
594413,594415
594416,593674
594359,593622
594359,594355
594359,594417
594359,594418
594359,594334
594359,594412
594359,594413
594359,594408
594359,594406
594381,594416
594381,594413
594381,594419
594381,594420
594381,594412
594381,594421
593680,594422
594381,594423
594353,594359
594359,594424
594359,594425
594359,594382
594359,593554
594359,594353
594381,594426
593907,593905
594427,594428
594429,594430
594431,594432
594431,594433
594431,594434
594431,594262
594431,594435
594431,594436
594431,594437
594431,594438
594431,594439
594431,594440
594431,594441
594431,594442
594431,594443
594431,594378
594431,594444
594431,594445
594431,594080
594431,594446
594431,594447
594431,594448
594449,593591
594450,594451
594452,594453
594454,593704
594454,594455
594454,594456
594454,594457
594454,594458
594459,594459
594460,593667
594431,594461
593887,593886
594431,594462
594431,594463
594464,594465
594466,594467
594466,594468
594469,594470
594469,594471
594469,594262
594469,594023
594469,594343
594469,593772
594469,593880
594469,593671
594469,594472
594469,593718
594469,594473
594431,594474
594469,594126
594475,594476
594475,594477
594475,594478
594475,594479
594475,594480
594481,594393
594482,594483
594484,594451
594485,594468
594431,594486
594431,594487
594431,594357
594431,594488
594431,594489
594475,594490
594491,594492
594493,594494
594493,594495
594496,594497
594496,594498
594496,594499
594496,594500
594496,594501
594496,594502
594496,594503
594496,594504
594496,594505
594496,593694
594496,594506
594496,593574
594496,594507
594496,594508
594496,594204
594496,594509
594496,594510
594496,594511
594496,594512
594496,594144
594496,594513
594496,594514
594496,594515
594496,594516
594496,594517
594496,594076
594496,594518
594496,594519
594496,594073
594496,594520
594496,594521
594493,594154
594496,594522
594496,594523
594493,594524
594493,594525
594493,594526
594493,594527
594493,594528
594493,594529
594493,594530
594493,593807
594493,594469
594493,594531
594493,594532
594493,594533
594493,594534
594493,594535
594496,594145
594493,594536
594493,594537
594493,594538
594493,594539
594493,594540
594541,594451
594496,594083
594496,594542
594496,594543
594496,594544
594496,594545
594496,594148
594496,594546
594496,594547
594496,594548
594493,593728
594496,594549
594550,593762
594551,593702
594552,593787
594552,594314
594552,593830
594553,594154
594553,594275
594553,593630
594553,594274
594553,594130
594553,593625
594554,594204
594555,594556
594557,594558
594559,594560
594561,594562
594552,594563
594561,594564
594561,594565
594566,594060
594567,594568
594567,594569
594567,594570
594567,594571
594567,594572
594567,594573
594567,594574
594567,594575
594567,594576
594567,594577
594567,594578
594567,594579
594561,594580
594567,594581
594552,594582
594552,594583
594584,594585
594586,594204
594586,594587
594587,594060
594587,594588
594587,594204
594587,594319
594587,594206
594589,594590
594591,594592
594591,594593
594591,594594
594591,594595
594591,593877
594552,594596
593820,593719
593820,594597
593820,594598
593820,594599
593820,594600
593820,594601
593820,594602
593820,594603
593820,594604
593820,594605
593820,594606
593820,594607
594552,594608
594552,594609
594552,594610
593820,594611
594550,593946
594567,594612
594567,594613
594614,594615
594614,594095
594614,594616
594614,594617
594614,594618
594614,594619
594614,594094
594614,594093
594614,594366
594614,594437
594614,594620
594614,594621
594614,594622
594614,594623
594614,594434
594614,594624
594614,594625
594614,594626
594614,594614
594614,594627
594614,594628
594614,594629
594614,594630
594614,594080
594614,594631
594614,594092
594614,594090
594614,594632
594633,594634
594635,594636
594614,594378
594567,594637
594614,593822
594614,594638
594567,594639
594567,594640
594567,594641
594567,594642
594567,593867
594567,594643
594567,594644
594567,594645
594567,594646
594567,594647
594648,593877
594649,594650
594614,594651
594614,594652
594614,594096
594614,594653
594614,594487
594614,594357
594614,594489
594614,594654
594614,594655
594614,594656
594614,594657
594614,594658
594614,594444
594614,594659
594614,594660
594614,594661
594614,594662
594614,594663
594614,594370
594496,594664
594508,593693
594665,594492
594666,594158
594666,594667
594666,594374
594666,594537
594666,594668
594666,593669
594666,594669
594666,594448
594666,594540
594666,593627
594670,594073
593555,594671
593555,594345
593555,594672
594666,593902
593555,594673
593555,594674
593555,594675
593555,594676
593555,594335
593555,594677
593555,594678
593555,593555
593555,594334
593555,594679
593555,594680
593555,594681
593555,594682
593555,593729
593555,593715
593555,594336
593555,594683
594666,594472
594666,594684
594666,594685
594666,594133
594666,594686
594666,594687
594666,594688
594666,593572
594666,594689
594666,593592
594666,593673
594666,594379
594666,594690
594666,594691
594666,594692
594666,594469
594666,594080
594666,594693
594666,593625
594666,594440
594666,594694
594666,593590
594666,593568
594666,594442
594666,593567
594666,594695
594666,593672
594666,594696
594666,594697
594666,594131
594666,594698
594666,594699
594666,594132
594666,594700
593555,594701
593555,594702
594703,594704
594703,594705
594703,594706
594703,594707
594703,594708
594703,594709
594703,594710
594703,594711
594703,594712
594713,594714
594715,593812
594715,594716
594715,594717
594718,594719
594703,594292
594718,594556
594720,594721
594722,594723
594722,594724
594725,594726
594727,593859
594727,594728
594729,594346
594729,594363
594730,594731
594732,594733
594734,594560
594735,594736
594737,594738
594739,594740
594718,593702
593555,594741
594703,594742
594703,594743
593555,594585
593555,593710
593555,593714
594744,594714
594745,594746
594747,593631
594747,594748
594703,594749
594703,594750
594703,594751
594703,594752
594703,593704
594703,594753
594703,594754
594703,594755
594703,594756
594703,594757
594703,594758
594703,594759
594703,593732
594703,594760
594703,594761
594703,594762
594703,594763
594703,594764
594703,594765
594703,594766
594703,594767
594703,594768
594703,594769
594703,594770
594666,594771
594666,593560
594666,593630
594772,593726
594773,594323
594774,593622
594775,594775
594776,593886
594776,593889
594777,593897
594778,593939
594778,593937
594778,593936
594778,593935
594779,594721
594780,594781
594780,594782
594783,593680
594780,594784
594780,594785
594780,594786
594780,594787
594780,594788
594780,594789
594780,594790
594780,594791
594780,594792
594780,594793
594780,594794
594780,594795
594780,594796
594780,594797
594780,594798
594780,594799
594780,594800
594801,593911
594802,594281
594803,594804
594805,594806
594805,594807
594805,594808
594805,593631
594809,594810
594811,593702
594812,594810
594813,594814
594813,594304
594813,593854
594813,594303
594813,593849
594813,594300
594815,594816
594813,593787
594813,594817
594813,594301
594813,593830
594813,594187
594818,594074
594819,594060
594819,594820
594819,594821
594819,593586
594819,594822
594819,594823
594824,594824
594825,594810
594825,593867
594813,594302
594780,594826
594780,594827
594780,594828
594829,594830
594829,594073
594666,594831
594666,594832
594666,594833
594666,594834
594666,593680
594666,594835
594666,594836
594666,594463
594666,594837
594666,594838
594666,594839
594666,594840
594829,594841
594666,593679
594666,594842
594666,593779
594666,593580
594666,593665
594666,594666
594666,594843
594666,594844
594666,593559
594666,593577
594666,594262
594666,593576
594666,594845
594666,594846
594666,594847
594666,593583
594848,594849
594848,594850
594848,594851
594780,594852
594780,594853
594780,594854
594780,594855
594780,594816
594780,594856
594857,594467
594858,594451
594859,593592
594860,594149
594861,594749
594848,594862
594848,594863
594848,594864
594848,594865
594848,594866
594848,594867
594848,594868
594848,594869
594848,594870
594848,594871
594848,594872
594848,593773
594584,593867
594848,594873
594848,594874
594848,594875
594848,594876
594848,594877
594848,594878
594848,594879
594848,594880
594584,594751
594881,594492
594882,593773
593844,594883
593844,594884
593844,594885
593844,594886
593844,594887
593844,594888
593844,594889
593844,594890
593844,594891
593844,593830
593844,593831
593844,594892
593844,594348
593844,593832
593844,594893
593844,593833
593844,594894
593844,594190
593844,593835
593844,593838
593844,594895
593844,593599
593844,593853
593844,594896
593844,594194
593844,594897
593844,593839
593844,593840
593844,594898
593844,593915
593844,593834
593844,594899
593844,594900
593844,594901
593915,594183
593915,594182
593918,593910
593918,593913
593918,593599
593918,593914
593918,594902
593918,593915
593918,593916
593918,593917
593918,593844
593918,594903
593918,594904
593918,594905
593844,594906
593918,593613
594905,594907
594905,593915
593844,594187
593844,594908
593844,594909
593844,594910
593844,594911
593844,594912
593844,594913
593844,594914
593844,594915
593844,594916
593844,594917
593844,594918
594905,594190
593915,593773
593844,593842
593844,594919
594303,594314
594303,594301
594303,594189
594303,593830
594327,594323
594920,594921
594922,594681
594922,594923
594922,594924
594922,594925
594922,594926
594927,594928
594927,593717
594929,594930
594303,594302
594931,593748
594931,594932
594931,594933
594931,594934
594931,593697
594931,594935
594931,593905
594931,593917
594931,593693
594936,594937
594936,594938
594936,593751
594936,594088
594627,594939
594627,594940
594931,593743
593844,594941
594303,593787
594942,594921
593844,593843
593844,593844
593844,593845
593844,593846
593844,594183
593844,593847
593844,594943
593844,593848
593844,593849
593844,594903
593844,593852
593844,594904
593844,593918
593844,594944
594303,594304
593844,594905
593844,593854
593844,593613
593844,593894
593844,593922
593844,594945
593844,594946
593844,594947
593844,594948
593844,594251
593844,593895
593844,594949
593554,594680
594417,594359
594950,594721
593844,594951
593915,594188
593915,594952
593915,593907
594953,594076
594953,594130
594953,593695
594953,593590
594953,593591
594364,594080
593558,593562
593558,593566
593558,594069
593558,593590
593558,593570
593558,593558
593558,593592
593558,594954
594953,594073
593558,593591
593591,594955
593591,594953
594696,594130
594696,593562
594696,593695
594696,593558
594696,593591
594956,593771
593716,594957
593716,594375
593716,594263
594958,594959
594958,594960
594958,594961
593591,594696
594958,594962
594953,593927
594963,593877
594964,594965
593798,594966
593798,593779
594966,594967
594966,594968
594966,594076
594966,593798
594966,594969
594966,593779
594070,593877
593877,594970
593877,594259
593877,594971
593877,594972
594953,594973
593877,594974
593877,593735
593877,594975
593877,594976
593877,593580
593877,593798
593877,594977
593877,594978
593877,594979
593877,594980
593877,594981
593877,594256
593877,593582
593877,593876
594963,594070
593877,594982
594958,594579
594958,594983
594958,594984
594985,594986
594985,594744
594985,594987
594985,594988
594985,594989
594985,594990
594985,594991
594985,594029
594985,594992
594985,593889
594985,594036
594985,594038
594985,594993
594985,593886
594994,594714
594985,594995
594985,594996
594985,594709
594985,594997
594985,594998
594985,594040
594985,594994
593915,594186
593915,594187
593915,593910
593915,593911
593915,593913
593915,593787
593915,593914
593915,593908
594985,593669
594994,594994
593625,593674
593674,593582
594958,594999
594958,593716
594958,595000
594080,594364
594080,594157
595001,595002
595002,595002
595002,595001
593751,595003
593751,595004
593751,595005
593751,594088
593751,594936
593751,595006
593751,595007
593751,594513
593751,595008
593674,593902
593674,593865
593674,594717
593674,594073
593674,595009
593674,595010
594627,595011
595012,593751
593751,595013
593751,594932
593751,594501
593751,594934
593751,595014
593751,593697
593751,594937
594198,595015
594627,595016
593908,593907
594081,593680
595017,594265
595017,594743
595017,595018
595017,594756
595017,593671
595017,595019
595017,595020
595021,594324
595021,594835
595021,595022
595021,595023
595021,595024
595021,595025
595026,593671
595021,595027
595021,595028
595021,595029
595021,595030
595021,594404
595021,595031
595021,594403
595021,594402
595021,595032
595021,595033
595021,595034
595021,595035
595021,595036
595021,594323
595021,595037
595021,594405
595021,595038
595026,595039
595026,594526
595040,595041
595040,595042
595043,593728
595044,595045
595046,595047
595046,595048
595049,594590
595050,593927
595051,593585
595051,593786
595051,593573
595051,593593
595052,593812
595053,593877
595026,593777
595054,595055
595054,593625
595054,595056
595057,594590
595057,593592
595026,594749
595026,594769
595026,594265
595026,594149
595026,595058
595026,594756
595026,594770
595026,595059
595026,595060
595026,595061
595054,593811
595040,595062
595021,594399
595021,595063
595064,594138
595064,595065
595064,595066
595064,595067
595064,595068
595064,595069
595064,595070
595064,595071
595064,595072
595064,595073
595064,595074
595064,595075
595064,595076
595064,595077
595064,595078
595064,594139
595079,594558
595080,595081
595080,593786
595080,595082
595080,595083
595080,595084
595080,595085
595080,595086
595080,595087
595088,594359
595088,595089
595088,595090
595091,594882
595091,593773
595064,595092
595021,595093
595064,595094
595064,595095
595021,595096
595021,595097
595021,594398
595098,594182
595098,595099
595098,594314
595100,593667
595101,593708
595102,595103
595102,594442
595102,594080
595103,594080
595104,594676
593818,593779
595064,595105
593818,595106
595107,593680
595107,594422
595108,594467
595108,595109
595108,593702
595110,594723
595064,595111
595064,595112
595064,594148
595064,595113
595064,595114
595064,595115
595064,595116
595064,595117
593818,595118
595040,595119
595040,594252
595040,595120
593571,593571
593571,594395
593571,595121
593571,593624
593571,593567
593571,595122
593571,595123
593571,593565
593571,595124
593571,595125
593571,595126
593571,593632
593571,595127
593571,595128
593571,595129
593571,593627
595130,593589
595128,593581
595128,594082
595128,593592
595128,593562
593627,593576
593627,593560
593627,593572
593627,594146
593627,593567
593627,594131
594687,594833
594687,594375
594687,595131
595130,593560
595132,595133
593571,595134
593571,595135
595136,595136
595137,595138
595137,595139
593571,594831
593571,595140
593571,595141
593571,595142
593571,595143
593571,595144
593571,595130
593571,595145
593571,595146
593571,595147
593571,595148
593571,594974
593571,593580
593571,595149
593571,593963
593571,595150
593571,595151
593571,593577
593571,595152
593571,595153
593571,595154
593571,593560
593571,595155
593571,593574
593571,593572
593571,595156
593571,595157
593571,593665
595158,593907
595158,595159
595158,595160
595161,595162
595161,595163
595164,595165
595164,595166
595164,595167
595168,593674
595040,595169
595040,595170
595040,595171
595040,595172
595040,595173
595040,595174
595040,595175
595040,595176
595161,595177
595040,595178
595040,595179
595040,593591
595040,595180
595040,595181
595040,593674
595040,595182
595040,595183
595040,595184
595040,595185
595040,595043
595040,595186
595040,594332
595040,593759
595040,595187
595040,595188
595161,595189
595161,594118
595161,595190
595158,595191
595158,593746
595158,595192
595158,595193
595158,595176
595158,595194
595158,595195
595158,595196
595158,595197
595158,595198
595158,595199
595158,593744
595158,595200
595158,595201
595158,595202
595158,595203
595158,595204
595161,594122
595161,595205
595161,595206
595207,595208
595209,594451
595210,594930
595211,594060
595210,593813
595212,595213
595212,593927
593744,593693
593744,593745
593744,593746
595158,593909
595214,594770
594198,593927
593693,595176
593812,595215
595195,594319
595195,595216
595195,593560
595195,595217
595195,595218
595195,595195
595195,595219
595195,593697
595195,595220
595195,593908
595195,595149
595195,595221
595195,595176
595195,595222
595195,595223
595195,593664
595195,593746
595195,595191
595195,594303
595195,593918
595195,593975
595195,595224
595195,595225
595195,594583
595195,593919
595195,593613
595195,595159
595195,595226
595195,595227
595195,594304
595195,593946
595195,595228
595195,595229
595195,593905
595195,594205
595195,595230
595195,595231
595195,595232
595195,595233
595195,595234
595195,595235
595195,595236
595195,595237
595195,595238
595195,593906
595195,593787
595195,593744
595195,595239
595195,595240
595195,595241
595195,593996
595195,593997
595195,595242
595195,594182
595195,593999
595195,595199
595195,595243
595195,595198
595195,593915
595195,593916
595195,593917
595195,595244
595195,594006
595195,595245
595195,593557
595195,593600
595195,595246
595195,594056
595218,595247
595218,595248
595218,594497
595218,595249
595218,595250
595218,595251
595218,595252
595218,595253
593746,593911
593746,593915
593746,594204
595254,594632
595254,593740
595254,593631
595218,593746
595254,593800
595254,593573
595254,593674
595254,593576
595254,593786
595254,593819
595254,594281
595254,593751
595254,594513
595254,595255
595254,594069
595254,593591
595254,594968
595254,593798
595254,594966
595254,595256
595195,595257
595218,593779
595218,594973
595258,593728
595258,594930
595258,594967
595259,594833
595259,595260
595261,593625
595262,595263
595218,593826
595218,595264
595218,595265
595218,595266
595218,594076
595218,593564
595218,594696
595218,595267
595218,595268
595218,595269
595218,595270
595218,595271
595218,595272
595218,595273
595218,595274
595218,595275
595218,594969
595218,594954
595218,595276
595218,595277
595218,595278
595218,595279
595218,595193
595218,595280
595254,593826
595195,595281
595195,595282
595283,593762
594563,593787
594563,595284
594563,595285
594563,595286
594563,595287
595288,595289
595288,595290
595288,593787
595288,594563
595288,595286
593730,593726
593730,593727
593730,593813
595291,595292
593730,593816
595293,595294
595293,595295
595293,595296
595293,595297
595293,595298
595293,595299
595293,595300
595293,595301
595293,595302
595293,595303
595293,595304
595293,595305
595293,595306
595293,595307
595308,594265
595293,595309
595291,595310
593801,593723
595311,595312
595311,595313
595311,595314
595315,595316
595315,595087
595315,595317
595315,593725
595315,593726
595315,593728
595315,595318
595315,593802
595315,595319
595315,593804
595315,595320
593801,593818
595315,593813
595315,595311
595315,595321
595315,595322
595315,595323
595315,593816
595315,593927
595315,595324
595315,595325
595315,595326
595315,594098
595327,595328
593801,593720
593801,593719
593801,593722
595315,593786
595195,593643
595293,595329
595293,595330
595195,593909
595195,595331
595195,595332
595195,595333
595195,595334
595195,593687
595195,593910
595195,595335
595195,593689
595195,595336
595195,593911
595195,595337
595195,593912
595195,594073
595195,595338
595195,595204
595195,594301
595195,595339
595195,593635
595195,595203
595195,593693
595195,595340
595195,593639
595195,593913
595195,594206
595195,595341
595195,595342
595195,595019
595195,594314
595195,593631
595195,594189
595293,595343
595195,595344
595345,593946
595293,595346
595293,595347
595293,595348
595293,595349
595293,595350
595293,595351
595293,595352
595293,594723
595293,595353
595293,595354
595293,595355
595293,595356
595293,595357
595293,595358
595195,595359
595293,595360
595293,595361
595293,595362
595293,595363
595293,595364
595293,595365
595293,595366
595293,595367
595293,595368
595293,595369
595293,595370
595293,595371
595293,595372
595293,595373
595293,595374
595293,595375
595254,595264
595254,595265
595254,595266
593816,593727
593816,593730
593816,593813
593816,593804
593816,593719
595376,594539
595376,593808
595376,593804
595376,593719
595376,593809
595376,593816
593814,593685
593814,594118
593814,593557
593816,593726
593814,593945
595377,595378
595377,595379
595380,595381
595380,593680
594760,594029
594760,594036
594760,594038
594284,595382
594284,595383
594284,595384
594284,595048
594284,595385
594284,594287
594284,595386
593814,594526
594284,595387
593816,593786
593809,593816
593978,595388
593978,595389
593978,594051
593978,594831
593978,595390
594982,594972
594982,593877
594982,594974
595391,593877
595391,594592
595391,595392
595391,595393
595394,594413
595394,595395
593809,593819
595396,594343
595397,593859
594539,595316
594539,593808
594539,595376
594539,593804
594539,593719
594539,593809
594539,593816
594539,593819
593809,594539
593809,593808
593809,595376
593809,593804
593809,593719
595398,594020
593978,594016
594284,595399
594284,594571
595400,595401
595400,595402
595400,595403
595400,595404
595400,595405
595400,595406
595400,595407
595400,595408
595400,595409
595400,595410
595400,595411
593993,595412
593993,593663
593993,593645
595400,595413
593993,595414
593993,595415
593993,593795
593993,595416
593993,593631
593993,595417
593993,595418
593993,595419
593993,595420
593993,595421
593993,595422
593993,593824
593993,593989
593993,594175
593993,594002
593993,593634
594284,595423
595400,593559
595400,595424
594284,595047
594284,595425
594284,595426
595427,595133
595428,595429
595428,595430
595428,593812
594215,594184
595400,595431
595400,595432
595400,595433
595400,595434
595400,595435
595400,595436
595400,595437
595400,595438
595400,595439
595400,595440
595400,595441
595400,595442
595400,595443
595400,595444
595400,595445
595400,595446
595400,595447
595400,595448
595400,594619
595400,595449
595400,595450
595400,595451
595400,595452
593978,595453
593978,593986
593978,595454
593819,595455
593819,594969
593819,595456
593819,593816
595457,593693
595457,595458
595457,595459
595457,595460
595457,595461
595457,595462
595463,595464
595465,593900
595466,593571
595466,593589
593819,593804
595466,593568
593572,593627
593572,593695
593572,593564
593572,594131
593572,594696
593572,593567
593572,593568
593572,593590
593572,593592
593572,593572
593572,593560
593572,593576
593572,593591
593572,593559
595466,593560
595467,595468
593819,593797
593819,593726
595254,594076
595254,593564
595254,594696
595254,595268
595254,595280
595254,595269
595254,595270
595254,595272
595254,595273
595254,595274
595254,595275
595254,594954
595254,595276
595254,595218
593819,595469
595254,595277
595254,595279
595254,595193
595254,594973
595254,595267
595254,593779
595254,593746
595254,595247
595254,595248
595254,594497
595254,595249
595254,595250
595254,595251
595254,595252
595254,595253
595254,595278
595467,595470
595467,595471
595467,595472
593978,593660
593978,595473
593978,595474
593978,595475
593978,593990
593978,593991
593978,593993
593978,595476
593978,593994
593978,594132
593978,593999
593978,594015
593978,595345
593978,594006
593978,595123
593978,595477
593978,594133
593978,594009
593978,594319
593978,593560
593978,593987
593978,593762
593978,595152
593978,595195
593978,593959
593978,593964
593978,594360
593978,593664
593978,593946
593978,593981
593978,593572
593978,595478
593978,593650
593978,595124
595467,595479
595467,595480
595467,595481
595482,595483
595482,595484
595482,593786
595482,595485
595482,593900
595486,595183
595486,595487
594681,595488
594681,594681
594681,595489
594681,595490
594833,595259
595491,594833
595492,593777
593978,593642
593978,595493
593978,593639
593978,594189
593978,595494
593978,593690
595311,593726
593978,593689
594002,593946
594002,593959
594002,593631
593662,593631
595495,595495
595496,593758
593967,593631
594845,593717
594845,594472
595312,593625
595497,594355
595497,594167
595497,595498
595497,595499
595497,595500
595497,595501
595497,595502
595005,593751
595503,594073
595503,593693
595503,594205
595503,595504
595503,595505
595503,594902
595497,595506
595503,595507
593753,595508
593753,593693
593753,594191
593753,595509
593753,593598
593753,595510
593753,593600
593753,594205
593753,595511
593753,594194
593753,595512
593753,595513
593753,595514
593753,595515
593753,593750
593753,595516
595497,595517
595497,595518
595497,595519
595497,595520
595497,595521
595497,595522
595497,595523
595497,594270
595497,595524
595497,594334
595497,595525
595497,595526
595497,594366
595497,594530
595497,595527
595497,594283
595497,594354
595497,595528
595497,595529
595497,594367
595497,595530
595497,595531
595497,595532
595497,595533
595497,595534
595497,594375
595497,595535
595497,595536
595497,595537
595497,595538
595497,594353
595497,595539
595497,595540
595497,594698
593753,595541
593753,595542
595543,595544
595543,595545
595543,595546
595543,595019
595543,595547
595543,595548
595543,595549
595543,595550
595543,595551
595543,595552
595543,595553
595543,595554
595543,594151
595543,595555
595543,595556
595543,595557
595543,595558
595543,595559
595543,594150
595543,595560
595543,595561
595543,595562
595543,595563
595543,595564
595543,595565
595543,595566
595543,594710
595543,594692
595543,595567
595543,594759
595543,595568
593753,595569
595543,595570
595543,595571
593753,595572
593753,595240
593753,595573
593753,595487
593753,595574
593753,595575
593753,595576
593753,593697
593753,595005
593753,594596
593753,595503
593753,595577
593753,595578
593753,595579
595543,595580
593753,593613
593753,595581
593753,595582
593753,595583
595584,595585
595584,595586
595584,595587
595584,593939
595543,593658
595543,593704
595543,595588
595543,595589
595543,595590
595543,595591
595543,595592
593753,593731
595497,595593
595497,595594
595497,595595
595596,595597
595596,595598
595596,595599
595596,595600
595596,595601
595596,594676
595596,595602
595596,595603
595596,595604
595596,595605
595596,595606
595596,595607
595596,595608
595596,595609
595596,595610
595596,595611
595596,595612
595596,595613
595596,595614
595596,595615
595596,595616
595596,595617
595618,594701
595619,595620
595621,595622
595623,594117
595624,595625
595626,593622
595627,595628
595627,595629
595596,595630
595631,593708
595596,595632
595596,595633
593554,594678
593554,594677
593554,594335
593554,594676
593554,594675
593554,594674
593554,594336
593554,594673
593554,594672
593554,594345
593554,594671
595634,593709
593586,593592
593586,594204
595596,595635
594297,595636
594297,595233
594297,593787
594297,594941
594297,594300
594297,594933
595596,595637
595596,595638
595596,595639
595596,595640
595596,595641
595596,595642
595596,595643
595596,595644
595596,595645
594297,595646
595647,593859
594424,594359
595648,593625
595521,595649
595521,595650
595521,595026
595521,594765
595521,594494
595521,595651
595524,595652
595524,595653
595524,595654
595524,595526
595524,595497
595524,594283
595524,595655
595524,595656
595521,595537
595524,595657
595524,594355
595532,593716
595497,595658
595497,595652
595497,595659
595497,594153
595497,594157
595497,595660
595497,595661
595497,595662
595497,595663
595497,595664
595497,595665
595497,595666
595524,595667
595521,594375
595521,595668
595521,595534
595521,595658
595521,595669
595521,594155
595521,595670
595521,595671
595521,595672
595521,595673
595521,595674
595521,595675
595521,595676
595521,595677
595521,595678
595521,595679
595521,595680
595521,595681
595521,595682
595521,595683
595521,595533
595521,595684
595521,595685
595521,594754
595521,595686
595521,595687
595543,595688
595521,595689
595521,595690
595521,594283
595521,595691
595521,595527
595521,595692
595521,595693
595521,595694
593993,593630
595543,595695
595543,595696
595697,595698
595697,595528
595697,595320
595697,595699
595697,595700
595697,595701
595697,595702
595697,594408
595697,595655
595697,594037
595697,595530
595697,594846
595697,595703
595697,593828
595697,595704
595697,595705
595697,595706
595697,595707
595697,595708
595697,594117
595697,595709
595697,595710
595697,595711
595697,595712
595697,595657
595697,595484
595697,595713
595697,595714
595697,595715
595697,595716
595697,595717
595697,594375
595697,595718
595697,595691
595697,594378
595697,595719
595697,595720
595697,595488
595697,595721
595697,595722
595697,595723
595697,595724
595697,594693
595697,595725
595697,595726
595697,595727
595697,595728
595697,595729
595697,594528
595697,595730
595697,594820
595697,595731
595697,595732
595697,594690
595697,595733
595697,594028
595697,595734
595697,595735
595697,595692
595697,594530
595697,595736
595697,595737
595697,595738
595697,595739
595697,594342
595697,595740
595697,595741
595697,595742
595697,595743
595697,595744
595697,595745
595697,594425
595697,595746
595697,595747
595697,595748
595697,595749
594198,594099
595697,595750
595697,595751
595697,595752
595697,595753
595697,595754
595697,595755
595697,595756
595697,595757
595697,595758
595759,595760
595725,595761
595761,595725
595762,595048
595762,594027
595762,594060
595762,593865
595763,593702
595764,594186
595764,594184
595764,595765
595766,593812
595697,595767
595697,595768
595697,595769
595697,594039
595697,595770
595697,595311
595697,594365
595697,595771
595697,595536
595697,595537
595697,595772
595697,595773
595697,595774
595697,595775
595697,595776
595697,595777
593554,594334
595697,595778
595697,595779
595697,595002
595697,595780
595697,595781
595697,595782
595697,595783
595697,595784
595697,595785
595697,595786
595697,595787
595697,595788
595697,595789
595697,595790
595697,595791
595697,595792
595697,595793
595697,595794
595697,595795
595697,595796
595697,595797
595543,594767
595543,595798
595543,595799
595543,593625
595488,593812
595488,594681
595488,595758
595718,595800
595718,594385
595718,595801
595718,595802
595718,595803
595718,595804
595718,595805
595543,595806
595718,595807
595718,595808
595718,595809
595718,595810
595718,594265
595718,595786
595718,595811
595718,595697
595718,595812
595718,595750
595718,595813
595718,595814
595718,595815
595783,595816
595783,595002
595718,595817
595697,595818
595543,595819
595543,595820
595543,595821
595543,595822
595543,595823
595543,595824
595543,595067
595543,595825
595543,595826
595543,595827
595543,595828
595543,593777
595543,595829
595543,595830
595543,595831
595543,595832
595543,595833
595543,595834
595543,595094
595543,595835
595543,595836
595543,595837
595543,595838
595543,595839
595543,593678
595543,595840
595543,595841
595543,595842
595543,595115
595543,595843
595543,595844
595543,595114
595543,595845
595697,594155
595697,595846
595697,595847
595697,594201
595697,595848
595697,595849
595697,595850
595697,595851
595697,595852
595697,595853
595697,595854
595697,595855
595697,594698
595697,595856
595697,595550
595697,594032
595697,595857
595697,595318
595697,595858
595697,595859
595697,595860
595697,595861
595697,595862
595697,595863
595697,595376
595697,595864
595697,595865
595697,595866
595697,595867
595697,595868
595697,595869
595697,595870
595697,595871
595697,595872
595697,595873
595697,595874
595697,595875
595697,595876
595697,595877
595697,595878
595697,595317
595697,595879
595697,595085
595697,594539
595697,594157
595697,595880
595697,595881
595697,593728
595697,595882
595697,595883
595697,595884
595697,594535
595697,593774
595697,594930
595697,595885
595697,595886
595697,594160
595697,594679
595697,594996
595697,595887
595543,595888
595697,595889
595697,595890
595697,595891
595697,595892
595697,595893
595697,595894
595697,595801
595697,595895
593993,595896
595697,595897
593993,594096
593635,593663
593635,595020
593635,593631
593635,593643
593635,595553
593635,593671
593635,593557
593635,595898
593635,593999
593635,594009
593635,594756
593635,593960
593635,593946
593635,593980
593635,593690
593635,594265
594014,593946
595899,593683
595899,593689
595899,593690
595899,593635
595899,593631
595899,593643
595899,593557
595899,593999
595899,594009
595899,594319
595899,594014
595899,595900
595899,593946
593635,594056
595899,593975
593635,593689
593635,593683
595901,594260
595901,594836
595901,595902
595901,595903
595901,595904
595901,595905
595901,595906
595901,595907
595901,595908
595901,595909
595901,595910
595901,595911
595901,595912
595901,595913
593635,593669
595901,595914
595901,595915
595901,595916
595901,595917
595901,595918
595901,595919
595901,595920
595901,595921
595901,595922
595923,594046
595924,594184
593689,593946
593689,595925
593689,593762
593635,595926
595901,595814
595901,595927
595899,593986
595928,593667
595929,595930
595929,595931
595929,593817
595929,595932
595929,595933
595929,595893
595929,595934
595929,595935
594930,595936
594930,595937
594930,595210
594930,594929
594930,593813
594930,595938
595929,593585
594930,595939
593758,595496
593758,595940
593804,593719
594967,593927
594967,593779
594967,595941
594967,595942
595943,593728
595943,595929
595943,594930
595943,595944
595943,593804
595943,593719
595945,593728
594930,593815
595899,594053
595929,595783
595929,595943
593728,595946
595929,595947
595929,593909
595929,595192
595929,595948
595929,595316
595929,595087
595929,595876
595929,595086
595929,595317
595929,595085
595929,594539
595929,593727
595929,593728
595929,595081
595929,594930
595929,593758
595929,595944
595929,594201
595929,594698
595929,595949
595929,593759
595929,595083
595929,595376
595929,593801
595929,595950
595929,593804
595929,593719
595929,595951
595929,593813
595929,593902
595901,595141
595901,595952
595901,595755
595901,595953
595901,595954
595901,595955
595901,595956
595901,595449
595901,595118
595901,595157
595901,595957
595901,595958
595901,595737
595901,595695
595901,594528
595901,595959
595901,595960
595901,595961
595901,595962
595901,595963
595901,595964
595901,595965
595901,595966
595901,595967
595901,595968
595901,594685
595901,595969
595901,595970
595901,595971
595901,595972
595901,595973
595901,595066
595901,595974
595901,595975
595901,595976
595901,595977
595901,594366
595901,595978
595901,595979
595901,595980
595901,595474
595901,595981
595901,595982
595901,595983
595901,595984
595901,595985
595901,595986
595901,595987
595901,595988
595901,595989
595901,595990
595901,593673
595901,595991
595901,595992
595901,595129
595901,595993
595901,595994
595901,595995
595901,595996
595901,595997
595901,595998
595901,595999
595901,596000
595901,596001
595901,596002
595901,596003
595901,596004
595901,596005
595901,596006
595901,596007
595901,596008
595901,593786
595901,594973
595901,596009
595901,596010
595901,596011
595901,596012
595901,596013
595901,596014
595901,594944
595901,596015
595901,596016
595901,595650
595901,596017
595901,596018
595901,595401
595901,596019
595901,596020
595901,596021
595901,596022
595901,596023
595901,596024
595901,596025
595901,596026
595901,596027
595901,596028
595901,596029
595901,596030
595901,596031
595901,595844
595901,595023
595901,596032
595901,596033
595901,593580
595901,596034
595901,596035
595901,595154
595901,596036
595901,596037
595901,596038
595901,596039
595901,596040
595901,596041
595901,596042
595901,593957
595901,596043
595901,596044
595901,596045
595901,596046
595901,594434
595901,593810
595901,596047
595901,593943
595901,595938
595901,596048
595901,596049
595901,596050
595901,596051
595945,595929
595901,596052
595901,596053
595901,596054
595901,596055
595901,595831
595901,596056
595901,595188
595901,596057
595901,596058
595945,594930
595945,595944
596059,593704
596059,594570
593718,596060
594176,594155
594176,594540
594176,596061
594176,596062
594176,594691
594176,595692
594176,594716
594176,596063
594176,594375
594176,596064
594176,594673
596059,595000
594176,596065
594176,596066
594375,595665
596067,594701
595013,593751
596068,593812
596069,594062
593957,593638
593957,593631
593957,596070
593957,596071
593957,593962
593957,596072
593957,593946
593638,593957
594176,596073
596074,596075
596059,596076
595590,593704
596077,596078
596077,596079
596077,596080
596077,593777
596077,596072
596077,596081
596077,594313
596077,594743
596077,594149
596077,594526
596077,596082
596077,596083
596077,596084
596077,594364
595006,593751
596077,596085
596077,596086
596077,596087
596077,596088
596077,594316
596077,596065
596077,596089
596077,594769
596077,596090
596077,596091
596077,596092
596077,596093
596094,594413
595590,596095
595590,594761
596077,594265
596077,596096
596074,596097
596074,596098
593685,593814
594316,596099
596100,596101
596100,595061
596100,595926
596100,594704
596100,593685
596100,596102
596100,594738
596100,594763
596100,593557
596100,596103
596100,595822
596100,596104
593685,594526
596100,596105
596100,595900
596100,595832
596100,595058
596100,596106
596100,594149
596100,594265
596100,594316
593812,594717
593812,594716
593812,594715
593812,593940
593812,593943
593812,593866
593993,596107
596100,594756
596074,596108
593685,593945
593685,594118
596074,596109
596074,596110
596074,596111
596074,596112
596074,596113
596074,596114
596074,596115
596074,596116
596074,596117
596074,596118
596074,596119
596074,596120
596074,596121
595484,593786
593685,593557
595484,595485
596122,593900
596122,596123
596122,593810
596122,595484
596122,593786
593772,596124
593772,596125
596125,593772
596126,595464
596127,593674
596128,593946
593671,595020
594334,594359
596129,594334
595484,596130
596077,593676
596077,596131
596077,596132
596133,596134
596133,596135
596133,596136
596133,596137
596133,596138
596133,596139
596133,596140
596133,596141
596133,596142
596133,596143
596133,596144
596133,596145
596133,596146
596133,595083
596133,596147
596133,596148
596133,596149
596133,596150
596133,596151
596133,595177
596133,596152
596133,596153
596133,596154
596133,596155
596133,596156
596133,596157
596133,596158
596133,596159
596133,596160
596133,596161
596133,596162
596133,596163
596133,596164
596133,596165
595945,593904
595945,593759
595945,596166
595945,593804
595945,594967
595945,593719
595945,595945
595945,595939
595945,595943
595945,593585
595945,595930
595945,593817
595945,596122
596167,594167
596133,596168
596169,596170
595177,596171
595177,596172
596133,596173
596133,596174
596133,596175
596133,596176
596133,596177
596133,596178
596133,596179
596133,596180
596133,596181
596133,596182
596133,596183
596133,596184
595177,594118
596133,594124
596133,596185
596133,596186
596077,596187
596077,596188
596077,594310
596077,595020
596077,595060
596077,595019
596077,594738
596077,595059
596077,596189
596077,596190
596077,594763
596077,596191
596077,593671
596077,596192
596077,596193
596077,596194
596077,596195
596077,596196
596077,594759
596077,596197
596077,594312
596077,595039
596077,596198
596077,594707
596077,596199
596077,596200
596077,593827
596077,596201
596077,593784
596077,596202
596077,596203
596077,594309
596077,596204
596077,596205
596133,596206
596133,596207
596133,596208
596133,596209
596133,596210
596133,596211
596133,596212
596133,596213
596133,596214
596133,596215
596133,596216
596133,596217
596133,596218
596133,596219
596133,596220
596133,596221
596133,596222
596077,594308
596077,596223
596077,596224
596077,596225
596226,594027
596133,595206
595945,593758
596133,596227
596133,596091
596133,596228
596133,596229
596133,596230
596133,596231
596133,596232
596133,596233
595901,596234
595945,593813
595901,596235
594439,594444
594439,596236
594439,594462
594439,594488
594439,596237
594439,594486
594439,596238
594439,596239
596240,594211
594677,594679
594677,594027
594677,595726
594677,594677
594677,594674
594439,596241
594677,596242
596243,593718
596243,594679
596243,596244
596243,596245
596243,595726
596243,594677
596243,596246
596243,596243
596243,596242
596243,596247
593796,593719
594205,593598
594205,593600
594205,593613
594677,596247
594205,594204
594439,594433
594439,596248
594444,596249
594444,594365
594444,595787
594444,594355
594444,595502
594439,596250
594439,594448
594439,595653
594439,594447
594439,594446
594439,594080
594439,594461
594439,596251
594439,596252
594439,594976
594439,596253
594439,594443
594439,594442
594439,594441
594439,596254
594439,594438
594439,596255
594439,594093
594439,594436
594439,596256
594439,596257
594439,594435
594439,594262
594439,596258
594439,596259
594439,596260
594444,594375
594205,595583
596261,596262
595546,595114
596263,593874
596264,594387
594372,594372
594372,596265
594372,594334
594372,596266
594372,596267
594372,596268
594372,594674
594372,596269
594395,593717
596270,596270
593556,593683
595546,594265
593556,593689
593556,593635
593556,593631
593556,593643
593554,594679
593556,593999
593556,594009
593556,594319
593556,594014
593556,595900
593556,593946
593556,593975
593556,593986
596271,593762
594150,594149
593556,593690
596261,594719
595546,594151
595546,596272
594325,594323
596273,594130
596273,593625
596273,593560
593706,595628
594630,594632
594630,594374
594630,596274
594630,596275
594630,595020
594630,593671
594630,594378
594630,593625
594630,593674
595546,595060
594630,593717
594630,596276
594630,596277
594630,594434
594630,596082
594069,594070
594069,593559
594069,593582
593774,593726
593774,593727
593774,595002
593774,595745
596278,593751
596278,594932
593795,593719
594630,596279
596280,594073
594444,595534
594444,595717
596281,593977
596281,596282
596281,596283
596281,596284
596281,596285
596281,596286
596281,596287
596285,596288
596285,596289
596285,593689
596285,596290
596285,596291
596285,596292
596285,596293
596281,596294
596285,596295
596285,596296
596285,596297
596285,596298
596285,596299
596285,593993
596285,596300
596285,593762
596285,596301
596285,596302
596285,596303
596285,596304
596285,596305
596285,596306
596285,596307
596285,596308
596285,596294
596281,596307
596281,596305
593993,596309
595901,596310
593993,596311
593993,596312
593993,593816
593993,593984
593993,596313
596281,596288
596281,596289
596281,593689
596281,596290
596281,596314
596281,596291
596281,596292
596281,596306
596281,596293
596281,596308
596281,596296
596281,596297
596281,596298
596281,596299
596281,593993
596281,596315
596281,594974
596281,596300
596281,593762
596281,596301
596281,596302
596281,596303
596281,596304
596281,596295
594444,595829
596285,593977
596285,596283
594448,594444
594444,594448
594444,594080
594444,594461
594444,594441
594444,596316
594444,594439
594444,594093
594444,596317
594444,594431
594444,596241
594444,594444
594444,594657
594444,594655
594448,594431
594444,594488
594444,596318
594444,595671
594444,594153
594444,596319
594444,596320
594444,596321
594444,595555
594444,596322
594444,596323
594444,594366
594444,594283
594444,596324
594444,596325
594444,595067
594444,594370
596285,596282
594448,594439
594448,594442
596285,596326
596285,596281
596285,596284
596285,596286
596285,596287
594448,594447
594448,594461
594448,594445
594448,594378
594448,594443
594448,594440
594448,594438
594448,594437
594448,594436
594448,594441
594448,594435
594448,594434
594448,594433
594448,594432
594448,594462
594448,594474
594448,594463
594448,594489
594448,594488
594448,594357
594448,594487
594448,594486
594448,594446
594448,594080
594448,596253
594448,594262
596280,596327
594444,595528
596280,593694
595901,596328
595901,596329
595901,596330
595901,596331
595901,596332
595901,596333
595901,596334
595901,596335
595901,596336
595901,596337
595901,596338
595901,596339
595901,596340
595901,593896
595901,596341
595901,596342
595901,596343
595901,595926
595901,596344
595901,596345
595901,596346
595901,596347
595901,596348
595901,596349
595901,596350
595901,596351
595901,596352
595901,596353
595901,596354
595901,596355
595901,596356
595901,596357
595901,596358
593580,593572
594385,594265
593965,596359
593965,593655
593965,593962
593965,593946
593965,594017
593962,596359
593962,593965
593962,593946
593962,596360
594287,594283
594287,595425
594287,595387
594287,596361
593580,593560
594287,596362
594287,596363
594287,595384
596356,596364
596356,593560
596356,596365
596366,593625
596366,594550
596366,593806
596366,593762
596366,593946
596366,593902
596366,594130
596366,594140
593943,593812
594287,593865
596367,594969
595901,596368
595901,595266
595901,596369
595901,596370
595901,596371
595901,596372
595901,596373
595901,596374
595901,596375
595901,596376
595901,596377
595901,596378
595901,596379
595901,596380
595901,596381
595901,596382
595901,596383
595901,595445
595901,596384
595901,596385
595901,596386
595901,595231
595901,596387
595901,596388
595901,596389
595901,596366
595901,596390
595901,596391
595901,596392
596280,593576
595901,596393
595901,596394
595901,596395
595901,596396
595901,596397
595901,596398
595901,596399
595901,596400
595901,596401
595901,595570
595901,596402
595901,596403
595901,596404
595901,594143
595901,596405
595901,594972
595901,596406
595901,596407
595901,596408
595901,596409
595901,596410
595901,596411
595901,596412
595901,596413
595901,594076
595901,596414
595901,596415
595901,596416
595901,596417
595901,596418
595901,596419
595901,594255
595901,596420
595901,596421
595901,596422
595901,596423
595901,595544
596367,595185
595901,596424
596367,593693
596425,596426
594173,594170
594173,593900
596427,595002
595160,595199
595160,593915
596428,596429
596428,593717
596430,596431
596430,596432
596430,594393
595084,595316
595084,595087
595084,595086
596425,596433
595084,595085
595084,594930
595084,593902
595084,593758
595084,595083
595084,593719
595084,596434
595084,593891
595084,595081
595084,596435
595084,593816
595084,596436
595082,595087
595082,595085
595082,593669
595084,595929
595082,595084
596425,596437
596425,596438
596280,594083
593735,593877
593735,596439
596367,594513
593735,596440
593735,596441
593735,596373
593735,593672
593735,594693
593735,596442
593735,593673
593735,594686
593735,596443
593735,594843
596425,596444
593735,595381
593735,593679
593735,593680
593735,594370
596445,593810
596445,596445
595425,596446
595665,594375
596447,594130
596425,596448
596425,596449
596425,596450
596425,596451
596425,596452
596425,596453
593735,596454
595082,593902
596455,594323
596456,593867
596457,596458
596457,596459
596457,596460
594335,594334
595185,596367
594335,594333
594288,593867
594288,594046
594288,596461
594288,594343
594288,594023
594288,594751
596462,593704
596463,594346
595383,594719
595383,596464
595383,596446
595185,593693
596367,596465
595082,595083
594585,594363
594585,594701
594585,596197
596457,596466
594585,596456
596467,594585
596468,593874
596469,594117
596470,594020
596471,594118
595383,596472
596467,596473
596457,594393
594335,594336
596457,595938
596474,596475
596474,595379
596474,596476
596474,596477
596474,596478
596474,596479
593677,593865
596474,596480
596474,594281
594617,594060
595082,596435
595082,595081
595082,593786
595082,593677
596474,595378
596457,596481
596474,593771
596457,596482
596457,596483
596457,595188
596457,596484
596457,596485
596457,596486
596457,596487
596457,596488
596457,593722
596457,596489
596457,596490
596457,596491
596457,596492
