607948,607949
607950,607951
607952,607953
607954,607955
607956,607953
607957,607953
607958,607959
607960,607961
607950,607962
607963,607964
607965,607966
607965,607967
607965,607968
607965,607969
607965,607970
607965,607971
607972,607973
607974,607975
607950,607976
607977,607953
607978,607979
607980,607981
607980,607982
607980,607983
607980,607984
607980,607985
607980,607986
607980,607987
607980,607988
607980,607989
607990,607991
607992,607993
607994,607995
607994,607996
607997,607998
607997,607999
608000,608001
607978,608002
608003,608004
607980,608005
608006,608007
608008,608009
608010,608011
608010,608012
608013,608014
608015,608016
608017,608018
608017,608019
608017,608020
608010,608021
608017,608022
608017,608023
608017,608024
608017,608025
608017,607974
608017,608026
608017,608027
608017,608028
608017,608029
608010,608030
608031,608032
608031,608033
608034,608035
608034,608036
608034,608037
608034,608034
608034,608038
608034,608039
608034,608040
608041,608042
608041,608043
608041,608044
608045,608046
608047,608048
608047,608049
608047,608050
608051,608052
608031,608053
608031,607959
608006,608054
607980,608055
607980,608056
607980,608057
608058,608059
608058,608060
608058,608061
608062,608063
608064,608065
608064,608066
608066,608067
608068,608069
608066,608070
608066,608071
608066,608072
608066,608073
608066,608074
608066,608075
608066,608076
608066,608077
608066,608078
608068,608079
608068,608080
608068,608081
608082,608083
608084,608085
608084,608086
608087,608088
608089,608090
608091,608092
608093,608094
608095,608096
608097,608098
608099,608100
608099,608101
608099,608102
608099,608090
608103,608104
608105,607961
608106,607953
608068,608107
608066,608108
608066,608109
608066,608110
608066,608111
607980,608112
607980,608113
607980,608114
607980,608115
607980,608116
607980,608117
607980,608118
607980,608119
607980,607980
607980,608120
607980,608121
607980,608122
607980,608123
607980,608124
607980,608125
607980,608126
607980,608127
607980,608128
608017,608129
607980,608130
607980,608131
608066,608132
608066,608064
608066,608133
608066,608134
608066,608135
608066,608136
608066,608137
608066,608065
608138,608139
608140,608141
608142,607975
607980,608143
607980,608144
607980,608145
607980,608146
607980,608147
607980,608148
607980,608149
608082,608150
608017,608151
608017,608152
608153,608154
608153,608155
608156,608157
608156,608158
608159,608159
608160,608139
608161,608162
608153,608163
608161,608164
608161,608165
608161,608160
608161,608166
608161,608167
608161,608168
608161,608169
608161,608170
608161,608171
608153,608168
608153,608161
608153,608172
608173,608174
608173,608175
608173,608176
608173,608177
608173,608178
608173,608179
608173,608180
608173,608181
608173,608182
608183,608184
608185,608186
608185,608187
608188,608189
608190,608191
608153,608035
608153,608153
608153,608001
608161,608139
608173,608192
608161,608193
608194,608195
608035,608196
608035,608001
608035,608197
608035,608139
608035,608155
608035,608198
608035,608199
608200,608201
608202,608195
608203,608204
608203,608205
608203,608206
608203,608207
608203,608208
608203,608209
608203,608210
608203,608211
608212,608213
608214,608215
608216,607999
608217,608218
608217,608219
608217,608220
608221,608222
608221,608223
608224,608225
608224,608224
608226,608227
608228,608229
608228,608230
608228,608231
608228,608232
608228,608233
608234,608235
608236,607975
608237,608238
608239,607979
608161,608240
608173,608241
608173,608242
608173,608173
608017,608243
608017,608244
608017,608245
608017,608246
608017,608247
608017,608248
608017,608249
608017,608250
608017,607984
608017,608251
608017,608252
608017,608253
608017,608254
608017,608255
608017,608256
608017,608257
608017,608258
608017,608259
608017,608260
608017,608261
608017,608262
608017,608263
608017,607975
608017,608264
608017,608265
608017,608266
608017,608267
608017,608268
608017,608269
608017,608270
608017,608203
608017,608271
608017,608272
608017,608273
608017,608274
608017,608275
608017,608276
608017,608277
608017,608278
608017,608279
608017,608142
608173,608280
608173,608281
608173,608167
608173,608282
608173,608283
608173,608284
608173,608285
608173,608286
608173,608287
608173,608288
608173,608289
608173,608290
608173,608291
608173,608292
608173,608293
608173,608294
608173,608295
608173,608296
608017,608297
608173,608298
608173,608299
608173,608300
608173,608301
608173,608302
608173,608303
608173,608304
608173,608305
608173,608025
608173,608306
608173,608307
608173,608308
608173,608309
608173,608310
608173,608311
608173,608312
608173,608266
608173,608313
608173,608314
608173,608315
608082,608316
608082,608136
608082,607997
608317,608318
608317,608319
608317,608320
608317,608321
608317,608322
608317,608323
608317,608324
608317,608325
608317,608326
608317,608327
608317,608328
608317,608329
608317,608330
608317,608331
608317,608332
608333,608334
608317,608335
608317,608336
608317,608337
608317,608338
608317,608339
608317,608340
608317,608341
608317,608342
608317,608343
608317,608344
608317,608345
608317,608346
608317,608347
608317,608348
608317,608349
608317,608350
608317,608351
608317,608352
608317,608353
608317,608354
608317,608355
608333,608356
608317,608357
608333,608358
608333,608359
608333,608360
608333,608361
608333,608333
608333,608362
608333,608363
608333,608364
608333,608365
608333,608366
608333,608367
608333,608368
608333,608369
608333,608370
608333,608371
608333,608372
608333,608373
608333,608374
608333,608375
608333,608376
608333,608377
608333,608378
608333,608379
608333,608380
608333,608381
608333,608382
608333,608383
608333,608384
608333,608385
608333,608386
608333,608387
608333,608388
608333,608389
608333,608390
608333,608391
608333,608392
608333,608393
608333,608394
608333,608395
608333,608396
608317,608397
608317,608398
608317,608399
608400,608401
608400,608402
608400,608403
608400,608404
608400,608220
608400,608405
608400,608406
608400,608407
608408,608409
608410,608411
608410,608412
608410,608070
608410,608413
608410,608414
608410,608415
608410,608079
608410,608416
608400,608417
608400,608418
608400,608419
608420,608421
608420,608422
608420,608423
608420,608424
608420,608425
608420,608426
608420,608427
608420,608428
608420,608429
608430,608431
608432,608088
608433,608434
608435,608088
608400,608436
608400,608437
608400,608438
608400,608439
608410,608440
608410,608441
608410,608057
608410,608442
608317,608443
608317,608444
608317,608445
608317,608446
608317,608447
608317,608448
608317,608449
608317,608450
608317,608451
608317,608452
608317,608453
608317,608454
608317,608455
608317,608456
608317,608457
608317,608458
608317,608459
608317,608460
608333,608461
608317,608462
608463,608464
608410,608465
608410,608466
608467,608088
608468,607959
608469,608470
608469,608471
608472,608473
608472,608474
608472,608475
608472,608476
608472,608477
608472,608478
608472,608479
608472,608480
608472,608481
608463,608042
608463,608482
608317,608483
608333,608484
608333,608485
608333,608486
608487,608488
608487,608306
608487,608489
608487,608205
608487,608490
608487,608491
608487,608492
608487,608493
608487,608494
608487,608207
608487,608495
608487,608496
608487,608497
608487,608498
608487,608499
608487,608500
608487,608501
608487,608502
608487,608503
608504,608235
608505,607975
608506,608414
608506,608409
608506,608227
608506,608079
608506,608507
608506,608508
608506,608509
608510,608511
608512,608513
608514,608215
608515,608516
608517,608518
608517,608519
608517,608520
608517,608213
608517,608061
608487,608521
608487,608522
608487,608173
608487,608523
608082,608076
608082,608524
608082,608525
608082,608526
608082,608527
608082,608109
608082,608528
608082,608529
608082,608530
608082,608531
608082,608111
608082,608532
608082,608039
608082,608533
608082,608534
608082,608535
608082,608536
608082,608537
608538,608539
608082,608540
608082,608541
608487,608542
608487,608543
608544,608213
608545,608061
608545,608546
608547,608548
608547,608549
608547,608550
608082,608551
608082,608552
608082,608547
608082,608553
608082,608554
608082,608555
608082,608556
608082,608557
608082,608092
608082,608558
608203,608245
608538,608193
608538,608559
608333,608560
608333,608561
608333,608562
608333,608563
608333,608564
608333,608546
608565,608566
608333,608567
608565,607970
608568,608205
608568,608569
608568,608570
608571,608572
608571,608573
608571,608070
608571,608574
608565,608575
608333,608576
608333,608577
608333,608578
608333,608579
608333,608235
608333,608580
608333,608581
608333,608582
608333,608583
608333,608195
608333,608584
608333,608585
608333,608586
608333,608587
608333,608588
608333,608589
608333,608559
608333,608590
608333,608591
608333,608592
608571,608593
608571,608107
608571,608594
608571,608595
608538,608596
608538,608546
608538,608386
608538,608597
608538,608395
608538,607991
608538,608598
608538,608599
608538,608600
608538,608601
608538,608363
608538,608602
608538,608603
608538,608604
608538,608605
608538,608606
608538,608585
608538,608566
608538,608607
608608,608609
608610,608518
608571,608556
608571,608611
608571,608540
608571,608612
608571,608613
608571,608532
608571,608039
608571,608135
608571,608614
608571,608615
608571,607997
608571,608616
608571,608012
608571,608617
608617,607999
608617,607997
608618,608619
608610,608434
608420,608620
608203,607984
608203,608621
607966,607971
607966,608622
608623,608624
608623,608625
608623,608626
608623,608627
608623,608628
607966,608629
608623,607968
608623,608630
608623,608631
608623,608632
608623,608633
608623,608634
608623,608635
608623,608636
608623,608637
607966,608638
608636,608622
608636,608639
608640,608641
608630,608642
608636,608624
608636,608625
608636,607968
608636,608637
608636,608630
608636,608631
608636,608643
608636,608632
608636,608633
608636,608634
608636,608644
608636,608645
608636,608646
608636,608629
608636,607966
608623,608647
608640,608648
608623,608646
608623,608649
608650,608651
608650,608652
608650,608653
608650,608654
608650,608655
608650,608656
608650,608657
608650,608650
608650,608658
608650,608659
608650,608527
608650,608660
608650,608661
608650,608662
608650,608663
608650,608664
608650,608665
608650,608666
608650,608667
608650,608668
608623,608669
608623,607966
608623,608639
608623,607971
608623,608622
608650,608670
608650,608671
608650,608672
608650,608673
608650,608674
608650,608552
608650,608675
608650,608676
608650,608677
608650,608678
608650,608679
608650,608680
608623,608629
608640,608681
608640,608682
608640,608683
608302,608251
608302,608684
608302,608685
608302,608686
608302,608687
608688,608689
608688,608302
608302,608173
608688,608690
608688,608691
608688,608692
608688,608693
608688,608694
608688,608695
608688,608696
608688,608697
608688,608698
608302,608699
608302,608700
608302,608292
608302,608701
608302,608266
608302,608313
608302,608702
608302,608703
608302,608704
608302,608705
608302,608119
608302,608207
608302,608283
608302,608017
608302,608285
608302,608706
608302,608276
608302,608290
608302,608707
608302,608244
608688,608708
608688,608709
608688,608294
608688,608710
608711,608712
608711,608713
608711,608714
608640,608715
608640,608716
608640,608717
608640,608718
608640,608719
608640,608720
608640,608721
608640,608722
608640,608723
608640,608724
608640,608725
608640,608726
608640,608727
608640,608728
608711,608729
608650,608730
608731,608732
608733,608511
608688,608734
608688,608735
608688,608736
608688,608737
608738,608739
608740,608201
608741,608742
608741,607979
608743,607973
608744,608745
608746,608747
608748,608749
608750,608751
608752,608753
608752,608739
608754,608755
608756,608757
608758,608759
608302,608760
608650,608761
608650,608762
608763,608764
608765,608766
608767,608767
608767,608768
608767,608769
608767,608770
608767,608771
608772,608520
608611,607999
608611,608773
608611,608745
608774,608775
608044,608776
608044,608043
608044,608777
608044,608042
608611,608747
608778,608584
608778,608779
608778,608778
608780,608781
608780,608782
608780,608783
608780,608784
608780,608785
608780,608786
608780,608787
608780,608788
608780,608789
608780,608790
608780,608791
608780,608792
608793,608794
608795,608796
608795,608797
608795,608798
608799,608601
608044,608041
608780,608800
608801,608802
608801,608803
608804,608061
608805,608061
608806,608807
608806,608745
608808,608809
608808,608810
608808,608071
608804,608811
608808,607999
608808,608409
608808,608773
608808,608812
608808,608813
608808,608814
608808,608815
608808,608745
608808,608747
608804,608146
608807,608806
608807,608745
608801,608816
608801,608061
608801,608817
608817,608802
608817,608801
608817,608818
608817,608803
608817,608816
608817,608061
608819,608409
608820,608821
608820,608822
608820,608409
608820,608819
608823,608600
608823,608824
608823,608061
608801,608818
608780,608825
608780,608826
608780,608827
608828,607999
608828,608829
607971,608830
607971,608831
607971,607968
607971,607969
607971,607965
608832,608699
607971,608833
607971,608635
607971,608834
607971,608835
607971,608836
607971,608837
607971,608627
607971,608838
607971,608839
608832,608046
608650,608840
608650,608841
608650,608842
608650,608843
608650,608844
608650,608845
608650,608846
608650,608847
608650,608238
608650,608848
608650,608849
608650,608850
608650,608851
608650,608852
608650,608853
608650,608854
608650,608855
608650,608856
608650,608857
607971,608858
607971,607967
607971,608859
607971,608649
608780,608860
608780,608780
608780,608861
608780,608862
608780,608863
608780,608864
608780,608865
608780,608866
608780,608867
608780,608868
608780,608869
608780,608870
608780,608871
608780,608872
608780,608873
608780,608874
608780,608875
608780,608876
608650,608877
608780,608878
608780,608879
607971,608880
607971,608623
607971,608881
607971,608882
607971,608883
608884,608205
608783,608876
608783,608870
608780,608885
608780,608886
608780,608887
608780,608888
608780,608889
608780,608890
608780,608891
608780,608892
608780,608893
608780,608894
608302,608895
608302,608896
608302,608306
608897,608419
608897,608898
608897,608899
608897,608900
608897,608901
608897,608902
608897,608903
608897,608904
608897,608905
608897,608906
608897,608907
608897,608908
608909,608745
608910,608745
608911,608912
608911,608913
608897,608914
608915,608916
608915,608917
608915,608918
608919,608056
608920,608921
608922,608437
608922,608042
608915,608148
608915,608923
608915,608924
608915,608925
608915,608926
608915,608927
608915,608928
608915,608929
608915,608930
608915,608931
608915,608042
608915,608932
608915,608933
608911,608934
608919,608935
608911,608936
608911,608937
608911,608938
608911,608939
608911,608940
608911,608941
608911,608942
608911,608943
608911,608944
608911,608945
608911,608946
608911,608947
608911,608948
608911,608949
608936,608950
608936,608951
608936,608913
608936,608952
608911,608953
608911,608954
608911,608955
608911,608956
608911,608957
608911,608958
608911,608959
608911,607961
608911,608960
608911,608961
608911,608962
608911,608963
608911,608964
608911,608965
608911,608966
608911,608967
608911,608968
608911,608969
608911,608970
608911,608971
608911,608972
608911,608973
608974,607979
608974,608002
608975,608976
608977,608978
608977,608732
608979,608980
608981,608982
608983,608984
608983,608796
608983,608985
608986,608434
608983,608797
608983,608987
608983,608798
608983,608988
608983,608989
608983,608990
608983,608991
608983,608992
608983,608993
608986,608749
608994,607973
608995,608996
608203,608997
608203,608279
608998,608999
609000,608229
609000,609001
609002,608550
609002,608092
609003,608603
609004,607959
609005,609006
609005,609007
609005,609008
609005,609009
609010,607973
608995,608046
608995,608260
608995,609011
608983,609012
608983,609013
608983,609014
608983,609015
609016,608306
609016,609017
609016,608180
609018,609019
609018,608924
609018,609020
609018,609021
609018,609022
609018,608219
609018,609023
609018,609024
609018,608220
609018,609025
609018,609026
609027,609028
609029,608749
609030,608086
609031,609032
608936,609033
609031,609034
609035,609036
608983,609037
609038,609039
609038,608602
609040,609041
609042,609043
609044,609044
609045,607991
609046,609047
609046,609048
609046,609049
609050,608205
609051,609052
609053,609054
609055,608001
609055,608198
609056,608546
609057,609058
609031,609059
608936,609060
608936,608936
608936,608937
609061,609062
609063,608187
609064,608238
609065,609066
609065,609067
609065,609068
609065,608213
609069,609070
609065,609071
609072,609073
609072,609074
609072,609075
609072,609076
609072,609077
609072,609078
609072,609079
609072,609080
609069,609081
609069,609082
609069,608205
609083,609083
609083,609084
609083,609085
609083,609086
609083,609087
609083,608050
609088,609089
609088,608112
609088,609090
609088,608126
609088,609091
609088,609092
609088,609007
609088,609093
609088,607985
609088,609094
609095,609096
609072,609097
609072,608441
609072,609098
609072,608154
609099,609100
609099,608867
609099,608273
609099,608260
609099,608244
609099,608142
609101,608749
609102,608516
609103,608238
609104,608092
609105,608054
609105,609028
609106,609062
609107,609108
609109,608511
608302,609110
608302,608025
609099,608266
609083,609111
609099,608878
609099,609112
609072,609113
609072,609114
609115,608749
609116,609117
609116,609118
609116,607975
609116,609007
609119,609120
609121,609097
609122,609122
609099,608019
609099,609123
609099,608886
609099,608236
609099,608024
609099,607974
609099,608027
609099,607975
608203,609124
608019,608878
608019,608886
608936,609125
608936,608968
608936,609126
608936,609127
608936,609128
608936,609129
608936,608969
608936,609130
608936,609131
608936,608956
608936,608955
608936,609132
608936,609133
608936,608938
608936,608939
608936,608940
608936,609134
608936,609135
608936,609136
608936,609137
608936,609138
608936,608957
608936,609139
608936,609140
608936,609141
608936,608958
608936,609142
608936,608959
608936,609143
608936,609144
608936,607961
608936,608960
608936,609145
608936,608964
608936,609146
608936,608965
608936,609147
608936,609148
608936,609149
608936,608941
608936,609150
608078,608067
608078,608078
608078,608111
608078,609151
608078,608175
608078,609049
609152,608229
609153,609154
609153,609155
609153,609156
609153,609157
609153,609153
609158,607975
609159,607975
609159,609160
609159,609161
609159,609158
609162,608063
608019,607975
609163,608085
609164,609165
608936,609166
608936,608944
608936,608946
608936,608953
608936,609167
608936,609168
608936,608948
608936,608911
608936,608949
609169,609170
609169,609171
609169,609172
609173,609028
609100,608029
609100,608227
609164,609123
609164,607975
609164,609100
608420,609174
608420,609175
608420,609176
609177,608092
609177,608201
609177,608409
609177,608519
609177,608016
609177,609178
609177,609179
609177,609180
609177,609181
609182,609183
609184,609185
609184,608126
609184,609186
609187,607993
609187,609188
609187,608520
609177,608096
609177,608520
609177,608749
609177,608742
607973,609189
607973,609190
607973,609191
607973,608743
607973,608335
607973,609192
607973,609193
609194,609001
609195,609196
609195,609197
609195,608086
609195,609198
609195,609199
609200,609201
609177,608419
609177,608007
609177,609202
609187,608596
607973,609203
609187,609204
609187,608096
609205,608235
609206,609206
609207,609179
609208,608016
609208,609209
609208,609068
609210,608090
608550,609211
608090,609212
608090,609213
608090,609214
608090,609215
608090,609216
608090,609217
608090,608824
608090,608090
608090,609218
608550,609219
608550,609220
609221,609222
609187,608046
609187,609223
608596,609224
609225,609225
609226,609227
609226,608870
609226,608867
608867,609228
608867,608244
608867,608878
608867,607975
608867,608027
608867,608886
608867,609007
608867,608019
609229,609230
609221,608550
609187,608306
609231,607973
609232,609233
609234,608227
609235,608180
609235,609049
609235,609236
609235,609237
609235,609238
609235,608762
609235,609239
609049,609240
609235,609241
609235,609242
609235,609243
609235,609244
609235,608023
609151,609049
609151,609245
609246,608096
609235,608537
609049,609247
609049,609248
609049,609228
608023,609235
608023,609151
608023,609243
608023,609236
608023,609237
608023,609238
608023,608762
608023,609241
608023,608537
608023,609242
608023,609244
609049,609249
609049,609151
609049,609239
609049,609250
609049,609251
609049,609252
609253,609254
609253,609255
609253,609256
609253,609253
609257,609258
609257,609259
609257,609260
609261,609262
609261,609257
609261,609263
609261,609259
608762,609049
608762,609243
609264,609068
609190,609265
608131,608126
608126,609266
608126,609267
608126,609268
609269,609270
609234,609270
609262,609261
608090,609271
609262,609259
609262,609272
609253,609273
609253,609274
609253,609262
609253,609275
609253,609276
609253,609257
609253,609277
609253,609278
609253,609279
609253,609263
609253,609259
609253,609261
609253,609280
609256,609257
609262,609281
609262,609282
609262,609257
609262,609263
608023,609049
608090,609283
608090,609284
609285,608370
608370,608361
609286,608370
609287,609288
609288,609289
609288,609287
609290,609291
609292,608195
609290,609293
609290,609294
609290,609295
609290,609296
609290,609297
609290,609298
609290,609299
609290,609300
609290,609301
609302,608213
609302,608195
609302,609303
609304,608085
609305,608157
609306,608749
609307,608201
609307,608104
608201,609308
608201,609309
608201,609310
608201,609311
608201,609312
608201,609313
608201,608740
608201,609314
608201,609315
609302,608609
609302,609179
609302,609316
609290,609317
609318,609319
609290,609320
609290,609321
608766,609322
608766,609323
608766,609324
608766,609325
608766,609326
608766,609327
608766,608201
608766,609328
609329,608749
609330,609331
609332,609332
609333,609334
609333,609335
609333,609336
609333,609337
609333,609338
609339,608086
609340,608766
609341,608213
609341,609071
609290,609342
609290,609343
609290,609344
609290,609345
609290,609346
609290,609347
609290,609348
609290,609349
609290,609350
609290,609351
609290,609352
609290,609353
609290,609354
609290,609355
609290,609356
609290,609357
609290,609358
609290,609359
609360,609361
608885,608867
608885,608126
608042,609362
608042,609363
608042,609364
608042,608437
608042,609365
608042,609366
608042,608482
608042,609367
608042,608404
609368,609369
609368,608189
609368,609370
609368,609371
609368,609372
609368,608205
609368,609373
608042,608048
608042,608220
608042,609374
608042,609375
608090,609376
608090,609377
608090,609378
608090,609379
609380,609381
609382,608042
609382,608205
609382,609368
609382,607959
609382,609383
609382,609384
609382,609220
609382,609219
609382,609211
609382,609385
609382,609386
609382,609387
609368,609388
609368,609389
609368,608043
609368,609390
609391,609239
609391,608867
609391,609392
609391,609393
609391,609394
609391,609395
609391,609396
609391,609397
609391,609398
609391,608893
609391,609399
609391,609400
609391,609303
609391,609401
609391,609402
609391,609403
609391,608885
609391,609404
608090,608089
609391,609405
609391,609406
607959,609407
607959,609408
607959,609390
607959,609409
607959,609410
607959,609004
607959,608189
607959,608205
607959,608043
607959,609368
607959,609373
607959,609411
607959,609412
609413,608096
609414,609179
609391,609415
609391,609416
609391,608874
609417,609417
609418,609419
609418,609420
609421,609422
609421,609423
609421,609424
609421,609425
609421,609426
609421,609427
609421,609428
609421,609429
609421,609430
609421,609431
609421,609432
609421,609433
609421,609434
609421,609435
609421,609436
609421,609437
609421,609438
609421,609439
609421,609440
609421,609441
609421,609442
609421,609443
609421,609444
609421,609445
609421,609446
609421,609447
609421,609448
609421,609449
609421,609450
609421,609451
609421,609452
609421,609453
609421,609454
609421,609455
609421,609456
609421,609457
609421,609458
609421,609459
609421,609460
609421,609461
609421,608306
608057,608442
608057,608079
608057,608414
608057,608413
608057,608503
608079,608415
608079,608220
608057,609462
608079,609463
608079,609462
608079,608442
608079,608057
608079,608414
608079,608413
608079,608503
608079,608287
608079,608419
609464,609465
608002,609466
608002,609467
608306,609468
608306,609469
608306,608178
609470,608520
609471,608880
609471,607995
609471,608870
607995,608120
607995,608509
607995,608079
607995,608415
607995,608414
609472,608054
609472,608195
609473,608002
608002,608974
608002,609474
609421,609475
609421,609476
609421,609477
609421,609478
608870,609479
608870,608867
608870,609226
609480,608870
609481,608046
608046,608305
608046,609368
608870,608870
609482,609120
609047,609047
608120,609007
608120,609483
608120,609484
608120,608509
608120,607995
609485,609485
609047,608120
608870,609471
608870,609480
609486,608796
609487,608419
608419,608220
608419,609463
608419,608079
608419,608407
608419,608418
608419,608439
608419,609021
608419,609488
608419,609489
608419,609490
608419,609491
608419,609492
609486,609493
609486,609494
609486,608797
609486,608798
608928,608220
609495,609180
609421,609496
609421,609497
609421,609498
609421,609499
609421,609500
609421,609501
609421,609502
609421,609503
609421,609504
609421,609505
609421,609506
609421,609507
609421,609508
609421,609509
609421,609510
609421,609511
609421,609512
609421,609513
609421,609514
609421,609515
608079,609516
609421,609517
609421,609518
609421,609519
609421,609520
609421,609521
609421,609522
609421,609523
609421,609524
609421,609525
609421,609526
609421,609527
609421,609528
609421,609529
609421,609530
609421,609531
609421,609532
609421,609533
609421,609534
609421,609535
609421,609536
608079,609537
608079,609538
608079,609484
608205,608043
608205,608128
608205,609539
608205,609540
608205,609050
608205,609541
608205,609093
608205,609542
608205,609543
608205,609544
608205,608046
608205,608207
608205,608569
608205,608568
608205,608420
608205,609545
608205,609263
608205,609546
608205,608884
608205,609547
609263,608205
609263,609548
609263,609549
609263,609550
609263,609551
609263,609552
609263,609553
609263,609554
608205,609555
608205,609369
608205,608189
608205,609412
608205,609556
608205,609368
608205,608570
608205,609557
608205,609558
608363,608605
608605,609559
608605,609560
608605,608061
609484,609561
609484,609562
609484,608056
609484,608935
609484,609563
609484,609564
609484,608098
609484,609565
609484,609566
609484,608128
609484,609567
609484,608205
609484,608046
609484,609568
609484,609569
609484,609539
609570,609571
609484,609093
609572,609573
609484,609328
609484,609574
608605,609463
608605,609575
608605,608079
609576,608220
609577,609578
609577,609579
609577,609580
609577,609581
609582,609583
609582,609584
609585,609586
609587,609588
609483,608079
609484,608570
609484,609589
609484,609590
609484,609591
609484,609592
609333,609593
609572,609067
609572,609071
609594,609595
609594,609596
609594,608511
609594,609597
609594,609598
609594,609599
609594,609600
609594,609601
609594,609602
609594,609603
609594,609604
609594,609605
609594,609606
609594,609607
609594,609608
609594,609609
609594,609610
609594,609611
609594,609612
609594,609613
608414,607996
608414,607995
608414,608079
608414,609614
608414,608050
608414,609471
608414,609615
609594,609616
609594,609617
609594,609618
609594,609619
609594,609620
609594,609621
609594,609622
609594,609623
609594,609624
609594,609625
609594,609626
609594,609627
609594,609628
609594,609629
608747,608135
608747,608613
608747,608611
608747,609630
608747,608815
609631,608546
608546,608545
608546,609056
608546,608333
608546,609632
608546,609633
608602,609039
609039,609634
609039,609635
609039,608978
609039,608548
609636,609637
608747,609638
609572,608054
609639,609640
609639,609641
609594,609642
609594,609643
609594,609644
609594,609645
609594,609646
609594,609647
609594,609648
609594,609649
609594,609650
609594,609651
609594,609652
609594,609653
608511,608602
608511,609654
608511,609655
608511,609656
608511,609657
609639,608747
609333,608126
609333,609658
609333,609659
609660,608479
609310,608201
609310,609661
609310,609662
609663,609663
609664,609062
609665,609368
609660,609666
607948,609667
607948,609668
607948,609669
607948,608908
607948,608917
607948,609670
607948,609671
607948,609672
607948,608916
609673,609674
609673,609675
609673,609676
609677,608205
609677,609368
609540,608205
609540,609368
609678,609679
609679,609680
609679,609681
609309,609682
609309,609683
609309,609684
609309,608201
609673,609685
609673,609686
609673,609687
609673,609688
609673,609689
609673,608036
607948,609690
609677,609540
607948,609691
607948,609692
609693,609694
609693,609695
609693,608092
609693,607991
609693,609696
609693,609697
609693,608050
609693,609698
609699,609700
609701,609702
609701,609703
609701,609704
609701,609705
609706,608090
609379,608090
609707,608090
609701,608414
609708,609709
609708,609665
609708,609368
607948,609710
607948,609049
607948,608735
607948,609711
607948,609712
607948,608177
607948,609713
607948,609714
607948,609715
607948,609716
607948,608175
607948,608791
607948,609717
607948,609718
607948,609719
607948,609720
609721,609303
607948,608277
609722,609723
608566,607970
608566,608565
609724,609463
609724,608079
609724,609725
609724,608566
609463,608079
609463,608133
609726,609727
609724,608193
609726,608178
609726,609728
609726,608193
609726,609729
609726,609730
609726,609731
609726,609732
609726,608155
609726,609733
609724,609734
609724,608306
609724,609735
609728,608566
608178,608311
608178,608306
608133,609732
608133,609463
609724,608178
609724,609736
609724,609733
609724,609728
609724,609729
609724,609731
609724,609732
609724,608133
609724,608056
609724,609724
609724,608098
609724,609726
609726,608139
609726,608133
609726,608056
609726,609737
609726,609738
609726,608180
609726,609739
609726,609740
609726,608170
609726,609726
609726,608167
609726,609741
609726,609742
609726,609743
609726,609744
609726,609745
609726,609746
609726,609747
609726,609016
609726,609748
609726,608566
609726,608596
609749,609270
609726,609750
609726,609751
609726,609724
609726,609463
609726,609752
609726,608168
609726,608098
609726,609753
609726,609754
609726,608079
609726,609735
609726,608311
609726,609755
609726,608310
609726,608001
609726,608227
609726,608306
609726,609734
609726,609756
609726,609757
609758,608602
609759,609265
609760,609761
609762,609763
609762,609257
609762,608296
609762,608766
609762,607959
609762,609764
609762,609765
609762,609543
609762,608864
609762,609373
609762,609766
609762,609767
609762,608868
609762,608869
609762,609768
609762,608402
609762,609769
609762,609552
609762,608895
609762,609770
609762,608776
609762,609069
609762,608043
609762,609771
609762,609259
609762,608305
609762,609772
609762,608777
609762,608046
609762,609263
609762,609279
609762,609762
609762,608205
609762,609773
609762,609774
609762,608044
609762,609775
609762,609776
609762,609777
609762,609778
609762,608827
609762,609779
609762,609780
609762,609781
609762,609782
609783,609183
609783,608016
609784,609785
609786,609786
609787,609049
609788,609789
609788,609790
608420,609791
608420,609792
608420,609793
608420,608205
608420,609794
608420,609795
609762,609796
609797,608001
609762,609798
609762,609799
609762,608825
609762,608260
609762,609800
609762,609411
609762,609801
609762,609802
609762,609093
609762,609803
609762,609804
609762,609389
609762,609805
609762,609542
609762,609806
609762,609807
609762,608699
609762,609808
609762,608788
609762,609809
609728,609725
609810,609811
609812,609813
609814,609265
609815,608054
609816,608742
609817,609817
609818,609463
609819,609819
609820,608104
609821,608749
609822,609822
609823,609066
609824,609179
609825,608745
609826,608205
609826,608207
609826,609827
609826,609828
609829,609062
609830,608104
609830,609288
609831,608061
609760,609832
609760,609368
609760,609833
609760,609834
609760,609835
609760,608442
609760,609836
609760,609837
609760,609838
609760,609839
609760,609840
609841,608749
609842,609843
609842,608766
609831,608596
609831,608007
609831,608794
609826,609844
609826,609093
609826,609328
609826,609845
609846,609847
609848,609849
609850,609265
609851,609120
609852,608096
609853,608205
609853,609854
609853,608207
609855,608794
609856,608434
609857,607993
609858,609067
609858,608054
609474,608002
609474,607979
609859,607979
609860,609047
609846,608516
609861,608419
609846,609862
609846,609034
609826,608570
609863,608157
609864,608061
609864,609865
609866,609750
609866,609867
609866,608001
609866,609868
609866,609869
609866,609870
609866,608038
609866,609866
609846,609871
609846,609872
609846,609873
609846,609874
609846,609059
609846,609875
608808,609876
609728,609734
609728,609735
609877,609183
609877,609878
609877,609879
609877,609880
609877,609881
609877,609882
609883,608749
609884,609885
609886,608520
609887,608409
609888,608157
609889,608157
609890,608054
609891,609892
609893,608559
609893,608583
609894,608434
609895,609895
609896,609897
609896,609898
609899,609899
609899,609900
609899,609262
609899,609257
609899,609278
609899,609279
609899,609261
609901,609326
609901,609902
609901,609903
609901,608043
609904,609905
609904,607959
609904,609906
609267,608126
609907,608213
609896,609908
609893,609909
609408,609910
609893,609911
609893,608388
608229,608228
609097,609912
609097,609913
609097,609121
609097,609914
609912,609097
609915,608395
608229,608092
609916,608582
609916,609917
609916,608385
609916,608381
609916,608396
609918,609919
609918,609920
609918,609921
609916,608362
609922,608085
609411,609542
609411,607959
609893,608386
608395,609923
608395,608600
608395,608388
609924,609924
609224,609097
609925,608007
608461,608235
608461,609288
609926,609927
609926,609928
609926,609929
609926,609930
609926,609931
609929,609932
609929,609933
609929,609934
609893,608395
609408,609261
609408,608305
609408,609279
609336,609333
609336,609658
609336,609659
609336,609935
608092,608229
608092,609695
609936,608007
609336,608126
609937,608085
609938,609938
609939,608085
609940,608001
608001,609941
608001,609674
608001,609942
608001,609943
609944,609944
609336,609593
609336,609945
609336,609946
609333,609947
609334,609335
609334,609948
609334,609949
609334,609946
609334,609336
609334,609945
609334,609593
609334,608126
609334,609333
609334,609658
609334,609659
609334,609935
609336,609334
609336,609335
609336,609948
609336,609949
608001,608199
608001,609950
608001,609951
608001,609952
609953,609954
609953,609955
609953,608036
609953,608596
609953,608016
609953,609956
609408,609798
609408,609281
609408,609957
609408,609958
609408,609274
609408,609899
609408,609901
609408,609262
609408,609959
609408,609257
609408,609903
609953,608739
609918,608546
609953,608546
609953,608063
608001,609383
608001,609960
608001,609961
608001,609962
608001,609963
608001,609964
608001,609965
608001,609056
608001,608035
608001,609797
608409,609966
608409,608819
608409,609967
609968,609968
609953,608518
609953,608511
609953,608550
609953,607991
609918,609969
609918,609970
609919,609971
608168,609972
608168,608092
608168,609973
608168,609674
608168,609974
608168,609955
608168,608001
608168,607991
609975,609976
609975,609977
608601,609978
608601,609228
608601,609386
608601,609979
608601,609980
608601,608539
609975,607991
608168,608229
608168,608036
608168,609696
609981,609982
609981,608574
609981,609047
608574,608509
608574,607995
608574,608414
608574,608948
608574,608079
608168,609983
608168,609984
608168,609985
608168,609954
608168,608054
608168,609975
608168,608601
608168,608168
608168,609986
608601,608511
608601,608606
608601,609120
608601,609987
609955,609988
609955,609655
609728,608178
609728,609736
609728,609733
609728,609728
609728,608193
609728,609729
609728,609731
609728,609732
609728,608133
609728,608056
609728,609724
609728,609463
609728,608098
609728,609726
609728,608079
609955,609989
609981,609990
609674,608001
609674,609991
608036,609992
608036,609686
607991,609975
607991,609696
607991,608229
607991,608092
607991,609695
607991,609698
607991,608168
607991,609974
607991,607990
609674,609993
609674,608945
609674,609994
609674,609995
609674,609996
609674,608036
609674,609673
609728,608306
609981,609981
609542,609997
609970,609998
609970,608546
609970,609969
609970,609999
609970,610000
609970,610001
609970,610002
609970,608558
609970,610003
609970,610004
609970,609971
609970,610005
609970,610006
609970,610007
609970,610008
609970,610009
609970,609919
609970,608037
609970,610010
609970,609920
609919,609920
609919,609918
609919,609969
609919,609970
609970,609632
609970,608012
609970,610011
609970,610012
609970,610013
609970,608040
609970,609633
609970,607953
609970,610014
609970,610015
609970,610016
609970,609108
609970,610017
609970,610018
609970,609921
609970,610019
609970,610020
609192,610021
609192,610022
609192,610023
609192,610024
609192,607973
609192,610025
609192,610026
609192,610027
609192,610028
609192,610029
609192,610030
609192,609191
610031,610032
610031,610033
610031,610034
610031,610035
610031,608046
609192,610036
609981,610037
609192,610038
609192,610039
609970,609918
609970,610040
609970,610041
609970,610042
609970,610043
609970,610044
609192,610045
609192,610046
609192,610047
609192,610048
609192,610049
609192,610050
609192,610051
609192,610052
609192,610053
609192,610054
609192,610055
609192,610056
608808,608805
608808,610057
608808,608808
608189,608188
608189,610058
608189,608043
608189,608205
608189,609369
608189,609368
609369,608766
608238,610059
609369,608201
609369,609368
609369,608189
609412,608108
609412,608043
609412,609368
609412,609556
609412,608205
609369,610060
608238,610061
608238,610062
608238,610063
608027,608867
608027,608244
608027,609228
608316,608602
608978,608977
608978,608732
608978,609097
608978,609039
610064,608978
608238,608237
608238,609103
608238,608663
608238,610065
608238,610066
608238,610067
608238,608238
608238,608674
609412,608189
608027,608878
609412,609369
610068,610069
609373,609769
609373,610070
609373,609411
609373,610071
609373,609805
609373,609326
609373,610072
609373,608895
609373,609542
610073,609970
610073,609955
610073,608002
610073,610074
610073,608048
610073,608596
610073,608553
608361,608370
609373,609775
609373,608044
609373,609263
608732,609914
609914,608571
609914,608139
609914,608614
609914,608732
608198,610075
608198,610076
610077,608126
610078,607973
609373,610079
609373,608766
609373,607959
609373,609368
609373,610080
609373,609110
609373,610081
609373,608043
610068,610082
608027,607975
608027,608886
608027,609099
610014,609108
610014,610083
610014,608606
610014,610084
610014,608546
610085,608126
610086,607995
610014,609047
610086,608079
609575,608061
609575,609865
608061,608557
608061,608816
608061,610087
608061,609865
608061,610088
609575,610089
610014,609463
610014,608079
610090,610091
610092,610093
610092,610094
610092,610095
610092,609326
610092,610096
610097,610098
610097,610099
610097,610100
610097,609956
610101,608520
608509,608120
608509,608414
608509,610102
608509,608574
608509,607995
608509,608814
608509,608745
608061,610103
608061,610104
608061,608545
608061,608048
607975,609158
607975,610105
607975,608018
607975,608867
607975,610106
607975,608886
607975,608244
607975,609228
607975,608027
607975,610107
609228,609049
609228,610108
609228,607975
609228,609633
609228,609165
609228,608601
609228,608056
607975,608570
610073,610109
607975,610110
609686,608036
608061,610111
608061,608605
608061,609560
608061,610112
608061,610113
608048,610114
608048,608061
608048,610073
608048,608050
608048,608042
609681,610115
609681,608002
609681,608048
609681,608049
609681,609679
609681,610116
609681,608050
609686,608739
610092,610117
610073,608546
610073,608597
608924,608438
608924,610118
608924,610119
608924,610120
608924,610121
608924,610122
608924,610123
608924,608437
608924,610124
608924,610125
608924,610126
608924,608887
608924,609263
608924,608888
608924,610127
608924,610128
608924,608923
608924,610129
608924,610130
608924,610131
608924,610132
608924,608334
608924,610073
608924,610133
608924,610134
608924,610135
608924,610136
608924,610137
608924,608674
608924,610138
608924,610139
608924,608436
608924,610140
608924,610141
608924,610142
608924,610143
608924,608886
608924,610144
608924,610145
608924,608889
608924,610146
608924,610147
608924,610148
608924,610149
608924,610150
608924,610151
608924,610152
608924,610153
608924,610154
608924,610155
608924,610156
608924,610157
608924,610158
608924,610159
608924,610160
608924,608992
608924,608893
608924,610161
608924,608418
608924,610162
608924,610163
608924,610164
608924,610165
608924,610166
608924,610167
608924,610168
608924,610169
608924,608890
608924,610170
608924,610171
608924,610172
608924,610173
608924,610174
608924,610175
608924,610176
608924,608419
608924,610177
608924,610178
608924,608439
610147,608559
610147,608364
610147,608393
608436,610119
608436,610121
608436,608439
608436,608419
608436,608925
608436,610179
608436,608417
608436,608438
608436,608407
608436,610180
608436,608220
608436,608638
608436,610181
608436,610182
608436,607949
608436,610183
608436,608401
608436,608436
608674,608238
610073,609559
610073,610171
610073,609973
610073,609695
610073,608092
610073,607991
610073,610184
610073,609696
610073,609021
610073,609538
610073,610185
610073,609920
610073,609108
610073,610186
610073,610015
610073,608606
610073,608220
610073,610187
608436,609668
608438,610188
608438,608436
608438,610189
608438,610190
608438,610191
608438,610192
608438,608195
608438,608220
608438,608405
608438,608585
608438,610193
608438,608559
608438,608590
608438,608578
608438,608539
610176,609412
608418,608439
608418,608419
608418,608407
610147,608387
608438,608219
610073,610194
608438,610180
608438,609911
608438,610195
608438,608439
608438,608386
608438,608548
608438,610196
608438,610156
608438,610197
608438,608393
608438,610198
608438,610199
608438,608417
608438,610200
608438,608362
608438,610201
608438,608550
608438,610202
608438,610203
608438,608404
610092,610204
610092,610205
610092,610206
609260,610207
609260,609369
609260,609549
609260,609281
609260,609254
608043,609368
608043,609326
609260,610208
608043,610209
608043,610210
608043,610211
608043,608041
608043,610212
608043,610213
608043,609412
610214,609280
608043,610215
610216,610011
610216,609950
610011,610217
609838,608180
610218,610219
610218,610220
610218,610221
610218,609747
610218,610222
610218,610223
610218,610224
610218,610225
610218,610226
610218,610227
610218,608198
610011,610043
610011,610040
610011,610009
610011,609920
610011,610228
610214,609261
609838,609049
610214,610229
610214,610230
610214,610231
610214,610232
610214,609900
610214,610233
610214,610234
610214,610235
610214,610236
610214,609262
610214,610237
610214,610238
610214,610239
610214,609253
610214,610240
610214,610241
610079,610242
610243,610244
610214,609550
610214,610245
610214,610246
610214,610247
610214,610248
610214,610249
610214,610250
610214,610214
610214,610251
610214,610252
610214,610253
610214,610254
610214,610255
610214,610256
610214,610257
610214,609272
610214,609257
610214,610258
610214,610259
610214,609764
610214,610260
610214,610261
609838,609236
609838,610262
609838,609238
610263,610264
610263,608948
610263,608949
609203,607973
609203,610265
609203,609190
609203,609265
610263,609167
610266,608139
610267,608042
609407,607959
610268,610266
610268,609039
608179,608306
608179,610269
610061,610270
610271,609542
610263,610272
610263,610273
610263,610274
610263,609140
610263,608959
610263,610275
610263,607961
610263,610276
610263,610277
610263,610278
610263,610279
610263,608968
610263,609127
610263,610280
610263,610281
610263,609128
610263,610282
610263,609129
610263,610283
610263,609133
610061,610284
610061,610089
610061,610061
610061,610285
608313,608306
608313,608266
608313,608290
610286,608235
609838,608677
609838,608306
609838,610287
609838,609244
609838,609243
609838,609242
609838,609241
609838,608527
609838,609239
609838,609404
609838,608730
609838,610288
609838,608762
608313,609228
610243,610208
608266,608290
608266,608306
610061,610289
610061,610290
610061,609145
610061,610268
610061,610291
610061,610292
610061,610293
610061,610294
610061,610295
610061,608238
610061,610296
610061,610297
610061,608179
610061,610298
610061,610299
610061,608841
610300,608766
608266,608313
610243,610301
610243,610302
610243,609004
609326,609542
610092,610244
610092,610301
610092,610302
610092,610303
610092,609260
610092,610304
609326,609373
610092,610081
610092,610305
610092,610306
610092,608043
610092,610307
610092,610308
610092,610309
610092,610310
610092,610261
609326,608043
609326,609326
609326,609901
610243,610311
610243,610312
610243,610313
610243,610093
610243,610094
610243,610095
610243,610314
610243,610096
610243,608043
610243,609412
609326,609260
609326,610242
609326,609412
609326,608201
609326,610079
609326,608189
609326,608766
610092,610315
610092,610316
610092,610214
610092,610317
610092,610318
610092,610319
610092,610320
610092,610321
610092,610322
610092,610323
610092,609369
610092,610324
610092,610325
610092,610326
610092,610327
610092,610328
610092,609411
610092,610329
610092,610071
610092,609805
610092,610330
610092,610331
610243,610332
610092,610333
610092,610260
610092,610255
610092,609323
610092,610334
610092,610335
610092,609412
610092,610079
610092,610243
610092,610336
610092,610337
610092,608189
610092,610338
610092,610339
610092,610340
610092,608766
610092,607959
610092,609764
610092,610207
610092,610341
608924,610342
610243,610117
610243,610206
610243,610214
610243,610343
610243,610255
610243,610334
610243,610242
610243,610344
610243,609372
610243,610316
610243,610335
610243,610345
610243,610346
610243,610347
610243,610348
610243,610349
610243,608201
610243,609257
610243,610350
610243,609552
610243,610351
610243,610352
610243,610303
610243,609260
610243,610353
610243,610304
610243,610261
610243,610305
610243,610306
610243,610354
610243,609259
610243,610307
610243,610308
610243,610072
610243,610309
610243,609279
610243,610310
610243,610315
610243,610355
610243,610079
610243,610336
610243,610356
610243,610357
610243,610325
610243,610326
610243,608041
610243,610358
610243,610359
610243,610360
610243,610327
610243,610328
610243,609411
610243,610361
610243,610362
610243,610329
610243,609803
610243,610363
610243,609805
610243,610330
610243,610364
610243,610324
610243,610204
610243,609369
610243,610323
610243,610337
610243,608189
610243,610339
610243,610340
610243,608766
610243,607959
610243,609764
610243,610207
610243,610365
610243,610260
610243,610341
610243,610366
610243,610331
610243,610318
610243,610320
610243,610321
610243,610322
610243,610367
608924,608925
608924,610368
608924,609243
609671,608219
609671,610369
609671,608220
609671,610182
609671,609719
609668,608439
609668,608418
609671,610370
609668,610371
609668,609668
609668,608419
609668,608914
607948,610145
607948,610132
607948,608334
607948,610073
609668,610372
609671,608928
609671,610161
609671,608419
607949,608584
607949,610121
607949,608439
607949,608419
607949,610179
607949,608417
607949,608220
608539,609657
608539,608601
608175,608079
608277,610373
608277,608211
608277,608419
608277,610374
609671,608437
609671,610119
609671,610167
607948,610133
607949,610375
607948,610134
607948,610136
607948,610124
607948,608923
607948,610125
607948,610126
607948,608887
607948,609263
607948,608888
607948,610123
607948,610127
607948,610144
607948,608889
607948,608439
607948,610146
607948,610164
607948,610165
607948,610166
607948,610128
607948,610122
607948,610121
607948,610120
607948,610137
607948,608674
607948,610138
607948,610139
607948,608436
607948,610140
607948,610141
607948,610142
607948,610143
607948,608886
607948,610131
607948,610130
607948,610129
607948,608437
607948,608438
607948,610118
607948,610119
607948,610135
610376,610377
610376,610378
610376,609007
608914,608403
608914,608870
608914,609022
608914,608042
608914,610379
608914,610380
608914,610370
608914,610381
608914,608905
608914,610180
608914,610382
608914,608219
608914,608826
608914,610383
608914,610384
608914,610385
608914,609491
608914,610386
608914,610387
608914,609490
608914,609394
608914,610388
608914,610389
608914,610390
608914,608407
608914,609021
608914,610391
608914,610392
608914,607948
608914,610393
608914,610394
608914,610395
608914,608930
608914,610396
608914,610397
608914,610398
608914,608401
608914,608914
608914,610399
608914,610400
608914,610401
608914,609671
608914,608897
608914,608917
608914,608908
608914,609669
608914,609668
608914,608916
610400,608419
610402,608419
610403,608419
608405,609047
608405,610166
608405,609021
610376,610404
610376,609564
610376,610405
610376,610406
608914,610183
607948,610167
608914,609712
608914,609719
608914,610369
608914,610407
608914,610403
608914,610408
608914,608220
608914,608906
608914,608405
608914,608933
608914,608638
608914,610409
608914,610181
608914,610182
608914,608918
608914,607949
608914,610410
608914,609720
608914,608406
608914,610411
607948,610168
607948,610169
607948,608890
607948,610412
607948,610379
607948,610370
607948,608905
607948,609981
607948,609491
607948,610413
607948,608042
607948,610180
607948,608219
607948,610414
607948,608826
607948,610415
607948,610383
607948,610416
607948,608290
607948,610382
607948,610033
607948,609022
607948,609614
607948,610417
607948,608364
607948,610418
607948,610397
607948,610398
607948,610419
607948,610420
607948,608365
607948,608401
607948,608663
607948,609490
607948,608602
607948,608402
607948,610386
607948,610381
607948,608403
607948,608870
607948,610288
607948,610421
607948,610384
607948,608914
607948,609287
607948,610422
607948,610376
607948,610409
607948,610181
607948,608588
607948,609236
607948,610182
607948,610423
607948,609266
607948,608784
607948,610424
607948,609896
607948,609124
607948,608785
607948,608918
607948,609865
607948,610425
607948,610426
607948,608405
607948,608584
607948,610399
607948,610400
607948,610427
607948,610192
607948,610428
607948,610429
607948,607981
607948,610369
607948,608800
607948,610430
607948,610402
607948,610431
607948,610432
607948,610403
607948,610433
607948,610408
607948,608220
607948,610434
608914,608417
607948,608867
607948,608930
607948,610153
607948,610155
607948,610161
607948,610156
607948,610157
607948,610158
607948,610159
607948,610152
607948,610160
607948,608893
607948,610342
607948,608925
607948,610368
607948,609243
607948,610435
607948,610436
607948,608992
607948,608924
607948,610151
607948,610150
607948,610170
607948,610171
607948,610172
607948,610173
607948,610174
607948,610175
607948,610176
607948,608419
607948,610177
607948,610178
607948,610163
607948,610162
607948,608418
607948,610154
607948,610147
607948,610148
607948,610149
607948,608926
607948,610437
607948,610375
607948,610438
607948,608417
607948,610388
607948,610066
607948,608407
607948,609021
607948,608665
607948,610391
607948,608862
607948,607948
607948,610394
607948,608527
607948,610395
607948,608863
607948,610439
607948,610440
607948,610441
607948,610442
607948,610443
607948,610444
607948,609489
607948,610179
607948,609397
607948,608894
607948,610445
607948,610446
607948,610447
607948,610448
607948,609248
607948,610449
607948,608878
607948,610450
607948,610451
607948,608927
607948,608928
607948,610452
607948,610453
607948,610454
607948,610455
607948,610456
610263,608957
608914,610443
608914,610457
608924,610408
608924,608220
608924,608584
608924,610434
608924,608405
608924,610425
608924,609287
608924,610433
608924,610422
608924,610409
608924,610181
608924,608588
608924,609236
608924,610182
608924,610423
608924,609266
608924,610376
608924,610403
608924,610432
608924,610431
608924,610416
608924,608290
608924,610288
608924,610421
608924,610384
608924,608914
608924,610399
608924,610400
608924,610427
608924,610192
608924,610428
608924,610429
608924,607981
608924,610369
608924,608800
608924,610430
608924,610402
608924,608784
608924,610383
608924,610424
608924,609124
608924,609710
608924,609692
608924,608277
608924,609691
608924,609690
608924,609672
608924,609671
608924,609049
608924,609670
608924,608908
608924,609669
608924,609668
608924,608916
608924,609667
608925,608220
610438,608870
608924,608917
608924,608735
608924,609711
608924,609712
608924,608785
608924,608918
608924,609865
608924,607949
608924,608539
608924,610410
608924,609720
608924,609719
608924,609718
608924,609717
608924,608791
608924,608175
608924,609716
608924,609715
608924,609714
608924,609713
608924,608177
608924,609896
608924,610415
608924,608826
608924,610414
608924,610454
608924,610455
608924,610179
608924,610456
608924,609489
608924,610443
608924,608417
608924,610453
608924,610388
608924,608407
608924,609021
608924,608665
608924,610391
608924,608862
608924,607948
608924,610394
608924,610066
608924,610452
608924,608928
608924,608927
608924,610435
608924,610436
608924,608926
608924,610437
608924,610375
608924,610438
608924,609397
608924,608894
608924,610445
608924,610446
608924,610447
608924,610448
608924,609248
608924,610449
608924,608878
608924,610450
608924,610451
608924,608527
608924,610395
608924,608863
608924,610439
608924,610381
608924,608403
608924,608870
608924,609614
608924,609022
608924,610033
608924,608042
608924,610412
608924,610379
608924,610370
608924,608905
608924,609981
608924,609491
608924,610413
608924,610180
608924,610382
608924,608219
608924,610386
609248,609049
608924,608402
608924,609490
608924,610440
608924,610441
608924,610442
608924,608930
608924,610444
608924,608867
608924,610426
608924,610417
608924,608364
608924,610418
608924,610397
608924,610398
608924,610419
608924,610420
608924,608365
608924,608401
608924,608663
608924,608602
608878,608019
608878,608886
608878,607975
608219,608417
608219,608220
608290,608306
608290,608266
608290,608313
608914,608785
608914,610073
608219,608438
608914,610135
608914,609403
608914,610143
608914,608904
608914,610458
608914,610459
608914,608437
608914,608438
608914,608436
608219,608217
608219,608218
610180,608419
610180,610201
610180,608604
610180,610412
610180,610203
610180,610460
610180,608404
610180,609491
610180,610192
610180,610461
610180,607996
610180,608195
610180,608220
610180,610462
610180,609516
610180,610181
610180,608559
610180,608539
608914,610119
608914,610121
608914,610123
608914,608923
608914,608901
608914,608902
608914,608903
608914,608992
608914,608925
608914,609398
608914,610375
608914,609397
608914,610445
608914,610446
608914,609396
608914,608927
608914,608928
608914,609395
608914,610453
608914,610454
608914,610179
608914,610161
610180,608362
608914,610153
608914,608899
608914,608888
608914,610463
608914,608915
608914,608439
608914,610464
608914,610166
608914,610167
608914,610171
608914,610172
608914,610173
608914,610176
608914,608419
608914,608418
608914,610465
608914,610466
608914,608898
608914,608924
608914,608900
608914,609489
610180,608930
610180,608417
610454,610203
610454,610370
610454,610467
610454,608219
610454,610384
610454,610468
610454,610469
610454,609022
610454,610369
610454,610470
610454,610471
610454,608220
610454,608933
610454,610472
610454,610473
610454,610474
610454,610461
610454,610417
610454,610444
610454,608930
608878,608867
610454,610475
610454,610142
610454,610458
610454,610476
610454,610477
610454,610167
610454,610478
610454,610479
610454,610161
610454,608925
610454,610065
610454,610480
610454,610199
610454,609021
610454,610481
610454,610395
610454,609711
610454,610482
610179,610404
610179,608419
608365,608559
610370,608419
610370,608220
610180,610483
610180,610475
610180,608356
610180,610188
610180,610189
610180,610123
610180,608439
610180,610484
610180,610479
610180,608389
610180,610485
610180,610156
610180,608393
610180,610486
608365,610192
610180,610481
608365,609911
608365,608395
610179,610487
610179,608417
610179,608220
610179,607949
609489,608419
608417,608414
608417,608386
608417,608518
608417,610179
608417,608365
608417,607995
608417,608438
608417,608219
608417,608220
609021,608419
609021,608042
608365,608387
608365,608363
607948,608539
610263,610488
610263,610489
609558,610490
609558,609549
609558,610491
609558,610492
609558,610493
609558,610238
609558,610239
609558,610494
609558,610495
609558,610496
609558,610497
609558,610498
609558,610499
609558,610500
609558,610501
609558,610502
609558,610503
609558,610504
609558,609282
609558,610505
609558,610506
609558,610507
609558,610508
609558,610509
609558,610510
609558,610233
609558,610234
609558,610235
609558,610511
609558,610512
609558,610236
609558,610513
609558,609778
609558,610514
609558,609274
609558,610237
609558,610515
609558,609273
609558,610232
609558,610240
609558,610516
610517,609485
610517,610518
608404,608042
610519,608436
610519,608437
610519,608438
610519,608439
610517,610520
610519,608419
610519,608417
610519,608407
610519,608401
610519,608402
610519,608403
610519,608404
610519,608220
610519,608418
610517,610521
610517,610522
608570,609557
609558,609256
609558,609255
609558,610523
609558,610524
609558,610525
609558,610526
609558,610527
608570,608044
608570,609769
608570,609328
608570,609591
608570,607975
608570,610105
608570,609263
608570,609543
608570,609093
608570,608205
609558,610528
609558,610529
609558,610530
609558,610245
609558,610531
609558,610532
609558,609542
609558,610058
609558,610330
609558,610533
609558,609390
609558,609550
609558,609258
609558,608686
609558,610534
609558,609280
609558,610535
609558,610536
609558,610537
609558,610538
609558,610539
609558,610540
609558,609373
609558,610541
610542,610529
610542,610543
610542,609274
610542,609549
610542,610496
609558,610244
609558,610544
609558,609259
609558,609263
609558,609279
609558,609552
609558,610545
609558,610546
609558,609257
609558,610547
609558,610548
609558,610259
609558,610549
609558,610550
609558,610551
609558,608043
609558,610257
609558,610552
609558,610553
609558,609272
609558,610554
609558,610555
609558,610556
609558,610557
609558,610558
609558,609276
609558,609275
609558,610559
609558,610560
609558,610258
609558,608766
609558,610247
609558,610246
609558,610256
610519,608405
609558,610254
609558,610252
609558,610561
609558,610562
609558,610563
609558,610230
609558,610248
609558,610564
609558,610249
609558,609903
609558,610565
609558,610566
609558,608205
609558,610567
609558,609775
609558,608895
609558,610568
609558,609551
609558,610251
609558,610542
610542,610569
610519,608406
609324,608766
610237,610231
610237,610232
610237,610234
610237,610235
610237,610326
610237,609282
610237,609281
610237,610246
610237,610240
609193,609041
610570,610571
610570,610572
610570,608747
609989,609955
610573,608550
609211,608550
610237,610574
610237,610575
610237,610259
610237,609257
610231,610326
610231,609282
610231,610239
610231,609281
610231,610240
610231,610574
610237,609259
610237,610308
610237,609263
610237,610249
610237,610250
610237,610576
610237,610252
610237,610334
610237,610577
610237,609272
610237,610347
609363,609365
610231,610237
609363,608437
609363,608042
610578,610579
608815,610580
608815,608071
608815,608747
608815,610581
608815,610582
608815,610583
610208,610584
608815,610585
610242,610586
610242,610587
610242,610079
610587,610242
610587,610586
610587,610588
610589,610590
610242,610588
610208,609542
610208,609805
610208,609388
609363,609362
609363,609367
609363,609374
609363,609375
609363,608220
610591,610592
610593,608511
609219,608550
608166,610594
608166,609049
610595,608056
609388,609368
610208,608043
610208,608046
610208,608205
610208,609370
610208,609828
609363,609364
610231,610235
610231,610234
610231,610231
609364,610384
609364,608220
609364,610411
609362,609365
609362,608437
609362,609364
609362,609363
609364,608219
609362,608042
609362,608220
609362,609374
609362,609375
610596,610596
610252,609261
610252,609259
610252,610248
609362,609367
609364,608992
610597,610598
610597,608582
610599,608518
610600,608559
610087,609047
610087,608061
608745,610601
608745,610602
608745,608909
608745,608807
608745,608806
608745,609385
608745,610603
608745,607995
608745,610604
608745,608509
608745,608814
608745,610605
608814,608745
610252,609263
610252,610249
610252,610250
610252,610251
610252,610241
610252,609258
610231,609261
610231,609259
610231,610308
610231,610248
610231,610249
607948,610410
610231,610576
610231,610252
610231,610334
610231,610347
610231,609257
610231,610259
610231,610575
610231,610246
610231,609262
610252,610240
609324,610606
610252,610499
610252,610239
610252,610252
610252,610254
610252,610256
610252,610257
610252,609272
610252,609257
610252,610259
610252,610246
610252,610245
610252,609262
610252,610231
610252,610234
610252,610235
610252,610607
610252,610237
610252,609282
610252,610238
610252,609281
610542,608189
608940,607961
610608,610609
610610,608061
610610,610611
610610,609091
610610,610612
610610,610613
610610,610614
610610,607995
610610,610615
610610,610616
610610,610617
610610,610618
610610,610105
610610,610619
610610,610620
610610,610621
610610,610622
610610,610623
610610,608508
610610,610624
610610,610625
610610,608805
610610,610580
610610,608090
610610,610626
610610,610627
610610,608120
610610,610628
610610,610629
610610,608806
610610,610630
610610,610631
610610,610057
610610,610632
610610,610633
610610,608811
610610,610634
610610,608808
610610,610635
610610,609876
610610,610423
610610,610636
610106,607975
610637,609001
610637,607979
610638,610639
610638,610640
610638,610641
610638,610642
610201,608090
610638,610643
610638,610644
610638,610645
610638,608313
610638,608766
610638,610646
610638,609325
610638,610647
610638,610648
610649,609542
610649,609411
610610,610650
610610,610604
610610,610651
610610,610652
610610,610653
610610,610654
610610,608509
610610,609217
610610,609485
610610,610655
610610,607987
610610,610656
610610,610657
610610,610658
610610,610659
610610,610660
610610,609672
610610,609283
610610,610661
610610,610662
610610,610663
610610,610664
610610,610665
610610,610133
610610,608809
610610,608018
610610,609568
610610,610666
610610,609047
610610,610667
610610,608810
610610,610668
610610,610669
610610,610670
610610,607999
610610,608823
610610,610610
610610,608747
610610,608071
610656,610651
610656,608061
610656,608813
608808,610613
608808,610614
608808,610604
608808,610651
608808,610655
608808,610656
608508,608745
610622,608594
610622,610671
610622,610611
610622,607995
610622,607996
610656,607999
610656,608814
610656,610623
610656,610660
610656,608773
610610,610672
610610,610673
610610,609213
610610,610674
610610,608926
610610,607975
610610,610487
610610,610675
610610,608804
610610,610676
610610,610677
610610,610678
610610,608815
610610,610679
610610,608745
610610,610680
610610,609704
610610,610681
610610,610110
610610,609990
610610,610570
610610,610682
610638,608244
610610,608813
610610,608807
610610,610683
610610,608409
610610,610684
610610,610685
610610,608773
610610,610686
610610,610687
610610,610688
610610,610689
610610,610690
610610,610175
610610,610691
610610,610692
610610,610693
610610,610694
610610,608812
610610,610695
610610,610696
610638,610697
610638,610698
610638,610699
610700,610701
610702,608088
610655,609007
610111,610703
610111,610704
610111,610705
610111,610706
610707,609316
610111,608061
607999,610613
607999,607997
607999,608828
607999,610708
608739,609057
608739,608738
608739,608036
607999,608617
610709,610710
610709,609388
610709,609370
610711,610712
610711,610713
610711,610714
610711,610715
610711,610716
610717,608745
608714,608711
608714,609047
610718,609955
610605,608745
610719,607953
610719,608419
610719,608745
610720,609039
610721,608434
610722,610723
610709,608205
608739,609686
610724,608238
610725,608088
609923,608388
610608,610726
610608,610630
610608,610727
610608,610728
610608,610729
610608,608056
610608,610730
610608,610731
610608,610732
610608,610733
610608,610734
610608,610735
610608,610736
610608,610737
610608,610738
610608,610739
610608,610740
610608,610741
610711,610742
610608,610743
610608,610744
609923,608395
610745,608794
610608,610746
610608,610747
610608,610748
610608,610749
610608,610750
610608,610751
610608,610752
610608,610753
610608,610754
610608,610755
610608,610756
610608,610757
610608,610758
610608,610759
610608,610760
610608,610761
610589,610762
610711,608133
610711,610763
610183,610764
610183,610765
610183,608362
610183,610766
610183,608363
610183,610767
610183,610768
610183,608600
610183,608370
610183,610769
610183,610770
610183,608583
610183,610462
610183,608213
610183,610771
610183,608578
610183,608580
610183,608417
610183,610772
610183,610773
610638,610058
610638,609009
610774,608184
610774,608749
610075,608198
608600,608823
608600,608824
608600,608061
608578,608017
608578,609986
608578,609228
610183,610775
610183,608438
610183,610776
610183,608393
610183,608395
610183,610375
610183,610777
610183,610778
610183,610779
610780,608088
610711,608046
610711,610781
610711,610782
610711,608205
610711,610783
610711,610784
610711,610785
610711,610786
610711,610787
610711,610788
610711,610789
610711,610790
610711,610791
610711,610792
610711,609546
610711,610793
610711,610794
610711,610795
610711,610796
610711,610797
610650,609007
610798,608414
610798,608415
610798,610799
610798,608079
609615,609463
610800,610800
610801,610802
610801,610803
610801,610804
610801,610805
610806,610807
610806,609007
610806,610650
610650,609243
610650,609049
610650,610806
610650,610807
610711,610808
610589,610809
610589,610810
610589,610811
610812,610813
610812,610814
610812,610815
610812,610816
610812,610228
610812,610015
610812,610817
610812,610016
610812,610818
610812,610819
610812,610820
610812,610821
610812,610822
610812,609971
610812,610004
610812,609919
610812,610005
610812,610823
610812,610824
610812,610007
610812,610825
610812,609695
610812,610826
610812,610827
610812,609921
610812,610828
610812,610018
610812,610829
610812,610830
610812,610831
610812,610184
610812,610009
610812,610832
610812,610833
610812,610008
610812,610834
610812,610835
610812,610836
610812,610019
610812,610837
610812,610003
608289,610838
608289,610812
608289,610839
608289,610840
608289,609224
608289,610841
610842,610843
608289,610844
610842,610845
610842,610846
610842,609565
610842,609767
610842,610847
610848,610842
610849,607961
610850,610738
610842,610851
608289,610852
608289,610001
608289,608039
610840,610853
608289,609970
608289,610854
608289,610074
608289,608596
608289,610855
608289,608546
608289,608597
608289,609695
608289,607991
608289,608311
608289,610184
608289,610856
608289,610217
608289,610824
608289,610857
608289,609977
610812,609890
610812,610020
610812,608597
610812,610858
610217,610012
610217,610011
610217,608012
610217,609632
610824,610859
610857,610115
610857,608002
610217,610013
610857,610860
610857,608049
610857,609679
610857,609681
610857,610861
610857,610116
609977,609975
610844,608572
610857,608048
610217,610862
610217,609633
610217,607953
610217,609999
610217,609969
610217,610863
610217,610864
610217,608546
610217,610865
610217,609998
610217,610194
610217,610866
610217,608558
610217,610010
610217,609920
610217,610017
610217,609108
610217,610867
610217,610868
610217,610186
610844,610869
610844,610870
610844,608596
610844,608553
610812,610871
610812,609970
610812,610872
610812,610044
610812,610873
610812,610874
610812,610854
610812,610875
610812,610043
610812,610876
610812,610074
610812,610041
610812,610040
610812,610855
610812,609976
610812,609698
610812,609918
610812,610877
610850,608079
610812,610878
610844,609224
610844,610109
610844,609867
610844,610879
610844,608063
610844,608184
610844,610880
610844,610881
610844,609538
610844,609202
610844,610882
610844,609120
610844,609757
610844,608431
610844,610883
610844,610884
610844,608198
610844,610885
610812,610841
610886,610887
610886,610888
610886,608537
609913,610889
609913,610890
609913,610891
609913,610892
609913,610893
609913,610894
609913,609097
609913,610895
609913,610896
609913,610897
609964,608001
609108,609107
609258,609257
610615,609218
610615,610674
610615,609212
609913,610898
609913,610899
610569,609315
610569,608776
610900,609407
610900,610901
610900,610902
610900,610903
610900,610904
610900,610905
610900,610584
610900,610906
610900,610907
610900,610533
610900,610908
610900,610909
610900,610910
610900,610539
609315,608201
609315,608776
609315,610569
610615,610911
610615,608090
609212,610674
609212,610911
609952,608035
609952,608546
609952,608001
609952,609962
609952,610912
609952,608034
609952,609952
609952,608038
609952,609950
609952,609983
608199,608739
607961,610913
607961,610914
607961,610915
607961,608940
610278,610916
610263,608951
609960,608001
610900,610917
609960,610483
609933,610918
609212,608090
609212,610615
608287,610919
608287,609038
608287,608313
608287,608056
608287,608079
610920,610921
610920,610922
610920,610923
610920,610924
610920,610925
610920,608201
610920,610926
610920,610927
610920,610928
610920,610929
609962,608001
610217,610000
610900,610930
610900,610931
608147,610932
608147,610933
608147,610518
608147,610934
608147,608211
608147,610686
608147,609089
608147,608261
608147,610077
608147,608090
608147,609090
608147,609093
608147,610935
608147,610846
608147,610936
608147,610937
608147,610938
608147,610110
608147,607975
608147,608027
610886,610939
610886,609049
610940,608090
609090,609089
609090,608112
609090,608126
609090,609091
609090,609007
609090,607985
609090,609088
609093,609263
609093,608205
609093,609543
609093,608570
609976,609975
608465,608511
608147,610941
608147,609565
608147,609767
608147,608126
608147,610942
610900,610943
610900,610944
610900,610645
610900,610945
610900,610555
610900,610946
610900,610947
610900,610948
610900,610949
610900,609371
610900,610950
610900,610951
610900,609544
610900,610322
610900,609370
610900,610952
610900,610953
610900,610954
610900,610955
610900,610956
610900,610957
608147,609561
608147,610958
608147,610959
608147,610960
609544,608205
609544,610709
610900,610961
610900,610962
610900,609368
610900,610544
610900,610963
610900,610964
610900,610965
610900,610966
610900,610967
610900,608896
610900,610968
610900,610969
610263,610970
610184,610875
608311,609047
610971,610972
610971,610973
610971,610974
610971,610975
610971,610976
610977,610978
610977,610979
610971,608213
610977,610980
610977,610981
610977,610982
610977,610983
610977,610984
610977,608598
610977,610985
610977,609896
610977,610986
610971,610987
610971,610988
610971,610989
609538,608553
609538,609867
609538,610879
609538,608184
609538,610880
609538,609538
609538,609757
609538,610883
609538,608198
609538,610885
610971,610990
610971,610991
610971,610992
610971,610993
610971,610994
610971,610995
610971,610996
609191,607973
609538,608079
610997,610990
610997,610993
610998,608305
610998,610999
610998,611000
610998,609903
610998,611001
610998,611002
610998,611003
610998,611004
610998,611005
610998,611006
610998,611007
610998,611008
610998,611009
610998,611010
610998,611011
610998,611012
610998,611013
610998,611014
610998,611015
610998,611016
610997,610994
610997,610995
610997,610996
610997,610989
610997,610988
610997,610987
610997,611017
610997,608213
610997,610972
610997,610973
610997,610974
610997,610975
610997,610976
610998,611018
610998,611019
610998,611020
610998,611021
610997,610992
608184,610774
608184,610619
608063,611022
611023,609041
611024,611025
611024,611026
611024,611027
611024,611028
611024,611029
610067,608238
610589,611030
610107,607975
609654,611031
609654,608511
609271,608090
611032,608409
611032,608602
611033,608395
611033,608365
611034,611035
610589,610587
610589,611036
610589,611037
610589,611038
610589,611039
610589,610242
610589,611040
610589,611041
610589,611042
610589,611043
610589,611044
610589,611045
610589,611046
610589,611047
610589,611048
610589,611049
610589,611050
610589,608844
610589,611051
610589,611052
610057,608409
610057,610919
610057,611053
610057,609090
611054,611055
611054,611056
611054,611057
611054,611058
611054,611059
611054,611060
611054,611061
610869,608596
610869,611062
610869,610896
610869,611063
610869,610884
610869,608199
608553,608184
608553,610885
608063,608062
608063,609162
611054,610057
610998,610446
611054,610856
611054,611064
610057,609046
610057,609048
610057,609049
611056,610824
611060,611065
611060,609538
611060,608538
611060,608605
611060,608824
611060,608039
611060,610771
611060,611066
611060,608050
611054,611067
611054,609047
611054,611068
611054,611069
611054,610881
610998,611070
610998,611071
610998,611072
611073,611074
611073,610959
611073,609315
609217,609047
609217,609575
609217,611075
609217,608605
611073,609328
609217,608090
608207,609368
609216,611076
609216,609567
609216,611077
609216,608090
609216,609215
609216,609214
608207,608205
611073,609093
611073,609561
611073,611078
609777,609779
609777,609781
609328,608766
611073,611079
611073,611080
611073,611081
611073,611082
611073,611083
611073,611084
611073,609565
611073,609327
611073,611085
611073,611086
611073,611087
611073,609777
611073,611088
611073,607981
609215,609216
609215,609214
609215,608090
609214,608090
610110,608505
610110,608018
610110,607975
610932,608211
610932,607975
611089,609896
611089,611090
610854,610877
610854,609970
610854,610858
610854,608597
610854,610825
610854,609695
610854,610184
610854,610114
610854,610824
610854,610015
609312,608201
609777,608699
607996,608509
607996,607999
609680,609679
609998,609047
610194,609047
610194,610014
610017,611091
609633,609633
609633,609228
608012,611092
608824,610157
608824,608090
609980,608096
609980,608601
611093,609980
611093,608511
611093,611094
607996,607994
607996,611095
607996,607995
610184,610870
609777,609328
609777,609769
610998,611096
610998,611097
610998,611098
610998,611099
610998,611100
610998,609009
610998,609408
610998,610998
610998,611101
609751,608227
609756,608414
609756,609615
609756,611102
609756,611103
609756,610857
609756,609471
610062,608238
610998,611104
610998,611105
610998,611106
610998,611107
610998,611108
610998,611109
610998,611110
610998,611111
610998,611112
610998,611113
610998,608870
610998,611114
610998,608285
610998,611115
610998,611116
610998,611117
610998,611118
610998,611119
610998,611120
610998,611121
609756,607996
609756,608050
608551,608511
608139,611122
610228,610011
610817,609224
610817,608597
610817,611123
611124,609108
608073,609666
608073,609633
611125,608036
611126,608088
611127,610842
609189,609265
611128,609288
609777,608776
609777,608046
609777,608044
609777,611129
609777,611130
610007,610011
609777,608402
610007,609108
610043,610011
608139,608732
608139,608978
608139,609097
608139,608602
608139,608197
608139,608038
608139,611131
608139,608139
608139,608511
608139,611132
608139,611133
608139,611134
611135,608238
611136,608601
609322,608766
610112,610113
610112,608061
610876,609696
610231,610250
608289,610015
