617274,617275
617274,617276
617274,617277
617274,617278
617274,617279
617274,617280
617281,617282
617274,617283
617284,617285
617274,617286
617274,617287
617274,617288
617274,617289
617274,617290
617291,617292
617274,617293
617274,617294
617295,617296
617284,617297
617298,617299
617274,617300
617284,617301
617284,617302
617284,617303
617304,617305
617304,617306
617305,617304
617307,617307
617305,617308
617305,617309
617305,617310
617305,617311
617305,617312
617305,617313
617314,617315
617314,617316
617305,617317
617274,617318
617319,617299
617287,617279
617320,617321
617320,617322
617320,617323
617320,617324
617325,617326
617326,617327
617326,617328
617320,617329
617326,617330
617331,617332
617331,617333
617319,617334
617335,617336
617335,617337
617338,617339
617335,617299
617326,617340
617274,617320
617320,617277
617320,617274
617287,617274
617287,617278
617287,617276
617287,617275
617287,617277
617287,617280
617287,617283
617320,617275
617287,617294
617287,617288
617287,617289
617287,617290
617287,617293
617287,617300
617287,617318
617287,617320
617287,617286
617341,617332
617277,617342
617300,617343
617277,617318
617277,617320
617277,617344
617345,617346
617345,617347
617345,617348
617345,617349
617277,617300
617345,617350
617345,617351
617345,617352
617345,617353
617345,617354
617345,617345
617345,617355
617346,617356
617345,617357
617346,617358
617277,617293
617277,617289
617277,617359
617360,617361
617277,617362
617277,617363
617277,617364
617277,617365
617277,617279
617277,617290
617277,617274
617277,617276
617277,617275
617277,617283
617277,617294
617277,617286
617277,617287
617277,617288
617277,617278
617346,617347
617347,617366
617347,617351
617367,617368
617367,617369
617370,617371
617370,617372
617370,617373
617374,617375
617376,617377
617378,617379
617376,617380
617381,617382
617381,617383
617381,617384
617381,617385
617381,617386
617387,617366
617300,617388
617376,617389
617378,617390
617378,617391
617392,617296
617347,617393
617348,617394
617351,617366
617395,617388
617395,617396
617395,617397
617395,617398
617395,617399
617395,617400
617395,617401
617395,617402
617403,617404
617404,617405
617404,617406
617407,617404
617408,617409
617408,617410
617411,617412
617361,617413
617371,617414
617361,617415
617416,617417
617416,617418
617416,617419
617416,617420
617416,617421
617416,617422
617416,617423
617416,617424
617416,617425
617416,617426
617416,617427
617416,617373
617416,617428
617416,617429
617416,617430
617416,617382
617416,617431
617416,617432
617416,617433
617416,617434
617435,617324
617436,617437
617438,617439
617438,617440
617438,617441
617438,617442
617324,617443
617416,617444
617324,617321
617324,617445
617446,617447
617416,617448
617416,617449
617416,617450
617416,617451
617416,617452
617324,617290
617435,617438
617416,617372
617416,617453
617416,617454
617416,617455
617416,617456
617416,617457
617416,617371
617416,617458
617459,617371
617416,617460
617461,617299
617462,617463
617462,617300
617462,617464
617462,617465
617462,617466
617462,617293
617277,617280
617467,617468
617416,617469
617416,617470
617416,617471
617416,617472
617416,617473
617416,617474
617416,617475
617416,617476
617416,617477
617416,617478
617416,617479
617416,617480
617416,617481
617416,617482
617416,617483
617416,617405
617416,617484
617416,617485
617416,617486
617416,617487
617435,617488
617435,617489
617435,617323
617361,617490
617361,617491
617361,617492
617361,617493
617361,617494
617495,617496
617495,617497
617361,617498
617495,617454
617496,617495
617499,617500
617499,617501
617502,617503
617504,617505
617506,617507
617506,617508
617495,617509
617506,617510
617361,617511
617361,617512
617361,617513
617361,617514
617361,617515
617361,617516
617361,617517
617361,617518
617361,617519
617361,617520
617361,617475
617361,617521
617361,617360
617361,617522
617361,617523
617361,617524
617361,617525
617361,617526
617361,617527
617506,617528
617506,617529
617506,617530
617518,617524
617518,617525
617435,617531
617435,617384
617435,617532
617435,617436
617435,617533
617518,617522
617435,617534
617435,617535
617435,617382
617435,617299
617435,617381
617435,617536
617435,617537
617435,617538
617435,617539
617518,617521
617518,617361
617518,617540
617507,617541
617542,617542
617543,617544
617543,617545
617285,617546
617285,617284
617301,617284
617547,617548
617549,617405
617549,617550
617551,617480
617551,617423
617552,617553
617553,617554
617553,617555
617556,617557
617518,617413
617361,617540
617277,617558
617294,617280
617406,617559
617560,617561
617560,617562
617560,617563
617560,617564
617560,617565
617560,617566
617560,617567
617560,617568
617560,617569
617560,617570
617560,617571
617560,617572
617560,617573
617560,617574
617560,617575
617560,617576
617560,617577
617560,617578
617560,617579
617560,617580
617560,617581
617560,617582
617560,617583
617560,617584
617560,617585
617560,617586
617560,617587
617560,617588
617560,617589
617560,617590
617560,617591
617560,617592
617560,617593
617560,617594
617560,617595
617560,617596
617560,617597
617560,617535
617560,617598
617560,617599
617560,617600
617560,617601
617560,617602
617560,617603
617560,617604
617560,617605
617560,617606
617560,617607
617560,617608
617560,617609
617560,617610
617560,617611
617560,617612
617560,617613
617560,617614
617560,617615
617560,617616
617560,617617
617560,617618
617560,617619
617560,617363
617560,617620
617560,617621
617560,617622
617560,617623
617560,617624
617560,617625
617560,617626
617560,617627
617560,617628
617560,617629
617560,617630
617560,617631
617560,617560
617560,617632
617560,617342
617560,617633
617560,617634
617560,617635
617560,617636
617294,617637
617294,617363
617294,617560
617294,617611
617294,617318
617636,617638
617636,617560
617294,617639
617636,617640
617636,617641
617636,617642
617560,617643
617560,617644
617560,617645
617560,617646
617560,617647
617636,617648
617560,617649
617294,617321
617462,617379
617650,617651
617611,617652
617611,617278
617611,617275
617611,617280
617611,617294
617611,617636
617294,617636
617611,617321
617611,617637
617611,617363
617611,617560
617611,617318
617294,617652
617294,617278
617294,617275
617611,617639
617560,617653
617560,617654
617560,617642
617560,617655
617560,617656
617560,617657
617560,617638
617560,617658
617560,617659
617560,617660
617560,617661
617560,617662
617560,617663
617560,617664
617560,617665
617560,617666
617560,617667
617560,617668
617560,617669
617560,617294
617560,617670
617560,617671
617560,617672
617560,617673
617560,617674
617560,617675
617560,617676
617560,617677
617560,617678
617560,617679
617560,617680
617560,617681
617560,617682
617560,617683
617560,617684
617560,617685
617560,617686
617560,617687
617560,617277
617560,617688
617560,617689
617560,617690
617560,617691
617692,617693
617692,617694
617692,617695
617692,617696
617692,617697
617692,617698
617692,617699
617692,617700
617692,617701
617481,617702
617481,617703
617481,617405
617481,617481
617481,617704
617481,617705
617481,617706
617692,617376
617481,617406
617692,617707
617692,617374
617708,617701
617708,617376
617692,617709
617692,617367
617692,617710
617692,617711
617692,617712
617692,617713
617692,617370
617692,617714
617692,617715
617692,617716
617692,617705
617692,617717
617692,617432
617692,617505
617692,617692
617708,617699
617481,617372
617481,617718
617705,617719
617705,617720
617705,617721
617705,617693
617705,617722
617705,617723
617705,617724
617705,617725
617705,617726
617705,617727
617705,617728
617705,617729
617705,617730
617705,617731
617406,617732
617406,617733
617705,617734
617481,617373
617705,617735
617705,617736
617481,617737
617405,617738
617405,617739
617405,617740
617405,617406
617405,617741
617705,617742
617705,617743
617705,617744
617705,617745
617705,617746
617705,617747
617705,617748
617705,617405
617705,617481
617705,617749
617705,617750
617708,617698
617708,617697
617708,617696
617751,617388
617751,617752
617751,617753
617751,617754
617751,617755
617751,617756
617757,617758
617759,617760
617757,617761
617695,617708
617695,617692
617695,617714
617695,617717
617695,617713
617695,617707
617695,617694
617695,617710
617695,617762
617759,617763
617759,617764
617765,617765
617765,617759
617765,617766
617765,617767
617765,617768
617765,617769
617765,617770
617759,617771
617765,617772
617765,617773
617759,617765
617759,617774
617759,617775
617759,617776
617759,617777
617759,617778
617765,617779
617695,617780
617695,617781
617695,617782
617708,617370
617708,617692
617708,617714
617708,617715
617708,617716
617708,617705
617708,617717
617708,617712
617708,617432
617708,617374
617708,617713
617708,617707
617708,617700
617708,617693
617708,617694
617708,617695
617708,617505
617708,617711
617708,617710
617708,617367
617695,617783
617695,617481
617695,617784
617695,617785
617695,617698
617695,617712
617695,617743
617695,617786
617695,617787
617695,617788
617695,617415
617695,617789
617695,617790
617695,617791
617695,617792
617695,617793
617708,617709
617406,617794
617446,617795
617462,617796
617462,617797
617798,617799
617798,617594
617798,617381
617798,617800
617798,617801
617798,617538
617798,617802
617798,617803
617798,617804
617798,617805
617798,617806
617798,617807
617798,617808
617809,617810
617809,617811
617798,617812
617798,617813
617798,617814
617798,617815
617816,617817
617816,617818
617798,617819
617798,617384
617798,617820
617798,617821
617798,617822
617809,617823
617798,617809
617798,617824
617798,617825
617798,617826
617798,617665
617798,617827
617798,617828
617798,617321
617798,617829
617830,617299
617809,617831
617809,617809
617809,617832
617809,617833
617809,617834
617809,617835
617809,617836
617809,617837
617809,617838
617809,617839
617809,617840
617809,617841
617809,617842
617809,617843
617809,617844
617809,617417
617809,617845
617809,617846
617809,617847
617809,617827
617809,617848
617809,617849
617809,617850
617809,617851
617809,617852
617809,617853
617809,617854
617809,617855
617809,617822
617809,617499
617809,617856
617809,617857
617809,617858
617809,617859
617809,617826
617809,617860
617809,617861
617809,617862
617809,617863
617864,617299
617865,617765
617638,617624
617638,617633
617638,617630
617638,617631
617638,617560
617638,617632
617638,617342
617638,617619
617638,617626
617638,617618
617638,617607
617638,617600
617638,617601
617638,617602
617638,617604
617638,617623
617638,617363
617638,617599
617638,617598
617638,617595
617638,617596
617638,617580
617638,617588
617638,617561
617638,617562
617638,617564
617638,617606
617638,617565
617638,617569
617638,617577
617638,617570
617638,617572
617638,617573
617638,617575
617638,617576
617638,617566
617479,617374
617638,617608
617638,617609
617866,617867
617866,617868
617866,617869
617866,617870
617871,617299
617872,617481
617873,617874
617873,617875
617873,617876
617873,617877
617878,617879
617878,617880
617878,617881
617878,617882
617865,617772
617866,617883
617866,617884
617866,617885
617866,617886
617638,617610
617638,617611
617638,617613
617638,617615
617638,617689
617638,617690
617638,617691
617638,617616
617887,617888
617889,617890
617866,617891
617866,617892
617866,617893
617866,617894
617866,617895
617866,617896
617887,617897
617638,617594
617809,617898
617809,617899
617900,617901
617900,617543
617900,617902
617900,617903
617900,617904
617900,617905
617900,617906
617900,617907
617900,617908
617900,617909
617900,617910
617900,617911
617900,617912
617900,617913
617900,617914
617915,617916
617915,617915
617917,617756
617917,617388
617918,617919
617920,617789
617921,617312
617922,617292
617923,617924
617923,617925
617923,617293
617900,617926
617925,617923
617925,617293
617927,617299
617928,617292
617929,617930
617929,617468
617931,617932
617917,617933
617925,617924
617918,617934
617900,617935
617900,617936
617900,617937
617900,617938
617900,617939
617900,617940
617900,617941
617900,617942
617900,617943
617900,617944
617900,617945
617900,617946
617900,617947
617900,617948
617900,617949
617900,617950
617900,617951
617900,617952
617900,617953
617900,617954
617900,617480
617900,617955
617900,617956
617900,617957
617900,617958
617900,617959
617900,617960
617900,617961
617900,617962
617900,617963
617900,617964
617900,617965
617900,617966
617900,617967
617900,617968
617900,617969
617900,617970
617900,617971
617809,617972
617918,617888
617973,617974
617975,617976
617977,617978
617977,617979
617977,617980
617981,617982
617983,617492
617984,617985
617986,617987
617986,617552
617986,617924
617986,617988
617986,617989
617986,617838
617986,617990
617986,617293
617975,617991
617975,617992
617975,617993
617975,617776
617809,617994
617809,617995
617809,617996
617809,617997
617809,617998
617809,617999
617805,617874
617986,618000
618001,617557
618002,617978
618002,618003
618002,617975
618002,617991
617975,617978
617975,618004
617975,618005
618006,617373
617973,618007
618008,618009
618010,617338
617748,617720
617748,617721
617748,617693
617748,617722
617748,617723
617748,617724
617748,617726
617748,617734
617748,617727
617748,617728
617748,617729
617748,617730
617748,617731
617973,617535
617973,618011
617748,617719
617748,617725
617748,617735
617748,617705
617748,618012
617446,617505
617748,618013
617748,618014
617748,618015
617748,617742
617748,617744
618016,617299
617748,617750
617748,617746
617748,617747
617748,617405
617748,617481
617748,617749
617748,617736
617748,617743
617748,617745
617900,618017
617638,617593
617638,617591
618018,618019
618018,618020
618018,617480
618018,618021
618018,618022
618018,617743
618018,618023
618018,618024
618018,617788
618018,618025
618018,618026
618018,618027
618018,618028
618018,618029
618018,618030
618018,617789
618018,617284
618031,618032
618031,617701
618033,617431
618033,618034
618033,618035
618033,618036
618033,618033
618033,618037
618033,618038
618018,618039
618031,618040
618031,617702
618031,618041
618031,618042
618031,618043
618031,618044
618031,618045
618031,618046
618031,618047
618033,618048
618018,618049
618050,618051
617745,618052
618053,617532
618054,617336
618054,617299
618054,617337
617302,617284
617987,617989
617987,618055
617987,617404
618056,617299
618057,617381
618058,617326
618059,617543
618059,617495
618059,617312
617745,617481
618060,618061
618062,618060
617988,617838
618050,618063
618064,618065
618064,618066
618064,618067
618064,618068
618064,618069
618064,617545
618070,618071
618064,617636
618072,617389
618073,618072
617988,617987
617988,617986
617988,617552
617988,617924
617988,617989
618072,618073
618059,618074
618033,618075
618033,617557
618076,618077
618076,618078
618076,618079
618080,618081
618080,618082
618080,617921
618080,618083
618080,618084
618080,618077
618080,618078
618080,618079
618080,618076
618080,617765
618080,618085
618080,618086
618076,618081
618076,617773
618076,618087
618076,617769
617371,618088
617371,618089
617371,618090
617371,618091
618092,618092
617501,617499
618093,618094
618080,617759
618093,618095
618093,618096
618097,618097
618098,617480
618076,618099
618076,618080
618076,618100
618076,617765
618093,617332
618033,618070
618080,617773
618087,618101
618102,617381
618102,618103
618102,618104
618105,618106
618105,617381
618105,617988
618107,617932
618033,617709
618033,618031
618033,618018
618033,617480
618033,618108
618033,618024
618033,618109
618033,617785
618102,617414
618102,618105
618110,617381
618111,617405
618087,617759
617386,617381
617888,618112
617888,618093
617888,618049
617888,618113
617888,618096
618080,618114
617888,618115
617888,617932
617888,618024
617888,618116
617888,618117
617888,618118
617888,617918
617888,617919
617888,617284
617638,617592
618059,618119
618120,617874
618121,617789
618122,617326
617638,617643
617638,617644
617638,617645
617638,617647
617638,617654
617638,617670
617638,617673
617638,617674
617638,618123
617638,617675
617638,617676
617638,617677
617638,617678
617789,618124
617789,618125
617789,618121
618015,618014
618015,618126
618015,618127
618015,618128
618015,618129
618015,618130
618015,618131
618015,618132
617638,617679
618015,618133
618015,618013
618015,618134
618015,618135
618015,618136
618015,618137
618015,618138
618015,618139
618015,618140
618015,618141
617638,617681
617638,617682
617638,617668
617638,617669
617638,617636
617638,617635
617638,617535
617638,617581
617638,617582
617638,617583
617638,617584
617638,617585
617638,617586
617638,617587
617638,617589
617638,617597
617638,617590
617638,617667
617638,617665
617638,617664
617638,617663
617638,617683
617638,617684
617638,617685
617638,617686
617638,617277
617638,617672
617638,617680
617638,617688
617638,617671
617638,617656
617638,617657
617638,617638
617638,617659
617638,617660
617638,617662
617638,617294
617638,617661
618059,618142
618015,618143
618015,618144
618145,618146
618145,618147
617919,617932
618039,618148
618039,617793
618039,618149
617781,618150
617781,617782
617781,617783
617781,617784
617781,617785
617781,617695
617781,617698
618151,618152
618151,617555
618145,618153
618154,617299
618155,617982
618155,618156
618049,618018
618157,617405
618157,618158
618157,618159
618157,618160
618157,618161
618157,618162
618163,618009
618157,618164
618157,617389
618157,618165
618157,618166
618157,618167
618157,618168
618157,618169
618170,617480
618157,617590
618015,618012
618171,618172
618171,618173
618174,618175
618176,617299
617368,617367
617368,618177
618178,617299
618179,617492
618180,618181
618180,618182
618180,618075
618180,618183
618180,618036
618180,618184
618185,617299
618015,618186
618015,618187
618174,618188
618174,618189
618174,618190
618174,617993
618171,618191
618171,618192
618171,617382
618171,618193
618171,618194
618171,618195
618189,618196
618171,618197
618189,617993
618189,618174
618189,618198
618189,618189
618189,618188
618189,617991
618189,618199
618174,618200
618189,618190
617462,618151
617900,618201
617900,618202
617730,617750
617730,617745
617730,617746
617730,617747
617730,617748
617730,617405
617730,617481
617730,617749
617730,617736
617730,617743
617730,617705
617730,617735
617730,617725
617730,617719
617730,617720
617730,617744
617730,617742
617729,617731
617729,617730
617729,617736
617729,617743
617729,617705
617729,617735
617729,617725
617729,617719
617729,617720
617730,617721
617729,617721
617729,617722
617729,617723
617729,617724
617729,617726
617729,617734
617729,617727
617729,617728
617729,617693
617729,617749
617730,617693
617730,617723
617731,617735
617731,617725
617731,617719
617731,617720
617731,617721
617731,617693
617731,617722
617731,617723
617731,617724
617731,617726
617731,617734
617731,617727
617731,617728
617731,617729
617731,617730
617731,617705
617731,617743
617731,617736
617731,617749
617730,617724
617730,617726
617730,617734
617730,617727
617730,617728
617730,617729
617730,617731
617730,617722
617731,617742
617731,617750
617731,617745
617731,617746
617731,617747
617731,617748
617731,617405
617731,617481
617731,617744
618203,618204
617729,617481
617729,617748
617727,617481
617727,617749
617727,617736
617727,617743
617727,617705
617727,617735
617727,617725
617727,617719
617727,617720
617727,617721
617727,617693
617727,617722
617727,617723
617727,617724
617727,617726
617727,617405
617727,617748
617727,617747
617727,617746
617724,617720
617724,617721
617724,617693
617724,617722
617724,617723
617724,617726
617724,617734
617727,617734
617724,617727
617724,617729
617724,617730
617724,617731
617727,617742
617727,617744
617727,617750
617727,617745
617724,617728
617729,617405
617727,617728
617727,617730
617728,617722
617728,617723
617728,617724
617728,617726
617728,617734
617728,617727
617728,617729
617728,617730
617728,617731
617729,617742
617729,617744
617729,617750
617729,617745
617729,617746
617729,617747
617728,617693
617728,617721
617728,617720
617728,617719
617727,617731
617728,617742
617728,617744
617728,617750
617728,617745
617728,617746
617728,617747
617727,617729
617728,617748
617728,617481
617728,617749
617728,617736
617728,617743
617728,617705
617728,617735
617728,617725
617728,617405
617724,617719
618203,617311
618203,618205
618206,617405
618206,618207
618206,617481
618206,617749
618206,618208
618206,618209
618206,618210
618206,618211
618206,618025
618206,618212
618206,618213
618206,618214
618206,618215
618206,618216
618206,618217
618206,618067
618206,618218
618206,618219
618206,617852
618220,618221
618222,617505
618223,618224
618223,617932
618225,617505
618226,618227
617430,618228
618206,618229
618230,618231
618206,618232
618206,618233
618206,618234
618206,618235
618206,618236
618206,618237
618206,618238
618206,618239
618220,618240
618206,618241
618206,618242
617462,618243
617462,617338
617462,618244
617462,618225
617462,618245
617462,618246
617462,618247
617462,618129
617462,618248
617462,618249
617462,617391
617462,617378
617462,617390
617462,618250
617462,618251
617462,618252
617462,618253
617462,617917
617462,617347
618206,618254
618206,618255
618206,618256
618206,618029
618206,618257
618206,618258
618206,618259
618206,618260
618206,618261
618262,617552
618262,618000
618262,618263
618262,618264
618262,617553
618265,617277
618266,617888
618262,617990
618203,617317
618267,617393
617393,618267
618268,617299
618269,618269
617642,617636
617642,617560
618270,617973
618270,617326
618271,617978
618271,618003
618271,618005
618271,617991
618272,618273
617564,618274
617564,617688
617564,617277
617564,618275
618276,617299
618277,617404
618277,618278
617588,617535
618203,618279
618203,617989
618203,618280
618203,617874
618203,617309
618203,617312
618203,617310
617564,617290
618203,617932
618203,617313
618203,618281
618203,618282
618203,617873
618203,618283
618203,618284
618285,618286
618203,618287
617393,617756
617327,618288
617327,618289
618290,617932
618291,618292
618291,618293
618291,618294
618291,618295
618291,618296
618291,618297
618291,618298
618291,618299
618291,618300
618291,618301
618302,618009
617393,617347
617393,618252
617393,617338
618303,618304
618303,618305
618303,618306
618303,618307
617327,618308
617327,618309
617327,617330
617327,617326
617327,618310
617327,617340
618311,617505
617327,618312
617605,618313
618314,617299
618315,617491
618316,618303
618303,618317
618303,618318
618303,618319
618303,618320
617605,618275
617724,617725
617724,617735
617724,617705
618321,618322
618321,618323
618321,617767
618321,618324
618321,618325
618321,618100
618321,617768
618321,618326
618321,618327
618321,618328
618321,617765
618321,618329
618321,618330
618321,618331
618321,618332
618321,618333
618321,618334
618321,618335
618321,618336
618337,617381
618321,618338
618321,618339
618321,618340
618321,618341
618321,618342
618321,618343
618321,618344
618321,618345
618321,618346
618321,618347
618321,618348
618321,618349
618321,618350
618321,618351
618321,618352
618321,618353
617900,618354
618321,617769
618321,618355
618334,618355
618334,618356
618334,618357
618334,618358
618334,617770
618359,618360
618361,617499
618362,618363
618362,617791
618362,618364
618362,618365
618362,618366
618362,618367
618362,617723
618362,618368
618334,618331
618334,617765
618334,618325
618334,617767
618321,618369
618321,618356
618321,618357
618321,618358
618321,618370
618321,617770
618321,618371
618321,618372
618321,618373
618334,618341
618334,618342
618334,618346
618334,618349
618334,618335
618334,618334
618334,618323
618321,618374
618375,618376
617900,618377
617900,618378
617900,618379
617900,618380
617900,618381
617900,618382
617900,618383
617900,618384
617900,618385
617900,618386
617900,618387
617900,618388
617900,618389
617900,618390
617900,618391
617900,618392
617900,618393
617900,618394
617900,618395
617900,618396
617900,618397
617900,618398
617900,618399
617900,618400
617900,618401
617900,618402
617900,618403
617900,618404
617900,618405
617900,618406
617900,618407
617900,618408
617900,618409
617900,618410
617900,618411
617900,618412
617900,618413
617900,618308
617900,617320
617900,618414
617900,618415
617900,618416
617900,618417
617900,617608
617900,618418
617900,618419
617900,618420
617900,618421
617900,618422
617900,618423
617900,618424
617900,618425
617900,618426
617900,618427
617900,618428
617900,618429
617900,618430
617900,618431
617900,618432
617900,618433
617900,618434
617900,618435
617900,618436
617900,618437
617900,618438
617900,618439
617900,618440
617900,618441
617900,618442
617900,618443
617900,618444
617900,618445
617900,618446
617900,617293
617900,618447
617900,618448
617900,618449
617900,618450
618451,618452
618451,618453
617719,617725
617719,617720
617719,617721
617719,617693
617719,617722
617719,617723
617719,617724
617719,617726
617719,617734
617719,617727
617719,617728
617719,617729
617719,617730
617719,617731
617721,617742
617719,617735
617719,617705
617719,617743
617719,617736
617749,617734
617749,617727
617749,617728
617749,617729
617749,617730
617749,617731
617719,617742
617721,617744
617719,617744
617719,617745
617719,617746
617719,617747
617719,617748
617719,617405
617719,617481
617719,617749
617719,617750
617749,617726
617721,617750
617721,617746
617721,617729
617721,617730
617721,617731
617724,617742
617724,617744
617724,617750
617724,617745
617724,617746
617724,617747
617724,617748
617724,617405
617724,617481
617724,617749
617724,617736
617724,617743
617721,617728
617721,617727
617721,617734
617721,617726
617721,617747
617721,617748
617721,617405
617721,617481
617721,617749
617721,617736
617721,617743
617721,617745
617721,617705
617721,617725
617721,617719
617721,617720
617721,617693
617721,617722
617721,617723
617721,617724
617721,617735
617749,617724
617749,617723
617749,617722
618454,618455
618454,617993
618454,618174
618454,618199
618454,618338
618454,618339
618454,618340
618454,618343
618454,618456
618454,618457
618454,617767
618454,618458
618454,618326
618454,618327
618454,618190
618454,618087
618454,617759
618451,618459
618451,618460
618451,618461
618451,618462
618451,617847
618451,618463
618451,618464
618451,618465
618451,618375
618454,618466
618451,618467
618451,618468
618451,618469
618451,618470
618451,618471
618451,618472
618451,618473
618451,618474
618451,618475
618454,617765
618454,618198
618454,618189
617749,617750
617749,617745
617749,617746
617749,617747
617749,617748
617749,617405
617749,617481
617749,617744
617749,617736
617749,617705
617749,617735
617749,617725
617749,617719
617749,617720
617749,617721
617749,617693
617749,617743
618451,618476
617749,617742
618297,618301
618454,618477
618454,618188
618454,618478
618454,617770
618454,618373
618479,618480
618481,618482
618479,618297
618479,618483
618297,618484
618297,618485
618297,618486
618297,618487
618297,618488
618297,618489
618479,618301
617748,618143
