622282,622283
622282,622284
622282,622285
622282,622286
622282,622287
622282,622288
622282,622289
622282,622290
622282,622291
622282,622292
622282,622293
622282,622294
622282,622295
622282,622296
622282,622297
622282,622298
622282,622299
622282,622300
622282,622301
622282,622302
622282,622303
622282,622304
622282,622305
622282,622306
622282,622307
622282,622308
622282,622309
622282,622310
622282,622311
622282,622312
622282,622313
622282,622314
622282,622315
622282,622316
622282,622317
622282,622318
622282,622319
622282,622320
622282,622321
622282,622322
622282,622323
622282,622324
622282,622325
622282,622326
622282,622327
622282,622328
622282,622329
622282,622330
622282,622331
622282,622332
622282,622333
622282,622334
622282,622335
622282,622336
622282,622337
622282,622338
622282,622339
622282,622340
622282,622341
622282,622342
622282,622343
622282,622344
622282,622345
622282,622346
622282,622347
622282,622348
622282,622349
622282,622350
622282,622351
622282,622352
622282,622353
622282,622354
622282,622355
622282,622356
622282,622357
622282,622358
622282,622359
622282,622360
622361,622362
622282,622363
622288,622364
622288,622365
622288,622366
622288,622367
622368,622369
622368,622370
622368,622371
622299,622372
622368,622373
622368,622374
622368,622375
622368,622376
622368,622377
622368,622378
622368,622379
622368,622380
622368,622381
622368,622382
622331,622365
622332,622299
622282,622383
622384,622385
622384,622299
622384,622386
622361,622371
622361,622387
622361,622388
622332,622389
622361,622361
622361,622390
622361,622391
622361,622392
622361,622393
622394,622395
622394,622396
622332,622384
622361,622397
622368,622398
622368,622399
622368,622400
622282,622401
622282,622402
622282,622403
622282,622404
622282,622405
622282,622406
622282,622407
622282,622408
622282,622409
622282,622410
622282,622411
622282,622412
622282,622413
622282,622368
622282,622414
622282,622415
622282,622416
622282,622417
622282,622418
622282,622419
622368,622420
622368,622421
622368,622422
622368,622423
622368,622424
622368,622425
622368,622426
622368,622427
622368,622288
622368,622428
622368,622429
622368,622430
622368,622431
622368,622432
622368,622433
622368,622434
622368,622435
622282,622436
622282,622394
622437,622438
622282,622439
622368,622440
622441,622442
622443,622444
622445,622446
622447,622448
622447,622437
622447,622449
622437,622450
622447,622451
622447,622452
622447,622453
622447,622454
622447,622455
622447,622456
622447,622457
622447,622458
622447,622459
622447,622460
622437,622461
622462,622463
622282,622464
622282,622465
622282,622466
622282,622467
622282,622468
622282,622469
622282,622470
622471,622472
622473,622474
622473,622475
622473,622476
622473,622477
622462,622478
622462,622479
622462,622480
622462,622473
622473,622481
622282,622482
622447,622483
622447,622484
622448,622485
622448,622486
622448,622487
622448,622488
622448,622489
622448,622490
622448,622491
622448,622492
622448,622493
622448,622494
622448,622450
622448,622495
622448,622496
622437,622497
622437,622447
622437,622449
622448,622498
622447,622499
622448,622460
622448,622500
622447,622501
622447,622502
622447,622503
622447,622504
622447,622438
622447,622505
622447,622506
622448,622449
622447,622507
622447,622461
622447,622508
622447,622509
622447,622510
622447,622490
622448,622511
622448,622447
622447,622491
622282,622512
622282,622513
622282,622514
622282,622515
622282,622516
622282,622517
622282,622518
622282,622519
622282,622520
622282,622521
622282,622522
622282,622523
622282,622524
622282,622525
622282,622526
622282,622527
622282,622361
622282,622528
622282,622529
622282,622530
622282,622531
622282,622532
622282,622533
622282,622534
622282,622535
622282,622536
622282,622537
622282,622538
622282,622539
622282,622540
622282,622382
622282,622541
622282,622542
622282,622543
622282,622544
622282,622545
622282,622546
622282,622547
622282,622548
622282,622549
622282,622550
622282,622551
622282,622552
622282,622553
622282,622554
622282,622555
622282,622556
622282,622557
622282,622384
622282,622558
622282,622559
622282,622560
622282,622561
622282,622562
622282,622563
622282,622564
622282,622565
622282,622566
622282,622567
622282,622568
622282,622569
622282,622570
622282,622571
622282,622572
622282,622573
622282,622377
622282,622574
622282,622575
622282,622576
622282,622577
622282,622578
622282,622579
622282,622580
622282,622581
622282,622582
622282,622583
622282,622584
622282,622585
622282,622586
622282,622587
622282,622588
622368,622589
622590,622591
622368,622592
622593,622594
622593,622595
622593,622596
622593,622597
622593,622598
622593,622599
622593,622600
622593,622601
622593,622602
622593,622603
622593,622604
622593,622605
622593,622606
622593,622607
622593,622608
622593,622609
622593,622610
622593,622611
622593,622612
622593,622613
622593,622614
622593,622615
622593,622616
622593,622617
622593,622618
622593,622619
622620,622411
622620,622621
622620,622622
622623,622624
622623,622625
622623,622385
622623,622299
622623,622372
622623,622626
622623,622332
622593,622627
622623,622533
622623,622628
622623,622384
622629,622630
622631,622365
622631,622632
622593,622633
622593,622634
622593,622635
622593,622636
622593,622637
622623,622638
622593,622639
622593,622640
622593,622641
622593,622642
622593,622643
622593,622644
622593,622645
622593,622646
622593,622647
622593,622648
622593,622649
622593,622650
622593,622651
622593,622652
622593,622653
622593,622654
622593,622655
622593,622656
622657,622658
622657,622659
622660,622446
622661,622662
622661,622663
622661,622664
622661,622665
622593,622666
622593,622667
622593,622668
622593,622669
622593,622670
622593,622671
622593,622672
622593,622673
622593,622674
622593,622675
622593,622676
622593,622677
622593,622678
622593,622679
622593,622680
622593,622681
622593,622682
622593,622683
622593,622684
622593,622685
622593,622593
622593,622686
622593,622687
622593,622688
622593,622689
622593,622690
622593,622691
622620,622692
622693,622602
622693,622694
622693,622695
622696,622697
622696,622698
622696,622699
622696,622700
622696,622701
622696,622702
622696,622703
622696,622704
622696,622705
622696,622706
622696,622707
622696,622696
622696,622708
622696,622709
622696,622710
622696,622711
622696,622712
622696,622713
622696,622714
622696,622715
622696,622716
622696,622717
622696,622718
622696,622719
622696,622720
622696,622721
622722,622723
622722,622724
622722,622725
622722,622352
622722,622726
622722,622727
622722,622361
622722,622580
622722,622728
622722,622374
622722,622282
622722,622560
622722,622729
622722,622513
622722,622730
622722,622451
622722,622512
622722,622731
622732,622733
622732,622734
622696,622735
622696,622736
622696,622737
622696,622738
622661,622739
622696,622740
622696,622741
622397,622392
622397,622630
622742,622411
622743,622744
622703,622745
622703,622746
622703,622696
622703,622747
622703,622709
622703,622711
622397,622362
622703,622748
622703,622749
622750,622361
622751,622752
622753,622754
622753,622755
622753,622756
622753,622757
622753,622758
622753,622644
622753,622759
622703,622760
622397,622393
622476,622761
622476,622762
622696,622763
622696,622764
622696,622765
622696,622766
622696,622749
622727,622393
622727,622362
622727,622392
622727,622391
622727,622390
622727,622397
622727,622361
622727,622388
622727,622387
622727,622371
622767,622768
622769,622770
622771,622772
622773,622752
622761,622774
622761,622462
622761,622630
622476,622473
622696,622775
622661,622776
622661,622777
622661,622778
622779,622780
622781,622781
622782,622752
622783,622784
622785,622786
622785,622365
622785,622787
622788,622789
622789,622788
622395,622790
622779,622791
622395,622395
622711,622703
622711,622696
622711,622709
622792,622793
622792,622610
622792,622746
622792,622794
622792,622795
622792,622796
622792,622709
622395,622797
622779,622798
622632,622364
622632,622799
622796,622796
622796,622709
622796,622800
622796,622801
622796,622748
622796,622792
622796,622647
622802,622803
622802,622478
622802,622804
622802,622632
622805,622806
622805,622802
622805,622804
622805,622807
622808,622472
622809,622810
622809,622734
622811,622811
622812,622813
622632,622814
622632,622815
622632,622365
622792,622800
622796,622795
622792,622801
622792,622647
622426,622816
622426,622817
622426,622818
622426,622819
622426,622820
622426,622821
622426,622822
622426,622823
622426,622824
622426,622564
622426,622825
622426,622311
622426,622826
622426,622361
622426,622552
622426,622827
622426,622828
622426,622829
622830,622472
622831,622442
622832,622487
622833,622446
622426,622834
622426,622835
622426,622836
622426,622837
622838,622633
622838,622793
622838,622839
622838,622705
622838,622709
622838,622711
622838,622683
622838,622840
622838,622715
622838,622841
622838,622792
622842,622843
622426,622426
622426,622844
622426,622845
622426,622744
622426,622390
622426,622846
622426,622847
622426,622848
622426,622849
622426,622850
622426,622851
622792,622748
622722,622852
622796,622794
622796,622610
622853,622854
622853,622855
622853,622801
622853,622748
622853,622856
622853,622857
622858,622859
622858,622860
622858,622861
622858,622857
622853,622862
622858,622853
622863,622487
622863,622485
622863,622864
622863,622865
622866,622867
622477,622485
622477,622487
622477,622862
622868,622869
622868,622870
622863,622352
622853,622871
622853,622446
622853,622858
622661,622872
622661,622873
622661,622874
622661,622875
622661,622876
622661,622877
622661,622878
622661,622879
622661,622880
622661,622881
622661,622882
622661,622883
622661,622884
622661,622885
622661,622886
622661,622887
622661,622888
622661,622889
622661,622890
622661,622891
622892,622659
622853,622893
622853,622894
622868,622895
622796,622746
622868,622857
622868,622896
622868,622897
622868,622864
622868,622898
622868,622862
622868,622478
622868,622899
622868,622894
622868,622900
622868,622901
622868,622902
622868,622871
622903,622492
622392,622388
622904,622905
622906,622442
622907,622908
622909,622910
622909,622449
622909,622447
622911,622487
622912,622388
622796,622793
622903,622913
622868,622914
622868,622915
622868,622916
622868,622442
622868,622917
622868,622918
622868,622919
622868,622920
622868,622921
622868,622922
622868,622923
622868,622924
622868,622925
622868,622926
622868,622927
622868,622928
622868,622929
622868,622930
622868,622931
622868,622932
622868,622933
622868,622446
622868,622934
622868,622935
622868,622868
622868,622492
622868,622936
622937,622938
622722,622939
622722,622940
622941,622942
622941,622517
622941,622943
622941,622944
622941,622945
622941,622946
622941,622947
622941,622948
622941,622949
622941,622341
622941,622523
622941,622950
622941,622951
622941,622360
622941,622952
622941,622953
622941,622954
622955,622956
622957,622446
622958,622959
622958,622960
622958,622961
622941,622941
622958,622962
622941,622963
622941,622964
622965,622966
622965,622967
622965,622968
622965,622969
622965,622970
622971,622446
622972,622630
622972,622973
622974,622446
622975,622487
622941,622976
622396,622395
622977,622978
622979,622980
622981,622982
622981,622983
622981,622984
622981,622985
622981,622986
622941,622987
622941,622816
622941,622988
622396,622394
622958,622989
622990,622902
622990,622991
622992,622993
622992,622994
622992,622995
622992,622996
622992,622997
622992,622998
622992,622999
622992,623000
623001,623002
623003,623004
622992,623005
623003,622492
623006,623007
623006,623008
623009,623010
623009,622857
623009,622442
623009,622917
623009,623011
623009,623012
623009,623013
623009,622924
623006,623014
622510,622490
622510,622447
623015,623016
622990,623017
622990,623018
622990,622478
622990,623019
622990,623020
622990,622918
623021,622709
623021,623021
623022,623023
623024,623025
623026,623027
623026,623028
623026,623029
623026,622804
623026,623030
623026,623031
623026,623016
623032,622446
623015,622805
623015,622804
623015,623010
623015,623033
623015,623034
622965,623035
622965,623036
622965,623037
623038,622388
623039,623040
623039,623041
623042,623043
623044,623045
623046,622446
623047,623048
623049,622744
623050,622362
623051,622391
623052,622392
623039,623053
623054,623055
623054,623056
623054,623057
623054,623058
623054,623059
623054,623060
623054,623061
623054,623062
623054,623063
623054,623064
623054,623065
623054,623066
623039,623067
623039,623068
623039,623042
622590,623069
622590,623070
622590,622446
622590,623071
622590,623072
622590,623073
622590,623074
622590,623075
623076,623077
623078,622791
623079,623079
622747,623080
622747,622709
622747,622703
622747,623081
622747,623082
622747,622746
623083,623084
623083,623085
623083,622487
622368,623086
623039,623087
623039,623088
623054,623089
623009,622925
623054,623090
623054,623091
623054,623092
623054,623093
623054,623094
623054,623095
623054,623096
623054,623097
623054,623098
623054,623099
623054,623100
623054,622444
623054,623101
623054,623102
623054,623103
623104,623105
623106,622418
623107,623108
623107,623109
623107,623110
623107,623111
623112,622798
623113,622744
623114,623115
623054,623116
623054,623117
623054,623118
623054,623119
623054,623120
623054,623121
623054,623122
623054,623123
623054,623124
623054,623125
623054,623126
623054,623127
623054,623128
623054,623129
623054,623130
623054,623131
623054,623054
623054,623132
623054,623133
623054,622443
623054,623134
623054,623135
623054,623136
623054,623137
623054,623138
623054,623139
623054,623140
623054,623141
623009,623142
623009,623143
623009,623144
623145,623146
623147,623148
623149,623150
623149,622523
623151,622472
623152,623153
623154,622443
623155,623156
623155,623157
623158,622790
623145,623159
623160,623161
623162,622734
623163,622472
623164,623165
623166,623167
623168,622446
623169,623000
623170,622802
623170,622804
623171,623172
623171,623173
623174,623175
623145,623176
623145,623177
623145,622680
622481,622473
622481,622462
622481,623178
623179,623180
623181,623180
623181,623179
623181,623182
623183,623184
623183,622393
623183,622362
623183,622392
623183,622391
623183,622388
623183,622630
623185,622472
623186,623187
623186,622659
623145,623188
623145,623189
623145,622745
623145,622855
623145,623190
623145,623191
623171,623192
622481,623193
623194,622798
623194,622365
623195,622487
623195,623196
623195,622930
623195,623197
623195,623198
623195,622446
623195,623199
623195,622485
623195,622868
623195,622915
623195,622927
623195,622871
623195,622898
623195,622862
623195,622478
623195,623200
623195,622479
623195,622894
623195,623201
623202,623203
622722,623204
622722,622410
623195,622897
623195,622925
623195,622923
623195,622920
623194,623205
623194,623206
623194,623207
623194,623208
623194,623209
623210,622460
623211,623212
623213,622442
623213,622932
623213,622853
623099,623214
623195,623215
623195,623216
623195,623217
623195,622895
623195,622857
623195,623218
623195,622936
623195,623219
623195,622896
623195,622803
623195,622917
623195,622918
623194,623220
622722,622368
623221,623222
623221,622479
623223,623224
623223,623225
623223,622825
623223,623226
623223,622846
623223,623227
623228,623229
623178,622481
623178,623193
623178,622473
623223,623230
623178,622462
623231,622768
623232,623111
623233,623234
623233,623235
623233,623236
623233,623237
623233,622393
623233,623238
623233,623239
623233,622362
623240,623241
623223,623242
623223,623243
623223,623244
623009,623245
623009,622492
623009,622871
623009,623246
623009,623247
623009,623248
623009,623222
623223,623249
623223,623250
623223,623251
623223,623252
623223,623253
623223,623254
623223,623041
623223,623255
623223,623256
623223,623257
623223,623258
623223,623259
623223,623260
623223,622744
623223,623261
623223,623068
623233,622905
623221,623262
623233,622733
623233,623260
623263,622772
623264,622487
623265,622788
623266,622798
623266,622415
623266,622365
623266,622799
623266,623267
623266,623268
623266,623269
623067,623270
623266,623271
623266,622500
623266,622563
623266,622632
623272,623260
623273,623000
623221,622352
623221,622487
623221,622485
623221,622864
623221,622865
623266,622379
623067,623179
623067,623180
623067,623274
623233,622392
623233,622391
623233,623275
623233,622543
623233,623276
623233,623184
623233,623277
623233,623278
623233,622388
623233,622976
623233,623279
623233,623225
623233,623280
623233,622825
623233,623226
623233,623281
623233,623282
623233,623265
623233,622630
623233,623283
623284,622327
623285,623286
623067,623287
623233,623183
622937,623288
623039,623226
622937,623289
622450,623290
622450,622447
622450,622364
623291,623292
623291,623293
623291,623294
623291,623295
623296,623297
622442,623009
622442,623298
622450,622500
622442,622906
622442,623299
622442,622919
622442,622924
623299,622442
623300,622744
623301,623302
623301,623303
623206,623304
623206,623305
623206,623205
622442,622931
623206,622487
622450,623306
622450,622491
622852,622442
622852,622288
622852,622799
622852,623307
622852,622546
622852,623308
622852,623309
622852,622377
622852,623310
622852,623311
622450,622495
622852,622584
622852,622374
622852,622827
622852,622451
622852,623312
622852,623313
623129,622443
622450,622509
622450,622496
622450,623314
622450,622448
622852,622375
623206,622827
623206,623315
623206,622352
623316,623317
623316,623318
623316,623319
623316,623320
623316,623306
623316,623321
622864,622352
622864,622487
622864,622863
622864,623221
623317,623322
622864,622485
622864,622479
622864,623222
623323,622870
623323,622509
623323,622724
623323,622487
623323,622485
623323,622871
623323,622864
623323,622862
622864,622865
623324,622836
622836,623325
623326,622630
622733,622732
622834,623301
622834,623327
622834,623328
622834,623329
622834,623330
622834,623331
622834,623206
622834,623332
622834,622327
622834,622905
622834,622834
622834,622733
622834,623333
622834,622837
622834,623043
622834,623334
622834,623335
622834,622847
623336,623297
622630,623337
622630,622761
622630,623326
622852,622724
622852,622319
622852,623338
622852,623339
623340,622798
623340,622365
623340,623341
623340,622791
623340,622364
623340,623220
623340,623342
623340,623343
623340,623344
623340,623345
623346,623347
623340,623348
623349,623340
623349,622583
622950,623350
622950,623351
623352,622367
623352,622365
622746,623353
622746,623354
622746,623222
622746,622700
623349,623355
623346,623356
623346,623357
623346,622460
622460,623358
622460,623359
622460,623360
622460,623361
622460,623362
622460,623363
622460,623364
622460,623365
622460,623366
622460,623357
622460,623356
622460,623367
622460,623347
622460,622489
622460,622511
623346,623358
623346,623359
623346,623360
623346,623368
623346,623361
623346,623364
623346,623365
623346,623366
622746,622857
623323,622913
622746,622855
622746,623369
623282,623184
623282,623277
623282,623278
623282,623370
623282,622388
623282,623279
623282,623280
623282,623281
622457,622447
622456,622447
623282,623276
623311,622659
622827,622426
622827,622834
622827,622361
622827,622552
622451,623371
622852,622418
622852,623372
622852,622409
622852,622368
622852,622366
622827,622311
623282,622391
623282,623239
623282,623238
622746,623373
622746,622853
622746,623374
622746,623375
622746,622648
622746,623376
622746,623377
622746,623378
622746,622610
622746,623082
622746,623379
622746,622703
622746,623380
622746,622709
622746,623381
622746,623382
622746,623383
623282,623235
623282,623384
623282,623236
623282,623237
623282,622393
623282,623385
622746,623386
622460,622842
623323,622478
623323,623387
622479,622487
622479,622485
622479,622463
622479,622473
623388,623389
623390,622500
622365,623391
622365,622364
622365,623338
622365,622331
622479,623392
622365,622375
622365,622367
622791,623393
622791,623394
622791,623395
622791,622780
622791,622365
623396,623397
623396,623398
623396,623399
623396,623400
622365,623401
623396,623402
622479,623403
622479,622761
623404,622487
623209,622734
623209,622494
623209,622487
623209,623404
623209,623084
623405,622494
623405,623406
623405,623162
623405,623407
622479,623408
623405,623293
623409,623410
623409,623411
623409,623412
622724,622487
622479,623413
622479,623193
622479,623414
622479,622871
622479,623404
622479,623415
623409,623405
623396,623416
623396,623417
622870,622862
622487,623404
622487,623209
622487,623418
622487,623215
622487,623419
622487,623420
622487,623421
622487,623422
622487,623423
622418,623424
622487,622494
622418,622626
622418,622732
622418,623425
622418,623426
622418,623427
622418,623428
622418,623429
622418,623430
622411,622391
622411,622388
622937,623431
622418,623432
622487,622479
622487,623206
622487,622724
622870,622485
622870,622509
622870,622864
622870,623323
622870,623433
622870,623434
622870,623435
622870,623436
622870,622934
622870,622484
622870,623419
622870,623437
622870,623438
623423,623215
623423,623419
623423,622487
622487,622863
622487,623217
622487,622952
622487,623439
622487,623440
622487,622911
622487,622832
622494,622734
622924,622446
622924,622919
622924,623299
622709,622793
622709,622794
622709,622795
622709,622796
622709,622800
622709,622801
622709,622748
622709,622792
622709,622647
622709,622610
622709,622711
622709,622746
622709,623379
622709,622703
622709,623380
622709,623381
622709,623382
622709,623441
622709,622840
622709,623442
622709,623443
622840,622633
622709,623082
622709,622696
622709,622709
622709,622736
623323,622918
623323,622446
623323,622503
623020,622870
623020,623387
623020,623444
623020,623445
623020,622491
623020,622918
623020,623446
623020,623447
623020,622864
623020,622447
623020,622865
623020,623323
623448,623449
623448,623450
623448,623451
622804,623452
622881,623453
622388,623183
623454,623455
623454,622388
622840,622700
623323,622479
622840,622701
622840,622704
622840,622707
622921,622478
623456,623456
623457,623458
623457,623459
623460,623043
623461,623002
623462,623463
623462,623389
623464,623465
622840,622709
623464,623466
623467,622752
623468,622299
623469,623470
623469,623471
623469,623472
622798,623473
622798,623474
623475,622798
623476,622772
622924,622442
623477,622443
622840,623478
622840,623082
622840,622699
622840,622705
622840,622706
622840,622696
622840,622718
622840,622708
622840,623479
622840,622711
622840,622712
622840,622713
622840,622714
622840,622715
622840,622716
622840,622717
622840,622738
622840,622740
622840,622775
622840,622741
622840,622669
622840,622763
622840,622764
622840,622646
622840,622765
622840,622766
622840,622702
622460,623480
622834,622850
622460,623481
623482,623483
623482,622921
623482,623446
623482,622855
623482,622724
623482,623218
623482,623484
623482,623020
623482,622857
623482,623485
623482,623486
623482,623487
623482,623188
623482,623387
623482,623488
623482,622870
623482,623217
623482,622923
623482,622928
623482,622487
623482,622864
623482,622871
623482,622914
623482,622916
623482,622485
623482,623199
623482,623489
623482,623490
623482,622934
623482,623491
623482,623492
623482,623493
623482,623447
623482,623198
623482,623494
623482,622930
623482,623196
623482,623215
623482,623495
622900,623496
623495,623497
622855,622745
622855,623189
622855,623188
623498,623000
623498,623419
623499,622804
623499,623500
622855,623190
623499,622898
623499,623501
623499,623502
623499,623503
623499,623504
623505,622446
623506,623146
623506,622801
623499,622803
622855,623507
622855,623191
622855,622680
623495,623159
623495,623145
623495,623508
623495,622709
623495,623509
622916,622478
622916,623510
622916,623511
622916,622724
622916,623314
622916,623215
623199,622487
622855,623146
622855,623159
622855,623176
622855,623145
622855,623177
622900,622857
623506,623512
623482,623513
623482,623514
623515,623516
623515,623314
623517,623146
623517,623518
623517,623519
623517,623520
623517,623521
623515,622442
623522,622744
623523,623524
623523,622463
623523,622462
623523,622473
623523,623342
623523,622480
622790,622494
623525,623526
623515,623527
623515,622932
623515,623528
622931,622915
622931,622868
622931,622930
622931,622927
622931,622925
622931,622924
622931,622920
622931,622896
622931,622869
622871,622862
622871,622446
622871,622930
622871,622896
622871,622895
622871,623529
623515,623530
623515,623311
622790,623531
623482,623532
622790,623533
622790,623534
623344,623343
623344,623340
623344,623342
623344,623220
623344,623535
623344,623536
623482,623537
623344,623345
623482,622902
623482,622900
623482,623538
623482,622894
623482,622899
623482,623539
623482,622479
623482,623502
623482,622901
623343,623540
623343,623541
623343,623542
622790,623543
622790,623544
622790,623545
622790,623546
622790,622395
622790,623162
622790,623209
622790,623547
623548,623549
623343,623344
623343,623550
623343,623551
623343,623552
623343,623340
623343,623535
623343,623553
623343,623554
622790,623555
622931,622898
623506,622800
623506,623556
623557,623558
623557,622491
622503,622484
622503,622451
622503,623323
622503,623557
622503,622447
623557,622507
622503,622864
622503,623559
622503,623558
622503,622491
622503,622870
623560,622748
623560,622800
622460,623561
622503,622438
623557,622450
623557,622505
623557,622503
623292,622487
623292,623562
623563,622446
622505,623557
622505,622447
622505,622503
622505,622450
622505,623558
622505,622491
622505,623564
622505,623565
622505,623566
622505,623567
622505,623568
622505,623569
622505,623570
623557,622447
623560,622610
623292,623571
623560,622793
622610,622648
623572,622659
623572,623573
622659,623574
622659,623575
622659,623576
622659,622659
622659,623577
623578,622870
623579,622867
623580,623580
623581,622768
622768,623581
623582,623262
623582,622473
623583,623583
622937,623584
623579,623579
623578,623387
623578,622509
623578,623585
622610,623586
622610,623587
622610,622709
623588,623333
623589,623043
623578,622484
623578,623590
623578,623323
623578,623591
623578,622501
623578,622447
623578,622504
623578,622438
623578,623592
623578,623593
623578,622461
623578,622508
622610,623594
623506,622680
623595,623292
623596,623597
622495,623314
622495,622496
622495,622509
622495,623598
622495,622864
622495,623306
622495,622491
622495,622448
622495,623387
622495,622478
622495,623599
622495,622473
622495,622798
622495,623600
622364,622632
622364,622365
622495,622479
622495,622450
622495,622500
622495,623290
623506,622784
623506,623601
623506,623602
623506,622793
623506,623603
623506,623509
622784,622680
622784,623604
622784,623605
622784,623606
622784,623506
622784,622784
622784,623190
622784,623603
622784,623607
622495,622364
622495,622447
622364,622814
623595,623608
623314,622916
623314,622442
622492,622898
622486,622492
622486,622490
622488,623609
623173,623192
623173,623172
623172,623192
622492,622478
623172,623610
623172,623611
623172,623612
622807,622804
622807,623613
622807,623614
623615,622813
622813,623616
623172,623617
622492,622804
622511,622494
622511,622309
623394,622791
623394,622780
623618,623391
623618,622365
623391,622365
623619,623405
623619,623620
623619,623621
623619,623622
623619,623623
623619,623624
623619,623625
622511,622460
622511,622489
622511,622384
622511,622533
622511,623626
623314,622928
622931,622862
623560,622709
623627,623628
623097,623629
623097,623630
623097,623631
623097,623632
623097,623633
623097,623634
623097,623635
623097,623636
623097,623637
623097,623638
623639,623640
622816,622827
622816,623641
622816,623642
623010,623016
623010,623034
623010,623033
623010,623015
623097,623643
623643,623097
622931,623644
622931,622894
622931,623500
622931,623504
622931,623485
622931,623645
622931,622895
622931,622857
622931,622936
622931,622442
622931,622917
622931,622918
622931,622919
622931,622474
622931,623414
622931,622923
622931,623515
622931,622932
622931,622871
622931,623646
622931,623528
623010,622804
623010,622805
622898,623010
622901,623647
622460,622501
622460,623648
622460,623649
622460,623650
622460,623114
623146,622793
623627,622709
623627,623479
623606,622680
622367,622365
623348,623340
623146,623651
623146,622801
623146,623512
623146,622800
623146,622680
623146,623556
623146,623506
623146,622784
622460,623652
622931,623216
622460,622802
622460,622490
622901,623653
622901,623654
622901,623655
622901,623656
623250,623223
623250,622523
623146,622696
623146,623606
623146,622840
623146,623509
623146,623603
622460,623657
622460,622843
622460,623658
622460,623659
622460,622484
622460,623660
622460,622784
622460,622455
622460,622447
623146,623601
623146,623602
622460,623661
