627873,627874
627873,627875
627873,627876
627877,627878
627873,627879
627880,627881
627873,627882
627873,627883
627884,627885
627886,627887
627888,627889
627890,627891
627892,627893
627892,627894
627892,627895
627892,627896
627897,627896
627898,627899
627900,627901
627898,627877
627902,627903
627904,627905
627906,627896
627907,627908
627909,627910
627909,627911
627909,627912
627909,627913
627902,627914
627902,627915
627902,627916
627902,627917
627902,627918
627902,627919
627886,627920
627902,627921
627902,627922
627923,627924
627923,627925
627926,627927
627926,627928
627905,627929
627886,627930
627931,627932
627933,627934
627935,627936
627935,627937
627935,627938
627935,627939
627940,627941
627941,627942
627941,627940
627941,627943
627941,627944
627941,627945
627941,627946
627941,627947
627948,627949
627948,627950
627948,627951
627948,627952
627948,627953
627948,627954
627948,627955
627956,627957
627886,627958
627959,627960
627959,627961
627934,627962
627920,627963
627920,627886
627920,627958
627920,627964
627906,627965
627966,627967
627968,627969
627970,627971
627970,627972
627973,627974
627975,627976
627975,627977
627960,627959
627960,627961
627960,627978
627960,627979
627959,627979
627959,627980
627959,627978
627981,627982
627981,627983
627981,627984
627985,627986
627985,627987
627985,627988
627985,627989
627985,627990
627985,627991
627985,627992
627985,627993
627985,627994
627985,627995
627985,627996
627985,627997
627985,627998
627985,627999
627985,628000
628001,628002
628001,628003
628001,628000
628001,627985
627985,628003
628001,627986
627985,628001
628004,628005
628006,627883
628006,628007
628006,628008
628006,628009
628006,628010
628006,627998
628006,627979
628006,628011
627893,627896
627893,627906
627893,628012
627893,628013
627893,628014
627893,628015
628016,628017
628016,628018
628019,628004
628004,628020
628004,628021
628004,628022
627981,628023
628001,627987
627986,628024
628025,628026
628025,628027
628025,628028
628025,628029
628025,627981
628025,628030
628025,628031
628025,628032
628033,628034
628026,628029
628029,628029
627981,628035
627981,628036
627948,628037
627981,628038
627981,628039
627981,628040
627981,628041
627981,628042
628025,628033
627986,628043
627987,627986
627987,628000
627986,628044
627986,628045
627986,628046
627986,628047
627986,628048
627986,628049
627986,628050
627986,628051
627986,628052
627986,628053
627986,628001
627986,628003
627986,628054
627986,628055
627986,628000
627986,627985
627986,627987
627987,628001
627987,628003
627987,627985
627948,628056
627948,628057
627948,628058
628059,628060
628059,628061
628059,628062
628059,628063
628059,628064
628059,628065
628059,628066
628059,628067
628059,628068
628059,628069
628059,628070
628059,628071
628059,628072
628059,628073
628059,628074
628059,628075
628059,628076
628059,628077
628059,628078
628059,628079
628059,628080
628059,628081
628059,628082
628059,628083
628059,628084
628059,628085
628059,628086
628059,628087
628059,628088
628059,628089
628059,628090
628059,628091
628059,628092
628059,628093
628059,628094
628059,628095
628059,628096
628059,628097
628059,628098
628059,628099
628059,628100
628059,628101
628059,628102
628059,628103
628059,628104
628059,628105
628106,628107
628106,627957
628106,627979
628106,628108
628106,628109
628106,628110
628106,628111
628106,628112
628106,628113
628106,628114
628106,628115
628106,628116
628106,628117
628106,628118
628106,628119
628106,628120
628106,628121
628106,628122
628106,628123
628106,628124
628059,628125
628106,628126
628106,628127
628059,628128
628059,628129
628059,628130
628059,628131
628059,628132
628059,628133
628059,628134
628135,628136
628137,628138
628139,628140
628141,628142
628143,628144
628145,628146
628145,628147
628148,628149
628148,628029
628148,627883
628106,628150
628106,628151
628106,628152
628059,628153
628059,628154
628059,628155
627948,628156
627948,628157
627948,628158
627948,628159
627948,628160
627948,628161
627948,628162
627948,628163
627948,628164
627948,628165
627948,628166
627948,628167
627948,628168
627948,628169
628170,627883
628170,628171
628172,628173
628172,628174
628172,628175
627948,628176
628177,628178
627948,628179
627948,628180
627948,628181
627948,628182
627948,628183
627948,628184
627948,628185
627948,628186
628187,628149
627948,628188
627948,628189
627948,628190
627948,628191
627948,628192
627948,628193
627948,628194
627948,628195
627948,628196
627948,628197
627948,628198
627948,628199
627948,628200
628177,628201
627958,627886
628202,628202
628059,628203
628059,628204
628059,628205
628059,628206
628059,628207
628059,628208
628059,628209
628059,628210
628059,628211
628059,628212
628059,628213
628059,628214
628059,628215
628059,628216
628059,628217
628059,628218
628059,628219
628059,628220
628059,628221
628059,628222
628059,628223
628059,628224
628059,628225
628226,628227
628226,628228
628226,628229
628230,628231
628230,628232
628230,628233
628230,628234
628230,628235
628230,628236
627948,628237
628230,628238
628230,628239
628230,628240
628230,628241
628230,628242
628230,628243
628230,628244
628059,628245
628059,628246
628059,628247
628230,628248
628187,628249
628014,628013
628014,628250
628251,628127
628251,628252
628251,628151
628251,628150
628253,628117
628253,627979
628253,628254
628255,628256
628255,627893
628255,628257
628255,627901
628255,628258
628255,628259
628255,628012
628255,628183
628255,628260
628255,628261
628255,628262
628255,628263
628251,628126
628255,627892
628251,628124
628251,628264
628251,628265
628251,628266
628251,628267
628251,628268
628251,628269
628251,628122
628251,628270
628251,628271
628251,628272
628251,628118
628251,628117
628251,628116
628251,628273
628251,628274
628251,628275
628251,628276
628251,628109
628251,627979
628251,628254
628251,628277
628251,628255
628255,628278
628254,628253
628127,627883
628127,628279
628127,628280
628127,627890
628127,628281
628127,628116
628127,628282
628127,628283
628127,628113
628127,627882
628127,628284
628127,628285
628127,628286
628127,628287
628127,627900
628288,628289
628290,628291
628290,628034
628290,627928
628127,627879
627979,628292
628127,628021
628127,628293
628254,628117
628254,627979
628254,628294
628254,628295
628254,628296
628254,628297
628254,628298
628254,628299
628254,628300
628254,628301
628254,628302
628254,628303
628254,628009
628254,628304
628126,628305
628126,628306
628126,628109
628126,627957
628127,628307
628127,628308
628251,628309
628251,628293
628251,628310
627896,628311
628312,628313
628313,628312
628313,628314
628315,628007
628315,627901
628315,628279
628315,628316
628315,628317
628315,628318
628315,628319
628315,627978
628315,627939
628315,628251
628315,628284
628320,628321
628321,628322
628323,628289
628289,628324
627896,628325
628289,628326
627896,628327
627896,628328
628329,628330
628329,628331
628329,628332
628329,628333
628329,628334
628329,628335
628329,628329
628329,628336
628337,628338
628332,628339
628334,628330
628336,628334
628053,628340
628341,627896
627896,627893
627896,628341
627896,627906
627896,628342
627896,628300
627896,628343
628034,628344
628034,628345
628034,628346
627883,628006
627883,627900
627883,627890
627883,628010
627883,628347
627883,628120
627883,628348
627883,628021
627883,628038
627883,628349
627883,628170
628350,628351
628352,628353
628354,628355
628355,628356
628357,628289
628358,628359
628251,628360
628251,628253
627883,628361
627883,628041
627883,628362
627883,628363
628034,627928
628034,628364
628034,628365
628034,628366
628034,628033
628034,628367
628368,627883
628368,628369
627883,628368
627928,627926
627883,628089
627883,628281
627883,628008
627883,628282
627883,628370
627883,627882
627883,628127
627883,627873
627883,627884
627883,628007
627883,628324
628014,628371
627928,628291
627928,628034
628370,628362
628370,628008
628370,628010
628372,628373
628372,628374
628149,628375
628149,628376
628149,628187
628149,628377
628149,628378
628149,628379
628149,628380
628149,628381
628149,628382
628149,628383
628149,628021
628149,628384
628149,628385
628149,627884
628370,628324
628149,628386
628370,627883
628282,628287
628089,627941
628089,628387
628089,628388
628089,628018
628089,628389
628324,627883
628008,627883
628008,628390
628008,628391
628008,628010
628008,628370
628008,628007
628008,628392
628008,628327
628008,628041
628008,627900
628282,628285
628282,627883
628282,628393
628282,628127
628089,628394
628149,628395
628149,628396
628292,628014
628292,628117
628292,627979
628250,628014
628014,627893
628014,628397
628014,628342
628014,628398
628014,628399
628014,628400
628014,628306
628014,628401
628106,628328
628014,628402
628014,628403
628014,628015
628014,628404
628014,628405
628014,628406
628292,628250
628149,628407
628375,628149
628149,628408
628149,628280
628149,628409
628149,628410
628149,628411
628149,628412
628149,628413
628149,628414
628149,628415
628149,628348
628149,628416
628149,628417
628149,628418
628149,627998
628149,628419
628149,628006
628149,628420
628149,628421
628149,628364
628149,628422
628149,628423
628089,627883
628089,628424
628425,628109
628201,628426
628201,628427
628201,628428
628201,628429
628201,628430
628201,628431
628201,628432
628201,628433
628201,628434
628201,628435
628201,628436
628201,628437
628438,628201
627881,628439
627881,628440
627881,628441
627881,628442
627881,628018
627881,628443
628201,628201
628444,628433
628201,628016
628201,628445
627928,628290
627928,628364
628446,628447
628448,628355
628448,628449
628448,628450
628201,628451
628201,628452
628201,628453
628201,628438
628201,628454
628201,628455
628201,628425
628201,628456
628201,628457
628201,628458
628201,628459
628201,628178
628201,628460
628201,628461
628444,628434
628444,628201
628444,628435
628018,627881
628462,628313
628462,628362
628462,628463
628462,628464
628462,628465
628362,628308
628362,627883
628362,628466
628362,628467
628362,628468
628362,628370
628362,628127
628469,628470
628469,628471
628469,628289
628469,628472
628425,628473
628425,628457
628442,628018
628442,628474
628442,627881
628442,628475
628444,628457
628444,628444
628444,628426
628444,628352
628444,628438
628457,628476
628457,628425
628457,628477
628457,628478
627928,628479
628457,627881
628457,628480
628457,628352
628457,628481
628457,628018
628482,628483
628482,628484
628482,628485
628486,628487
628488,628489
628457,628201
628106,628479
628106,628253
628106,628266
628249,628490
628249,628491
628249,628149
628249,628112
628249,627978
628249,628492
628249,628493
628249,628494
628249,628495
628249,628496
628249,628410
628249,628497
628249,628377
628249,628227
628249,627936
628249,628498
628249,627935
628249,627894
628356,628355
628249,628499
628500,628089
628249,628501
628502,628346
628120,628503
628504,628505
628504,628506
628402,628507
628402,628014
628402,628397
628402,628508
628402,628401
628402,628400
628402,627893
628402,628398
628509,627941
628509,628201
628510,628511
628502,628364
628502,627928
628502,628034
628502,628512
628502,628345
628249,628513
628120,628308
628514,628515
628516,628287
628021,628041
628021,628008
628021,628038
628021,628363
628021,627884
628021,627883
628517,628518
628445,628201
628519,628520
628519,628521
628459,628522
628459,628445
628459,628523
628459,628460
628459,628457
628459,628524
628459,628437
628459,628525
628459,628459
628348,628089
628516,628361
628421,628526
628421,628038
628516,628527
628516,628528
628529,627885
628529,628530
628531,628149
628532,628533
628534,628535
628534,628536
628537,628538
628537,628539
628537,628540
628537,628541
628537,628368
628537,628008
628537,628542
628537,627883
628543,628004
628421,627975
628421,628006
628421,628007
628459,628544
628120,627901
628120,628112
628545,628149
628545,628120
628545,628546
628547,628548
628303,628549
628303,627979
628303,628550
628303,628551
628303,628552
628303,628553
628303,628554
628555,628556
628557,627905
628557,628558
628557,628559
628557,628560
628557,628561
628557,628547
628557,627881
628545,628562
628557,628563
628545,628371
628564,628565
628566,628424
628558,627905
628558,628559
628558,628560
628558,628561
628558,628547
628558,627881
628558,628557
628558,628563
628558,628567
628558,628568
628558,628569
628558,628570
628558,628571
628564,628572
628564,628573
628564,628574
628564,628575
628564,628576
628577,627962
628120,628479
628557,628567
628557,628569
628578,628579
628578,628580
628578,628581
628578,628582
628578,628583
628578,628584
628578,628585
628586,627901
628587,628588
628587,628589
628590,628355
628591,628592
628120,628593
628120,627979
628120,628108
628120,628109
628120,628594
628120,628149
628120,628110
628578,628595
628557,628568
628578,628596
628578,628597
628557,628570
628557,628571
628598,628557
628428,628201
628599,627975
628578,628600
628578,628601
628578,628602
628578,628603
628578,628604
628578,628605
628578,628606
628578,628607
628578,628608
628578,628609
628578,628610
628578,628611
628578,628612
628578,628613
628578,628614
628459,628615
628459,628201
628459,628458
628616,628617
628616,628618
628616,628619
628616,628620
628616,628621
628616,628622
628616,628623
628616,628624
628616,628625
628616,628626
628616,628627
628616,627968
628616,628628
628616,628629
628616,628630
628616,628631
628616,628632
628616,628633
628616,628634
628616,628635
628616,628636
628616,628637
628616,628638
628639,628640
628639,628641
628639,628642
628639,628643
628639,628644
628639,628645
628571,627905
628632,628646
628634,628647
628634,628648
628634,628649
628634,628650
628634,628651
628634,628652
628634,627999
628634,628635
628634,628653
628634,628654
628646,628655
628616,628656
628639,628657
628616,628646
628658,628659
627885,628660
627885,628661
627885,628662
627885,628663
627885,628664
627885,628665
627885,628666
627885,628667
627885,628668
627885,628669
627885,628670
627885,628671
627885,628396
627885,628530
627885,628672
627885,627998
628673,628673
628230,628674
628230,628675
627885,628041
628658,628676
627885,628677
627885,628678
628530,627885
628679,627896
627875,627882
627875,627874
627875,627876
627875,627883
627875,627873
627875,627879
627885,628529
627885,628680
627885,628681
627885,628682
627885,627997
627885,628683
627885,628684
627885,628685
627885,628686
627885,628687
627885,628688
627885,628689
628639,628435
628639,628690
628639,628691
628300,627896
628035,628036
628035,627981
628692,628007
628389,627885
628389,628693
628389,628694
628389,628389
628389,628679
628389,628695
628389,628696
628389,628697
628389,628287
628389,628698
628389,628699
628389,628700
628389,628701
628389,627896
628389,628496
628328,627896
628389,628702
628327,628526
628327,628007
628459,628703
628459,628704
628459,628705
628459,628178
628459,628706
628459,628707
628459,628708
628459,628709
628459,628710
628459,628452
628459,628711
628459,628712
628459,628713
628459,628714
628327,628041
628327,627981
628327,628715
628327,628716
628327,628717
628327,628718
628389,628232
628389,628530
628389,627895
628719,627933
628719,628720
628719,628002
628396,628518
628396,628001
628396,628149
628396,627998
628396,628530
628396,628380
628396,627885
628518,627895
628518,628721
628518,628722
628639,628723
628639,627905
628639,628559
628639,628426
628639,628724
628639,628457
628719,628518
628719,628725
628719,628656
628719,628726
628389,628727
628389,627890
628389,628728
628389,628394
628389,628729
628389,628730
628389,628731
628389,628732
628389,628230
628566,628733
628389,628330
628388,628534
628388,628321
628054,628734
628054,628735
627977,627975
628726,628719
628002,628736
628002,628001
628002,628737
628389,628738
628566,628737
628566,628739
628566,628740
628741,628742
628741,628743
628741,628744
628741,628745
628741,628746
628477,628439
628477,628454
628477,628438
628477,628352
628477,628747
628477,628457
628477,628201
628477,627907
628477,628441
628477,628748
628477,628433
628749,628750
628749,628534
628751,628752
628741,628753
628751,628754
628741,628755
628741,628756
628741,628757
628741,628758
628741,628759
628741,628760
628741,628761
628741,628762
628741,628763
628741,628764
628741,628765
628741,628766
628741,628767
628741,628768
628741,628769
628741,628486
628741,628770
628741,628771
628741,628772
628741,628773
628741,628774
628741,628775
628741,628776
628751,628558
628751,628777
628298,627979
628298,628778
628298,628304
628298,628009
628298,628303
628298,628117
628298,628302
628298,628301
628298,628300
628298,628299
628298,628297
628298,628296
628298,628295
628298,628294
628779,627981
628780,628781
628782,628783
628784,628785
628784,628786
628298,628254
628751,628018
628787,628289
628788,627975
628751,628789
628751,628352
628751,628790
628751,628109
628751,627947
628751,628724
628751,628444
628751,628791
628751,628478
628751,628792
628751,628793
628751,628794
628751,628795
628751,628796
628751,628456
628751,628305
628751,628017
628797,628138
628798,628289
628788,628799
628741,628800
628741,628801
628802,628625
628803,628804
628803,628274
628803,628805
628803,628806
628803,628456
628803,628807
628803,628475
628808,628289
628809,628014
628005,628022
628005,628004
628005,628021
628810,628811
628810,628812
628810,628813
628810,628029
628810,628814
628815,628816
628817,628029
628803,628818
628819,628820
628803,628821
628803,628822
628106,628265
628106,628255
628106,628309
628106,628308
628106,628823
628329,628337
628106,628503
628106,628824
628683,627885
628683,628825
628683,627979
628683,628550
628683,628009
628683,628671
628683,628303
628683,628826
628683,628001
628683,628684
628827,628828
628803,628829
628830,628534
628831,628638
628831,628656
628832,628833
628832,628834
628832,628835
628832,628836
628832,628837
628832,628838
628832,628839
628832,628840
628832,628841
628832,628842
628832,628843
628832,628844
628832,628845
628832,628846
628832,628847
628832,628848
628849,628355
628850,628851
628850,628852
628832,628853
628832,628854
628832,628855
628832,628856
628831,628857
628857,628638
628857,628656
628857,628831
628858,628859
628858,628860
628748,628017
628748,628861
628748,628862
628784,628863
628748,627881
628748,628864
628748,628865
628866,628852
628867,627883
628832,628868
628832,628869
628832,628870
628832,628871
628832,628872
628748,628873
628106,628267
628784,628534
628874,628875
628876,627965
628877,627975
628877,628878
628877,628007
628879,628534
628879,628880
628879,628881
628879,628882
628655,628646
628883,628007
628883,627975
628883,628034
628883,628884
628883,628004
628885,628886
628750,628887
628750,628888
628750,628889
628750,628534
628890,628891
628750,628892
628890,628004
628890,628321
628491,628886
628491,627980
628491,628377
628491,628227
628491,628120
628491,627936
628491,628498
628491,628893
628491,627890
628491,627935
628491,627894
628491,627901
628491,628894
628491,628305
628491,628503
628895,628890
628895,628321
628890,628896
628890,628897
628890,628895
628491,628497
628750,628898
627965,627906
628752,628559
628752,628899
628752,627904
628752,628900
628752,628571
628308,628287
628308,628901
628308,628281
628308,628089
628308,627890
628308,628286
628308,627883
628308,628738
628366,628034
628737,628002
628566,628388
628566,628902
628566,628903
628566,628904
628752,627905
627965,628876
628896,628905
628896,628906
628907,628289
628040,628885
628040,628389
628040,627896
628040,628120
628040,628394
628040,627873
628040,628731
628694,628698
628696,628908
628696,628909
627895,628355
628896,628890
628896,628910
628896,628351
628896,628911
628896,628912
628896,628913
628896,628914
628896,628915
628491,628410
628491,628916
628491,628496
628917,628034
628918,628919
628920,628230
628921,628534
628922,628351
628923,628534
628924,628331
628925,628926
628925,628927
628925,628928
628925,628929
628925,628930
628925,628931
628925,628932
628925,628933
628925,628934
628925,628935
628925,628936
628925,628937
628874,628503
628925,628938
628874,628939
628874,628940
628874,627979
628874,628108
628874,628109
628874,628594
628874,628149
628874,628110
628874,628112
628874,628410
628874,628941
628874,628893
628874,628479
628874,628400
628874,628942
628874,628593
628874,627901
628874,628308
628874,628943
628874,628894
628874,628944
628874,628945
628925,628946
628925,628947
628925,628948
628925,628949
628925,628950
628925,628951
628925,628952
628491,628513
628491,628885
628491,628499
628491,627957
628491,628490
628491,628149
628491,628112
628491,627978
628491,628953
628491,628492
628491,628493
628491,628494
628491,628954
628491,628495
628491,628874
628925,628955
628925,628956
628230,628957
628925,628958
628925,628959
628925,628960
628925,628961
628925,628962
628925,628963
628925,628964
628925,628965
628925,628966
628925,628967
628874,628490
628925,628968
628925,628969
628925,628970
628925,628971
628925,628972
628925,628289
628925,628973
628925,628974
628925,628975
628925,628976
628925,628977
628230,628920
628230,628978
628979,628980
628314,628391
628314,628981
628314,628982
628314,628983
628314,628190
628314,628984
628314,628985
628314,628986
628314,628987
628314,628988
628314,628989
628314,628010
628314,628467
628314,628990
628314,628991
628314,628992
628314,628993
628314,628188
628314,628994
628314,628313
628314,628995
628314,628996
628314,628997
628314,628998
628314,628999
628314,629000
628314,629001
628314,629002
628314,629003
628314,629004
628314,629005
628314,629006
628314,628390
628314,628362
628314,628463
628314,629007
628314,629008
628314,629009
629010,628625
629011,629012
629011,629013
629011,629014
629011,629015
629011,629016
629011,629017
629011,628396
629011,629018
629011,629019
629011,629020
629011,629021
629011,628119
629011,629022
629011,629023
629024,628755
628314,629025
629026,629027
629028,627935
628314,629029
628314,628370
628314,629030
628314,628464
628314,629031
628314,628465
628314,629032
628314,629033
628314,629034
628314,629035
628314,629036
628314,629037
628314,627964
628314,629038
628314,629039
629040,628034
629011,629041
628314,627886
628314,629042
628864,628438
629043,628351
629044,629045
629046,628138
629047,628289
629048,628183
629048,629049
629050,628289
629051,627901
629051,629052
629053,629045
629054,629055
629054,629056
629054,629057
629054,629058
628864,629059
629054,629060
628864,629061
628864,628442
629062,628183
629063,628785
629064,629065
629066,628007
629066,628029
629066,628534
629067,629068
629067,629069
629070,628351
629071,629072
629071,629065
628864,628748
628864,628865
628864,628451
628864,627881
628864,628862
628314,628368
629054,629073
629054,629074
628314,629075
628314,629076
628314,629077
628314,629078
628314,629079
628314,628668
628314,629080
628314,629081
628314,629082
628314,629083
628314,628324
628314,629084
628314,629085
628314,629086
628314,629087
628314,629088
629054,629089
628314,629090
628314,629091
629054,629092
629054,629093
629054,628635
629054,629094
629054,629095
629054,629096
629097,628289
629098,628289
627899,627898
629099,629100
629099,627885
629101,629099
629101,629100
629101,627885
628023,627981
628314,629102
629011,629103
629011,629104
629011,629105
629106,628321
629107,627962
629108,627962
629109,628396
629109,628119
629109,629103
629109,628149
629109,628109
629110,629111
629112,627883
629113,629114
629115,628029
629116,629117
629118,628696
629119,629120
629121,629122
629123,628227
629124,629049
629122,629125
629126,629127
629128,628138
629129,629045
629130,629131
629132,628289
629133,629134
629135,627923
629136,628783
629122,629137
629122,628289
629122,629138
629122,629139
629122,629140
629122,629141
629122,629142
629122,629143
629126,629144
629145,628625
629146,629147
629148,629149
629148,629150
629148,629151
629148,629152
629148,629153
629148,629154
629148,629155
629148,629156
629148,629157
629148,629158
629148,629159
629148,629160
629148,629161
629148,628142
629148,629162
629163,629164
629146,628785
629163,627902
629165,627911
629166,627941
629167,628579
629168,628289
629168,629169
629168,629170
629168,629171
629168,629172
629173,628014
629174,627979
629175,629176
629177,629178
629177,629179
629177,629180
629177,629181
629165,627910
629165,627912
629126,629182
629126,629183
629184,629184
629185,629186
629187,628054
629187,629188
629187,629189
629190,629191
629190,628828
629192,628142
629193,628355
629194,628785
629195,628034
629196,628351
628979,629197
628979,629198
628979,629199
628979,628996
629200,628387
628979,628089
629201,628624
629202,627957
629011,629203
629011,629204
629011,629205
629011,628109
629011,629206
629011,629207
629011,627957
629011,629208
629011,629209
629011,629210
629211,628785
629212,628029
629213,629214
629213,629215
629202,629216
629201,628634
628979,629217
628979,629218
628979,629219
629220,629221
629220,629222
629220,629223
629220,629224
629220,629225
629220,629226
629220,629227
629220,629228
629220,629229
629220,629230
629220,629231
629220,629232
629220,629233
629184,629234
629184,629235
629220,629236
629220,629237
629220,629238
629220,629239
628979,629240
628979,629241
629242,629243
629242,627986
629244,627905
629220,629245
629220,629246
629062,628289
629220,629247
629220,629248
629220,629249
629220,629250
629220,629220
629220,629251
629220,629252
629220,629253
629220,629254
629255,628289
629051,629256
629257,629072
628059,629258
628059,629259
628059,629260
628059,629261
628059,629262
628059,629263
628059,629264
628059,629265
628059,629266
628059,629267
628059,629268
628059,629269
628059,629270
628059,629271
628059,629272
628059,629273
628059,629274
628059,629275
628059,629276
628059,629277
628059,629278
628059,629279
628059,629280
629281,628138
628059,629282
628059,629283
628059,629284
628059,629285
629286,628034
628059,629287
629288,629289
629290,628359
629291,628089
629292,628351
629293,627897
629293,628498
629293,629294
629293,627901
629295,628331
628059,629296
629293,627978
628059,629297
628059,629298
628059,629299
628059,629300
628059,629301
628059,629302
628059,629303
628059,629304
628059,629305
628059,629306
628059,629307
628059,629308
