636849,636850
636849,636851
636849,636852
636853,636854
636849,636855
636853,636856
636857,636858
636857,636859
636857,636860
636857,636861
636857,636862
636857,636863
636864,636865
636864,636866
636864,636867
636868,636869
636864,636870
636864,636871
636864,636862
636864,636857
636864,636872
636857,636873
636849,636874
636875,636876
636849,636877
636875,636878
636875,636879
636875,636880
636875,636881
636868,636882
636875,636883
636875,636884
636875,636885
636875,636886
636875,636887
636875,636888
636849,636889
636875,636890
636875,636891
636875,636892
636875,636893
636875,636894
636875,636875
636875,636895
636896,636897
636896,636898
636896,636871
636849,636899
636849,636900
636875,636901
636868,636902
636903,636904
636868,636905
636903,636906
636903,636907
636903,636908
636903,636909
636903,636910
636903,636911
636903,636912
636903,636913
636903,636914
636903,636915
636903,636916
636903,636917
636903,636918
636903,636919
636903,636920
636903,636921
636903,636922
636903,636923
636875,636924
636903,636925
636903,636926
636903,636927
636903,636928
636903,636929
636903,636930
636903,636931
636903,636932
636868,636933
636868,636934
636935,636936
636937,636938
636939,636940
636941,636942
636941,636943
636941,636944
636865,636896
636865,636866
636865,636867
636868,636945
636865,636872
636865,636864
636865,636870
636865,636871
636946,636946
636947,636860
636947,636948
636947,636949
636947,636854
636947,636950
636947,636951
636903,636952
636865,636857
636875,636953
636954,636955
636875,636956
636957,636957
636958,636879
636954,636959
636954,636960
636954,636961
636954,636962
636954,636963
636954,636964
636954,636965
636954,636966
636954,636967
636954,636968
636954,636969
636954,636970
636954,636971
636954,636972
636954,636973
636954,636974
636954,636975
636954,636976
636954,636977
636954,636956
636954,636978
636957,636854
636954,636953
636957,636979
636957,636948
636980,636981
636980,636982
636983,636984
636903,636985
636980,636986
636980,636987
636980,636988
636980,636989
636957,636936
636957,636990
636957,636991
636957,636992
636957,636993
636957,636994
636957,636995
636957,636996
636957,636997
636957,636951
636957,636863
636957,636998
636957,636999
636957,637000
636957,637001
636957,637002
636954,636924
636954,636883
636954,636881
636954,636894
636954,636875
636954,637003
636954,636895
636954,637004
636954,637005
636954,637006
636954,637007
636875,636958
636875,636954
636875,636960
636875,636961
636875,636962
636875,636964
636875,636965
636875,636955
636875,636968
636875,636969
636875,636970
636875,636971
636875,636972
636875,636975
636875,636976
636954,637008
636954,636893
636954,636892
636954,637009
636954,637010
636954,636879
636954,636878
636954,637011
636954,637012
636954,636884
636954,637013
636954,637014
636954,636885
636954,637015
636954,636886
636875,636978
636954,637016
636954,636887
636954,636888
636954,636890
636954,637017
636954,637018
636954,637019
636954,637020
636954,637021
636954,636901
636954,636891
636954,637022
636954,637023
636903,637024
637025,637026
636903,637027
637025,637028
637025,637029
637025,637030
637025,637031
637025,637032
637025,637033
637025,637034
637025,637035
637025,637036
637025,637037
637025,637038
637025,637039
637025,637040
637025,637041
637025,637042
637025,637043
637025,637044
637025,637045
637046,637047
637046,636865
637046,637048
637046,636867
637046,636871
637025,637049
637046,637050
637025,637051
637025,637052
637053,637054
637053,637055
637053,637056
636993,637057
636993,637001
636993,637058
636993,637059
636993,637060
636993,637061
636993,636854
636993,636863
636863,636860
636863,636857
637062,637063
637062,636856
637064,637065
637064,637066
637064,636888
637064,636870
637064,636938
637040,637067
637025,637068
637025,637069
637025,637070
637053,637071
637072,637073
637072,637074
636905,637075
636905,637076
636905,637077
636905,637078
636905,637079
636905,637080
636905,636869
636905,636882
636905,636902
636905,636945
636945,637080
636945,636869
636945,636882
636945,636902
636945,636905
636948,636949
636948,636854
636948,636950
636948,636951
636948,637081
637082,637083
637084,637085
636948,637086
636882,637087
637072,637088
636882,636945
637080,636934
637072,637089
637072,637046
637072,637090
637072,636871
637091,637092
637091,637093
637093,637094
637093,637095
637093,637096
637093,637097
637093,637098
637093,637099
637093,637100
637093,637090
637093,637091
637093,637101
637080,637102
637080,637103
637080,636905
637080,637104
637080,636933
637080,637105
637080,637042
636882,637106
637053,637107
637053,637108
637053,636901
637109,637110
637109,637111
637109,637053
637109,637112
637109,637113
637109,637114
637109,637115
637109,637116
637109,637117
637109,637118
637109,637119
637109,637120
637109,637121
637109,636879
637109,637122
637109,637123
637109,637124
637109,637125
637109,637126
637109,637127
637109,637128
637109,637129
637109,637130
637109,637131
637109,637132
637109,637133
637109,637134
636903,637135
636903,637136
636903,637137
636903,637138
636903,637139
636936,637140
636936,637141
636936,637142
636936,637120
636936,637099
636936,636935
636936,637108
637131,637115
637131,637109
637131,637143
637131,637144
637131,637054
637131,637145
637109,637146
637109,637140
637109,637147
637109,637109
637109,637141
637109,636936
637109,637148
637109,637149
637109,637150
637053,637116
637053,637109
637053,637117
637053,637118
637053,637119
637053,637120
637053,637121
637053,636879
637053,637122
637053,637123
637053,637124
637053,637125
637053,637126
637053,637127
637053,637128
637053,637129
637053,637130
637053,637132
637053,637148
637053,637149
637053,637150
637053,637151
637053,637152
637053,637115
637053,637114
637053,637113
637053,637112
637109,637151
637109,637152
637109,636901
637109,637108
637109,637107
637109,637071
637109,637054
637109,637055
637109,637056
637152,636879
637054,637131
636903,637153
637054,637115
637054,637143
637054,637144
637054,637149
637054,637145
637053,637154
637053,637053
637053,636936
637053,637133
637053,637131
637053,637110
637053,637111
637054,637109
637082,637155
637156,637157
637155,637083
637158,637070
637158,637051
637158,637049
637158,637028
637158,637029
637158,637030
637158,637033
637158,637034
637158,637103
637158,637035
637158,637036
637158,637159
637158,637026
637158,637037
637158,637038
637158,637039
637158,637040
637158,637041
637158,637043
637158,637160
637158,637044
637158,637161
637158,637162
637158,637069
637158,637163
637158,637164
637165,637166
637167,637168
637167,637169
637167,637170
637167,637171
637167,637172
637167,637173
637174,637175
637174,637021
637176,637177
637178,637178
637143,637115
637143,637179
637143,637180
637143,637181
637143,637182
637143,637183
637143,637184
637143,637143
637143,637144
637143,637185
637143,637186
637143,636989
637143,637173
637187,636886
637167,637188
637158,637045
637158,637189
637190,637191
637190,637192
637193,637155
637194,637195
637196,637196
637197,637115
637197,637099
637197,637086
637197,637141
637197,637198
637199,637200
637201,637202
637203,637086
637204,637115
637204,637099
637204,637086
637204,636986
637204,637205
637204,637206
637207,637086
637208,637084
637208,637209
637210,637086
637190,636876
637158,636934
637190,637211
637190,637212
637213,637214
637213,637086
637213,637215
637216,637217
637218,637219
637218,637220
637218,637221
637218,637222
637218,637223
637224,637225
637224,637226
637227,636860
637228,637229
637190,637230
637190,637084
637190,637231
637190,637232
637190,637233
637190,637228
637190,637229
637190,637234
637190,637235
637190,637236
637190,637237
637167,636989
637167,637186
637167,637185
637238,637239
637238,637240
637238,637241
637238,637242
637238,637243
637238,637244
637238,637245
637238,637246
637238,637247
637238,637248
637238,637249
637238,637250
637238,637251
637238,637252
637238,637253
637238,637254
637238,637255
637238,637256
637238,637257
637238,637258
637238,637259
637238,637260
637238,637261
637262,637263
637238,637264
637265,637266
637265,637267
637084,636901
637238,637268
637238,637269
637238,637270
637238,637271
637238,637272
637238,637273
637238,637274
637238,637275
637238,637276
637238,637277
637238,637278
637238,637279
637238,637280
637238,637281
637282,637115
637283,637086
637284,637285
637286,637286
637287,637288
637287,637289
637290,637291
637292,636871
637265,637293
637238,637294
637238,637295
637238,637296
637297,637298
637297,637299
637297,637086
637297,637300
637297,637301
637297,637302
637297,637303
637297,636870
637297,637304
637297,637305
637167,637306
637167,637115
637167,637179
637167,637180
637167,637181
637167,637182
637167,637183
637167,637184
637167,637307
637167,637308
637167,637309
637167,637144
637167,637310
637297,637115
637297,637311
637312,637285
637312,637313
637238,637314
637238,637315
637238,637316
637238,637317
637238,637318
637238,637319
637320,637321
637322,636871
637323,637324
637323,637325
637323,637326
637210,637215
637323,637327
637323,637328
637323,637329
637323,637330
637323,637331
637323,637332
637323,637333
637334,637219
637334,637335
637334,637336
637337,637338
637339,637338
637323,637340
637082,637341
637342,637166
637343,637086
637344,637345
637074,637346
637074,637347
637074,637348
637349,637349
637350,637351
637350,637352
637350,637353
637350,636905
637354,637355
637354,637356
637357,637358
637357,637359
637357,637360
637357,637361
637357,637362
637357,637363
637357,637364
637357,637365
637357,637366
637357,637367
637357,637368
637357,637369
637370,637086
637357,637371
637372,637373
637372,637374
637372,637375
637372,637376
637372,637377
637372,637378
637372,637379
637372,637380
637372,637381
637372,637382
637372,637383
637372,637384
637372,637385
637372,637386
637372,637387
637372,637388
637372,637389
637372,637390
637372,637391
637372,637392
637372,637393
637372,637394
637372,637395
637372,637396
637372,637397
637372,637398
637372,637399
637357,637400
637357,637401
637357,637402
637357,637403
637357,637404
637405,637406
637405,637407
637405,637408
637405,637409
637405,637410
637085,636938
637411,637085
637411,636938
637412,637060
637412,637413
637412,637414
637154,637115
637154,637099
637212,637415
637212,637212
637212,637416
637212,637417
637155,637418
637155,637419
637155,637420
637357,637421
637357,637422
637357,637423
637357,637424
637357,637425
637357,637426
637357,637427
637357,637428
637357,637429
637357,637430
637357,637431
637357,636923
637357,637432
637357,637433
637357,637434
637357,637435
637357,637436
637357,637437
637357,637438
637357,637439
637357,637440
637357,637441
637357,637442
637357,637443
637357,637444
637357,637445
637357,637446
637357,637447
637372,637448
637372,637449
637396,637450
637451,637452
637451,637453
637451,637454
637451,637455
637451,637456
637451,637457
637451,637458
637451,637459
637460,637461
637460,637462
637460,637463
637460,637464
637460,637465
637460,637466
637460,637467
637460,637468
637460,637330
637460,637155
637460,637333
637460,637469
637470,637471
637285,637472
637473,637001
637451,637474
637473,637475
637451,637219
637457,637459
637299,637311
637299,637115
637299,637298
637299,637086
637299,637297
637299,637300
637299,637301
637299,637302
637299,637303
637299,636870
637299,637304
637299,637305
637141,637263
637457,637219
637457,637474
637457,637452
637457,637453
637457,637451
637457,637454
637457,637455
637457,637456
637457,637476
637457,637458
637451,637476
637477,637478
637163,636882
637163,637479
637480,637481
637480,637482
637480,637483
637480,637484
637480,637485
637480,637486
637480,637487
637480,637488
637480,637489
637480,637490
637480,637491
637480,637492
637480,637493
637480,637494
637480,637495
637480,637496
637480,637497
637480,637498
637480,637499
637480,637500
637480,637501
637502,637503
637075,636905
637480,637504
637480,637505
637480,637506
637507,637508
637509,637164
637509,637080
637509,637510
637509,637511
637509,637512
637509,637513
637509,637514
637509,636869
637509,636882
637509,636902
637509,637515
637516,637517
637509,636945
637509,637103
637509,637479
637509,636905
637509,637518
637509,636933
637509,637042
637509,637161
637509,637162
637509,637163
637509,636934
637507,637519
637509,637520
637229,637086
637521,637089
636870,636871
637522,637522
637523,637524
637525,637526
637527,636995
637528,637528
637529,637530
637531,636995
637532,637533
637532,637534
637532,636923
637532,637535
637180,637532
637180,637533
637180,637536
637180,637537
637180,637538
637539,637539
637540,637541
637540,636854
637540,637542
637540,637543
637540,637544
637540,637545
637546,637547
637540,637548
637546,637549
637550,637530
637551,637552
636950,637086
636950,636948
636950,636854
636950,636951
636950,637096
636950,637553
636950,637554
636950,636949
636950,637263
636950,637555
636950,637556
637557,637558
637414,637559
637560,637410
637560,637561
637560,637562
637560,636950
637560,636856
637560,637563
637560,636854
637560,637414
637564,637565
637566,637566
637567,637526
637540,637547
637540,637568
637086,637099
637086,637086
637086,637569
637086,637215
637086,637570
637086,637571
637086,637301
637086,637149
637086,637205
637086,637572
637086,637573
637086,637574
637575,636995
637575,636856
637575,637157
637575,637576
637575,637086
637577,637578
637577,637579
637577,637530
637580,637219
637580,637512
637580,637335
637086,637182
637540,637581
637086,637115
637086,637214
637582,637582
637157,637583
637157,637584
637157,637156
637157,637585
637157,637586
637157,637587
637157,637588
637157,637589
637086,637141
637086,637197
637086,637590
637086,637229
637086,637210
637086,637591
637086,637343
637086,636950
637086,637592
637086,636901
637086,637593
637086,636854
637086,637307
637086,637594
637086,636990
637595,637596
637597,637598
637597,637599
637600,637601
637602,636997
637603,637604
637603,637602
637603,637605
637603,637606
637603,637607
637608,637609
637608,637610
637608,637611
637608,637612
637608,637613
637608,637614
637608,637615
637608,637616
637608,637617
637608,637618
637608,637619
637608,637620
637608,637621
637608,637622
637608,637623
637608,637624
637625,637626
637608,637627
637628,637629
637628,637630
637631,637632
637633,637632
637634,637635
637508,637507
637636,637637
637636,637200
637636,637508
637638,637526
637639,637640
637641,637641
637642,637591
637643,637632
637644,637200
637233,637212
637645,637092
637645,637018
637645,637646
637645,637647
637645,637648
637647,637598
637628,637649
637628,637559
637628,637650
637628,637414
637608,637651
637608,637652
637608,637653
637608,637654
636860,637227
636860,637655
637656,637073
637656,637657
637656,637591
637656,637233
637656,637645
637656,637658
637656,637598
637656,637659
637656,637547
637656,637660
637656,636860
637591,637177
637591,637086
637661,637591
637662,637662
637663,637632
637663,637664
637665,637530
637666,637626
637597,637667
637608,637668
637608,637669
637608,637670
637608,637671
637608,637672
637608,637673
637608,637674
637608,637675
637608,637676
637608,637677
637608,637678
637608,637679
637608,637680
637608,637681
637608,637682
637580,636945
637608,637683
637608,637684
637608,637685
637608,637686
637608,637687
637608,637688
637608,637689
637608,637690
637608,637691
637608,637692
637608,637693
637608,637694
637608,637695
637696,636995
637580,636905
637580,637336
637569,637697
637569,637001
637569,637698
637569,637699
637569,636948
637569,637086
637569,636949
637569,637473
637569,637141
637569,637700
637569,637569
637569,636991
637569,636992
637569,637701
637569,637702
637569,637413
637569,637332
637569,636995
637569,637703
637569,637574
637569,636854
637569,637704
637569,636950
637569,637705
637569,636997
637569,636990
637569,637573
637340,637706
637340,637707
637340,637708
637340,637709
637340,637469
637340,637710
637462,637461
637462,637711
637462,637463
637462,637712
637462,637468
637462,637330
637462,637702
637462,637574
637462,637155
637462,637713
637462,637714
637462,637333
637462,637469
637462,637556
636949,636854
637569,636936
637569,637462
637569,637711
637340,637715
637569,637414
637569,637593
637001,636993
637001,637060
637001,636863
637001,637716
637001,637413
637001,637697
637001,637462
637001,636990
637001,637001
637001,637717
637001,637698
637001,636949
637001,637569
637001,636991
637001,636995
637001,637574
637001,636854
637001,636997
637001,637718
637001,636951
637521,637544
637521,637719
637521,637720
636997,636950
637569,636957
636997,636949
636997,637721
637569,637718
637569,636951
637569,636863
636991,637722
636991,637723
637574,637724
637574,637461
637574,637462
637574,637711
637574,637463
637574,637712
637574,637468
637574,637330
637574,637702
637574,637155
637574,637713
637574,637714
637574,637333
637574,637469
637574,637556
637574,637086
636854,636854
636854,637086
637563,637725
637340,637340
637340,637726
637710,637469
637413,637727
637413,637728
637413,637058
637413,637650
637413,637059
637413,637729
637413,637700
637413,637605
637413,637730
637413,637731
637413,636991
637413,636992
637413,637732
637413,637547
637413,637630
637413,636993
637413,637596
637413,637733
637413,637723
637413,637060
637413,637734
637413,637413
637413,636995
637413,637735
637413,637736
637413,637737
637413,637559
637580,637077
637738,637512
637738,637580
637413,636937
637413,637739
637413,637740
637413,637741
637413,637742
637413,637604
637413,637602
637413,637743
637413,637744
637413,637697
637413,637745
637413,637746
637413,637649
637413,637747
637413,637748
637413,637057
637413,637001
637413,637749
637413,637750
637413,636860
637413,637699
637413,637061
637413,637751
637413,637752
637726,637469
637726,637710
637709,637469
637469,637753
637469,637754
637469,637755
637469,637756
637469,637757
637469,637726
637469,637715
637469,637706
637469,637758
637469,637759
637469,637760
637469,637707
637469,637708
637469,637761
637469,637709
637469,637469
637469,637710
637710,637709
637710,637762
637710,637708
637726,637709
637726,637708
637726,637707
637726,637706
637413,637607
637413,636996
637413,637200
637413,637763
637413,636997
637413,637414
637413,637764
637413,637765
637413,637629
637413,637766
637413,637593
637580,637767
637413,636951
637413,637768
637413,637769
637413,637628
637413,637770
637413,637771
637413,637508
637413,637772
637413,637773
637726,637726
637726,637340
637726,637715
637413,636863
637774,637775
637774,637776
637777,637778
637068,637779
637068,637159
637068,637040
637068,637042
637780,637778
637781,637782
637783,637784
637783,637785
637783,637786
637783,637115
637783,637787
637788,637789
637790,637778
637791,637552
637792,636877
637793,637794
637795,637225
637796,637626
637797,637798
637205,637086
637799,637532
637799,637205
637799,637800
637068,637043
637799,637206
637068,637801
637802,637803
637804,637805
637804,637806
637804,637140
637804,637807
637804,637808
637804,637809
637804,637810
637804,637811
637804,636871
637804,637812
637804,637813
637804,637814
637804,637815
637804,637816
637804,637817
637804,637818
637802,637225
637802,637335
637802,637819
637802,637820
637802,637515
637802,637767
637802,637821
637068,637225
637052,637042
637822,637598
637823,637824
636879,636971
636879,636878
636879,636885
636879,636886
636879,636888
636879,636901
636886,637187
636886,637825
636886,636879
636888,636964
636888,636971
636888,636879
636888,636886
636888,636901
636888,636938
636901,637084
636901,637177
636901,637591
636901,637086
636901,637215
636901,637826
636901,636938
636901,636964
636879,636955
637417,637416
636879,636964
636879,636894
637823,637827
637828,637829
637828,637830
637831,637832
636955,636879
636971,636976
636971,636883
636971,636884
636971,636887
636971,637019
636971,637021
636971,636892
636879,637833
636879,637109
636879,637132
636879,636958
636879,637591
636879,637111
636879,637021
636879,636965
636879,636968
636879,636970
636879,637008
636879,637834
637052,637189
637052,637045
637052,637835
636940,637468
636940,637330
636940,637836
636940,637460
636940,637470
636940,637713
637837,636940
637593,637001
637593,637086
637838,637263
637594,637786
637594,637115
637594,637787
637214,637215
637214,637839
637214,637086
637099,637115
637099,637086
637099,637197
637099,636936
637099,637299
637099,637141
637099,636901
636940,637461
637215,637086
637840,636938
637840,636870
636870,637411
636870,637841
636870,637085
636870,637086
636870,637065
636870,637066
636870,637064
636870,636938
636938,637411
636938,637085
636938,637066
636938,636870
636938,637215
636938,636937
637840,637001
637840,637718
637840,637084
637840,637177
637840,637591
637840,637229
637840,637826
637840,637842
637840,637843
637840,637844
637215,637839
637215,636938
637573,636854
637052,637029
637052,637030
637052,637845
637052,637033
637052,637034
637052,637846
637052,637035
637052,637847
637052,637036
637052,637159
637052,637026
637052,637037
637052,637038
637052,637039
637052,637040
637052,637041
637052,637848
637052,637849
637052,637850
637052,637043
637052,637044
637052,637851
637052,637852
637052,637028
637052,637049
637052,637051
637052,637070
637573,637086
637853,637086
637854,637855
637856,637857
637858,637219
637858,637845
637858,637859
637860,637861
637860,637225
637860,637474
637860,637452
636901,636955
637860,637862
637860,637858
637860,637845
637860,637863
637860,637859
637860,637864
637860,637850
637860,637865
637052,637866
637052,637867
637052,637068
637052,637069
637860,637868
636901,636971
636901,636879
636901,636878
637159,637067
637159,637869
637159,637870
637159,637871
637159,637872
637159,637873
637159,637874
637159,637875
637159,637876
637159,637877
637159,637878
637159,637879
637159,637880
637159,637045
637159,637881
637159,637882
637042,637883
637042,637224
637042,637052
637042,637068
637884,637658
637885,637886
637885,637159
637159,637044
637885,637459
637159,637043
637159,637887
637159,637888
637159,637889
637159,637036
637159,637159
637159,637026
637159,637037
637159,637038
637159,637890
637159,637891
637159,637039
637159,637040
637159,637892
637159,637893
637159,637894
637159,637041
637159,637895
637159,637896
637159,637897
637159,637898
637159,637899
637159,637900
637159,637901
637159,637042
637159,637902
637885,637903
637885,637042
637885,637904
637905,637906
637905,637907
637905,637908
637177,637591
637909,637177
637910,637591
637911,637778
637115,637169
637115,637215
637115,637282
637115,637787
637115,637912
637115,636987
637115,637167
637115,637099
637115,637141
637115,637197
637115,637184
637115,637302
637115,637535
637115,637839
637115,637086
637913,637115
637905,637515
637905,637914
637905,637510
637907,637915
637588,637345
637916,637565
637916,637591
637917,637077
637918,636876
637919,637632
637920,637591
637921,636860
637515,637510
637515,637225
637515,637515
637159,637922
637515,637923
637515,637924
637515,637925
637907,637068
637907,637532
637907,637225
637907,637474
637907,637453
637907,637845
637907,637515
637907,637800
637907,637850
637515,637907
636870,636865
637159,637926
637159,637927
637159,637928
637159,637929
637159,637930
637159,637931
637159,637932
637159,637933
637159,637934
637159,637935
637159,637936
637159,637937
637159,637938
637159,637939
637159,637940
637159,637941
637159,637942
637159,637943
637159,637944
637159,637945
637159,637946
637159,637947
637159,637948
637159,637949
637159,637950
637159,637951
637159,637952
637159,637953
637159,637954
636901,636885
636901,636886
636901,636888
636908,637182
637182,637086
637182,637572
637182,636908
637843,637086
637955,637956
637955,637957
637958,637959
637535,637115
637159,637960
637159,637961
637159,637962
637159,637963
637159,637964
637159,637965
637159,637966
637159,637967
637159,637968
637159,637969
637159,637970
637159,637971
637159,637972
637159,637973
637159,637974
637159,637030
637159,637975
637159,637976
637159,637977
637159,637978
637159,637979
637159,637980
637159,637981
637159,637982
637159,637983
637159,637984
637159,637033
637159,637985
637159,637034
637159,637986
637159,637987
637159,637988
637159,637989
637159,637990
637159,637991
637159,637035
637159,637992
637159,637993
637159,637994
637159,637995
637159,637029
637159,637996
637159,637997
637159,637998
637159,637999
637159,638000
637159,638001
637159,638002
637159,638003
637159,638004
637159,638005
637159,637068
637159,637069
637159,638006
637159,638007
637159,638008
637159,638009
637159,637070
637159,637051
637159,637049
637159,638010
637159,637886
637159,638011
637159,638012
637159,638013
637159,637028
637159,637052
637357,638014
