646785,646786
646787,646788
646787,646789
646790,646791
646790,646792
646790,646793
646790,646794
646790,646795
646790,646796
646790,646797
646790,646798
646790,646799
646790,646800
646790,646801
646790,646802
646790,646803
646790,646804
646790,646805
646790,646806
646790,646807
646790,646808
646790,646809
646790,646787
646787,646810
646790,646811
646790,646812
646790,646813
646790,646814
646790,646815
646790,646816
646790,646817
646790,646818
646790,646819
646787,646820
646787,646821
646822,646823
646787,646791
646787,646792
646787,646793
646787,646794
646787,646795
646787,646796
646787,646797
646787,646798
646787,646799
646787,646800
646787,646801
646787,646802
646787,646803
646787,646804
646787,646817
646787,646816
646787,646819
646787,646805
646787,646806
646787,646807
646787,646824
646787,646790
646787,646825
646787,646808
646787,646811
646787,646818
646787,646812
646787,646813
646787,646814
646787,646815
646787,646809
646790,646821
646790,646825
646790,646820
646826,646827
646826,646828
646826,646829
646826,646830
646826,646831
646826,646832
646826,646833
646826,646834
646826,646835
646836,646837
646838,646839
646840,646841
646840,646842
646840,646843
646840,646844
646845,646846
646845,646847
646845,646848
646845,646849
646845,646850
646845,646851
646845,646852
646845,646853
646826,646854
646845,646855
646845,646856
646845,646857
646845,646858
646845,646859
646845,646860
646845,646861
646845,646862
646829,646835
646829,646834
646829,646833
646863,646864
646863,646865
646863,646866
646867,646823
646868,646869
646868,646870
646871,646872
646873,646872
646874,646875
646876,646823
646877,646878
646790,646789
646790,646788
646790,646810
646879,646880
646881,646882
646883,646884
646885,646886
646829,646832
646829,646826
646829,646831
646829,646830
646829,646828
646829,646827
646887,646888
646829,646854
646885,646889
646885,646890
646885,646891
646885,646887
646885,646892
646885,646893
646894,646895
646845,646896
646897,646898
646897,646899
646900,646900
646900,646901
646900,646902
646900,646903
646900,646904
646900,646905
646900,646906
646900,646907
646900,646908
646909,646910
646911,646912
646911,646834
646911,646913
646911,646872
646914,646804
646915,646916
646917,646918
646919,646920
646919,646921
646919,646922
646919,646923
646919,646823
646924,646925
646900,646926
646927,646864
646927,646866
646927,646928
646927,646929
646930,646927
646930,646866
646931,646932
646927,646930
646933,646934
646900,646935
646900,646936
646937,646938
646939,646940
646939,646941
646938,646937
646938,646940
646942,646943
646942,646944
646945,646946
646945,646913
646947,646948
646947,646949
646900,646950
646900,646951
646900,646952
646900,646953
646900,646948
646900,646954
646900,646955
646900,646956
646900,646957
646900,646958
646900,646959
646900,646960
646900,646949
646900,646961
646900,646962
646900,646963
646900,646964
646900,646947
646900,646965
646900,646966
646900,646967
646897,646968
646897,646969
646897,646970
646897,646955
646897,646933
646897,646971
646897,646972
646897,646973
646897,646974
646897,646975
646897,646976
646897,646977
646897,646978
646897,646979
646897,646980
646897,646981
646897,646982
646897,646983
646897,646984
646897,646985
646897,646986
646897,646987
646897,646907
646897,646905
646897,646988
646897,646989
646897,646990
646897,646991
646897,646992
646897,646993
646897,646994
646897,646995
646897,646996
646897,646997
646897,646998
646897,646999
646897,647000
646897,647001
646897,647002
646897,646919
646897,647003
646897,647004
646897,647005
646897,647006
646897,646870
646897,647007
646897,647008
646897,647009
646897,647010
646897,647011
646897,647012
646897,647013
646897,647014
646897,647015
646897,647016
646897,646922
646897,646957
646897,647017
646897,646872
646897,647018
646897,647019
646897,647020
646897,647021
646897,647022
646897,646918
646897,647023
646897,647024
646897,647025
646897,647026
646897,646865
646897,647027
646845,647028
646845,647029
646845,647030
647031,646918
647032,646940
647032,647033
647034,647035
647036,647037
647036,647038
647036,647039
647036,647040
647036,647041
647036,647042
647036,647043
647044,647045
647044,646839
647044,647046
647044,646838
647044,647047
646839,647044
647048,647049
647050,647051
647052,646941
647052,647053
647052,647054
647052,647055
647056,647057
647052,647058
647059,647035
647060,647035
647047,646834
647047,646839
647047,647044
647047,647046
647061,646804
647062,647035
647056,647063
647064,647065
647066,647067
647066,647068
647066,647069
647066,647070
647066,647071
647066,647072
647066,647073
647066,647074
647066,647075
647066,647076
647066,647077
647066,647078
647066,647079
647066,647080
647066,647081
647066,647082
647066,647083
647064,646875
647084,647024
647085,647086
647085,647087
647088,647089
647090,647063
647056,647091
647092,647093
647094,647063
647066,646944
647066,646896
647066,647095
647066,646910
647066,646913
647092,647049
646831,646835
646831,646888
646831,646832
647096,646959
647096,647097
647096,647035
647096,647098
647096,647099
647096,647100
647096,647101
647096,647102
647096,647103
647096,647104
647096,647105
647096,647106
647096,647107
647096,647108
647096,647109
647096,647110
647096,647111
647112,647113
647112,647114
647112,647115
647112,647116
647117,647118
647117,647119
647096,647120
647121,647122
647096,647123
647096,647124
647096,647125
647096,647126
647096,647127
647096,647128
647096,647129
647096,647130
647096,647131
647096,647132
646875,647133
646875,647134
646875,646874
646875,647135
646875,647136
646875,647137
646875,647138
647139,647024
647140,647141
647142,647142
647142,647143
647144,647145
647144,647035
647146,647049
647147,647147
647066,647148
646875,647149
647150,647150
647096,647151
647096,647152
647096,646827
647096,646948
647096,647153
647096,647154
646875,647155
647096,647156
647096,647157
647096,647158
647096,647159
647096,647160
647157,647035
647157,647161
647096,647162
646937,647163
647066,647164
647066,647165
646896,647166
646896,647167
646896,647168
646896,647169
646896,647170
646896,647171
646896,647172
646896,646847
646896,646861
646896,647173
646896,647174
646896,647175
646896,647176
646896,646860
646896,647177
646896,647178
646896,647179
646896,647180
646896,647181
646896,647182
646896,647183
646896,647184
646896,647185
646896,647186
646896,647187
646896,647188
646896,646942
646896,647189
646896,647190
646896,647191
646896,647192
646896,647193
646896,647194
646896,647195
646896,647196
646845,647197
646845,647198
646845,647199
646845,647200
646845,647201
646845,646944
646845,647202
646845,647203
646845,647204
646845,647205
646845,647206
646896,647207
646896,647208
646896,647209
646896,647210
646896,647211
646896,647212
646896,647213
646896,646846
646896,647214
646896,647215
646896,647216
646896,647217
646896,647218
646896,647219
646896,647220
646896,647221
646896,647222
646896,647223
646896,647224
646896,647225
646896,647226
646896,647227
646896,646845
646896,647228
647066,647229
647066,647230
647066,647231
647066,647232
647066,647233
647066,647234
647066,647235
647066,647236
647066,647237
647066,647238
647066,647239
647066,647240
647066,647241
647066,647242
647066,647243
647066,647244
647066,647245
647066,647246
647066,647247
647066,647248
647066,647249
647066,646943
647066,647250
647066,647251
647066,647252
647066,647253
647066,647254
647066,647255
647066,647256
647066,647257
647066,647258
647066,647259
647066,647260
647066,647261
647066,647262
646896,647263
646896,647264
646896,647265
646896,647266
646896,647267
646896,647268
646896,647200
646896,647269
646896,647270
646896,646896
646896,647271
646896,647272
646896,647273
646896,647274
646896,647275
647066,647276
646896,647277
646896,647077
647066,647278
647066,647279
646896,646944
646896,647256
646896,647280
646896,647281
646896,647282
646896,647283
646896,647284
646896,647285
646896,647286
646896,647287
646896,647288
646896,647289
646896,647290
647112,647291
647292,647293
647294,647295
647296,647117
647297,647035
647298,646866
647298,646930
647298,647046
647298,646863
647299,647300
647299,647301
647299,647302
647299,647303
647299,647304
647299,647305
647299,647306
647299,647307
647299,647308
647299,647309
647299,647310
647299,647311
647299,647312
647299,646884
647299,647313
647299,647314
647299,647315
647316,646925
647299,647317
647299,647318
647299,647319
647299,647320
647299,647321
647299,647322
647299,647323
647299,647324
647299,647325
647326,646869
647327,647087
647328,647329
647328,647330
647328,646941
647328,647331
647328,647332
647328,647333
647328,647334
647335,646842
647335,646843
647335,646844
647336,647337
647336,647338
647336,647339
647336,647340
647336,647341
647336,647342
647336,647343
647327,647085
647344,647345
647344,647346
647347,647348
647347,646839
647336,647349
647350,647351
647336,647352
647336,647353
647336,647354
647336,647355
647336,647356
647336,647357
647336,646918
647336,647358
647299,647359
647299,647360
647299,647361
647362,646944
647362,647363
647362,647364
647362,647365
647362,647366
647367,647368
647367,647049
647367,647369
647370,646948
647371,646872
647372,647368
647372,647049
647372,647369
647373,646866
647374,647375
647376,647033
647377,647377
647378,647379
647380,647381
647380,646933
647380,647382
647380,647383
647380,647384
647362,647385
647380,647386
647380,647387
647380,647388
647380,647389
647390,646872
647391,647392
647391,647393
647380,647394
647362,647395
647362,647396
647362,647397
647299,647398
647299,647399
647299,647400
647299,647401
647299,647402
647299,647403
647299,647404
647299,647405
647299,647406
647299,647407
647299,647408
647299,647409
647299,647410
647299,647411
647299,647412
647328,647413
647299,647414
647362,646859
647362,647415
647362,647416
647362,647417
647362,647418
647362,647419
647362,647420
647362,647421
647362,647422
647362,647423
647362,647424
647362,647425
647362,647426
647362,647427
647362,647428
647362,647429
647378,646875
647328,647430
647328,647431
647432,647433
647432,647434
647432,647435
647432,646948
647432,647436
647432,647437
647432,647438
647432,647439
647432,647440
647432,647441
647432,647442
647432,647443
647432,647444
647432,647445
647432,647446
647432,647447
647432,647448
647449,647450
647449,647451
647449,646874
647449,647452
647449,647453
647449,646875
647432,647454
647449,647455
647456,647457
647458,647459
647460,646941
647461,647462
647432,647463
647432,647464
647449,647465
647449,647466
647432,647467
647468,647469
647470,646869
647471,647472
647471,647473
647474,647475
647476,647477
647476,647478
647476,646823
647476,647479
647476,647480
647476,647481
647476,647482
647476,647483
647476,647484
647476,647026
647476,647025
647476,647485
647476,647486
647487,646944
647487,647488
647487,647489
647487,647122
647487,647459
647490,646913
647491,647024
647492,647033
647476,646995
647476,647493
647476,647001
647476,647494
647476,647495
647476,647496
647497,647498
647449,647499
647449,647500
647449,647501
647502,647502
647502,647503
647502,647504
647502,647505
647502,646988
647502,647506
647502,647507
647508,647509
647508,647510
647508,647511
647508,647512
647508,647513
647508,647514
647508,647515
647508,647516
647508,646896
647508,647517
647328,647518
647328,647519
647328,647520
647328,647521
647328,647522
647328,647523
647502,647524
647525,647459
647508,647526
647508,647527
647508,647528
647508,647529
647508,647530
647508,647531
647508,647532
647502,647533
647502,646919
647502,647534
647535,647520
647535,647536
647535,647537
647538,647466
647538,647453
647538,646875
647535,647539
647538,647135
647449,647540
647449,647541
647449,647542
647449,647543
647449,647544
647449,647545
647449,647546
647328,647547
647535,647105
647548,647117
647502,646823
647502,647549
647502,647550
647502,647551
647502,647116
647552,647553
647535,647554
647555,646878
647556,647557
647556,646878
647556,647556
647558,647033
647559,647560
647561,647562
647555,647556
647294,647563
647378,647065
647378,647564
647565,647459
647566,647567
647567,647566
647568,647569
647568,646968
647568,647570
647568,647537
647568,647394
647568,647094
647568,647571
647568,647572
647568,647063
647568,646930
647568,647573
647568,647574
647568,647381
647568,647575
647570,647571
647570,647094
647570,647394
647570,647537
647570,646968
647570,647569
647576,646982
647570,647539
647570,647577
647570,647126
647570,647578
647570,647387
647570,647579
647568,646903
647570,647580
647570,647572
647576,647581
647576,647582
647583,647584
647583,647049
647583,647585
647586,647160
647587,647394
647587,647588
647587,647589
647587,647573
647590,647591
647592,647593
647592,647594
647594,647593
647594,647592
647595,647596
647595,647597
647595,646925
647598,647598
647576,647599
647576,647600
647576,647601
647576,647050
647576,646888
647576,647523
647576,646831
647597,647407
647602,646875
647603,646866
647604,647605
647604,647606
647604,647607
647604,647608
647609,646878
647570,647063
647570,646930
647570,647610
647591,647611
647294,647612
647294,647613
647294,647614
647294,647615
647294,647616
647294,647617
647294,647618
647294,647619
647294,647620
647294,647621
647294,647622
647294,647623
647294,647624
647294,647625
647294,647626
647294,647627
647294,647628
647294,647049
647294,647629
647294,647630
647294,647631
647294,647632
647591,647633
647294,647634
647294,647635
647294,647636
647294,647637
647294,647294
647294,647638
647294,647639
647294,647640
647611,647591
647641,647593
647205,647288
647537,647573
647537,647570
647537,647571
647642,647643
647644,647644
647645,647645
647573,647646
647647,646823
647570,647575
647570,647381
647570,647574
647570,647573
647570,647568
647570,647648
647570,646903
647583,647649
647650,647569
647650,647537
647651,646872
647651,647652
647653,647024
647654,647655
647656,647459
647650,647657
647650,646968
647650,647381
647650,647383
647650,647094
647650,647658
647650,647659
647650,646870
647650,647660
647650,647573
647378,647661
647662,647663
647662,647593
647664,647665
647664,647666
647664,647667
647664,647668
647664,647669
647664,647371
647664,647670
647664,647009
647664,647671
647664,647672
647664,647673
647664,647005
647664,647674
647664,647675
647664,647676
647664,647677
647664,647678
647669,647679
647669,647666
647669,647680
647664,647681
647664,647682
647664,647683
647664,647684
647664,647685
647664,646872
647664,647686
647664,647687
647664,647688
647664,647689
647664,647690
647664,647691
647669,646872
647664,647692
647693,647694
647378,647695
647378,647696
647697,647008
647697,647698
647697,647393
647697,647410
647697,646982
647699,647369
647700,646948
647700,646966
647700,646959
647700,646958
647700,646903
647700,646906
647700,646907
647701,647701
647702,646940
647693,647703
647693,647704
647705,646925
647706,647369
647706,647049
647706,647707
647693,647708
647706,647368
647709,647710
647709,647711
647709,647697
647712,647713
647712,646866
647714,647593
647709,647715
647669,647716
647669,647717
647669,647718
647719,647720
647719,647721
647719,647722
647719,647723
647719,647724
647719,647725
647719,647726
647719,647727
647719,647728
647719,647729
647719,647730
647719,647731
647719,647732
647719,647710
647719,647694
647719,647733
647719,647734
647662,647735
647736,647737
647736,647035
647736,647034
647735,647035
647719,647738
647719,647739
647719,647740
647719,647741
647719,647742
647719,647743
647719,647744
647719,647745
647719,647746
647719,647747
647719,647748
647719,647749
647719,647750
647719,647751
647719,647752
647719,647753
647719,647754
647719,647755
647719,647756
647719,647757
647719,647758
647719,647759
647719,647760
647719,647761
647719,647762
647719,647763
647669,647664
647719,647764
647662,647035
647719,647765
647719,647766
647719,647767
647719,647768
647719,647769
647719,647770
647719,647771
647719,647772
647719,647773
647719,647774
647719,647775
647719,647776
647719,647777
647719,647778
647719,647779
647719,647780
647719,647781
647112,646828
646896,647782
647112,647783
647024,647784
646985,647024
647785,647033
647785,647562
647786,647787
647786,647788
647657,647786
647386,647789
647386,647386
647386,647790
647386,647791
647386,647792
647386,647793
647386,647786
647386,647657
647386,647788
646866,646927
646956,646949
646956,646948
647794,647035
647794,647127
647794,647795
647794,647593
647024,646955
647794,647161
647796,647797
647796,646966
647796,647160
647798,647035
647799,646866
646866,646930
647796,647127
646956,647800
647024,647392
647024,647139
647801,647786
647802,647803
647369,647804
647805,647369
646872,647806
646872,647390
646872,646873
646872,646871
646872,647651
646872,647807
646872,647690
647807,646872
646823,647647
646823,646867
646823,647808
647809,647024
647810,647810
647024,647811
647024,646985
647024,647001
647024,647812
647024,647813
647024,646907
647024,646957
647024,647814
647815,647816
647817,647818
647817,647819
647817,647820
647821,647822
647821,646804
647823,646918
646956,647824
646956,647825
646956,647826
646956,647827
646956,647828
646956,647829
646956,647830
646956,647831
646956,647832
646956,647833
646956,647834
646956,647835
646956,647836
646956,647794
646956,647837
646956,647838
646956,647839
646956,647840
646956,647841
646956,647842
646956,647152
646956,647843
646956,647844
646956,647845
646956,647846
646956,647847
646956,647848
646956,647849
646956,647850
646956,647851
646956,647852
646956,647853
646956,647854
646956,647855
646956,647856
646956,647857
646956,647858
646956,647735
646956,647859
646956,647798
646956,647860
646956,647861
646956,647862
646956,647863
646956,647864
646956,647865
646956,647866
646956,647867
646956,647868
646956,647869
646956,647870
646956,647871
646956,647872
647873,647874
646956,647875
646956,647876
646956,647877
646956,647878
646956,646952
646956,647796
646956,647879
646956,647880
646956,647881
646956,647882
646956,647883
646956,647884
646956,647885
646956,647886
646956,647887
646956,646785
646956,647888
646956,647889
647873,647890
647873,647891
647655,646875
647655,647892
647655,646874
647655,647893
647655,647894
647655,647895
647655,647896
647655,647897
647655,647898
647892,647899
647892,647900
647892,646859
647892,647655
647892,647901
647892,647893
647892,647902
647892,647903
647904,647892
647904,647655
647904,646859
647904,647905
647892,647906
647892,647907
647655,647908
647892,647909
647892,647910
647892,647911
647892,647895
647892,647912
647892,647913
647892,647914
647892,647915
647904,647916
647655,647121
646859,647655
647917,647918
646955,647919
646955,647880
646955,646952
646955,647920
646955,646948
646955,647921
646955,647922
646955,647923
646955,647924
646955,647925
646955,646963
646955,647926
646955,647024
646955,647927
646955,646957
646955,646956
646955,647928
646955,646905
646955,647929
646955,647930
646955,647931
646955,647932
647655,647654
646955,647933
646955,647934
646955,647935
646955,647103
646955,646949
646955,647936
646955,647937
646955,647106
647904,647938
647904,647904
647904,647939
647913,647904
647913,647939
647913,647940
647913,647917
647913,647918
647940,647941
647940,646913
647940,646944
647940,647905
647940,646859
647940,647655
647940,647892
647940,647916
647940,647938
647940,647904
647940,647939
647940,647913
647873,647940
647873,647942
647873,647943
647873,647944
647873,647913
647873,647945
647913,647938
647873,647904
647873,647655
647873,646859
647873,647905
647873,647946
647940,647918
647940,647917
647873,647892
647913,647916
647913,647892
647913,647655
647913,647913
647913,647947
647913,647948
647913,647949
647913,647893
647913,647901
647913,646943
647913,647950
647913,647946
647913,647941
647904,647918
647904,647917
647904,647940
647904,647913
647913,647083
647873,647951
647913,647944
647913,647942
647913,646859
647913,647905
647913,647873
647913,647952
647913,647953
647913,647874
647913,647943
647913,647890
647913,647951
647913,646944
647913,647541
647913,647198
647913,647500
647913,646913
647913,647906
647917,647917
646956,647954
646956,647048
647955,646884
647955,647410
647955,647956
647955,646883
647955,647957
647955,647958
646841,646840
646841,647127
647145,647160
647145,647880
647145,647796
647145,647151
647145,647035
647145,647144
647145,647959
647145,647934
647145,647126
647126,647151
647126,647536
647126,647960
647126,647961
647126,647160
647126,647097
647955,647962
647126,647932
647126,647963
647126,647867
647126,647824
647126,647934
647126,647130
647126,647869
647126,647578
647126,647964
646956,646786
646956,647965
646956,647966
646956,647930
646956,647662
646956,647126
646956,647967
646956,647968
646956,647969
646956,647124
646956,647970
646956,647971
646956,647972
646956,647929
646956,647973
646956,647974
646956,647975
646956,646905
646956,647976
646956,647977
646956,647978
646956,647979
646956,647980
646956,647981
646956,647982
646956,647983
646956,647984
646956,647985
646956,647986
646956,647987
646956,647988
646956,647989
646956,647990
646956,647928
647126,647959
647126,647991
647126,647539
646785,647992
646785,647993
646785,647994
646785,647995
646785,647097
646785,647996
646785,646956
646785,647937
646785,647103
646785,647997
646785,647955
646785,646841
646785,647814
646785,647795
646785,647106
646785,647998
646785,647999
646785,647965
647112,648000
646785,648001
646785,647978
646785,647980
646785,647976
646785,648002
646785,647973
646785,647969
646785,647126
646785,648003
646785,647348
646785,647957
646785,647145
646785,647124
646785,648004
646785,648005
646785,647925
646785,647885
646785,646785
646785,647798
646785,647863
647980,647126
647980,647991
646785,647883
647980,647151
647980,647961
647980,647160
647969,647035
647126,647980
647126,647105
647126,648006
647980,647960
646956,648007
646785,647880
646785,647878
646785,647923
646785,648008
646785,648009
646785,647600
646785,647152
646785,647844
646785,647796
646785,647847
646785,647854
646785,647838
646785,647837
646785,647794
646785,647828
646785,647877
646785,647849
646956,647921
646956,648010
646956,648011
646956,648002
646956,648012
646956,647992
646956,648013
646956,648014
646956,647926
646956,648015
646956,647993
646956,648016
646956,648017
646956,648018
646956,647994
646956,648019
646956,648020
646956,647578
646956,648021
646956,648022
646956,648023
646956,648024
646956,648025
646956,648026
646956,648027
646956,647097
646956,648028
646956,648029
646956,648030
646956,647995
646956,648031
646956,648032
646956,648033
646956,648034
646956,648035
646956,648036
646956,648037
646956,648004
646956,648038
646956,648039
646956,648040
646956,648041
646956,647386
646956,647600
646956,648042
646956,648043
646956,647963
646956,648044
646956,648009
646956,648045
646956,648008
646956,648046
646956,648047
646956,648048
646956,647923
646956,648005
646956,647925
646956,647924
646956,648049
646956,648050
646956,648051
646956,648052
646956,648053
646956,648054
646956,648055
646956,648056
646956,648057
646956,648058
646956,648059
646956,648060
646956,648061
646956,647927
646956,648062
646956,647955
646956,646841
646956,648063
646956,647814
646956,648064
646956,647795
646956,647934
646956,647106
646956,648065
646956,647998
646956,647999
646956,648066
646956,647145
646956,648067
646956,648068
646956,648069
646956,647933
646956,648003
646956,647348
646956,648070
646956,648071
646956,648072
646956,647957
646956,648073
646956,648074
646956,648075
646956,648076
646956,648077
646956,647932
646956,648078
646956,648079
646956,648080
646956,648081
646956,648082
646956,647997
646956,648083
646956,646955
646956,648084
646956,648085
646956,648086
646956,646957
646956,648087
646956,647663
646956,648088
646956,648089
646956,648090
646956,648091
646956,647996
646956,648092
646956,648093
646956,647931
646956,648094
646956,648095
646956,648096
646956,647103
646956,648097
646956,648098
646956,648099
646956,648100
646956,648101
646956,648102
646956,648103
646956,648104
646956,648105
646956,647936
646956,647937
646956,648106
646956,647736
647917,647940
646956,648001
647917,647939
648107,647133
648107,647942
648107,648108
648107,648109
648107,646913
648107,648110
648107,648111
648107,648112
648107,648113
648107,648114
648107,648115
648107,648116
648107,648117
648107,647940
648107,648118
648107,648119
648107,648120
648107,648107
648107,648121
648107,647149
648107,648122
648107,647897
648107,648123
648107,647943
648107,648124
648107,648125
648107,647911
648107,648126
648107,648127
648107,647917
648107,648128
648107,647915
648107,648129
648107,647489
648107,648130
648107,648131
648107,647946
648107,648132
648107,648133
648107,647905
648107,648134
648107,648135
648107,647655
648107,647892
648107,648136
648107,647938
648107,647893
648107,647941
648107,648137
648107,648138
648107,648139
648107,648140
648107,646943
648107,647912
648107,647913
648107,648141
648107,647914
648107,647903
648107,648142
648107,648143
648107,648144
648107,647134
648107,647939
648107,648145
648107,648146
648107,648147
648107,647948
648107,647155
648107,647907
648107,648148
648149,648150
648149,648151
648149,648152
648149,648153
648149,648154
648149,648155
648149,648156
648149,647340
648149,648157
648149,648158
648149,648159
648149,648160
648149,648161
648149,648162
648149,648163
648149,648164
648149,648165
648149,648166
648149,648167
648149,648168
648149,648169
648149,648170
648149,648171
648149,648172
648149,648173
648149,648174
648149,648175
648149,648176
648149,648177
648149,648178
648149,646872
648149,648179
648149,648180
648181,647952
648181,648182
647593,647594
647161,647035
647161,647157
647161,647050
648107,648183
648107,648184
647593,647592
648107,647873
648107,647874
648107,647890
648107,648185
648107,648186
648107,648187
648107,647951
648107,647953
648107,648188
647593,647599
647593,647161
648181,648189
648181,646910
647737,648190
647737,647593
647737,647161
647737,647736
647593,647714
647737,647035
647593,648191
647593,646835
647593,647795
647593,648192
647593,648193
647593,648194
647593,648195
648149,648196
648107,647899
648107,648197
646957,646949
646957,646905
646952,647919
646952,647880
646952,647920
646952,646948
646952,647921
646952,647922
646952,647923
646952,647924
646952,647925
646952,646963
646952,647926
646952,647024
646952,647927
646952,646957
646952,646956
646952,647928
646952,646905
646952,647929
646952,647930
646952,647931
646952,647932
646957,648198
646952,647933
646952,647934
646952,647935
646952,647103
646952,646949
646952,647937
646952,646955
646952,647106
648195,647593
646957,646966
648199,648200
647917,647913
647112,646963
647112,646913
647112,648201
647112,648202
647112,648203
647112,646978
647112,648204
647112,648205
647112,648206
647112,646988
648207,648208
648207,646949
648209,647704
648210,648211
648210,648212
648210,648213
648214,647655
648215,646913
647127,647035
646966,647160
646835,648216
646835,646831
646957,646948
646835,648217
648218,648219
648218,648220
647708,647694
647708,647704
648210,648221
648210,648222
648218,647606
648138,648135
648138,647916
648138,647938
648143,648120
648143,647917
648143,648127
648143,648126
648143,648125
648143,648123
648143,647198
648143,648223
648143,647149
648143,648121
648143,648107
648143,648129
648143,646944
648143,647155
648143,648148
648143,648187
648143,648224
648107,646944
648107,647947
648107,647949
648107,646942
648107,648225
648107,647256
648143,648118
647149,646944
647489,647952
647489,648107
647489,648226
648143,648183
648143,648184
648143,647953
647149,648114
648143,647940
648143,648114
648143,648113
648143,648135
648143,648134
648143,646859
648143,648197
648138,648224
648138,648187
648143,647950
648138,647288
648138,648123
648138,648126
648138,648127
648138,648118
648138,648111
648138,648138
648138,648129
648107,648227
648143,647916
648143,647893
648143,648111
648143,648110
648143,648109
648143,647133
648143,647913
648143,648228
648143,647938
648143,648143
648143,648229
648143,648140
648143,648139
648143,648138
648143,648137
648143,647941
648143,647939
648149,648230
646952,647936
648231,648232
648233,648233
646944,647905
646944,647941
646944,647913
646944,646913
646944,647940
646944,646859
646948,647020
646948,647127
646948,646952
646948,646947
646948,646949
648234,648235
648234,648236
648234,648237
648234,646948
648234,646958
648238,646872
648238,647122
648239,648240
648241,646941
648242,648243
648244,647407
647952,647952
648245,647049
648246,646940
648247,646940
648248,646804
648249,646941
648250,648251
648252,648252
648253,648254
648255,647033
647952,648185
647952,646913
647947,648256
647947,647952
646943,646875
646943,647083
646943,646913
646943,647064
646913,648256
646913,647500
646913,647952
646913,648132
646913,647949
646913,647948
646913,646946
646913,648257
646913,646945
646913,647913
646913,647947
647952,648258
647952,648259
647952,647083
647952,647489
647952,646943
647952,647947
647952,648260
647952,647948
647952,648132
647198,647288
646913,647064
646913,646943
646913,647083
646913,646875
647952,647949
647049,647092
647049,647048
647049,648261
646968,647648
646968,646985
648262,648262
648263,647033
648264,648264
646932,646931
647710,648265
647710,648266
647710,647709
648267,648268
648269,647033
647457,648270
647457,647591
647393,648271
648272,648273
648272,648274
648272,647410
647917,647904
647917,647938
648231,648275
647917,647916
647917,647892
647917,647655
646968,647020
647917,646859
648272,647393
648272,647457
648272,647710
648272,647407
648272,648276
648272,646932
647917,647905
646968,647024
647020,646948
648277,646934
646910,648278
646910,647065
646910,646875
646910,648181
646910,648182
646910,648279
646910,647256
646910,647543
646910,647489
646910,647913
646910,646859
648280,647606
648281,646872
648282,647049
646910,646944
647947,646913
646910,647247
646910,647415
648277,646841
648277,646910
648277,648283
646934,646933
646910,648284
646910,646909
646910,646913
646910,648285
646910,648286
646910,648287
646910,648288
646910,648289
646910,648290
646910,648291
646910,648292
647947,647489
648293,648294
647947,647948
647035,647127
647035,648058
647035,647059
647035,647162
647035,647794
647035,648057
648132,647949
648132,647948
648132,647947
648132,646943
648132,646913
648139,647288
648058,647963
648058,647035
647539,646882
647105,647160
647105,647126
647596,647597
647160,647105
647160,647539
647160,647959
647160,648058
647160,647963
647035,647795
647160,647536
647160,647127
647160,647797
647160,646966
647160,647126
647160,647130
647160,647160
647160,647980
647035,647593
647035,647034
647035,647161
648295,648296
648295,648297
648295,648298
648295,648299
648295,648300
648295,648301
648295,648302
648295,648303
648231,648304
648231,648305
647947,646943
648231,648306
648231,648307
648231,648308
648295,648309
647596,647710
648295,648310
648311,648312
647035,648313
647035,647798
647035,647062
647035,648314
647035,647735
647035,647969
648315,648316
647035,647124
647035,647152
647035,648317
646884,648318
646884,648273
648318,646884
647162,647035
647035,647106
648319,647596
648320,648321
648319,648322
647950,648323
647950,647187
647950,647250
647950,647185
647950,647246
647950,646845
647950,648324
647950,648325
647950,647272
647950,646896
647950,647269
647950,647198
647950,647266
647950,647073
647950,647066
647950,647277
647950,647201
647947,648132
647950,647081
648319,648276
647947,647083
647947,647949
647950,648326
647950,648327
647950,648328
647950,648329
647950,648330
647950,647203
647950,646944
647950,648331
647950,648332
647950,648333
647950,648334
647950,647078
647950,647254
647083,646910
647083,647082
648335,648336
648319,648337
648335,646934
648338,647606
647083,647066
648338,648339
648338,648340
648319,646925
647950,647189
648338,648341
648338,648342
648338,648343
648338,648344
647083,646913
648338,648345
647950,647095
647950,647209
647950,647425
647950,648346
647950,648347
647950,648348
647950,648349
647950,648350
647950,647242
647950,648351
647950,648352
647950,647244
647950,648353
647950,648354
647950,648355
