46366,46367
46368,46366
46368,46369
46370,46371
46370,46369
46370,46372
46370,46373
46366,46374
46370,46375
46366,46376
46366,46377
46366,46378
46366,46379
46366,46380
46366,46372
46366,46381
46366,46382
46366,46383
46366,46384
46366,46385
46370,46386
46366,46387
46366,46388
46370,46389
46370,46390
46370,46391
46384,46392
46366,46393
46384,46394
46384,46395
46384,46396
46385,46369
46397,46369
46370,46398
46370,46399
46370,46400
46370,46388
46370,46379
46370,46401
46370,46377
46370,46402
46370,46403
46370,46404
46370,46405
46370,46406
46370,46407
46370,46408
46370,46409
46370,46410
46370,46411
46384,46412
46366,46413
46366,46397
46414,46415
46414,46416
46414,46417
46414,46418
46414,46419
46414,46420
46414,46421
46414,46422
46423,46424
46423,46425
46423,46426
46423,46427
46423,46375
46423,46428
46423,46429
46423,46430
46423,46431
46423,46432
46423,46433
46423,46434
46423,46435
46384,46436
46423,46437
46366,46438
46366,46439
46366,46440
46366,46371
46366,46441
46366,46370
46366,46442
46366,46443
46366,46444
46366,46445
46366,46368
46366,46446
46366,46404
46366,46447
46366,46448
46366,46449
46366,46450
46366,46451
46366,46452
46366,46453
46366,46454
46366,46455
46366,46456
46366,46457
46366,46458
46366,46459
46366,46460
46366,46386
46366,46461
46384,46462
46463,46464
46384,46465
46463,46466
46463,46433
46463,46467
46463,46468
46463,46469
46463,46470
46463,46471
46463,46472
46463,46473
46463,46474
46463,46475
46463,46426
46463,46476
46463,46477
46463,46478
46463,46479
46463,46480
46463,46481
46463,46482
46463,46417
46463,46483
46463,46484
46463,46485
46463,46486
46463,46487
46463,46488
46463,46420
46423,46489
46463,46490
46463,46491
46463,46492
46463,46493
46463,46494
46463,46495
46463,46496
46463,46414
46463,46497
46463,46498
46463,46499
46463,46500
46463,46501
46463,46502
46463,46503
46463,46504
46463,46505
46463,46506
46463,46507
46463,46508
46463,46509
46463,46510
46463,46511
46384,46512
46463,46513
46463,46386
46514,46421
46514,46515
46514,46516
46515,46514
46392,46394
46421,46517
46421,46518
46421,46514
46421,46519
46421,46520
46421,46521
46421,46522
46421,46523
46421,46524
46382,46369
46384,46369
46384,46366
46384,46525
46384,46475
46384,46526
46384,46527
46384,46528
46384,46529
46512,46394
46463,46530
46473,46463
46473,46510
46463,46531
46463,46532
46463,46533
46463,46534
46463,46535
46463,46536
46463,46537
46463,46538
46463,46539
46463,46540
46463,46541
46463,46542
46463,46543
46463,46544
46463,46545
46463,46546
46473,46547
46473,46548
46473,46549
46473,46550
46473,46551
46473,46552
46473,46553
46473,46554
46423,46555
46463,46556
46423,46557
46463,46558
46463,46552
46463,46559
46463,46560
46463,46561
46463,46562
46463,46563
46463,46564
46463,46565
46463,46566
46463,46567
46463,46568
46463,46569
46463,46570
46463,46571
46463,46572
46463,46573
46463,46394
46463,46574
46463,46575
46463,46576
46463,46369
46463,46551
46463,46577
46463,46578
46463,46579
46463,46580
46463,46581
46463,46582
46463,46583
46463,46584
46463,46585
46463,46586
46463,46587
46463,46588
46463,46589
46463,46431
46463,46590
46463,46591
46463,46592
46463,46593
46463,46594
46463,46595
46463,46596
46463,46597
46463,46598
46463,46599
46463,46600
46463,46601
46463,46602
46463,46603
46463,46604
46463,46514
46463,46605
46463,46606
46463,46607
46463,46608
46463,46609
46463,46610
46463,46611
46463,46446
46463,46612
46463,46613
46463,46614
46463,46615
46463,46616
46463,46617
46463,46618
46463,46619
46463,46620
46621,46622
46621,46437
46621,46555
46623,46624
46625,46626
46625,46627
46625,46628
46391,46629
46630,46631
46630,46632
46630,46633
46630,46634
46630,46635
46630,46636
46630,46637
46630,46638
46630,46639
46640,46641
46642,46643
46642,46419
46642,46644
46642,46645
46642,46646
46647,46648
46642,46514
46642,46649
46642,46650
46642,46651
46652,46653
46652,46369
46630,46654
46642,46655
46463,46384
46647,46656
46657,46658
46463,46659
46463,46660
46463,46661
46662,46663
46657,46664
46657,46665
46657,46666
46657,46667
46657,46668
46657,46669
46657,46394
46657,46670
46657,46671
46657,46672
46657,46673
46657,46674
46657,46675
46657,46676
46657,46677
46657,46678
46657,46679
46657,46680
46657,46681
46647,46682
46657,46683
46657,46684
46657,46685
46657,46686
46657,46687
46657,46688
46657,46689
46423,46690
46640,46514
46463,46691
46463,46548
46692,46586
46692,46653
46693,46694
46695,46696
46695,46697
46695,46698
46524,46523
46524,46522
46524,46519
46524,46514
46524,46421
46524,46521
46524,46520
46524,46699
46524,46518
46524,46700
46524,46701
46702,46703
46702,46470
46702,46459
46702,46704
46702,46705
46702,46706
46692,46551
46702,46707
46702,46434
46708,46709
46710,46711
46710,46712
46524,46517
46524,46649
46702,46713
46702,46714
46692,46578
46692,46715
46716,46717
46716,46718
46716,46719
46716,46720
46716,46721
46716,46722
46723,46724
46723,46396
46723,46725
46723,46521
46723,46514
46723,46726
46521,46724
46521,46396
46521,46723
46521,46725
46521,46727
46697,46428
46728,46631
46729,46730
46731,46732
46733,46486
46726,46514
46692,46559
46726,46521
46726,46723
46726,46396
46726,46724
46521,46726
46521,46514
46521,46734
46726,46725
46463,46735
46702,46736
46702,46737
46738,46739
46738,46740
46738,46741
46738,46742
46738,46743
46738,46744
46738,46745
46738,46746
46738,46747
46738,46748
46738,46749
46738,46750
46738,46751
46738,46752
46738,46753
46738,46754
46738,46755
46463,46375
46463,46756
46463,46757
46463,46758
46463,46759
46463,46432
46738,46760
46463,46761
46738,46762
46738,46763
46738,46764
46738,46765
46738,46766
46738,46767
46738,46768
46702,46769
46738,46770
46738,46771
46702,46772
46702,46773
46702,46774
46702,46775
46702,46776
46702,46430
46702,46777
46702,46778
46702,46779
46702,46780
46702,46781
46702,46782
46702,46783
46702,46784
46702,46785
46702,46786
46702,46369
46738,46787
46738,46788
46738,46789
46738,46790
46791,46792
46702,46793
46738,46794
46702,46795
46702,46796
46702,46388
46702,46797
46702,46798
46702,46799
46702,46800
46702,46801
46640,46643
46640,46653
46640,46802
46803,46804
46803,46805
46803,46806
46803,46435
46803,46807
46803,46808
46803,46712
46803,46809
46803,46810
46803,46811
46803,46812
46803,46813
46803,46814
46803,46815
46816,46817
46816,46818
46816,46387
46819,46820
46819,46821
46819,46822
46431,46823
46431,46459
46431,46423
46824,46394
46825,46826
46816,46827
46816,46828
46816,46829
46816,46830
46816,46831
46816,46832
46825,46833
46819,46834
46611,46371
46611,46442
46835,46431
46835,46836
46835,46427
46526,46837
46529,46384
46529,46394
46547,46653
46838,46839
46838,46840
46838,46841
46838,46842
46838,46843
46838,46844
46838,46845
46838,46846
46838,46847
46838,46848
46611,46849
46611,46850
46611,46851
46611,46378
46852,46853
46852,46854
46611,46629
46618,46855
46856,46732
46624,46857
46624,46848
46624,46858
46624,46859
46624,46623
46618,46858
46835,46860
46819,46861
46819,46862
46463,46863
46463,46518
46463,46423
46463,46864
46463,46865
46463,46866
46463,46867
46463,46868
46463,46869
46463,46870
46463,46871
46463,46872
46463,46873
46463,46874
46463,46875
46463,46876
46463,46877
46463,46878
46463,46879
46463,46880
46463,46881
46463,46882
46463,46883
46463,46884
46463,46885
46463,46653
46463,46886
46463,46887
46463,46888
46463,46889
46463,46890
46463,46891
46819,46892
46463,46893
46463,46894
46819,46895
46819,46896
46821,46819
46821,46822
46821,46820
46821,46897
46821,46861
46821,46892
46821,46862
46821,46898
46821,46899
46463,46379
46463,46800
46463,46900
46463,46435
46463,46809
46463,46397
46463,46901
46463,46902
46463,46903
46463,46904
46463,46905
46463,46906
46463,46907
46463,46547
46463,46908
46463,46909
46463,46910
46463,46911
46463,46912
46463,46913
46463,46914
46835,46430
46835,46915
46835,46541
46916,46917
46916,46918
46916,46909
46916,46915
46916,46430
46916,46919
46916,46431
46916,46920
46916,46921
46916,46922
46916,46923
46916,46924
46916,46375
46916,46395
46916,46925
46916,46432
46916,46926
46916,46927
46916,46429
46916,46928
46916,46929
46916,46423
46916,46930
46916,46931
46916,46932
46916,46933
46916,46823
46916,46934
46916,46935
46916,46936
46916,46937
46916,46409
46916,46868
46916,46938
46916,46563
46640,46939
46643,46653
46940,46941
46940,46942
46942,46943
46942,46944
46942,46940
46945,46503
46946,46947
46946,46948
46946,46503
46946,46949
46950,46951
46556,46952
46375,46431
46916,46374
46916,46793
46916,46953
46916,46424
46916,46954
46916,46435
46916,46955
46916,46956
46916,46957
46916,46369
46916,46384
46916,46958
46916,46959
46916,46960
46916,46961
46916,46962
46916,46963
46916,46427
46916,46386
46916,46371
46964,46965
46964,46966
46964,46967
46964,46968
46964,46969
46964,46970
46964,46971
46964,46972
46964,46973
46964,46974
46964,46975
46964,46976
46964,46977
46964,46978
46964,46979
46964,46980
46964,46981
46835,46982
46835,46479
46835,46489
46835,46983
46835,46984
46915,46985
46964,46986
46964,46987
46964,46988
46964,46989
46964,46990
46964,46991
46964,46992
46964,46993
46964,46994
46964,46995
46964,46996
46964,46997
46998,46999
46998,46394
47000,47001
47000,46653
47002,46394
47002,47003
46489,46793
47004,46503
47005,46998
47005,46653
47006,47007
47006,46431
46916,47008
46916,47009
47005,47010
46716,47011
46489,47012
46489,46963
46964,47013
46964,47014
46964,47015
46964,47016
46964,47017
46964,47018
46489,47019
46964,47020
46489,46423
46489,46457
46489,46923
46489,46431
46489,46489
46489,46915
46993,47021
46716,47022
46657,47023
46716,47024
46513,47025
46513,47026
46513,47027
46513,47028
46513,46998
46513,47029
46513,47030
46513,46653
46513,47010
46513,47031
46513,47032
46513,47033
46513,46549
46394,46653
46394,46998
46394,46514
46394,47034
46394,46824
46394,46679
46394,47035
46394,46640
46394,47036
46394,47037
46513,47038
46394,46548
46394,46900
46394,47039
46394,47002
46394,46513
46394,47040
46394,47010
46394,47005
46394,47041
46513,46394
46513,47042
46503,46946
46503,46948
46503,46949
47043,47044
47043,47045
47043,47046
47043,46503
47043,47047
47031,46394
47031,47048
47031,47049
47031,46653
47033,47050
47033,46394
47033,47051
47033,47052
47033,46514
46513,47053
46513,47054
46513,47055
46513,47056
46513,47057
46513,46421
46513,47058
46513,47059
46513,47060
46513,47061
46513,46640
46513,47039
46513,46931
46513,47062
46513,47063
46503,46947
46394,46665
47064,46578
47065,47066
47067,47068
47067,47069
47067,47070
47067,47067
47067,47071
47067,47072
47067,47073
47067,47074
47067,46434
47067,47075
47067,46573
47067,47076
47067,47077
47067,46999
47067,47078
47067,47079
46896,47080
46896,47081
46896,47082
46896,47083
46896,47084
46896,47085
47065,47086
46896,47087
47067,47088
47067,47089
47067,47090
47067,47091
47067,47092
47067,47093
46896,47094
47064,46586
47065,47095
47065,46707
47064,46554
47064,46600
47064,47096
47064,46507
47064,47097
47064,47098
46629,47099
46629,46454
46454,46629
47100,47101
47100,46717
47100,47102
47100,47103
47104,47100
47104,47105
47104,46979
47104,47106
47065,47107
46631,47108
46631,47109
46631,46631
46631,47110
46631,47111
47065,46631
46631,47065
46631,46375
46631,47112
46631,47113
46631,47114
46631,46662
47104,47104
46631,47115
46503,46928
46503,47116
46503,46620
47117,47118
47117,47119
47117,47120
47117,47121
47117,47122
47117,47123
47117,47124
46716,47125
47117,47126
47117,47127
47117,47128
47117,47129
47117,47130
47117,47131
47117,47132
47117,47133
47117,47134
46653,47052
47135,46395
47135,46394
47135,46384
47136,46555
46555,46423
47117,47137
47117,47138
47117,47139
47117,47140
47117,47141
47117,47142
47117,47143
47117,47144
47117,47145
46653,46655
47117,47146
47147,46394
47148,47149
47148,47150
47148,46626
47148,47151
47148,47152
47148,47153
47148,47154
47148,47155
47148,47156
47148,47157
47148,47158
47148,47108
47148,47159
47148,47160
47148,46775
47148,47161
47148,47162
47148,47163
47148,47164
47148,47165
47148,46423
47148,47166
47148,47167
47117,47168
47148,47169
47148,47170
47148,47171
47148,47172
47148,47173
47148,46773
47148,47174
47148,47175
46653,46652
46653,47176
46653,47177
47178,47179
47178,47180
47178,47181
47178,47182
47178,47183
47178,47184
47178,47000
47178,47185
47178,47186
47178,46852
47178,47187
47178,47188
47178,47189
47178,47190
47178,47191
47178,46452
47178,47192
46503,47193
46503,47194
47195,47196
47195,47151
47156,47197
47156,47196
47178,47198
47156,47199
47200,47201
47200,47202
47202,47201
47202,47200
47178,47203
47178,47204
47200,47205
47178,47206
47178,47207
47178,47208
46653,47209
46653,46382
46653,47210
46653,47010
46653,46394
46653,46659
46653,46513
46653,46547
46653,47211
46653,46514
46653,46640
46653,46642
46653,46419
46653,46421
46653,46643
46896,47212
46653,47213
46653,47214
47178,47215
47178,47216
47203,46626
47203,46803
47203,46810
47203,47217
46653,46660
46653,47135
46653,47218
46653,46486
46653,47219
46653,46904
46653,47031
46653,47220
46653,47221
46896,46504
47117,47222
46896,47223
46650,46644
46650,47176
46650,47224
46650,46646
46650,46514
46650,46655
46650,46649
46650,47225
46650,46651
47226,46629
47226,46391
47226,46825
47226,47227
47226,47228
47226,47229
47226,46950
47230,47231
46716,47232
46716,47233
46716,47234
46716,47235
46716,47236
46716,47237
46650,46643
46716,47238
46716,47239
46716,47240
47034,46394
47230,46412
47230,47241
47230,46369
46716,47242
46716,47243
46650,46642
46646,46644
47244,46514
47245,46394
47180,46431
47180,47246
47039,47010
47039,46998
47039,46653
47247,47248
47247,47249
47247,47250
47247,47251
47247,47252
47247,47253
47247,46730
47247,47254
47247,47255
47256,47257
46646,46642
46646,47258
46646,46655
46646,46514
46646,47176
46646,46643
46646,47259
47256,47260
47256,47261
47256,46966
47256,47262
47256,47263
47256,47264
47256,47265
47256,47266
47048,47213
46716,47267
46716,47268
46716,47269
46716,47270
46716,47271
46716,47272
46716,47273
46716,47274
46716,47275
46716,47276
46716,47254
46716,47277
46716,47278
46716,47279
46716,47280
46716,47281
46716,47282
46716,47283
46716,47284
46716,47285
46896,47286
46716,46716
46716,47287
46716,47288
46716,47289
46716,47290
46716,47291
46716,47292
46716,47293
46716,47294
46716,47255
46716,47295
46716,47296
46716,47247
46716,47297
46716,47298
46716,47299
46716,47300
46716,47301
46716,47302
46716,47303
46716,47304
46716,47305
46716,47306
46716,47307
46716,47308
46716,47309
46716,47310
46716,47311
46716,47312
46716,47313
46716,47314
46716,47315
46716,47106
46716,47316
46716,47317
46716,47318
46716,47319
46716,47320
46716,47321
46716,47322
46716,47323
46716,47324
46716,47325
46716,47326
46716,47327
46716,47328
46716,47329
46716,47330
47048,46653
46716,47331
47227,47332
47333,47334
47335,46884
47335,46914
47335,47335
47335,47336
47335,46910
47335,46514
47335,46912
47335,46397
47335,46809
47335,46435
47335,46653
47335,46874
47336,46514
47336,47337
47336,46429
47336,47338
46912,46907
46912,47339
46912,46626
46912,46435
46912,46808
46912,47340
47035,46394
46912,47203
46912,47336
46912,46904
46912,47341
46912,47342
46912,47343
46912,47344
46912,47345
47346,46730
47347,47348
47338,46514
46371,47097
46371,46454
46371,46611
46371,46577
46371,46849
46371,46850
46371,46896
46371,46851
46371,46369
46896,47349
46896,47350
47351,47352
46896,47353
46896,46629
46371,46378
46912,46910
46369,47354
46369,46388
47338,46652
47338,47355
47356,46732
46662,46732
46662,47357
46386,46757
46369,47358
46386,47056
46386,46388
46386,47154
46386,46412
46369,46386
46369,46757
46369,47056
46386,46369
46912,46514
46371,46629
46874,46998
46641,47337
46641,47037
46641,46514
46641,46394
46641,47010
46641,46998
46641,46653
47193,46503
47359,47360
47359,47361
47359,47362
47359,46679
47359,46684
47359,47147
47359,46686
47359,47363
47359,47364
47227,47365
46874,47010
47227,46826
47227,47366
47227,47227
47227,46825
46641,46513
47227,47367
47359,46665
47359,46394
47359,47368
47359,46672
47359,47369
47359,47370
47227,47371
46800,46891
47359,46872
46583,47227
46417,46601
46417,46597
46417,46595
46417,47372
46417,46375
46417,46414
46417,47373
46417,46501
46417,46471
46874,46653
46417,47374
46867,47375
46417,47201
46417,46531
46417,47376
46417,46583
46417,46420
46417,47202
46417,46575
46596,46611
46596,46629
46759,47377
46596,47378
46488,46692
46488,46503
46417,46415
46417,46800
46488,47379
46562,46858
46417,46887
46596,46851
46488,47380
