47381,47381
47381,47382
47381,47383
47381,47384
47381,47385
47381,47386
47381,47387
47381,47388
47381,47389
47381,47390
47381,47391
47381,47392
47381,47393
47381,47394
47381,47395
47381,47396
47381,47397
47381,47398
47381,47399
47381,47400
47381,47401
47381,47402
47381,47403
47381,47404
47381,47405
47381,47406
47407,47408
47381,47409
47410,47411
47410,47412
47381,47413
47410,47414
47410,47415
47410,47416
47407,47417
47407,47418
47407,47419
47407,47420
47407,47421
47407,47422
47381,47423
47407,47424
47407,47425
47407,47426
47407,47427
47407,47428
47407,47429
47430,47407
47430,47431
47430,47432
47430,47433
47430,47434
47430,47421
47381,47435
47407,47436
47381,47437
47381,47438
47381,47439
47381,47440
47381,47441
47381,47442
47381,47443
47381,47410
47381,47416
47444,47445
47446,47447
47446,47448
47446,47449
47446,47450
47446,47451
47381,47452
47446,47453
47454,47455
47454,47381
47454,47444
47454,47456
47454,47457
47454,47446
47454,47458
47454,47459
47454,47460
47454,47461
47410,47462
47454,47463
47454,47464
47381,47465
47381,47466
47381,47467
47381,47468
47381,47469
47381,47470
47381,47471
47381,47472
47381,47473
47381,47474
47381,47475
47381,47476
47381,47477
47381,47478
47381,47479
47381,47480
47381,47481
47381,47482
47381,47483
47381,47484
47381,47485
47381,47486
47381,47487
47381,47488
47381,47489
47381,47490
47381,47491
47381,47492
47381,47493
47381,47494
47410,47495
47426,47496
47410,47435
47422,47424
47422,47436
47422,47497
47422,47498
47422,47425
47422,47499
47422,47500
47422,47501
47426,47502
47426,47503
47426,47504
47426,47505
47422,47407
47426,47506
47426,47507
47426,47421
47426,47429
47426,47508
47426,47509
47426,47510
47426,47427
47426,47428
47426,47511
47426,47512
47426,47513
47426,47514
47426,47515
47426,47516
47422,47429
47422,47517
47421,47430
47454,47518
47421,47519
47421,47520
47421,47432
47421,47521
47421,47522
47421,47523
47421,47524
47421,47525
47421,47526
47421,47527
47422,47426
47421,47425
47421,47528
47422,47505
47422,47419
47422,47529
47422,47514
47422,47530
47422,47531
47422,47418
47422,47532
47422,47533
47422,47421
47422,47422
47421,47428
47410,47534
47426,47535
47426,47536
47426,47537
47426,47538
47426,47539
47426,47540
47426,47541
47426,47542
47426,47543
47426,47544
47426,47545
47426,47527
47426,47546
47426,47420
47426,47425
47426,47407
47426,47547
47500,47421
47500,47422
47500,47517
47500,47426
47500,47429
47500,47407
47500,47424
47500,47436
47500,47425
47500,47500
47410,47381
47426,47419
47426,47548
47426,47549
47426,47550
47426,47424
47426,47551
47426,47552
47426,47553
47426,47554
47426,47555
47426,47556
47426,47557
47426,47558
47426,47559
47426,47560
47426,47561
47426,47562
47426,47563
47426,47564
47426,47565
47426,47566
47426,47567
47426,47532
47426,47568
47426,47569
47426,47570
47426,47571
47426,47572
47426,47573
47426,47574
47426,47575
47454,47576
47577,47578
47454,47579
47580,47581
47580,47582
47580,47583
47584,47585
47584,47586
47584,47587
47584,47588
47584,47589
47534,47410
47534,47381
47590,47534
47591,47592
47591,47593
47594,47595
47594,47596
47594,47597
47594,47598
47594,47599
47600,47601
47600,47594
47602,47424
47510,47603
47510,47604
47510,47605
47510,47445
47580,47606
47580,47607
47580,47608
47580,47609
47577,47610
47577,47611
47577,47612
47577,47613
47577,47614
47577,47615
47577,47616
47577,47617
47577,47618
47577,47619
47577,47620
47577,47621
47424,47408
47577,47622
47577,47623
47577,47624
47623,47577
47625,47626
47625,47627
47625,47628
47625,47629
47625,47630
47631,47625
47580,47632
47580,47633
47580,47599
47577,47634
47424,47522
47424,47602
47424,47635
47425,47533
47425,47421
47425,47426
47425,47429
47425,47419
47425,47522
47425,47636
47425,47637
47425,47638
47425,47639
47425,47640
47425,47407
47425,47532
47425,47517
47425,47511
47425,47560
47425,47641
47425,47603
47425,47642
47425,47643
47644,47510
47644,47424
47644,47603
47644,47425
47644,47645
47421,47646
47425,47556
47577,47647
47425,47557
47425,47514
47424,47604
47424,47648
47424,47649
47603,47650
47603,47651
47603,47652
47603,47424
47603,47653
47603,47654
47603,47655
47603,47656
47603,47645
47425,47530
47425,47507
47425,47424
47425,47657
47425,47430
47425,47422
47425,47658
47425,47428
47425,47418
47425,47427
47425,47529
47425,47659
47425,47660
47425,47505
47425,47516
47577,47661
47577,47662
47577,47663
47588,47664
47665,47594
47433,47666
47433,47667
47433,47668
47433,47605
47433,47407
47433,47430
47433,47431
47433,47424
47433,47669
47670,47671
47588,47672
47670,47673
47670,47674
47624,47675
47624,47623
47624,47676
47624,47577
47624,47578
47460,47677
47460,47678
47460,47679
47460,47680
47460,47681
47460,47682
47670,47683
47460,47599
47588,47684
47454,47685
47454,47686
47454,47687
47454,47688
47454,47447
47454,47689
47454,47690
47454,47691
47454,47692
47454,47693
47454,47694
47454,47695
47454,47696
47454,47697
47454,47698
47454,47699
47454,47678
47454,47700
47454,47701
47454,47702
47454,47574
47454,47703
47454,47704
47454,47705
47454,47706
47454,47707
47454,47708
47454,47677
47454,47709
47460,47710
47460,47711
47712,47498
47712,47713
47712,47714
47712,47715
47712,47716
47712,47501
47717,47718
47717,47719
47717,47720
47717,47721
47717,47722
47723,47724
47712,47717
47723,47712
47723,47725
47723,47726
47723,47727
47723,47728
47723,47729
47723,47717
47723,47730
47577,47731
47577,47732
47577,47733
47577,47734
47577,47735
47723,47736
47460,47447
47712,47737
47712,47738
47701,47739
47701,47740
47701,47741
47701,47742
47701,47743
47701,47744
47701,47745
47701,47746
47701,47455
47701,47457
47701,47460
47701,47693
47712,47747
47701,47708
47701,47748
47701,47447
47701,47749
47701,47750
47447,47455
47447,47460
47447,47693
47447,47701
47447,47708
47751,47752
47751,47753
47712,47422
47701,47754
47421,47755
47634,47577
47421,47407
47756,47717
47756,47757
47758,47446
47758,47743
47758,47696
47528,47421
47759,47424
47760,47717
47598,47761
47598,47594
47762,47426
47762,47407
47762,47511
47762,47763
47462,47412
47414,47411
47414,47462
47414,47412
47414,47415
47414,47410
47414,47416
47764,47411
47764,47381
47756,47765
47764,47766
47767,47445
47768,47445
47769,47705
47769,47599
47769,47708
47769,47685
47769,47770
47769,47697
47771,47772
47771,47773
47771,47774
47771,47775
47771,47776
47771,47777
47771,47778
47779,47525
47779,47424
47779,47780
47779,47519
47779,47781
47779,47523
47782,47445
47529,47421
47529,47426
47529,47429
47783,47784
47764,47462
47764,47785
47764,47786
47787,47407
47402,47423
47402,47406
47402,47400
47402,47389
47402,47390
47402,47386
47402,47382
47402,47383
47402,47384
47402,47385
47402,47387
47402,47388
47402,47405
47402,47392
47402,47393
47402,47394
47402,47395
47402,47391
47402,47396
47402,47397
47402,47398
47402,47399
47788,47625
47789,47410
47789,47443
47789,47442
47764,47412
47764,47442
47764,47790
47764,47414
47764,47791
47764,47792
47764,47415
47764,47793
47764,47794
47764,47410
47764,47795
47769,47574
47764,47796
47764,47797
47764,47798
47764,47799
47764,47800
47764,47801
47764,47416
47789,47802
47789,47803
47789,47804
47789,47381
47789,47441
47764,47805
47402,47401
47769,47702
47769,47682
47806,47807
47806,47808
47806,47809
47806,47810
47668,47667
47668,47407
47668,47430
47668,47605
47668,47431
47668,47433
47811,47812
47811,47813
47811,47814
47811,47815
47811,47580
47495,47411
47495,47381
47495,47414
47495,47410
47495,47416
47495,47495
47495,47415
47495,47816
47806,47817
47495,47412
47818,47445
47655,47645
47819,47643
47819,47820
47819,47424
47819,47821
47819,47822
47819,47823
47819,47824
47819,47825
47819,47826
47825,47643
47825,47820
47825,47424
47825,47821
47825,47822
47825,47823
47825,47824
47825,47819
47825,47826
47655,47424
47655,47653
47655,47654
47655,47827
47655,47603
47655,47828
47829,47830
47829,47831
47832,47481
47833,47834
47833,47835
47448,47446
47836,47445
47682,47837
47682,47838
47682,47594
47682,47839
47769,47464
47769,47455
47769,47457
47769,47460
47769,47679
47769,47463
47769,47840
47769,47841
47769,47688
47769,47447
47769,47836
47769,47689
47769,47690
47769,47693
47769,47700
47833,47842
47833,47534
47833,47843
47833,47844
47845,47445
47435,47381
47435,47479
47435,47846
47847,47848
47847,47849
47847,47850
47847,47594
47839,47445
47839,47837
47839,47847
47769,47701
47839,47851
47839,47852
47839,47853
47839,47854
47839,47594
47834,47534
47834,47842
47834,47833
47835,47855
47835,47856
47835,47713
47833,47857
47839,47858
47533,47429
47402,47402
47402,47403
47475,47388
47475,47405
47475,47392
47475,47393
47475,47394
47475,47395
47475,47391
47475,47396
47475,47397
47475,47398
47475,47399
47475,47401
47475,47402
47475,47404
47475,47403
47475,47413
47475,47437
47475,47465
47475,47439
47475,47468
47475,47469
47475,47470
47475,47471
47475,47387
47475,47472
47475,47385
47475,47383
47413,47859
47413,47860
47413,47491
47413,47861
47413,47862
47413,47863
47413,47864
47413,47493
47413,47865
47413,47866
47413,47867
47413,47868
47413,47869
47413,47870
47413,47871
47475,47423
47475,47406
47475,47400
47475,47389
47475,47390
47475,47386
47475,47382
47475,47381
47475,47384
47475,47473
47475,47474
47475,47476
47440,47386
47440,47382
47440,47381
47440,47383
47440,47384
47440,47385
47440,47387
47440,47388
47440,47405
47440,47392
47440,47393
47440,47394
47440,47395
47440,47391
47440,47396
47440,47397
47440,47398
47440,47399
47440,47401
47440,47402
47440,47404
47440,47403
47440,47413
47440,47390
47440,47389
47440,47400
47440,47406
47475,47477
47475,47478
47475,47479
47475,47481
47475,47494
47475,47482
47475,47452
47475,47483
47475,47484
47475,47485
47475,47486
47413,47872
47475,47487
47475,47489
47475,47490
47475,47491
47475,47492
47475,47493
47475,47467
47475,47480
47475,47440
47475,47466
47475,47438
47440,47423
47475,47488
47402,47404
47413,47873
47413,47856
47402,47490
47402,47491
47402,47492
47402,47493
47402,47467
47402,47480
47402,47440
47402,47466
47402,47438
47402,47381
47402,47863
47404,47381
47413,47874
47413,47875
47413,47876
47413,47877
47413,47878
47413,47879
47413,47880
47413,47881
47413,47882
47413,47883
47413,47884
47402,47489
47413,47885
47402,47488
47402,47486
47402,47413
47402,47437
47402,47465
47402,47439
47402,47468
47402,47469
47402,47470
47402,47471
47402,47472
47402,47473
47402,47474
47402,47475
47402,47476
47402,47477
47402,47478
47402,47479
47402,47481
47402,47494
47402,47482
47402,47452
47402,47483
47402,47484
47402,47485
47402,47487
47413,47385
47413,47388
47413,47392
47413,47474
47413,47475
47413,47886
47413,47476
47413,47887
47413,47888
47413,47889
47413,47890
47413,47891
47413,47892
47413,47893
47413,47894
47413,47452
47413,47895
47413,47896
47413,47897
47413,47898
47413,47899
47413,47900
47413,47901
47413,47484
47413,47902
47413,47903
47413,47904
47413,47905
47413,47906
47413,47907
47413,47908
47413,47909
47413,47910
47413,47911
47413,47912
47413,47913
47413,47396
47413,47397
47413,47402
47413,47914
47413,47915
47413,47486
47413,47404
47413,47916
47413,47413
47413,47917
47413,47918
47413,47439
47413,47919
47413,47469
47413,47920
47413,47921
47413,47470
47413,47922
47413,47923
47533,47426
47533,47421
47924,47925
47926,47927
47926,47928
47926,47929
47926,47793
47926,47930
47926,47931
47926,47932
47926,47933
47926,47934
47926,47935
47926,47936
47926,47937
47926,47938
47926,47939
47926,47410
47926,47940
47926,47941
47926,47443
47926,47942
47926,47943
47926,47944
47926,47945
47926,47946
47926,47947
47926,47789
47926,47948
47926,47949
47950,47951
47950,47829
47950,47952
47950,47817
47950,47953
47950,47830
47954,47445
47955,47407
47926,47956
47926,47957
47926,47790
47926,47414
47926,47958
47926,47959
47926,47960
47926,47961
47926,47962
47926,47963
47926,47964
47926,47965
47926,47966
47926,47967
47926,47415
47926,47968
47926,47969
47926,47970
47926,47971
47972,47973
47972,47974
47972,47975
47972,47976
47972,47858
47972,47977
47972,47978
47972,47415
47972,47931
47972,47594
47972,47979
47972,47980
47972,47981
47982,47983
47982,47984
47982,47985
47982,47986
47982,47987
47982,47988
47982,47989
47982,47990
47982,47991
47982,47992
47993,47994
47993,47995
47993,47577
47993,47996
47926,47997
47926,47998
47926,47999
47926,48000
47926,48001
47926,48002
47926,48003
47926,47416
47926,48004
47926,48005
47926,48006
47950,48007
47926,48008
47926,48009
47926,48010
47926,48011
47926,48012
47926,48013
48014,48015
48016,48017
48018,48019
48020,47421
47993,48021
47993,47663
47926,48022
47982,48023
47950,48024
47950,48025
47926,48026
47926,47785
47926,47952
47926,48027
47926,48028
47926,48029
47926,48030
47926,47462
47926,47766
47926,48031
47926,48032
47926,48033
47926,47381
47926,48034
47926,48035
47926,47411
47926,48036
47926,48037
47926,48038
48039,48040
48039,47594
48039,48041
48039,47851
47926,48042
48039,48043
47926,48044
47926,48045
47421,47657
47926,48046
47926,47442
47926,47441
47926,48047
47926,48048
47926,48049
47926,47412
47926,48050
47926,48051
47926,48052
47926,48053
47926,48054
47926,48055
47926,48056
47926,48057
47926,48058
47926,48059
47926,48060
47926,48061
47926,48062
47926,48063
47926,48064
47926,48065
48066,47698
48067,48068
48067,48069
48070,48071
48070,48072
48070,48073
48070,47603
48070,48074
48070,47565
48070,47653
48070,48075
48070,48076
48070,47604
48070,47669
48070,48077
48070,47445
48070,48078
48079,47424
48079,47505
48080,48081
48080,47424
47950,48082
47950,48083
47950,48084
47950,48085
47950,48086
48070,47645
48070,48087
48088,47412
48088,47929
48067,48089
48067,48090
48067,48091
48067,48092
48067,48093
48067,48094
48067,48095
48067,48096
48097,47807
48098,48099
48100,47625
47950,48101
48100,48102
48100,47631
48103,48104
48103,48105
48103,48106
48103,48107
48103,48108
48109,48110
48109,48111
48109,48112
48109,48113
48114,48115
48100,48116
47982,48117
47982,48118
47982,48119
47719,47718
47719,47936
47719,48120
47719,47717
47848,48121
47848,47585
47848,48122
47848,48123
47848,48124
47848,48125
47848,47815
47848,47512
47848,48126
47848,48127
47848,48128
47848,48129
47848,47580
47848,48130
47848,48131
47848,48132
47848,48133
47848,47848
47848,48134
47719,47381
47848,48135
48136,48110
48136,48137
48138,48139
48138,48140
48138,48141
48138,47808
48138,48142
48138,48143
48138,48144
48138,48145
48138,48146
48138,47809
48138,48147
48138,48148
48138,48149
48138,48150
48138,48151
48138,47810
48138,48152
48138,48153
48138,48154
48138,48155
48156,48090
48136,48157
48136,48113
48136,47586
47848,48158
47848,48159
47848,47751
47656,47654
47656,47655
47656,47603
47656,47645
48160,47445
48161,47407
48161,47535
48162,48163
48162,48164
48165,47712
48165,47717
48166,47830
48166,47831
48167,48168
48169,48113
47752,47752
47924,48170
47924,48171
47924,48172
47924,48173
47924,48174
47924,48175
47924,47717
47656,47653
47656,47424
47650,47645
47650,47652
47848,48176
47848,48177
47848,48178
47848,48179
47848,48180
47848,47588
47848,48181
47848,48182
47848,48183
47848,48184
47848,48185
48138,48186
47848,48073
47848,48110
47848,47835
47848,47652
47848,48187
47848,48188
47848,48189
47848,48190
47650,47651
47650,47424
47650,47655
47650,47603
47848,48191
48138,47817
48138,48192
48138,48193
48194,47780
48194,48195
48194,48133
48194,48196
48194,48194
48194,48197
48194,48198
48194,48199
48194,48200
48194,48178
48194,48201
48194,47497
48194,48180
48194,48202
48194,48203
48194,48204
48194,48205
48194,48206
48194,48207
48194,48208
48194,48209
48194,48210
48194,48211
48194,48212
48194,48213
48194,48214
48194,48215
47982,48216
47982,48217
47982,48218
48194,48219
48194,48220
48194,48221
48194,48113
48194,48222
48194,48223
48194,47674
48194,48224
48194,48225
48194,48226
48194,48112
48194,48227
48194,47445
48194,48228
48194,48229
48194,48230
48194,48231
48194,48232
48194,48233
48194,48234
48194,48235
48194,48236
47440,47437
48194,48237
48194,48238
48239,48240
48239,48241
48239,48242
48239,48243
48244,48199
47596,47594
48245,47421
48245,48246
48247,47424
47731,48248
47731,48249
47731,47577
47731,48250
47731,48251
48252,48113
48252,48253
48252,48254
48255,47407
48256,48257
48256,48258
48259,47407
48138,47806
48138,48260
48239,48261
48239,48262
48239,48263
48239,48264
48194,48265
48194,48266
48194,48267
48194,48268
48269,48270
48271,47412
48271,48272
48246,47421
48273,48239
48239,48274
48239,48275
48194,48276
48239,48277
48239,48278
48239,48279
48239,48280
48239,48281
48239,48282
48239,48273
48239,48283
48239,48284
48239,48285
48239,48286
48239,48287
48239,48288
47440,47465
47668,47666
47440,47468
48289,48290
48289,47720
48289,47498
48289,47432
48289,47614
48289,48291
48289,48292
48289,48293
48289,47521
48289,48294
48289,47713
48289,48295
48289,48296
48289,47714
48289,48238
48289,47499
48289,48297
48289,47500
48289,48298
48289,47716
48289,47501
48289,48299
48289,47523
48289,47717
48289,48300
48289,48301
48289,48302
48289,48303
48289,48304
48289,48305
48289,48306
48289,48307
48289,48308
48289,47430
48289,48309
48289,48310
48289,48311
48289,47722
48289,47577
48289,47436
48289,48198
48289,48312
48289,48313
48289,48314
48289,48315
48289,47519
48289,47418
48289,48316
48289,47497
48289,48317
48289,47520
47522,48318
47522,48319
48320,48321
48322,47831
48322,48323
48322,48324
48322,48325
48322,47835
48322,48326
48322,48327
48328,48329
48328,48322
48328,48330
48328,48331
48328,48332
48328,48333
48328,48334
48328,48335
48328,47534
48328,47831
48328,48336
48328,48326
47815,48337
47815,47580
47722,47717
48338,47445
48322,48339
48322,47534
48322,48340
48322,48341
48320,47407
48113,48342
48113,48113
48113,47572
48113,48343
48113,48112
48344,47527
48344,48113
48344,48345
48344,48346
48322,47674
48289,47646
48322,48331
48322,48332
48322,48347
48322,47670
48322,47829
48322,48348
48322,48349
48322,48350
48322,48333
48322,47671
48322,48351
48322,48352
48322,48353
47527,47421
48289,47780
48289,48354
48355,48356
48355,48357
48355,48358
48355,48359
48355,48360
48355,47408
48355,48361
47627,48362
47627,48363
47627,48201
47627,47631
47627,48310
47627,47625
48364,47421
47737,48365
47737,48366
47737,48367
47737,47717
48368,48292
47613,47577
47524,47421
47780,47655
47780,48198
48355,48369
47780,47637
48355,48370
48355,48371
48372,48373
48372,48374
48372,48375
48372,48376
48372,48377
48372,48378
48372,48379
48372,47625
48372,48380
48372,48381
48372,48382
48372,48383
47428,47421
47428,47533
47428,47407
48384,48385
48384,48386
48384,48387
48384,48388
48384,47407
48384,47425
48389,47534
48355,48390
48355,48391
47780,47424
47780,47519
47780,47523
48289,48392
48289,47634
48289,48043
48289,48364
48289,47407
48289,48393
48289,47738
48289,47747
48289,47615
48289,48394
48289,48395
48289,48396
48289,47610
48289,48397
48289,47737
48289,48368
48289,48398
48289,48399
48289,48400
48289,48401
48289,47613
48289,48402
48289,47524
48289,47712
48289,47657
48289,48403
48289,47627
47780,47497
47780,48404
47418,47424
47418,48405
47418,48406
47720,47719
47720,48407
47720,47713
47720,48408
47720,47717
47713,48409
48289,47424
47713,48410
47501,48132
47501,47713
48289,48411
48289,48412
48289,47602
48289,48413
48289,47421
48289,47422
48289,47517
48289,47426
48289,47429
47713,47717
47420,47445
47420,48204
47420,48414
48415,48199
48415,48203
48415,48416
48415,48194
48415,48227
48415,48231
48415,47725
48415,48179
48415,48265
48415,48178
48415,48417
48415,48418
48415,47628
48415,48419
48415,48420
48415,48421
48415,48422
48415,48204
48415,48423
48415,48424
48415,48425
48415,48426
48427,47421
48415,48428
48427,47419
48415,48429
48415,48200
47749,48430
47749,48431
47749,47539
48399,48432
48399,48433
48399,48434
48399,48435
48399,48436
48399,48437
48399,48209
48292,48438
48292,47426
48292,47429
48292,47519
48292,47538
48292,48368
48292,48439
48292,47498
48440,48441
48440,48442
48440,48443
48415,48221
48415,48444
48415,48445
48427,47516
48331,47534
47445,47782
47421,47572
47421,47504
47421,47505
47421,47506
47421,47511
47421,47529
47421,47514
47421,47554
47421,47560
47421,47571
47421,47713
47421,48446
47421,48245
47421,47507
47421,48364
47421,47538
47421,47422
47421,47426
47421,47429
47421,47424
47421,47408
47421,47515
47421,47516
47421,47539
47421,47750
47421,47573
47421,48447
47445,48448
47445,48338
48449,47845
48449,47546
48449,48450
48449,47445
48449,48451
48449,48452
48449,48338
48453,47546
48453,48450
47749,47811
48453,47445
48453,48451
48453,48452
48453,48338
48452,47546
48452,48450
48452,47445
48452,48449
48452,48454
48452,48453
47421,48020
47421,48455
48453,48449
47749,48456
47749,48457
47749,48458
48412,48229
48412,47829
48412,48459
48412,48460
48412,47525
48412,48404
48412,48461
48412,48462
48412,48463
48412,48464
48412,48465
48412,48315
48412,47519
48412,48466
48412,47497
48412,48467
48412,48468
48412,48469
48412,48470
48412,48471
48412,47780
48412,48195
48412,48198
48412,47830
48412,48472
48473,47481
48474,48475
47420,48476
47420,48477
47420,47555
47420,47547
47420,48478
47420,47407
47420,48479
48480,48481
48480,48474
48480,48482
48480,48483
48412,48484
48480,48485
48480,48486
48480,48487
48480,47770
48474,48480
48474,48481
48474,48482
48474,48488
48474,48485
48474,48489
48474,48486
48474,48490
48480,48489
48372,48491
48412,48415
48412,48327
47497,48310
47497,48198
47497,48312
47497,48315
47497,47519
47497,47498
47497,47432
47497,48291
47497,48238
47497,47499
47497,47716
47497,47523
48116,48492
48116,48493
47440,47439
48116,47631
48116,48100
48116,48494
48116,47625
47749,47666
47749,47813
47749,48495
47749,47748
47497,48307
47497,47424
47497,48496
47497,47615
47615,48412
47615,48497
47615,48498
47615,48499
47615,48500
47615,48501
47615,48308
47615,48502
47615,48503
47615,48504
47615,48432
48412,48433
47615,48505
47519,48415
47432,48506
47432,48507
47432,47731
47497,48399
47497,48412
47497,47602
47497,48508
47497,47422
47497,48509
47497,47634
47519,48510
48372,48511
47831,47830
48372,48512
47559,48513
47559,48514
47559,48515
47559,47605
47559,48516
47559,47561
47559,48517
47559,48518
47559,48519
47559,48520
47559,47567
47559,48521
47559,47677
47559,48431
47559,47568
47559,48185
47559,48292
47559,47571
47559,48522
47559,47433
47559,48523
47559,47573
47559,48524
47559,48447
47559,48525
47559,48526
47559,48455
47440,47475
47440,47474
47440,47473
47440,47472
47440,47471
47440,47470
48372,48527
47559,48528
47440,47469
47559,48529
47559,48530
47559,48531
47559,48409
47559,47424
47559,48532
47559,47551
47559,47552
47559,48533
47559,48534
47559,48075
47559,48535
47559,48536
47559,48537
47559,48538
47559,48539
47559,48540
47559,48040
47573,48495
47573,48541
47573,48542
47573,48543
47573,47444
47573,47426
47573,47508
47573,48544
47573,48545
47573,47712
47573,47510
47573,48043
47573,47428
47573,48546
47573,47747
47573,47598
47573,47847
47573,48547
47573,47814
47573,48548
47573,48549
47573,48550
47573,47851
47573,48551
47573,47421
47573,48552
47573,47666
47559,48553
47559,48554
47559,47538
47559,47708
47559,47539
47559,48555
47559,47541
47559,48556
47559,47542
47559,47645
47559,48557
47440,47476
47559,47523
47532,47506
47532,47426
47532,47407
47532,47428
47572,47421
47572,47407
47573,47502
47573,48558
47573,48559
47573,48560
47573,47506
47564,47407
47440,47477
47440,47478
47440,47479
47559,48078
47559,47515
47559,47666
47559,48561
47559,48411
47559,48562
47559,48563
47555,47407
47507,47429
47507,47426
47507,47421
47507,47538
47507,48364
47507,47533
47507,47425
47507,47550
47507,47571
47507,47532
47507,47560
47507,47554
47507,47424
47507,47530
47507,47516
47559,47421
47559,48495
47559,47508
47559,48564
47559,48565
47559,48566
47559,47535
47559,48567
47559,47516
47559,48568
47559,48569
47559,48368
47559,48570
47559,48548
47559,47672
47507,47514
47559,47434
47559,48571
47559,48572
47559,47747
47559,48573
47559,47496
47559,48574
47559,48575
47559,47748
47559,47510
47559,48544
47559,47657
47559,48576
47573,47679
47507,47529
47507,47428
48547,48577
48547,48558
48547,47464
47440,47438
47440,47466
47440,47440
47440,47480
47440,47467
47440,47493
47440,47492
47440,47491
47440,47490
47440,47489
47440,47488
47440,47487
47440,47486
47440,47485
47440,47484
47440,47483
47440,47452
47440,47482
47440,47494
47440,47481
48547,47814
48547,47851
48547,47447
48547,47690
47507,47407
47507,47507
47507,47515
47507,47506
47507,47505
47507,48578
47507,47504
47507,47527
47505,47713
47505,47428
47505,47429
47507,47511
47505,47426
47505,47560
48579,48547
48579,47580
48579,47815
48547,48580
48547,47705
48547,47594
48547,47700
48547,48581
48547,48582
48547,48583
47505,47421
47573,48404
47559,48430
47573,48584
47770,48585
47770,48586
47770,48587
47770,48577
47770,48558
47770,48580
48588,48589
48588,48199
48590,48591
48590,48592
48590,47992
48410,48040
48410,47713
48410,47717
48593,48594
48593,47830
48595,48596
48595,47577
48595,47616
48122,48123
48122,48597
48122,47812
48598,48090
47770,48599
48600,48600
47770,48601
47770,48602
48372,48603
48372,48604
48372,48605
48372,48606
48372,48607
48372,48608
48372,48609
48372,48610
48372,48611
48372,48612
48372,48613
48372,48614
48372,48615
47672,47418
47672,47424
48199,48616
47770,48617
47770,48618
47770,48619
47770,47594
47770,48620
47770,48581
47770,48582
47770,48621
48600,48254
48600,48137
48600,48113
48622,48623
48622,48624
48622,48075
48622,47580
48622,48625
47757,47717
48622,48626
48622,48627
48622,48628
48622,47632
48622,48629
48622,47599
48622,48630
48622,48631
48622,48632
48622,47433
48622,48633
48634,48634
47618,47619
47618,48635
48448,48636
48448,47445
47757,47614
48622,48188
48254,48113
48254,48137
48254,48252
48600,48637
48600,48638
48600,48253
48600,48159
48600,48639
47757,47756
48600,47586
48600,48640
48600,48641
48600,48642
48600,48643
48372,48644
48600,48645
48600,48646
48600,48136
48600,48647
48600,48648
48600,48649
47757,47765
48600,48252
48254,48600
48254,48647
48254,48648
48254,48649
47573,48650
48372,48651
48372,48652
48372,48653
47573,48451
47573,48654
47573,48602
47573,48655
47573,48656
47573,47765
47573,47561
47573,47575
47573,48657
47573,48658
47573,48659
47573,48290
47573,48660
47573,47850
47573,47567
47573,48430
47573,48661
47573,48662
47573,48663
47573,47677
48372,48664
47573,48665
47573,48666
47573,48667
47573,48447
47573,47559
47573,48621
47573,48668
47573,48669
47573,48670
47573,48566
47573,48528
47573,47852
47573,47536
47573,48529
47573,48531
47573,48671
47573,47551
47573,48672
47573,48673
47573,48536
47573,47553
47573,47554
48372,48674
47573,48675
47573,47555
47573,47556
47573,48537
47573,48311
47573,48455
47573,48676
47573,48677
47573,48431
47573,48581
47573,48292
47573,48678
47573,47708
47573,47539
47573,47569
47573,47542
47573,48679
47573,48579
47573,47543
47573,47645
47573,48680
47573,47445
47573,47548
47550,47713
48681,48682
48681,48683
48684,48257
48372,48685
48372,48686
48372,48687
48372,48688
48372,48689
48372,48690
48372,48691
47573,48692
47573,48693
47573,47540
47573,47839
47573,47571
47573,48694
47573,47572
47573,47594
47573,48695
47573,48523
47573,47538
47573,48696
47573,48524
47573,48697
47573,48698
47573,48525
47573,48191
48372,48699
47573,48624
47573,48554
47573,47665
47573,48580
47573,48553
47573,48338
47573,48700
47573,48701
47573,48540
47573,48702
