673743,673744
673743,673745
673743,673746
673743,673747
673743,673748
673743,673749
673743,673750
673751,673751
673743,673752
673743,673753
673751,673743
673751,673754
673751,673755
673751,673756
673751,673757
673751,673758
673751,673759
673743,673760
673743,673761
673743,673762
673743,673763
673764,673765
673766,673762
673751,673767
673766,673763
673766,673766
673766,673748
673766,673749
673766,673768
673743,673769
673766,673770
673766,673746
673766,673745
673766,673764
673743,673743
673743,673751
673743,673771
673743,673765
673743,673768
673766,673761
673766,673772
673773,673774
673751,673775
673776,673777
673776,673778
673776,673779
673776,673780
673776,673781
673776,673782
673746,673783
673746,673784
673773,673768
673746,673761
673746,673785
673746,673760
673746,673786
673746,673752
673746,673787
673746,673788
673764,673749
673746,673789
673746,673790
673751,673791
673773,673792
673773,673779
673751,673746
673751,673793
673751,673794
673751,673795
673751,673796
673751,673797
673751,673798
673751,673799
673773,673800
673751,673801
673751,673771
673751,673802
673751,673803
673751,673765
673751,673804
673751,673805
673773,673806
673773,673807
673751,673808
673764,673809
673810,673811
673761,673764
673812,673813
673812,673814
673812,673815
673812,673816
673812,673817
673812,673818
673812,673819
673812,673820
673812,673821
673812,673822
673812,673823
673812,673824
673812,673825
673812,673826
673812,673827
673810,673828
673810,673829
673810,673810
673812,673830
673810,673831
673812,673832
673812,673833
673812,673834
673812,673835
673812,673836
673812,673837
673812,673838
673812,673839
673812,673840
673812,673841
673812,673842
673812,673843
673812,673844
673812,673845
673812,673757
673812,673846
673812,673847
673812,673848
673812,673849
673812,673850
673812,673851
673764,673790
673746,673780
673810,673786
673757,673794
673757,673852
673757,673746
673757,673853
673757,673854
673770,673855
673770,673856
673770,673857
673757,673858
673770,673859
673770,673860
673761,673746
673761,673861
673761,673766
673761,673862
673761,673768
673761,673790
673761,673809
673770,673863
673810,673752
673757,673796
673757,673808
673810,673854
673810,673760
673810,673864
673810,673785
673810,673744
673810,673865
673810,673784
673866,673867
673757,673799
673866,673746
673866,673762
673868,673869
673757,673870
673757,673805
673757,673804
673757,673765
673757,673803
673757,673771
673866,673871
673746,673872
673858,673762
673746,673873
673765,673874
673765,673875
673765,673876
673765,673749
673765,673869
673757,673759
673765,673743
673765,673855
673765,673877
673765,673784
673765,673777
673765,673762
673765,673760
673765,673780
673765,673878
673765,673879
673765,673880
673765,673764
673765,673805
673781,673881
673781,673745
673858,673882
673858,673873
673781,673883
673781,673884
673781,673885
673781,673743
673781,673751
673781,673773
673765,673783
673781,673763
673781,673746
673781,673779
673781,673858
673781,673886
673781,673887
673781,673888
673781,673889
673781,673765
673781,673776
673765,673751
673765,673787
673765,673788
673890,673891
673892,673893
673830,673894
673830,673875
673830,673895
673830,673880
673830,673765
673830,673863
673896,673897
673757,673898
673757,673899
673757,673761
673757,673900
673757,673751
673757,673755
673757,673756
673757,673757
673812,673901
673757,673902
673858,673903
673881,673745
673881,673889
673765,673789
673765,673872
673765,673903
673765,673882
673765,673873
673745,673768
673881,673743
673881,673751
673881,673765
673881,673773
673881,673776
673881,673746
673881,673779
673881,673858
673881,673781
673881,673886
673881,673887
673881,673888
673881,673763
673858,673805
673858,673804
673858,673872
673746,673797
673746,673798
673746,673904
673746,673799
673746,673801
673746,673808
673746,673802
673746,673803
673746,673796
673746,673804
673779,673777
673779,673776
673779,673780
673779,673782
673858,673780
673858,673777
673858,673905
673858,673783
673746,673805
673858,673906
673746,673858
673746,673794
673746,673762
673746,673866
673746,673751
673746,673754
673746,673755
673746,673768
673746,673756
673746,673757
673746,673795
673746,673758
673746,673767
673746,673907
673746,673791
673746,673775
673746,673854
673746,673746
673746,673852
673746,673793
673746,673759
673746,673882
673858,673751
673858,673755
673858,673794
673858,673795
673858,673796
673858,673797
673858,673798
673858,673799
673858,673908
673858,673801
673858,673793
673858,673909
673858,673808
673858,673771
673858,673910
673858,673749
673858,673802
673858,673803
673858,673765
673858,673911
673858,673912
673858,673754
673858,673852
673858,673788
673858,673768
673858,673763
673858,673756
673858,673757
673858,673761
673757,673907
673858,673758
673858,673759
673858,673789
673858,673767
673858,673791
673858,673775
673858,673854
673858,673913
673858,673914
673858,673746
673858,673915
673858,673787
673858,673907
673812,673916
673917,673918
673812,673919
673885,673920
673885,673921
673885,673922
673885,673923
673885,673924
673885,673925
673885,673880
673885,673926
673885,673927
673885,673928
673885,673929
673885,673930
673885,673781
673885,673931
673885,673932
673885,673933
673885,673934
673885,673935
673885,673936
673885,673937
673885,673938
673939,673780
673940,673780
673940,673941
673942,673943
673944,673768
673944,673935
673945,673946
673945,673947
673885,673948
673949,673945
673934,673780
673934,673950
673934,673951
673934,673935
673934,673885
673952,673953
673952,673891
673954,673885
673934,673811
673885,673955
673956,673935
673956,673920
673935,673777
673935,673956
673935,673768
673935,673885
673935,673957
673935,673950
673935,673944
673935,673958
673935,673807
673935,673959
673935,673760
673920,673935
673920,673811
673920,673934
673920,673807
673920,673777
673920,673956
673811,673920
673935,673780
673939,673960
673935,673934
673935,673961
673956,673961
673956,673811
673956,673807
673956,673777
673956,673957
673956,673962
673956,673963
673956,673951
673935,673811
673956,673964
673956,673965
673956,673960
673956,673966
673956,673944
673956,673768
673956,673958
673956,673959
673935,673920
673956,673950
673939,673846
673939,673967
673939,673777
673968,673969
673968,673970
673968,673971
673968,673972
673968,673973
673968,673974
673968,673975
673968,673976
673968,673977
673968,673978
673968,673979
673968,673980
673968,673981
673968,673982
673968,673983
673968,673984
673968,673985
673968,673986
673968,673987
673968,673988
673968,673989
673968,673990
673991,673763
673991,673992
673991,673748
673991,673993
673991,673994
673991,673995
673991,673745
673996,673997
673968,673998
673968,673999
673968,674000
673968,674001
673968,674002
673968,673953
673968,674003
673968,674004
673968,674005
673968,674006
673968,674007
673811,673935
673968,674008
673968,674009
673809,673966
673809,673762
673809,673746
673809,673811
673809,674010
673809,673765
673809,673768
673809,673761
673809,673751
673809,673745
674011,674012
674011,673918
673936,674013
673936,673885
674014,673768
674015,674015
674016,674016
673939,673966
674017,673945
673968,674018
673809,673784
674019,674020
673968,674021
674022,673768
674022,673761
674022,674023
674022,674024
674022,674025
674022,674026
674022,674027
674028,674029
674030,673786
674031,674032
674031,674033
674031,674034
674031,674035
674036,674037
674020,674019
674020,673943
674019,673943
674030,673780
673811,673780
673811,673934
673811,673777
674038,674039
674038,674040
674038,674041
674038,674042
674038,674043
674038,674044
674038,674045
674038,674046
674038,674047
674048,674037
674049,673953
674050,674051
674052,674053
673812,674054
673812,674055
673812,674056
673812,674057
673812,674058
674059,673768
673812,674060
674038,674061
674038,674062
674038,674063
674038,674064
674038,674065
674038,674066
674038,674067
674038,674068
674038,674069
674038,674070
674038,674071
674038,674072
674038,674073
673770,674074
674038,674075
674038,674076
674038,674077
674038,674078
674038,674079
674038,674080
674038,674081
674038,674082
673812,674083
673812,674084
673812,673861
673812,674085
673812,674086
673812,674087
673812,674088
673812,674089
673812,674090
673812,674091
673812,674092
673812,674093
673812,674094
673812,674095
673812,674096
673812,674097
673812,674098
673812,674099
673812,674100
673812,674101
673812,674102
673812,674103
673812,674104
673812,674105
673812,674074
673812,674106
673812,674107
673812,674108
673812,673810
673812,674109
673812,673866
673812,674110
673812,674111
673812,674112
673812,674113
673812,674114
673812,674115
673812,674116
673812,674117
673812,674118
673812,674119
673812,673812
673812,674120
673812,673868
674038,674121
674038,674122
673943,674123
673943,674124
673943,674031
673943,674125
673943,674126
673943,674127
673943,674128
673943,674129
674130,673943
673943,674131
673943,674132
673943,674133
673943,674134
674004,673768
673768,673766
673768,674135
673768,673935
673768,673759
673943,674136
673768,674137
673777,673807
673807,673959
673811,674138
673811,673956
673811,673951
673811,673950
673811,674139
673807,673935
673807,673920
673807,673961
673777,673935
673807,673811
673807,673777
673807,673956
673807,673768
673807,673773
673807,673957
673807,673950
673807,673944
673807,673958
673807,673934
674038,674140
673768,673944
673768,673745
674038,674141
674038,674142
674038,674143
674038,674144
674038,674145
674038,674146
674038,674147
674038,674148
674038,674149
674038,674150
674038,674151
674038,674152
674038,674153
674038,674154
674038,674155
674038,674156
674038,674157
674038,674158
674038,674159
673768,673807
674038,674160
674161,673768
673768,673761
673768,673957
673768,673950
673768,673956
673768,674162
673768,673809
673768,674163
673768,674164
674038,674165
673768,674166
673768,674167
673768,674168
673768,673790
673768,673749
673768,673746
673768,673748
673768,673763
673768,673762
673768,674169
673770,674170
673875,674106
673770,674106
673907,674171
673907,674172
673915,673765
673797,673869
673749,673875
673749,674173
673749,673765
673805,673751
673805,673754
673805,673755
673805,673756
673805,673757
673805,673758
673805,673759
673805,673767
673805,673791
673805,673775
673907,674174
673907,673864
673907,673907
673907,673761
674175,674175
673906,674176
673906,673768
673906,673763
673906,674177
673906,673960
673906,674014
673906,673992
673805,673746
673906,673748
673906,674178
673906,673994
673906,674179
673906,674170
673906,674180
673767,673869
673907,673768
673907,673807
673906,674181
673805,673793
673805,673794
673805,673795
674182,674183
674182,674184
674182,673762
674182,674185
674182,674186
674182,674187
674182,674188
674182,674189
674182,673813
674182,673771
674182,674106
674182,674190
674182,673869
673755,673878
673755,673756
673755,673757
673755,673759
673755,674191
674182,674192
674193,674194
674182,673815
674182,674195
673805,673858
673805,673796
673805,673797
673805,673798
673805,673799
673805,673801
673805,673808
673805,673802
674182,674196
673805,673803
673805,673804
673805,673805
674124,673943
674197,674198
674182,674199
674182,674200
674182,673817
674182,674201
673805,673765
674202,673760
674203,674203
674204,674012
673780,674205
673780,673790
673780,674206
673780,674207
673780,674208
673780,674209
673780,674210
673780,673785
673780,673746
673780,673752
673780,673927
673780,673935
673790,673873
673790,673882
673790,673872
673790,673858
673790,673780
673790,673789
673780,673778
673790,673788
673780,674030
673780,674211
673784,673780
673784,673788
673784,673790
673784,674212
673784,673873
673784,673777
674139,674172
674139,673965
673780,673940
674139,673811
674139,673790
674139,673960
674139,673966
674139,673784
674139,673956
673780,673811
673780,673782
673780,673777
674139,673785
673755,673794
673790,673787
673790,673746
674012,674213
674012,674214
674012,674215
674012,674011
674012,674216
674012,674217
673991,673768
674012,674218
674012,674219
674012,674220
674012,674221
674012,674222
674012,674223
674012,674224
674225,673918
674226,673918
674226,674225
674226,674227
674012,674228
673790,673752
674012,674229
674012,673917
673790,673786
673790,673760
673790,673785
673790,673761
673790,673784
673790,673783
673790,673765
673790,673768
674012,674230
674231,674232
674233,673752
673752,674234
673752,673780
673752,673811
673752,673760
674012,674235
674012,674236
674012,674237
674233,673885
673784,674139
673755,673796
673755,673808
673895,673894
673895,673875
673895,673880
673895,673765
673895,673863
674129,674238
674129,674239
674129,674240
674129,674241
674129,673943
674129,674033
674242,674037
674229,674012
673786,673780
673782,674243
673782,673779
673782,673752
673895,673830
674138,673863
674138,674244
674138,673895
674245,674246
674245,673872
674245,674247
674245,673903
674245,673882
674245,673873
674248,673869
674138,673967
673782,673956
674138,674249
674138,674250
674138,674030
674138,673765
674138,673760
674138,673961
674138,673937
674138,673885
674138,673811
674138,673780
673782,673784
673782,673751
673782,673966
673782,673863
673782,673782
673782,673780
673903,673783
673903,673751
673903,673762
673903,673768
673903,674251
673782,674030
673903,673746
673903,673788
673903,673789
673903,673858
673903,673991
673903,673872
673903,673882
673903,673873
674230,674012
673903,673787
674245,674252
673782,674170
673782,674244
673782,673777
673782,673967
673782,673768
673782,674138
673782,673960
673782,674253
673782,674254
673782,673744
673782,673765
673782,673785
673782,673786
673782,673746
673782,673811
673782,673858
673782,673875
673782,674139
673782,673961
673782,673939
673782,673760
674245,674255
674245,673789
674245,673788
673759,673799
673759,673808
673759,673803
673759,673804
673759,673805
673796,673751
673796,673762
673796,674256
673759,673796
673796,673755
673796,673757
673796,674257
673796,673759
673796,674258
673796,674259
673796,673746
673796,673852
673796,674260
673796,673756
673796,673794
673759,673858
673759,673852
673755,673771
673755,673803
673755,673765
673755,673804
673755,673805
673759,674261
673759,674262
673759,674263
673759,673794
673759,674264
673759,673751
673759,673755
673759,673768
673759,673756
673759,673757
673759,673759
673759,673907
673759,673746
673759,673869
673755,673799
673796,673858
673796,673799
674227,673918
674265,674266
674247,673783
674247,674267
674247,674268
674247,674269
674247,674245
674247,674270
674227,674225
674247,673788
674247,674271
674247,673872
674247,673903
674247,673882
674247,673873
674245,673783
674245,674245
674245,674272
674247,673789
673796,673796
674227,674226
674273,673765
673796,673808
673796,674274
673796,673771
673796,673803
673796,673765
673796,673804
673796,674275
674276,674277
674278,673869
674279,674280
674279,674281
674279,674282
673762,673869
673762,673768
674283,674182
674283,673869
673748,673765
674273,673869
674279,674284
673770,673765
673784,674285
674286,673943
673875,674287
673875,674288
673875,674289
673875,674113
673875,674290
673875,674291
673875,673875
673875,674092
673875,674292
673875,674293
673875,674294
673875,674295
673875,674088
673875,674296
673875,674297
673875,674298
673875,674299
673875,674300
673875,674301
673875,674192
673875,674302
674033,674129
674033,674303
674033,674304
674033,674305
674033,674306
674033,674031
674033,673943
674033,674307
673875,674308
674033,674309
674033,674310
673875,674311
673875,674312
673875,674313
673875,674314
673875,674315
673875,673869
673875,674316
674033,674317
673875,674318
673875,674319
673875,674320
673875,674170
673875,674206
673875,674321
673875,674322
673875,674323
673875,673771
673875,674273
673875,674324
673875,673855
673875,674325
673875,674326
673875,674327
673875,674328
673875,674329
673875,674330
673875,674331
673875,674093
673875,674248
673875,674332
674333,674033
673875,674334
673875,674335
673875,674336
673875,674337
673875,674338
673875,674339
673875,674182
673875,674340
673875,673762
673875,673863
673875,674341
673875,673765
673875,673895
673875,673894
673875,673830
673875,674138
673875,673874
673875,674342
673875,674278
673875,674343
673875,673880
674333,674344
674333,674345
673863,673811
673770,674346
673770,673841
673770,674347
673770,673844
673770,673845
673770,674348
673770,674349
673770,674350
673770,674320
673770,674351
673770,674352
673770,673830
673770,674199
673770,674353
673770,674354
673770,673827
673770,674355
673770,674278
673770,674356
673770,674357
673770,674358
673770,674359
673770,674360
673770,674192
673770,674300
673770,673880
673770,674110
673770,674289
673770,673771
673770,674361
673770,674308
673770,674362
673770,674328
673770,674363
673770,674364
673770,674293
673770,674365
673770,674298
673770,674366
673770,674367
673770,673875
673875,674368
673770,674369
673770,674334
673770,674370
673770,673878
673770,674371
673880,673863
673880,673765
673880,674362
673880,673895
673880,674293
673770,673762
673880,674348
673863,673863
673863,673765
673863,673880
673863,673895
673863,674362
673863,674293
673863,674138
673863,674244
673880,674138
673770,674372
673770,674373
673770,674374
673770,674375
673770,674376
673770,674377
673770,674322
673770,674273
673770,674325
673770,674332
673770,674326
673770,674283
673770,674327
673770,674248
673770,674378
673770,673868
673770,673748
673770,674379
673770,674380
673770,674381
673770,674382
673770,674383
673784,673765
673875,674384
673875,673868
673950,673959
673950,673768
673966,674030
673966,673809
673966,673939
673966,674010
673966,673960
673966,673784
673966,674172
673966,674139
673966,673965
673966,673811
673966,673785
673966,673790
673966,673956
673753,673760
673753,673750
673950,673944
673950,673958
673950,673935
673950,673956
674128,673943
673957,673935
673957,673958
673957,673950
673957,673944
673957,673959
673957,673807
673957,673768
673753,673744
673957,673956
673950,673962
673950,673963
673950,673951
673950,673964
673950,673965
673950,673960
673950,673807
673950,673966
673950,673957
673753,673743
673753,673752
673753,673753
673918,673917
673918,674385
673918,674386
673918,674387
673918,674388
673918,674226
673918,674227
673918,674389
674390,673918
673918,674391
673918,674392
673918,674393
673918,674394
673918,674395
673918,674396
673918,674397
673918,674398
673918,674225
673918,674399
673875,674354
673744,673743
673744,673760
673760,673782
673760,673780
673760,673811
673760,673752
673760,673786
673760,673760
673760,673785
673760,673777
673744,673750
673760,673784
673760,673750
673760,673744
673760,673743
673760,674400
673760,674401
673760,674402
673744,673753
673744,673752
673760,673753
673875,674353
673875,674200
673875,673820
673875,674403
673875,674404
673875,674405
673875,674406
673875,674407
673875,674408
673875,674409
673875,674410
673875,674411
673875,673814
673875,674412
673875,674413
673875,674414
673875,674415
673875,674416
673875,674417
673875,674418
673875,674419
673875,674420
673875,674421
673875,674373
673875,674422
673875,674367
673875,674423
673875,674424
673875,674425
673875,674426
673875,673841
673875,674427
673875,674379
673875,673770
673875,674428
673875,674429
673875,674381
673875,674430
673875,674431
673875,674382
673875,674374
673875,674283
673875,674432
673875,674380
673875,674433
673875,674434
673875,674435
673875,674436
673875,673821
673875,674437
673875,673813
673875,674438
673875,673815
673875,674439
673875,674195
673875,674440
673875,674441
673875,673816
673875,674442
673875,674443
673875,674444
673875,674445
673875,673818
673875,674446
673875,674447
673875,674448
673875,674449
673875,674450
673875,674451
673875,673827
673875,674452
673875,674453
673875,674454
673875,673856
673875,674455
673875,674456
674012,674457
673875,674183
673875,674458
673875,674361
673875,674364
673875,674459
673875,674100
673875,674460
673875,674461
673875,674347
673875,674462
673875,674463
673991,674375
674464,674465
674466,674467
674468,674469
674468,673960
674468,674470
674468,674471
674468,673966
674468,674472
674468,674473
674468,674474
674468,674475
674468,674212
674468,674476
674477,673945
673876,673765
674468,674478
674479,673997
674480,673943
674481,674482
674481,674483
674481,674484
674481,674485
674486,673935
674486,673768
674487,674488
674489,674490
674489,674491
674489,674492
674489,674493
674489,674494
674495,673997
674489,674496
674468,674497
674468,674498
674468,674499
674468,674172
674468,674500
674468,674501
674468,674502
674468,674285
674468,674503
674468,674504
674468,674505
674468,674506
674468,673951
674468,673958
674468,674507
674468,674508
674468,674118
674468,674509
674468,674510
674468,674511
674468,673965
674468,674512
674468,674513
674468,674514
674468,673902
674468,674468
674468,674515
674468,674516
674468,674517
674468,674518
674468,673950
674489,674519
674489,674520
674489,674521
673829,673768
673864,673828
673864,673829
673864,673810
673864,673831
673864,673811
673864,673752
673864,673786
673864,673854
674466,674522
674466,674523
674466,674524
674466,674525
673829,673761
674466,674526
674466,674527
674466,674528
674466,674529
674466,674530
674466,674531
674466,674147
674466,674532
674466,674533
674466,674534
674466,674535
674466,674536
674466,674537
674466,674538
674466,674539
674540,673953
674541,673953
674542,674037
674489,674543
674489,674544
674489,674545
674546,673945
674547,674548
674549,674548
674550,673918
674551,673997
674552,673997
674553,673780
673874,673765
673874,673875
673874,673860
673874,674206
673874,674110
673874,674324
673874,674365
673874,674554
673874,674555
674556,674557
674558,673943
674464,674559
674464,674560
674464,674561
674464,674562
674563,673953
674564,673953
673955,673885
674565,674566
674468,674567
674468,674568
674468,674569
674468,674570
674571,674572
674572,674571
674572,674573
674574,673760
674575,673885
674576,673765
674576,674266
674576,673811
674576,673953
674577,674037
674578,674579
674580,673997
673933,673885
674571,674581
674582,673997
674583,674266
674583,674037
674584,673811
674584,673760
674584,673768
674585,674037
674586,673885
674587,674037
674588,674037
674588,674589
674590,674037
674176,673768
674386,673918
674591,674592
674241,674033
674241,674593
674593,674033
674594,674579
674594,674595
674126,674596
674126,674317
674126,674225
674126,674597
674126,674598
674126,674034
674126,674031
674126,674599
674126,673943
674126,674241
674126,674033
674126,674306
674126,674600
674601,674601
674602,674488
674209,673811
674209,673752
674209,673760
674209,673780
674234,673780
674234,674027
674234,673936
674234,673885
674234,673752
674234,673786
674234,673784
674593,674241
674603,674604
674466,674605
674603,674606
674603,674607
674608,673997
674228,674012
674228,674216
674228,674236
674228,674230
674609,674548
674610,673780
674610,674611
674548,674612
674548,674613
674548,674609
674548,674614
674548,674615
674616,673768
674548,674617
674548,674618
674548,674619
674548,674620
674548,674621
674548,674622
674548,674623
674624,673997
674625,673943
674134,673943
674613,674548
674626,673918
674468,674627
674468,674628
674548,674629
674630,673762
674630,673773
674630,673768
674631,673780
674632,673945
674633,673997
674633,674634
674635,674037
674635,673945
674636,673945
674636,674637
674636,674638
674636,674639
674636,674640
674630,674056
674630,673745
674630,673855
674630,673749
674630,673887
674630,673781
674630,673858
674630,673779
674630,673746
674630,674641
674630,674642
674630,673748
674630,673774
674630,673761
674630,673766
674630,673776
674630,673770
674630,673763
674603,674643
674466,674644
674466,674645
674466,674646
674466,674647
674466,674648
674466,674573
674466,674649
674466,674650
674466,674651
674466,674652
674466,674653
674466,674654
674466,674655
674466,674656
674466,674657
674466,674658
674466,674659
674466,674660
674466,674661
674466,674662
674466,674663
674466,674664
674466,674665
674466,674666
674466,674667
674466,674668
674466,674669
674466,674670
674466,674671
674466,674672
674466,674673
674466,674674
674466,674675
674466,674676
674466,674677
674466,674678
674466,674679
674466,674680
674466,674681
674466,674682
674466,674683
674466,674684
674466,674685
674466,674686
674466,674687
674466,674688
674466,674689
674466,674464
674466,674690
674466,674691
674466,674692
674466,674693
674466,674694
674466,674695
674466,674696
674466,674697
674466,674698
674466,674699
674466,674700
674466,674701
674466,674702
674466,674703
674466,674704
674466,674705
674466,674706
674466,674707
674466,674708
674466,674709
674710,674482
674711,674712
674711,673945
674713,673997
674712,673947
674712,673945
674136,673943
674714,674579
674714,674715
674714,674716
674714,674703
674714,674661
674714,674669
674710,674483
674714,674670
674714,674717
673864,673768
673864,673807
673864,673761
673864,673907
673864,674174
673864,674171
673864,674172
673864,673784
673864,673865
673864,673744
673864,673785
673864,673760
674714,674718
674710,674484
674710,674485
674710,674481
674466,674717
674466,674719
674466,674720
674721,674053
674722,674037
674723,674033
674724,673760
674725,674726
674725,673943
674725,674230
674725,674214
674725,674727
674725,674216
674725,674129
674620,674728
674620,674729
674620,674557
674620,674730
674620,674609
674620,674731
674620,674548
674620,674732
674620,673918
674620,674216
674620,674676
674620,674733
674734,673768
674735,673997
674710,674736
674466,674737
674594,674738
674466,674739
674466,674716
674466,674740
674466,674741
674466,674742
674466,674743
674466,674744
674466,674579
674466,674745
674466,674746
674466,674747
674466,674748
674466,674749
674466,674750
674466,674751
674466,674752
674466,674753
674466,674754
674466,674755
674466,674756
674466,674757
674466,674758
674466,674759
674466,674760
674466,674578
674466,674761
674466,674762
674466,674763
674466,674764
674466,674765
674466,674766
674466,674767
674466,674718
674466,674768
674466,674769
674466,674770
674466,674771
674466,674772
674466,674773
674466,674774
674466,674775
674466,674776
674466,674777
674466,674778
674466,674779
674466,674780
674466,674781
674466,674782
674466,674783
674466,674784
674466,674785
674466,674786
674466,674787
674466,674788
674466,674789
674466,674790
674466,674791
674466,674792
674466,674160
674466,674793
674466,674794
674466,674165
674466,674795
674466,674796
674466,674797
674466,674798
674466,674799
674466,674800
674466,674801
674466,674802
674466,674803
674466,674804
674466,674805
674466,674806
674466,674807
674466,674808
674466,674809
674466,674810
674466,674811
674466,674812
674466,674813
674466,674814
674466,674815
674466,674816
674466,674817
674466,674818
674466,674819
674466,674820
674466,674821
674466,674822
674466,674823
674466,674824
674466,674825
674466,674715
674466,674826
674466,674827
674466,674828
674466,674829
674466,674830
674466,674831
674466,674832
674466,674833
674466,674834
674466,674835
674466,674836
674466,674837
674466,674838
674466,674839
674466,674840
674466,674841
674466,674842
674466,674843
674466,674844
674466,674845
674466,674846
674466,674847
674466,674848
674466,674849
674466,674850
674466,674572
674466,674851
674466,674852
674466,674853
674466,674854
674466,674855
674466,674856
674466,674857
674466,674858
674466,674859
674594,674860
674486,673944
674594,674861
674466,674594
674466,674862
674466,674863
674466,674466
674466,674457
674466,674864
674466,674557
674466,674865
674466,674866
674466,674063
674466,674867
674466,674868
674466,674869
674466,674870
674466,674871
674466,674872
674466,674873
674466,674874
674466,674875
674466,674876
674466,674877
674466,674878
674466,674879
674466,674880
674466,674881
674466,674882
674466,674883
674466,674884
674466,674621
674466,674885
674466,674886
674466,674887
674466,674888
674466,674889
674466,674890
674466,674891
674466,674892
674466,674893
674466,674894
674466,674895
674466,674896
674466,674897
674466,674898
674466,674899
674466,674900
674466,674901
674466,674902
674466,674903
674466,674904
674466,674905
674466,674613
674466,674906
674466,674907
674466,674908
674466,674909
674466,674910
674466,674911
674466,674912
674466,674913
674914,674915
674914,674916
674914,674917
674914,674918
674914,674919
674914,674920
674914,674921
674914,674922
674923,674037
674924,673765
674579,674925
674579,674926
674914,674927
674579,674714
673747,674568
673747,673994
673747,673966
674729,674794
674729,674925
674729,674730
674729,674557
674729,674457
674730,674733
674730,674609
674730,674730
674730,674557
674579,674928
674466,674929
674914,674930
674914,674931
674466,674932
674466,674933
674466,674934
674466,674935
674466,674936
674466,674937
674466,674938
674466,674939
674466,674730
674466,674940
673991,673809
673991,674177
674914,674941
674942,674037
674164,674943
674944,673780
674944,674266
674944,673811
674944,673760
674944,673953
674944,673768
674944,673885
674945,673768
674914,674946
674914,674947
674914,674948
674164,673953
674466,674949
674466,674950
674466,674951
674398,674952
674594,674953
674398,674954
674398,674955
674398,674956
674398,674957
674398,674958
674392,674959
674392,673918
674392,674960
674392,674961
674392,674956
674398,674962
674392,674963
674239,673943
674239,674238
674239,674240
674239,674129
674928,674579
674928,674714
674623,674548
674841,674741
674841,674759
674841,674964
674841,674834
674841,674965
674310,674033
674841,674966
674398,674967
674398,674959
674968,673811
674969,673953
674970,673768
674971,674548
674173,673875
674173,673749
674173,673765
674972,673885
674973,674974
674973,674037
674973,674975
674973,674976
674398,673918
674973,674977
674973,674978
674973,674979
674973,674980
674973,674981
674982,674983
674398,674984
674398,674985
674398,674986
674398,674987
674398,674988
674398,674989
674398,674990
674973,674991
674730,674729
674841,674839
674841,674846
674466,674992
674466,674993
674466,674994
674466,674995
674466,674996
674466,674728
674466,674997
674466,674998
674466,674999
674466,675000
674466,675001
674466,675002
674466,675003
674466,674729
674466,675004
674466,675005
674466,675006
674466,675007
674466,675008
674466,675009
674466,674623
674466,674612
674466,675010
674466,675011
674466,675012
674466,675013
674466,675014
674841,675015
674466,675016
674466,675017
674841,674572
674841,674856
674841,674800
674841,674803
674841,674808
674841,674819
674841,675018
674841,674826
674841,675019
674841,674680
674841,674682
674841,674686
674466,675020
674841,675021
674841,674701
674841,674702
674841,675022
674841,674573
674841,675023
674841,675024
674841,675025
674466,674043
674466,675026
674466,675027
674466,675028
674466,675029
674841,674694
674730,674728
674398,675030
674557,674711
674976,674981
674976,674973
674976,674980
674976,674979
674976,674978
674976,674991
674976,674977
674976,674975
674976,674974
673928,673885
675031,674037
675002,674794
675002,674730
675002,674557
675002,674457
675002,674729
675002,674925
675002,674906
675002,674885
675002,675002
674402,673760
673947,673945
673947,674712
673947,675032
673877,673765
674976,674037
675033,673891
675034,673997
675035,674033
675036,675037
675036,675038
675036,675039
675036,675040
675036,675041
675036,675042
675036,675043
675036,675044
675036,675045
675036,675046
675036,675047
675036,675048
673877,673784
675036,675049
675036,675050
675036,675051
674926,674579
675052,674137
675052,675053
675052,674307
675052,673943
675052,674309
675052,674168
675054,673997
675055,673760
675035,673953
675036,675056
674208,673963
674208,675057
674208,675058
674594,675021
674594,674686
674594,674932
674594,675059
674594,675060
674594,675061
674594,674557
674594,674621
674594,675062
674594,674808
674594,674800
674594,675063
674594,675064
674594,675065
674594,675013
674594,675015
674594,675066
674594,674845
674594,675009
674594,675067
674594,674839
674594,675068
674594,674998
674594,674997
674594,675069
674557,674609
674594,674950
675036,675070
674594,675071
674594,675072
674208,675073
674208,674210
674208,675074
674208,675075
674208,673780
674208,675076
674208,673840
674208,675077
674208,675078
674208,675079
674208,675080
674208,675081
674594,674152
674208,675082
675083,675084
674594,675085
674594,675086
674594,674768
674594,675087
674594,675088
674594,674791
674594,674669
674594,674605
674594,674538
674594,674659
674594,674703
674210,673780
675036,675089
674594,674812
675036,675090
674862,674910
674862,674896
674862,674888
674862,674929
674862,674612
674862,674764
674862,674728
674862,674579
674612,674548
675091,673945
675092,675093
675092,673943
674862,674621
675092,674125
674137,673768
674385,673918
675094,673943
674205,673863
674205,674170
674205,673880
674205,674206
674205,674113
674205,674362
674205,674368
674205,673780
674205,673752
675095,674037
674205,674253
674862,674863
674862,674557
674557,675096
675036,675097
674557,675098
673926,675099
673926,675100
673926,675101
673926,673891
673926,675102
673926,675103
673926,675104
673927,673885
673927,673782
674862,674457
673927,673936
674862,674795
674862,674794
674862,674772
674862,674925
674862,674533
674862,675105
674862,674523
674862,674730
674862,674938
674862,674934
674862,675106
674862,674875
673927,674234
674205,674138
673927,673780
674205,673777
675036,675107
675036,675108
675036,674364
675036,675109
675036,675110
675036,675111
675036,675112
675036,673780
675036,675113
675036,675114
675036,675115
675036,675116
675036,675117
675036,675118
675036,675119
675036,675120
675036,675121
675036,675122
675036,675123
675036,675124
675036,675125
675036,675126
675036,675127
675036,675128
674205,673967
675036,675129
675036,675130
675036,675131
675036,675132
675036,675133
675036,675134
675036,675135
675036,675136
675036,675137
675036,675138
675036,675139
675036,675140
675036,675141
674303,674033
675036,675142
675036,675143
675036,675144
675036,675145
675036,675146
675036,675147
675036,675148
675036,675149
675036,675150
675036,675151
675036,675152
675036,675153
675036,675154
675036,675155
675036,675156
675036,675157
675036,675158
