677537,677538
677537,677539
677537,677540
677537,677541
677537,677542
677537,677543
677537,677544
677537,677545
677537,677546
677537,677547
677537,677548
677537,677549
677537,677550
677537,677551
677537,677552
677537,677553
677537,677554
677537,677555
677537,677556
677537,677557
677537,677558
677537,677559
677537,677560
677537,677561
677537,677562
677537,677563
677537,677564
677537,677565
677537,677566
677537,677567
677537,677568
677537,677569
677537,677570
677537,677571
677537,677572
677537,677573
677537,677574
677537,677575
677537,677576
677537,677577
677537,677578
677537,677579
677537,677580
677537,677581
677537,677582
677537,677583
677537,677584
677537,677585
677537,677586
677537,677587
677537,677588
677537,677589
677537,677590
677537,677591
677537,677592
677537,677593
677537,677594
677537,677595
677537,677596
677537,677597
677537,677598
677537,677599
677537,677600
677537,677601
677537,677602
677537,677603
677537,677604
677537,677605
677537,677606
677537,677607
677537,677608
677537,677609
677537,677610
677537,677611
677537,677612
677537,677613
677537,677614
677537,677615
677537,677616
677537,677617
677537,677618
677537,677619
677537,677620
677537,677621
677537,677622
677537,677623
677537,677624
677537,677625
677537,677626
677537,677627
677537,677628
677537,677629
677537,677630
677537,677631
677537,677632
677537,677633
677537,677634
677537,677635
677537,677636
677537,677637
677537,677638
677537,677639
677537,677640
677537,677641
677537,677642
677537,677643
677537,677644
677537,677645
677537,677646
677537,677647
677537,677648
677537,677649
677537,677650
677537,677651
677537,677652
677537,677653
677537,677654
677537,677655
677537,677656
677537,677657
677537,677658
677659,677660
677537,677661
677537,677662
677537,677663
677537,677664
677537,677665
677537,677666
677537,677667
677537,677668
677537,677669
677537,677670
677537,677671
677537,677672
677537,677673
677537,677674
677537,677675
677537,677676
677537,677677
677537,677678
677537,677679
677537,677680
677537,677681
677537,677682
677537,677683
677537,677684
677537,677685
677537,677686
677537,677687
677537,677688
677537,677689
677537,677690
677537,677691
677537,677692
677693,677694
677695,677696
677697,677698
677699,677700
677699,677701
677702,677703
677704,677705
677704,677706
677707,677703
677707,677708
677709,677710
677711,677696
677712,677713
677714,677715
677714,677716
677714,677717
677718,677719
677720,677721
677722,677694
677537,677723
677537,677724
677537,677725
677537,677726
677537,677727
677537,677728
677537,677729
677537,677730
677537,677731
677537,677732
677537,677733
677537,677734
677537,677735
677537,677736
677537,677737
677537,677738
677537,677739
677537,677740
677537,677741
677537,677742
677537,677743
677537,677744
677537,677745
677537,677746
677537,677747
677537,677748
677537,677749
677537,677750
677537,677751
677537,677752
677537,677753
677537,677754
677537,677755
677537,677756
677537,677757
677537,677758
677537,677759
677537,677760
677537,677761
677537,677762
677537,677763
677537,677764
677537,677765
677537,677766
677537,677767
677537,677768
677537,677769
677537,677770
677537,677771
677537,677772
677537,677773
677537,677774
677537,677775
677537,677776
677537,677777
677537,677778
677537,677779
677537,677780
677537,677781
677537,677782
677537,677783
677537,677784
677537,677785
677537,677786
677537,677787
677537,677788
677537,677789
677537,677790
677537,677791
677537,677792
677537,677793
677794,677795
677537,677796
677797,677798
677797,677799
677797,677703
677698,677800
677698,677801
677698,677802
677698,677803
677698,677804
677698,677805
677797,677806
677698,677807
677698,677808
677698,677809
677698,677810
677698,677811
677812,677813
677812,677814
677812,677700
677815,677816
677815,677817
677698,677818
677815,677819
677797,677820
677797,677821
677822,677823
677822,677824
677825,677822
677825,677825
677825,677826
677825,677827
677825,677828
677825,677829
677825,677830
677797,677831
677825,677716
677825,677832
677825,677823
677825,677833
677825,677834
677825,677797
677825,677824
677825,677798
677825,677835
677825,677836
677825,677837
677815,677838
677815,677703
677815,677839
677840,677798
677840,677840
677840,677841
677840,677703
677840,677842
677840,677839
677840,677843
677844,677845
677844,677846
677840,677844
677844,677847
677844,677848
677844,677849
677844,677850
677844,677851
677844,677844
677844,677840
677844,677841
677844,677842
677852,677716
677844,677853
677840,677854
677840,677851
677840,677850
677815,677855
677815,677856
677815,677857
677815,677858
677815,677859
677815,677860
677815,677861
677838,677862
677838,677816
677838,677815
677838,677817
677838,677819
677838,677703
677838,677839
677838,677855
677840,677845
677840,677846
677840,677853
677840,677863
677840,677848
677840,677849
677822,677835
677822,677864
677822,677865
677822,677797
677866,677867
677868,677869
677868,677821
677868,677870
677868,677871
677868,677703
677868,677872
677868,677873
677869,677869
677866,677874
677869,677700
677869,677799
677869,677875
677869,677868
677869,677876
677877,677878
677835,677879
677835,677813
677835,677880
677835,677829
677869,677871
677866,677881
677866,677882
677866,677883
677866,677884
677866,677885
677866,677886
677866,677887
677866,677888
677866,677889
677866,677890
677866,677891
677866,677892
677866,677893
677866,677894
677866,677895
677866,677896
677866,677897
677866,677898
677866,677899
677866,677900
677866,677901
677866,677902
677866,677903
677866,677904
677835,677716
677905,677906
677835,677907
677835,677908
677826,677832
677826,677833
677826,677834
677826,677797
677826,677865
677826,677864
677826,677835
677826,677823
677826,677824
677826,677700
677830,677701
677830,677700
677909,677910
677822,677825
677822,677826
677822,677828
677822,677700
677822,677832
677822,677833
677822,677834
677830,677699
677826,677828
677826,677826
677826,677825
677829,677911
677829,677700
677912,677913
677912,677914
677912,677910
677912,677809
677912,677810
677912,677915
677912,677916
677912,677698
677912,677811
677912,677917
677912,677801
677810,677698
677918,677847
677832,677813
677832,677826
677832,677865
677832,677919
677832,677716
677826,677822
677835,677920
677866,677921
677905,677922
677905,677923
677924,677925
677924,677926
677924,677927
677924,677928
677924,677929
677924,677930
677924,677931
677924,677932
677924,677933
677924,677934
677924,677935
677924,677936
677924,677937
677924,677938
677924,677939
677940,677941
677940,677942
677940,677943
677944,677910
677944,677945
677924,677946
677944,677947
677924,677948
677924,677949
677924,677950
677924,677951
677924,677952
677924,677953
677924,677954
677924,677955
677924,677956
677924,677957
677924,677958
677924,677959
677924,677924
677924,677960
677924,677961
677924,677962
677924,677963
677924,677964
677924,677965
677924,677966
677924,677967
677924,677968
677924,677969
677970,677971
677970,677970
677972,677879
677886,677813
677886,677973
677886,677974
677886,677975
677886,677659
677886,677898
677886,677899
677886,677976
677886,677977
677886,677978
677886,677839
677659,677977
677659,677979
677659,677980
677659,677981
677659,677982
677659,677983
677659,677847
677659,677984
677659,677985
677659,677813
677886,677986
677886,677987
677988,677989
677972,677919
677972,677990
677972,677991
677972,677908
677972,677992
677972,677993
677972,677994
677972,677995
677972,677996
677972,677997
677972,677998
677999,677721
678000,677703
677890,677813
677890,677895
677890,678001
678001,677813
678001,677890
678002,677941
678003,677716
678004,677910
677924,678005
677924,678006
677924,678007
677924,678008
678009,678010
678009,677941
677802,677698
677827,677813
677827,677830
677827,677700
677827,677854
677827,677798
677827,677871
678011,677941
677827,677703
677827,677868
677827,677843
677827,677835
677917,678012
677917,677910
677917,678013
677917,678014
677917,678015
677917,678016
677827,677839
678017,677942
677876,677875
677876,677700
677905,678018
677905,678019
677905,678020
677905,678021
677905,678022
677905,678023
677905,678024
677905,678025
677905,678026
677905,678027
677905,678028
677905,678029
677905,678030
677905,678031
677905,677721
678032,678000
678032,677703
678033,677696
678034,678035
678010,677941
677875,677700
678036,678037
677905,678038
677861,677703
677537,678039
677960,678040
677960,677926
677960,677927
677960,677928
677960,677929
677960,677930
677960,677931
677960,677933
677960,677946
677960,677934
677960,677936
677960,677938
677924,678041
677924,678042
677924,678043
677924,678044
677924,678045
677924,678046
677924,678047
677924,678048
677960,677937
677960,677948
677960,678049
677960,677968
677960,678043
677960,678046
677960,678047
677960,678007
677960,678050
677960,678005
677960,677950
677960,677951
677960,677952
677960,677953
677960,677954
677960,677955
677960,677958
677960,678051
677960,677924
677960,677969
677960,678052
677960,677963
677960,677965
677960,677966
677960,677967
677960,678053
677866,677659
677866,677975
677866,678054
678055,677854
678055,678056
678055,678057
678055,678058
678055,677703
678055,677839
678055,677843
678055,677998
678055,678059
678055,678060
678055,677835
677854,677703
678058,678061
678058,677703
677703,678062
677703,678063
677703,678032
677703,678061
677703,678058
677703,677877
678060,677813
677703,678064
678055,677996
678055,678065
678065,678066
678065,678067
678065,677827
678065,678068
678065,678069
678065,678070
678065,677817
678065,678071
678065,677870
678055,677995
678065,678072
678065,677703
678065,677868
678055,677879
678055,677919
678055,677990
678055,678061
678055,677908
678055,677813
678055,678073
678065,678058
677703,678074
677703,678075
677703,678076
677716,677829
677716,678077
677716,678078
677716,677827
677716,678079
677716,678080
677700,677830
677700,678078
677700,677876
677716,677852
677700,677875
677700,677829
677700,678081
677700,678082
677700,677701
677700,677699
677834,678083
678084,678019
678085,678086
678085,678087
677700,677911
678088,677703
678088,677694
678088,677834
677703,678089
677703,677861
677703,678090
677703,678000
677703,677817
677703,678091
677703,678092
677703,678068
677703,678072
677703,678093
677703,677798
677703,677707
677839,677703
677839,677815
677839,677854
678094,678094
678095,678096
678097,678098
678088,677716
678088,677814
678088,677700
678065,678061
677813,678099
677813,677865
677813,677832
678100,678101
678100,678102
678100,678103
678100,678104
678100,678105
678100,678106
678100,678107
678100,678108
678100,678109
678100,678110
678100,678111
678100,678112
678100,678113
678100,678114
678100,678115
678100,678116
678100,678117
678100,678118
678100,678119
678100,678120
678100,678121
678100,678122
678100,678123
678100,678124
678125,678019
678126,677941
677941,678010
677941,678127
677941,678128
677941,678129
677941,678130
677941,678131
677941,678132
677941,678011
677941,678133
677941,678134
677941,678009
677941,678002
677941,678135
677941,678136
677941,677940
678100,678137
678100,678138
678100,678139
678100,678140
678100,678141
678085,677696
678100,678142
678100,678143
677919,677995
677919,677996
677919,678060
677919,677854
677919,678056
677919,678057
677919,678058
677919,677703
677919,677839
677919,678055
677919,677843
677908,677813
677813,678055
677813,677839
677813,677863
677813,677659
677813,677890
677813,677895
677813,678001
677813,677826
677919,677998
677919,678065
677919,678073
677919,677813
678100,678144
678100,677721
678100,678145
678100,678146
678100,678147
678100,678148
678100,678149
678100,678150
678100,678151
678100,678152
678100,678153
678100,678154
678100,678155
678100,678156
678100,678157
678100,678158
678159,678160
677919,677879
677919,677990
677919,678061
677919,677908
678100,678161
678085,678162
678085,678163
678085,678164
678062,678165
678062,677694
678078,678166
678078,678167
678078,678168
678078,678169
678078,678170
678078,678171
678078,677821
678062,678172
678078,678173
678078,678174
678078,678175
678078,677863
678078,678176
678078,677848
678078,678177
678078,678178
678078,678179
678078,678180
678078,677880
678181,677694
678182,678182
677914,678183
677942,678014
677942,678184
677942,678185
677942,678183
677942,678186
677942,678187
677942,678188
677942,678189
677942,678190
677942,678191
677942,678192
677942,677912
677942,677910
677942,677940
677942,677943
677942,678193
677942,677942
677914,677942
677914,678194
677914,678195
677914,678184
678078,678196
677942,678194
678078,678197
678078,677854
678089,677703
678089,677839
677866,678198
677866,677987
677866,678199
677866,678200
677866,678201
677866,678202
677866,678203
678089,678058
677866,678204
677866,677985
677866,678205
677866,678206
677866,678207
677866,678208
677866,677973
677866,678209
677866,678210
677866,677863
677866,677813
678089,677866
678089,678089
678089,677798
678078,678211
678078,678212
678078,677806
678078,677907
678078,677798
678078,678089
678078,677866
678078,678058
678078,677703
678078,677839
678078,678213
678078,678214
678078,677716
677863,677847
677907,677813
678089,678078
678089,678168
678089,678061
678089,678215
678089,677854
678089,677817
678078,678216
677659,678217
677942,678218
677942,678219
678091,678220
678091,677817
678091,677870
678091,678221
678091,678222
678091,677871
678091,678072
678091,678058
678091,677703
678091,678223
678091,678224
677701,677699
677701,677700
677721,677905
677721,678059
677721,677999
677721,677701
677721,678225
677721,678226
677721,677832
677701,677721
678091,678070
678091,678227
678091,678067
678085,678228
678085,678229
678085,678085
678085,678230
678085,678231
678085,678232
678085,678233
677696,677696
677696,678234
677696,678235
678236,677941
678236,678130
678236,678131
678236,678237
678130,678129
678130,677941
678130,678131
678131,678238
678131,678239
678131,678240
678091,678241
677721,678100
677942,678242
677721,678243
677721,678244
677947,677910
678013,677910
678013,678013
678013,678245
678245,677910
678245,678013
678245,678246
678245,678245
678247,678248
677910,678249
678247,678250
678247,678251
678250,678252
678250,678253
677942,677914
677942,678254
677942,678245
677942,678255
677942,678195
677942,678256
678247,678257
677910,678258
677910,678259
677910,678260
677945,677910
677945,677947
677945,678261
677945,678218
677945,678262
677910,678013
677910,677945
677910,678263
677910,677944
677910,678004
677910,677947
677910,678264
677910,678265
677910,678266
677910,678267
677910,678268
677910,678269
677910,678270
677910,678271
677910,678272
677910,678273
677721,677720
677659,678207
677960,678274
677659,678208
678275,678276
678275,678277
678275,678194
678275,678278
678275,678279
678275,678280
678275,678281
678275,678005
678275,678260
678275,678282
678275,678283
678275,678284
678275,678285
678275,677950
678275,677951
678275,678286
678275,677952
678275,678287
678275,678288
678275,678289
678275,678290
678275,678291
678275,677914
678275,678218
678275,678292
678275,678293
678275,678043
678275,678294
678275,678295
678275,677942
678275,678296
678275,677945
678275,678044
678275,678007
678275,678297
678275,678298
678275,678047
678275,678299
678275,678300
678275,678048
678275,677915
678275,678301
678275,678008
678275,678302
678275,678046
677659,678303
678275,678304
678275,678305
678275,677916
678275,678306
678275,678307
678275,678308
678275,678309
678275,678310
678275,677963
678275,678311
678275,677912
678275,677961
678275,678312
678275,677940
678275,677943
678275,678313
678275,677964
678275,677965
678275,677966
678275,678016
678275,678314
678275,678315
678275,678316
678275,677960
678275,678317
678275,678318
678275,678319
678275,678320
678275,678321
678275,678322
678275,677954
678275,678012
678275,677955
678275,678323
678275,678324
678275,677956
678275,677910
678275,678325
678275,678326
678275,677958
678275,678327
678275,678328
678275,678329
678275,678330
678275,678331
678275,677969
678275,678332
678275,678333
678275,678334
678275,678335
678275,678336
678337,678338
678337,677927
678337,677928
678337,678339
678337,678340
678337,678183
678337,678341
678337,678342
678337,678343
678337,678344
678337,678256
678337,678345
678337,678346
678337,677931
678337,678347
678337,677932
678337,678348
678337,678349
678337,678350
678337,678351
678337,677929
678337,678352
678337,677926
678337,678184
678337,677965
678337,677966
678337,678016
678337,678314
678337,678315
678337,677967
678337,677968
678337,678353
678337,678354
678337,677959
678337,678355
678337,677948
678337,678356
678337,677698
678337,678357
678337,678358
678337,678359
678337,677934
678337,678360
678337,678040
678337,678361
678337,677933
678275,677967
678337,677947
678337,678362
678363,678364
678365,677696
678366,678367
678368,678369
678266,677910
678370,677696
678136,677941
678371,678372
678275,678373
678363,678374
678275,678375
678275,678376
678275,678377
678275,678378
678275,678041
678275,678379
678275,678380
678275,678042
678275,677913
678275,678381
678275,678382
678363,678383
678363,678384
678363,678385
678337,677946
678337,678386
678337,677807
678337,677936
678337,677937
678337,678387
678337,677917
678337,677801
678337,678388
678337,677938
678337,678389
678337,678390
678295,677910
678260,677910
677807,677698
678363,678391
678363,678392
678363,678393
678363,678394
678363,678395
678363,678396
678337,678397
678337,677964
678275,677968
678275,678354
678191,678192
678398,677967
678239,678131
678238,678399
678238,678400
678238,678401
678238,678402
678238,678403
678238,678404
678191,677942
678238,678405
678238,678406
678238,678407
678238,678408
678238,678409
678238,678410
678238,678411
678238,678412
678238,678413
678238,678414
678238,678415
678238,678416
678268,677910
678417,677967
678418,678419
677911,677829
677911,677700
678420,677703
678421,678422
678267,678423
678267,678424
678267,678425
678267,677910
678426,678131
678267,678427
678249,677910
678428,677700
678429,677942
678429,677914
678429,678195
678429,678014
678081,678081
678081,677700
678081,678430
678249,678431
678238,678432
678238,678433
678238,678434
678238,678435
678238,678436
678238,678437
678238,678438
678439,678425
678243,677721
677537,678440
677537,678441
677537,678442
678238,678443
677537,678444
677537,678445
677537,678446
677537,678447
677537,678448
677537,678449
677537,678450
677537,678451
677537,678452
677537,678453
677537,678454
678238,678131
678238,678455
678238,678456
678238,678457
678238,678458
678238,678459
678238,678460
678238,678461
678238,678462
678238,678463
678238,678464
678238,678465
678238,678466
678238,678467
678238,678468
678238,678469
678238,678470
678238,678471
678238,678472
678238,678473
678238,678474
678238,678475
678238,678476
678238,678477
678082,677700
678478,678479
678478,677700
678478,678082
678275,678343
678275,678256
678275,677929
678275,677930
678275,678480
678275,678345
678275,678346
678275,677931
678275,678347
678275,678342
678275,677932
678275,678349
678275,678350
678275,678351
678275,677933
678275,677947
678275,678397
678275,678362
678275,677946
678275,678386
678275,678348
678275,678341
678275,678183
678275,678340
678275,677959
678275,678355
678275,677948
678275,678356
678275,677698
678275,678357
678275,678481
678275,678358
678275,678359
678275,677934
678275,678360
678275,678040
678275,678361
678275,678184
678275,677926
678275,678352
678275,678344
678275,678338
678275,677927
678275,677928
678275,678339
678275,677807
678275,678353
678275,677936
678275,678387
678482,678037
678483,678484
678485,678486
678485,678037
678487,678488
678489,678490
678489,678491
678489,678248
678489,678492
678493,677967
678489,678494
678489,678495
678489,678496
678489,678250
678489,678497
678489,678498
678489,678247
678489,678035
678489,678251
678226,677721
678489,678499
678500,677910
678501,678502
678501,677721
678275,677917
678275,677801
678275,678388
678275,677938
678275,677939
678275,678389
678275,678390
678503,677813
678503,677814
678503,677700
678503,677694
678504,678504
678092,677854
678092,677839
678505,677710
678506,678367
678507,678508
678509,677814
678510,678131
678501,678274
678501,678511
678275,677937
678337,678313
678275,677953
678337,677940
677659,678512
677659,678513
677659,678514
677659,678515
677659,678516
677659,678517
677659,678518
677659,678519
677659,678520
677659,678521
677659,678522
677659,678523
677659,678524
677659,678525
677659,678526
677659,678527
677659,678528
677659,678529
677659,678530
677659,678531
677659,678532
677659,677881
677659,678533
677659,678534
677659,678535
677659,678536
677659,678537
677659,678538
677659,678539
677659,678540
677659,678541
677659,678001
677659,678542
677659,678543
677659,678544
677659,678545
677659,678546
677659,678547
677659,678548
677659,678549
677659,678550
677659,678551
677659,678552
677659,678553
677659,678554
677659,677874
677659,677867
678555,677941
678195,677942
678195,678256
678556,678131
678492,678491
678492,678248
678492,678250
678492,678498
678492,678490
678492,678494
678183,678184
678492,678499
678492,678496
678492,678497
678492,678257
678492,678251
678557,678131
678558,678375
678558,678559
678558,678560
678558,678561
678492,678495
678183,678014
678183,678218
678183,678256
678562,678563
678562,678037
678562,678564
678562,678565
678562,678566
678562,678567
678562,678568
678562,678569
678562,678570
678562,678571
678265,677910
678135,677941
678572,677967
678090,677703
678573,678574
678080,677716
678183,677942
678183,678297
678183,677914
678183,678194
678183,677940
677659,678575
678558,678576
677659,678577
677659,677839
677659,678578
677659,678579
677659,678580
677659,678581
677659,678582
677659,678583
677659,678584
677659,677987
677659,678585
677659,678586
677659,678587
677659,678201
677659,678588
677659,678202
677659,678589
677659,678204
677659,678205
677659,678590
677659,678591
677659,678592
677659,678593
677659,678594
677659,678595
677659,678596
677659,678597
677659,678174
677659,678210
677659,678598
677659,678599
677659,678600
677659,677659
677659,678601
677659,678602
677659,678603
677659,677886
677659,678604
677659,678605
677659,678606
677659,678607
677659,678608
677659,677888
677659,678609
677659,678610
677659,677893
677659,678611
677659,678612
677659,678613
677659,677863
677659,678614
677659,678615
677659,678616
677659,677895
677659,677896
677659,678617
677659,678618
677659,678619
677659,678620
677659,678621
677659,678622
677659,678623
677659,678624
677659,678625
677659,678626
677659,678627
677659,678628
677659,678629
677659,677866
677659,678630
677659,678631
677659,678632
677659,678633
677659,677890
678337,677943
677659,678054
677659,678634
677659,678635
677659,678636
677659,678637
677659,678638
677659,677921
677659,677885
677659,678639
677659,678640
677659,678641
677659,678642
677659,678643
677659,678644
677659,678645
677659,678646
677659,678647
677659,678648
677659,678649
677659,678650
677659,678651
678558,678652
677659,678653
678558,678654
678337,678299
678337,678300
678337,678048
678337,677915
678337,678301
678337,678008
678337,678302
678337,678218
678337,678007
678337,678047
678337,677914
678337,678276
678337,678277
678337,678655
678337,678194
678337,678278
678337,678279
678337,678280
678337,678281
678337,678005
678337,678282
678337,678298
678337,678046
678337,678297
678337,678377
678337,678378
678337,678041
678337,678379
678337,678380
678337,678042
678337,677913
678337,678381
678337,678336
678337,678335
678337,678334
678337,678333
678337,678292
678337,678293
678337,678043
678337,678294
678337,678295
678337,677942
678337,678296
678337,677945
678337,678044
678337,678260
678337,678376
678337,678283
678337,678285
678337,678327
678337,678328
678337,678329
678337,678330
678337,677969
678337,678332
678337,678318
678337,678317
678337,677960
678337,677958
678337,677961
678337,678307
678337,678308
678337,678310
678337,677963
678337,678311
678337,677912
678337,678312
678337,678316
678558,677696
678337,677916
678337,678326
678337,678325
678337,677910
678337,677950
678337,677951
678337,678656
678337,678286
678337,677952
678337,678287
678337,678288
678337,678289
678337,678291
678337,677953
678337,678304
678337,678305
678337,678319
678337,678320
678337,678321
678337,678322
678337,677954
678337,678012
678337,677955
678337,678324
678337,677956
678337,678290
678337,678382
678337,678323
678337,678373
678558,678283
678558,678657
678558,678658
678558,678659
678558,678660
678558,678286
678558,678661
678558,678662
678558,678289
678558,678281
678558,678304
678558,678319
678558,678663
678558,678320
678558,678664
678558,677956
678558,678326
678558,678665
678558,678330
678558,678331
678558,678666
678558,678278
678558,678194
678558,678667
678558,677913
678337,678375
678558,678668
678558,678334
678558,678669
678558,678294
678558,678670
678558,678671
678558,677945
678558,678672
678558,678673
678558,678674
678558,678675
678558,678044
678558,678676
678558,677915
678558,678677
678558,678218
678558,678678
678558,677914
678558,678276
678558,678679
678558,678680
678558,678681
678558,677916
678558,678682
678558,678683
678558,678684
678558,678347
678558,678685
678558,678348
678558,678349
678558,678350
678558,678686
678558,677930
678558,678687
678558,678688
678558,678689
678558,677917
678558,678388
678558,678690
678558,678691
678558,677721
677916,677910
678558,678390
678558,678692
678558,678693
678558,678694
678558,678695
678558,678696
678558,678697
678558,677929
678558,678309
678558,678698
678558,677940
678558,678699
678558,678315
678558,678700
678558,678701
678558,678702
678558,678016
678558,678703
678558,678357
678558,678704
678558,678705
678558,678359
678558,678360
678558,678356
678558,678706
678558,678707
