678708,678709
678710,678711
678710,678712
678710,678713
678710,678714
678710,678715
678716,678717
678718,678719
678718,678720
678721,678722
678723,678724
678718,678725
678718,678726
678710,678727
678723,678728
678729,678730
678731,678732
678733,678734
678733,678735
678733,678736
678737,678709
678738,678739
678738,678740
678741,678709
678742,678739
678742,678740
678743,678744
678745,678709
678746,678732
678747,678732
678748,678749
678750,678732
678751,678752
678753,678754
678755,678756
678757,678758
678755,678759
678755,678760
678755,678761
678755,678762
678755,678763
678755,678764
678755,678765
678755,678766
678755,678767
678755,678768
678755,678769
678733,678770
678755,678771
678755,678772
678755,678773
678755,678774
678775,678709
678776,678709
678757,678777
678757,678724
678757,678778
678757,678779
678780,678709
678781,678778
678782,678717
678782,678783
678782,678784
678782,678785
678782,678786
678787,678787
678788,678789
678788,678790
678791,678792
678793,678709
678733,678794
678795,678796
678733,678797
678795,678798
678795,678799
678795,678800
678795,678801
678795,678802
678795,678803
678795,678804
678795,678805
678795,678806
678795,678807
678795,678808
678795,678809
678795,678810
678795,678811
678795,678812
678795,678813
678814,678815
678816,678817
678818,678819
678818,678820
678755,678821
678822,678823
678822,678824
678822,678805
678822,678825
678822,678826
678822,678816
678822,678817
678816,678798
678816,678827
678816,678805
678816,678808
678816,678828
678795,678829
678733,678830
678795,678831
678795,678795
678795,678832
678795,678833
678795,678834
678795,678835
678795,678817
678795,678836
678795,678816
678795,678837
678795,678838
678795,678839
678795,678840
678795,678841
678733,678842
678733,678843
678795,678844
678795,678845
678795,678846
678795,678847
678795,678848
678795,678849
678795,678850
678795,678851
678795,678852
678795,678853
678795,678828
678795,678854
678795,678855
678795,678856
678795,678857
678795,678858
678795,678859
678795,678860
678795,678861
678795,678862
678755,678863
678864,678865
678755,678866
678864,678867
678864,678868
678864,678869
678864,678870
678864,678871
678864,678872
678864,678873
678864,678874
678864,678875
678864,678876
678864,678877
678864,678878
678864,678879
678864,678880
678864,678881
678864,678882
678864,678883
678864,678884
678864,678885
678864,678886
678864,678887
678864,678888
678864,678889
678864,678890
678864,678891
678864,678892
678864,678893
678864,678894
678864,678895
678864,678896
678864,678897
678864,678898
678864,678899
678864,678900
678864,678901
678864,678902
678864,678903
678864,678904
678864,678905
678864,678906
678864,678907
678864,678908
678864,678909
678864,678910
678864,678911
678864,678912
678864,678913
678914,678724
678915,678916
678818,678917
678864,678918
678864,678919
678864,678920
678864,678921
678864,678922
678864,678923
678864,678924
678864,678925
678864,678926
678864,678927
678864,678928
678864,678929
678864,678930
678864,678931
678864,678932
678864,678933
678864,678934
678864,678935
678864,678936
678864,678937
678864,678938
678864,678939
678864,678940
678755,678941
678755,678942
678755,678943
678755,678944
678755,678945
678755,678946
678755,678947
678948,678949
678950,678730
678951,678952
678953,678709
678954,678789
678954,678955
678864,678956
678957,678949
678755,678958
678755,678959
678755,678960
678755,678961
678755,678962
678755,678963
678755,678964
678755,678965
678755,678966
678755,678967
678755,678968
678755,678969
678755,678970
678755,678971
678755,678972
678755,678973
678755,678974
678755,678975
678864,678976
678755,678977
678864,678978
678864,678979
678864,678980
678864,678981
678864,678982
678864,678983
678864,678984
678864,678985
678864,678986
678864,678987
678864,678988
678864,678989
678864,678990
678864,678991
678864,678992
678864,678993
678864,678994
678864,678995
678864,678996
678864,678997
678864,678998
678864,678999
678864,679000
678864,679001
678864,679002
678864,679003
678864,679004
678864,679005
678864,679006
678864,679007
678864,679008
678864,679009
678864,679010
678864,679011
678864,678767
678864,679012
678818,679013
679014,679015
678818,679016
679017,679018
679017,679019
679017,679020
679017,679021
679017,679022
679017,679023
679017,679024
679017,679025
679017,679026
679017,679027
679017,679028
679017,679029
679017,679030
679017,679031
679017,679032
679017,679033
679017,679034
679017,679035
679017,679036
679017,679037
679017,679038
679017,679039
679017,679040
679017,679041
679017,679042
679017,679043
679017,679044
679017,679045
679017,679046
679017,679047
679017,679048
679017,679049
679017,679050
679017,679051
679017,679052
679017,679053
679017,679054
679017,679055
679017,679056
679017,679057
679017,679058
679017,679059
679017,679060
679017,679061
679017,679062
679017,679063
679017,679064
679017,679065
679017,679066
679017,679067
679017,679068
679017,679069
679017,679070
679017,679071
679017,679072
679017,679073
679017,679074
679017,679075
679017,679076
679017,679077
679017,679078
679017,679079
679017,679080
679017,679081
679017,679082
679017,679083
679017,679084
679017,679085
679017,679086
679017,679087
679017,679088
679017,679089
679017,679090
679091,679092
679091,679093
679091,679039
679091,679094
679091,679095
679091,679096
679097,678730
679091,679054
679091,679098
679091,679099
679100,678749
679101,679102
679103,678952
679104,678952
679091,679105
679106,679107
679106,678758
679106,679108
679109,679110
679109,679111
679109,679112
679109,679113
679109,678777
679109,678722
679109,679114
679109,679115
679109,679098
679109,679116
679106,678779
679106,679109
679106,679117
679106,678722
679106,679114
679118,678770
679017,679119
679120,679121
679122,679123
679017,679124
679017,679125
679017,679126
679017,679127
679017,679128
679017,679129
679017,679130
679017,679131
679017,679132
679017,679133
679017,679134
679017,679135
679017,679136
679017,679137
679017,679138
679139,679140
679139,679141
679139,679142
679143,679144
679145,678732
679146,678915
679147,679148
679149,678709
679150,678949
679151,678732
679152,678952
679153,678949
679154,678732
679099,679093
679155,678720
679139,679156
679139,679157
679139,679158
679122,678915
679017,679159
679017,679160
679017,679161
679117,679162
679117,679163
679117,679164
679117,679165
679117,679166
679117,679167
679117,679168
679117,679169
679117,679170
679117,679171
679117,679172
679117,679173
679117,679174
679117,679175
679117,679176
679117,679177
679117,679178
679117,679179
679180,679181
679180,679182
679180,678722
679167,679183
679167,679111
679167,679180
679167,678722
679167,678758
679117,679184
679117,679185
679117,679093
679117,679186
679117,679187
679117,679188
679117,679096
679117,679189
679180,679111
679117,678820
679117,679190
679117,679191
679117,679111
679117,679192
679117,679193
679117,679194
679117,679195
679117,679196
679117,679197
679117,679198
679117,679199
679117,679200
679117,679201
679117,679202
679117,679203
679117,679180
679117,678724
679117,679204
679117,679205
679117,679206
679117,679207
679117,679208
679117,679209
679117,679210
679117,679211
679117,679212
679117,679213
679117,679214
679117,679215
679117,679216
679117,678779
679117,679217
679117,679183
679117,679218
679117,679219
679109,679220
679180,679183
679180,679210
679017,679221
679017,679222
679017,679223
679017,679224
679017,679225
679017,679017
679017,679116
679226,679227
679226,678916
679226,679133
679226,679228
679226,679137
679226,679040
679226,679229
679226,678720
679017,679230
679017,679231
679017,679232
679017,679233
679017,679234
679017,679235
679017,678777
679017,679236
679017,679237
679017,679238
679017,679239
679017,679240
679017,679115
679017,679241
679017,679242
679017,679243
679017,679099
679017,679244
679226,678778
679180,679217
679226,679245
679226,678915
678983,678784
678983,678717
679246,678709
679247,678724
679248,679123
679008,678983
678983,679249
679008,678717
679250,679008
679180,679251
679180,679166
679180,679167
679180,679208
679180,679209
679250,678949
679252,679253
679252,678720
678867,679254
679226,678724
679226,679255
679255,679228
679255,679040
679255,678724
679256,679256
679257,679258
679257,679259
679257,679260
679261,678730
678867,679262
678867,679263
678867,678770
678867,678789
678867,678783
679226,679264
679109,679265
679109,679266
679109,679267
678949,679268
678949,678898
678949,679269
678949,679270
678949,679271
678949,679272
678949,678936
679273,678749
679274,678749
679275,678730
678730,679276
678730,679277
678730,679278
679094,679279
679280,679281
679282,678949
679283,678952
679284,678952
679093,679285
679093,679286
679093,679287
679093,679288
679289,678952
679290,678815
679291,679291
679292,678815
679293,678815
679293,679093
679293,678724
679293,679123
679293,678915
679293,678778
679294,679295
679094,679222
679093,679096
679094,679096
679094,679296
679297,679298
679297,678722
679297,679299
679297,679300
679297,679301
679297,679302
679303,679304
679297,679305
679297,679306
679297,679096
679297,679307
679297,679296
679297,679308
679297,679165
679297,679309
679303,678789
679303,679310
679303,679311
679094,679093
679096,679160
679096,678724
679096,679093
679096,678722
679096,679312
679096,679309
679096,679245
679096,679313
679096,679094
679096,679314
679096,679165
679315,679093
679303,679316
679303,679317
679094,679315
679297,679318
679093,679319
679093,679041
678720,679320
678720,679321
678720,679278
678720,679322
678720,679228
678720,679323
678720,679324
678720,678718
678720,679309
678720,678724
678720,679264
678720,679245
678720,679325
678720,678915
678720,679226
678720,679326
678720,679327
678720,679328
679014,678720
679014,679329
679015,678720
679015,679014
678720,679015
678720,679014
678720,679330
678720,679198
678720,678722
678720,679331
678720,679174
678720,679332
678720,679333
678720,679334
678720,678779
678720,678778
679093,679139
678720,679229
679330,678720
679296,679093
679093,679335
679093,679336
679093,679337
679093,679338
679093,679296
679296,679298
679093,679339
679093,679340
679093,679298
679093,679341
679093,679342
679093,679343
679093,679344
679093,679308
679345,678792
679346,679347
678911,679348
679349,678749
678911,679350
678911,679351
678911,679352
678911,679353
678911,678824
678911,679354
678911,678825
678911,679355
678911,679346
678911,679356
678911,679357
678911,679358
678911,679359
678911,679360
678720,678916
679117,679361
679309,679341
679309,678724
679362,679270
679363,678789
679364,678789
679365,679366
679365,678717
679367,679368
679362,678949
679367,679262
679367,678785
679367,679369
679367,679370
679367,679371
679367,678770
679367,679372
679367,679263
679362,679373
679374,679375
679374,679376
679374,679377
679374,679378
679374,679379
679374,679380
679374,679381
679374,679382
679374,679383
679374,679384
679374,679385
679374,679386
679374,679387
679374,679388
679374,679389
679374,679390
679374,679391
679367,679392
679374,679393
679367,679394
679367,679395
679113,679396
679113,679397
679113,679096
678779,678778
678779,678757
678779,678720
679113,679093
678779,679015
679109,679186
679109,679398
679109,679187
679109,679399
679109,679400
679109,679401
679109,679314
679402,678749
679403,679148
679404,678949
679367,679405
679367,678789
679367,679406
679367,679407
679367,679408
679367,679366
679367,679409
679367,679254
679367,678717
679367,679365
679367,679410
679367,679411
679137,679133
679137,679040
679137,679081
679367,678867
679309,679309
679374,679412
679374,679413
678722,679314
678722,679029
678722,678916
678915,679192
678915,679414
678915,679325
678722,679309
678915,679415
678915,679039
678915,679228
678915,679092
678915,678724
678915,679264
678915,679245
678915,679416
678722,679160
678722,679417
679418,678815
679309,679286
679309,679096
679309,679419
679309,679420
679309,679421
679309,679422
679309,679423
679309,678722
679309,679312
679309,679051
679309,679424
679309,679425
679418,678722
679418,679123
679418,678915
678915,678778
679374,679374
678915,679229
679334,678720
679374,679426
679374,679427
679374,679428
679374,679429
679374,679430
679374,679431
679374,679432
679374,679433
679374,679434
679374,679435
679374,678732
679374,679436
679374,679437
679374,679438
679374,679439
679374,679440
679374,679441
679374,679442
679443,679443
679444,678949
679445,678722
679445,679093
679445,678915
679445,678724
679328,679446
679328,678720
679328,679447
679374,679448
679374,679449
679374,679450
679374,679451
679374,679452
679374,679453
678915,679040
679117,679454
679117,679455
679117,679456
679192,678915
679192,679424
679192,678724
679192,679309
679192,679457
679192,679192
679192,679096
679192,679423
679192,679421
679192,679325
679192,679420
679192,678916
679192,679229
679192,678778
679192,679422
679192,678757
679192,679419
679192,679094
679458,679459
679458,679423
679458,679460
679458,679422
679458,679421
679458,679420
678790,678788
678790,678789
679192,679461
679192,679092
679192,679165
679192,679228
679192,679314
679192,679093
679192,679296
679192,679245
679458,679462
679192,679264
679313,679461
678916,678722
678916,679423
678916,679420
679229,678916
679229,678724
678778,678720
678916,679463
678778,678777
678778,678779
678778,678757
678778,679464
678778,679465
678778,679466
678778,679228
678778,678758
678916,679192
678916,679313
678916,679467
679313,679034
679313,679424
679313,678722
679313,679423
679313,679421
679313,679420
679468,679093
679468,678778
679468,678915
679468,679123
679468,678722
678916,678915
678916,679245
678916,678778
678916,678724
679192,678722
678778,679229
679458,679469
679458,679424
678783,678785
678783,679369
678783,679470
678783,679394
678783,679366
678783,678717
679366,678717
679471,678789
679472,679473
679472,679474
679472,679475
679472,679471
679472,679476
679472,679477
679339,678815
679478,679479
679478,679480
679478,679481
679482,678916
679482,679483
679482,679464
679482,679229
679482,679484
679482,678778
679482,679485
679482,679245
679482,679264
679482,678915
679482,679486
679482,679465
679482,679466
679487,678789
679478,679488
679472,679489
679458,679051
679472,678789
679490,679491
678717,678789
678717,678983
678717,678908
678717,679366
678717,678783
678717,679492
678717,678784
678717,679493
678717,679494
678717,679370
678717,678870
678717,679495
679458,679461
679458,679496
678717,679369
678717,679249
678717,678785
678717,679497
678717,678782
678717,679365
678717,678872
678717,678716
678717,679498
678717,678717
678717,678925
678717,679392
678717,678867
678717,679499
678717,679360
678717,679367
678717,679008
678717,678935
678717,679500
679501,678778
679466,679482
678778,678778
678778,679264
679341,679502
679341,679461
679341,678916
679341,679094
679341,679229
679341,678778
679341,679484
679341,679245
679341,679425
679341,678915
679341,679424
679341,679051
679341,679309
679341,679465
679341,679264
679341,679313
679503,679123
679504,678724
678789,679505
678789,679506
678789,679507
678789,679508
678789,679303
678789,679509
678789,679510
678789,679472
678789,679511
678789,679512
678789,678790
678789,679489
679513,679514
679513,678730
679504,679515
679341,679423
678789,679364
679341,679422
679341,679420
679516,679517
679516,679518
679516,678724
679516,679519
679516,679520
679516,679521
679516,679522
679516,679523
679516,679524
679516,679525
679309,679165
679309,679094
679309,679526
679309,679485
679516,679527
679516,679528
678724,679516
678724,679228
679341,678724
678732,679529
679530,678732
678724,678757
678724,678915
678724,678723
678724,678778
678724,679245
678724,679264
678724,679309
678724,679341
678724,679229
678724,679279
678724,679325
678724,678916
679341,679421
678778,679245
678789,679531
678789,679487
679465,679245
679465,679264
679465,678915
679465,679486
679465,679465
679465,679466
679465,679485
679465,679482
679272,679532
679272,679533
679534,678730
679228,679278
679228,679130
679228,678916
679533,679272
679465,678778
679465,679484
679465,679229
678778,678915
678778,678724
678778,678916
678778,679192
678778,679535
678778,679536
678778,679325
678778,679537
679264,679464
679264,678778
679264,679228
679264,678724
679465,678916
679465,679483
679465,679464
679228,679133
678789,679363
679228,679229
679228,679264
679325,678724
679325,679228
679325,678915
679337,678815
679337,679538
679337,679335
679325,679264
679489,679472
679489,679474
679489,679475
679489,679471
679489,679476
679489,678789
678789,679539
679489,679473
679325,679245
679325,678778
679325,679229
679228,678915
679228,678724
679228,679040
679228,678778
679228,679540
679228,679226
679228,679255
679325,679014
679325,678720
679325,679541
679325,679542
679325,679015
679325,679537
679325,679325
679325,678916
679228,679245
678818,679543
679466,679466
679466,679341
679117,679544
679117,679545
679117,679546
679117,679547
679117,679548
679117,679549
679117,679401
679117,679550
679117,679551
679117,679552
679117,679553
679117,679554
679117,679555
679117,679556
679117,679557
679117,679558
679117,679559
679117,679560
679117,679561
679117,679562
679117,679563
679117,679564
679117,679565
679117,679566
679117,679567
679117,679568
679117,679569
679117,679570
679117,679571
679117,679572
679117,679396
679117,679573
679117,679574
679117,679117
679117,679575
679117,679576
679117,679577
679117,679578
679117,679579
679580,678730
679041,679093
679581,679346
678817,679582
679117,679583
678817,679581
679584,678709
679585,678815
679585,678778
679585,678915
679585,678724
679585,678720
679586,678720
679117,679587
679117,679588
679117,679589
679117,679112
679117,679590
679117,679591
679117,679105
679117,679592
679117,679593
679117,679594
679117,679595
679117,679596
679117,679597
679117,679598
679117,679114
679117,679599
679117,679148
679117,679600
679117,679601
679414,679602
679117,679603
679117,679604
679117,679147
679117,679605
679117,679606
679117,679403
679117,679607
679117,679608
679117,679609
679117,679610
679117,679312
679117,679611
679117,678722
679117,679612
679117,679613
679117,679614
679117,679615
679117,679095
679117,679616
679117,679617
679117,679618
679117,679619
679117,679620
679117,679621
679117,679622
679117,679623
679117,679314
679117,679624
679117,679625
679117,679626
679117,679627
679117,679628
679117,679629
679117,679630
679117,679631
679117,679632
679117,679633
679117,679634
679117,679635
679117,679636
679117,679637
679117,679638
679117,679639
679117,679640
679117,679641
679117,679642
679117,679643
679117,679644
679117,679645
679117,679646
679117,679647
679117,679648
679117,679649
679117,679650
679117,679651
679117,679652
679117,679653
679117,679654
679117,679655
679117,678758
679117,679656
679117,679657
679117,679658
679117,679659
679117,679660
679117,679661
679117,679662
679117,679663
679117,679664
679117,679665
679117,679666
679117,679667
679117,679668
679466,679465
679414,678915
679332,679669
679670,679671
679670,679672
679673,678778
678770,679674
678770,679675
678770,679676
679670,678770
678770,679672
678770,679677
678770,679678
678770,679679
678770,679670
679672,679678
679672,679679
678770,679680
679670,679679
679670,679678
679392,679268
678785,679392
678785,679394
678785,678867
678785,678717
679394,679681
679394,679470
679394,679682
679394,678936
679394,678949
679394,679392
679392,678936
679392,678949
679392,679683
679392,679394
679392,679405
679672,678770
678785,679370
679672,679670
679678,678770
679466,679684
679466,678916
679466,679094
679466,679229
679466,679484
679466,678778
679485,678722
679466,679485
679466,679264
679466,679286
679466,678724
679466,679457
679466,679192
679466,679486
679466,679245
679485,679192
679485,679309
679485,679096
679678,679671
679678,679672
679253,678720
679685,678709
679464,678779
679464,678757
679464,678777
679464,679465
679464,679466
679464,678778
679464,679264
679485,678916
679485,679165
679485,679094
679485,679313
679672,679671
679414,679686
678785,678925
679677,678770
679198,679687
679198,678720
679198,679688
679270,678949
679689,678949
679689,679270
679198,679186
679690,678709
679342,679264
679342,678720
679691,678952
679692,678732
679693,679694
679693,679695
679343,679093
679198,679174
679511,678789
679511,679489
679332,678720
679332,679696
679332,679697
679332,679688
678955,679497
678955,678789
679505,679317
679505,679698
679505,679316
679505,679699
679700,678952
679701,678778
679511,679702
679511,679703
679511,679472
679693,679704
678785,679497
679693,679693
679693,679705
679706,679707
679706,679708
679706,679709
679706,679710
679706,679711
679706,679712
679706,679713
679706,679714
679706,679715
679706,678749
678936,679272
678936,678949
679340,679093
679680,678770
679706,679716
679706,679717
679706,679718
679706,679719
679693,679720
679693,679721
679693,679722
679693,679148
679693,679723
679693,679724
679725,678722
679477,678789
679509,679699
679509,679317
679509,679311
679706,679726
679706,679727
679706,679728
679706,679729
679693,679730
679309,679731
679309,679461
678818,679598
678818,679732
678818,679198
678818,679578
678818,679733
678818,678758
678818,679199
678818,679734
678818,679735
679278,678730
679736,679737
679738,679739
679740,678778
679740,678915
679740,678720
679740,679741
679625,679661
679625,679742
679625,679185
679625,679200
679625,679743
679625,679744
679625,679745
679625,679746
679625,679627
679625,679747
678818,679748
678818,679654
678818,679668
678818,679749
678818,679111
678818,679181
678818,679750
678818,679577
678818,679751
678818,679091
678818,679105
678818,679752
678818,679113
678818,679753
678818,678777
678818,679463
679625,679217
678818,679593
678818,679594
678818,679168
678818,679754
678818,679162
679755,679756
678818,679114
678818,679757
678818,679758
678818,679759
678818,679612
678818,679760
678818,679098
678818,679180
679625,679183
679625,679761
679625,679396
679625,679654
679625,679762
679625,678758
679625,679199
679612,679148
679763,678730
679764,678949
679743,679208
679743,679217
679743,679765
679743,678722
679743,679766
679625,679668
679755,679743
679755,679189
679755,679211
679755,679212
679755,679228
679755,679767
679755,679768
679755,679137
679755,679745
679755,678779
679755,679769
679755,679040
679755,679770
679755,679133
678818,679771
679625,679612
679625,679114
679625,679187
679625,679772
679625,679573
679625,679773
679625,679400
679625,679558
679625,679774
679625,679401
679625,679191
679625,679551
679625,679775
679625,679776
679625,679777
679625,679555
679625,679111
679625,679577
679625,679312
679625,679590
679625,679778
679625,679180
679625,679594
679625,679168
679625,679779
679625,679162
679625,679598
679625,678722
679625,679117
678818,679309
678818,679775
678818,679780
678818,678722
678818,679781
678818,679782
678818,679783
678818,679784
678818,679785
678818,679786
678818,679787
678818,679661
678818,679184
678818,679788
678818,679789
678818,679185
678818,679200
678818,679790
678818,679791
678818,679792
678818,679165
678818,679793
679755,679794
678818,679167
678818,679169
678818,679455
679755,679795
679755,679218
679755,679264
679755,679796
679797,679346
679798,678709
679755,679734
679755,679799
679755,679255
679755,679800
679755,679801
679755,679802
679755,679114
679755,679803
679755,679180
678818,679170
679755,679804
679755,679195
679755,679194
679755,679112
679755,679542
679755,679111
679755,679805
679755,679806
679755,678724
679755,679265
679755,679807
679755,679205
679755,678777
678818,679171
678818,679166
678818,679174
678818,679808
678818,679396
678818,679172
678818,679573
678818,679399
678818,679809
678818,679810
678818,679109
678818,679811
678818,679812
678818,679813
678818,679096
678818,679401
678818,679814
678818,679815
678818,679816
678818,679817
678818,679818
678818,679265
678818,679819
678818,679820
678818,679821
678818,679549
678818,679572
678818,679094
678818,679187
678818,679822
678818,679175
678818,679206
678818,679210
678818,679213
678818,679823
678818,679214
678818,679824
678818,679215
678818,679825
678818,679826
678818,678818
678818,679314
678818,679827
678818,679569
678818,679828
678818,679829
678818,679331
678818,679830
678818,679831
679755,679397
678818,679832
678818,679833
678818,679834
678818,679186
678818,679093
678818,679627
