48703,48704
48705,48706
48705,48707
48705,48708
48705,48709
48705,48710
48705,48711
48705,48712
48705,48713
48705,48714
48705,48715
48705,48716
48717,48718
48705,48719
48717,48720
48717,48721
48717,48722
48717,48723
48717,48724
48717,48725
48717,48726
48717,48727
48717,48728
48717,48729
48717,48730
48717,48731
48717,48732
48717,48733
48717,48734
48717,48735
48717,48736
48717,48737
48717,48738
48717,48739
48717,48740
48717,48741
48717,48742
48717,48743
48717,48744
48717,48745
48717,48746
48717,48747
48717,48748
48717,48749
48717,48750
48717,48751
48703,48752
48705,48753
48703,48754
48755,48704
48755,48756
48755,48757
48755,48758
48755,48759
48755,48760
48755,48761
48755,48762
48755,48763
48764,48765
48764,48766
48764,48767
48717,48768
48717,48769
48717,48770
48717,48771
48717,48772
48717,48773
48717,48774
48717,48775
48717,48776
48717,48777
48717,48778
48717,48779
48717,48780
48717,48781
48717,48782
48705,48783
48717,48784
48717,48785
48717,48786
48717,48787
48788,48789
48790,48791
48790,48792
48790,48793
48790,48794
48790,48795
48790,48796
48790,48797
48790,48798
48790,48799
48794,48796
48717,48800
48801,48802
48801,48803
48801,48804
48801,48805
48801,48806
48801,48807
48801,48808
48801,48809
48810,48811
48812,48796
48812,48767
48705,48813
48705,48814
48705,48815
48801,48816
48717,48817
48717,48818
48717,48819
48717,48820
48717,48821
48717,48822
48717,48823
48717,48824
48717,48825
48717,48826
48717,48827
48717,48828
48717,48829
48717,48830
48717,48831
48717,48832
48717,48833
48717,48834
48717,48835
48717,48836
48717,48837
48717,48838
48717,48839
48717,48840
48717,48841
48717,48842
48717,48843
48717,48844
48717,48845
48717,48846
48717,48847
48717,48848
48717,48849
48705,48850
48851,48852
48705,48853
48851,48854
48851,48855
48851,48856
48851,48857
48851,48858
48851,48859
48851,48860
48851,48861
48851,48862
48851,48863
48851,48864
48851,48865
48851,48866
48851,48867
48851,48868
48851,48869
48851,48870
48851,48871
48851,48872
48851,48873
48851,48874
48851,48709
48851,48875
48851,48876
48851,48877
48851,48878
48851,48879
48851,48880
48851,48881
48851,48882
48851,48883
48851,48884
48851,48885
48851,48886
48851,48887
48851,48888
48851,48889
48851,48890
48851,48891
48851,48892
48851,48893
48851,48894
48851,48895
48851,48896
48851,48897
48851,48756
48851,48898
48851,48899
48851,48900
48851,48901
48851,48902
48851,48903
48851,48904
48851,48788
48851,48905
48851,48906
48851,48907
48851,48908
48851,48909
48851,48910
48851,48911
48851,48912
48851,48913
48851,48914
48851,48915
48851,48916
48851,48917
48851,48918
48851,48919
48851,48920
48851,48921
48851,48922
48851,48923
48851,48924
48851,48925
48851,48926
48851,48927
48851,48755
48851,48928
48851,48929
48851,48930
48851,48931
48851,48932
48851,48933
48851,48934
48851,48935
48851,48936
48851,48937
48851,48938
48851,48939
48851,48940
48941,48942
48851,48943
48851,48944
48851,48945
48851,48946
48851,48947
48851,48948
48851,48949
48851,48950
48851,48951
48851,48952
48851,48953
48851,48954
48851,48955
48851,48956
48851,48957
48851,48958
48851,48959
48851,48960
48851,48961
48851,48962
48851,48963
48851,48964
48851,48965
48851,48796
48851,48966
48851,48967
48851,48968
48851,48969
48851,48970
48851,48971
48851,48760
48851,48972
48851,48973
48851,48974
48851,48975
48851,48976
48851,48977
48851,48978
48979,48980
48979,48981
48979,48982
48979,48983
48984,48985
48984,48986
48984,48896
48984,48987
48988,48765
48988,48766
48988,48767
48989,48990
48989,48991
48992,48767
48989,48796
48993,48994
48993,48911
48993,48995
48993,48965
48993,48996
48993,48997
48993,48998
48999,48900
48999,48902
48999,49000
48999,49001
48999,48796
48999,49002
49003,49004
48992,48992
48992,49005
48992,48766
48705,49006
48705,49007
48705,49008
48705,49009
48705,49010
48705,49011
48705,49012
48705,49013
48705,49014
48705,49015
48705,49016
48705,49017
48705,49018
48705,49019
49016,49020
49016,48711
49016,49021
49016,49022
49016,49023
49016,49024
49016,49025
49016,49026
48992,49027
48992,49028
48992,49029
48992,49030
48992,48796
48992,48935
48992,48765
49031,49032
49031,49033
49034,48793
49034,49035
49036,49037
49036,49038
49036,49039
49036,49040
49036,49041
49042,48911
49042,48996
48851,49043
48851,49044
48851,49045
48851,49046
48851,49047
48851,49048
48851,49049
48851,49050
48851,49051
48851,49052
48851,49053
48851,49054
48851,49055
48851,49056
48851,49057
48851,48986
48851,49058
48851,49059
48851,49060
48851,49028
48851,49061
48851,49062
49036,49063
48705,49064
49036,49065
49036,49066
49034,48714
49034,49067
49034,49007
49034,49068
49034,48705
49034,49069
49070,49071
49070,49072
49070,49073
49074,49075
49074,49076
49074,49077
49074,49078
49074,49079
49074,49080
49074,49081
49074,49082
49074,49083
49074,49084
49074,49085
49074,49086
49079,49087
49079,49014
49088,49089
49090,49091
49090,49041
49092,49036
49092,49041
49036,49093
49036,49094
48941,48761
48711,48838
49095,49096
48711,49097
48711,48781
48711,49098
48711,48776
48711,49099
48711,49100
48711,49101
48711,49102
48711,49103
49104,49105
49106,49107
49108,48935
49109,49110
48865,49111
49112,49113
49112,49114
49112,49115
48791,48796
48791,48794
48791,48790
48791,48791
48711,49116
49117,49118
48711,49119
48711,48720
48711,49120
48711,48820
48711,49121
48711,48849
48711,49122
48711,49123
48711,49124
48711,49125
48711,48742
48711,48741
48711,48739
48711,49126
48711,49127
48711,49128
48711,49129
48711,49130
48711,49131
48711,48731
48711,49132
48711,48724
48711,49133
48711,49134
49117,48931
49117,49135
49117,49136
49137,49138
49137,49139
49137,49140
49137,49141
49142,48936
49142,48942
49142,49143
49142,49096
49142,48704
49144,48767
49145,49041
49146,48767
49146,48766
49146,48765
49147,49148
49147,49149
49147,49150
49149,49147
49151,49152
49151,49153
49151,49154
49137,49155
49137,49156
49137,49157
49137,49158
49117,49159
49117,49160
49117,49161
49117,49162
49117,49163
49117,49164
49117,48793
49117,49165
49117,49166
49117,48791
48711,49167
49117,49168
49158,49137
49158,49169
49158,49157
49158,49170
49158,49155
49158,49138
49158,49139
49158,49171
49158,49172
49137,49169
49173,48796
48711,48823
48711,49174
48711,48826
49175,49176
49175,49177
49175,48886
49175,49178
49175,49179
49175,49180
49175,49181
49175,49182
49175,49183
49184,49185
48875,49186
49187,48911
49188,48935
49189,49190
49189,49191
49189,49192
49189,49041
49189,49193
49189,49194
49189,49066
49189,49195
49175,49196
49175,49197
49175,49198
49175,49199
48851,49200
48990,49201
48990,49202
48990,48989
49203,49204
49203,49205
49203,49206
49207,49208
49207,49209
49207,49210
49193,49041
49207,49151
49175,49211
49175,49212
49175,49213
49175,49214
49175,49215
49175,49216
49175,49217
49175,49218
49175,49219
49175,49220
49175,49221
49151,49222
49193,49223
49193,49189
48711,49224
48711,48800
48711,49225
48711,49226
48711,49227
48711,49228
48711,49229
48711,48840
48711,48839
48711,49230
48711,48837
48711,49231
48711,49232
48711,49233
48711,49234
48711,48831
48711,48830
48711,49235
48711,49236
48711,49237
48711,48829
48711,49238
48711,49239
48711,49240
49241,49242
49243,49244
49089,49245
49089,49246
49089,49247
49248,49089
49249,49250
49249,48931
49249,49251
49249,49058
49252,49253
49193,49195
49252,48931
49252,49249
49254,49255
49254,49256
49254,49257
49258,49250
49258,48931
49258,49259
49260,49261
49241,49147
49241,49150
49252,49262
48941,48704
49151,49263
49264,49265
49251,49249
49251,48931
49266,49095
49266,49141
49266,49267
49266,49268
49266,49269
49266,49270
49266,49271
49266,48704
49266,48941
49266,48752
49266,48757
49266,49272
49266,49273
49266,49274
49266,49275
49266,48960
49266,48759
49276,48848
49276,48819
49277,49278
49276,48818
49279,49280
49279,49281
49279,49282
49279,48753
49279,49277
49279,49283
49279,49284
49279,49285
49279,49286
49279,49287
49279,49288
49279,48947
49279,49289
49279,49290
49279,49291
49279,49292
49279,49293
49279,48931
49279,49294
49279,48938
49279,49295
49279,49296
49279,49297
49279,49298
49276,48817
49276,48800
49276,48787
49299,49300
49299,49301
49299,49302
49303,49244
49266,48703
49266,49304
49266,48969
49266,49305
49266,49306
49266,48761
49266,48942
49266,49307
49266,49308
49266,48755
49266,49309
49266,49310
49266,48754
49266,49311
49266,49312
49266,49313
49095,48704
49299,49314
49299,49315
49299,49316
49299,49317
49318,48935
49319,49319
49319,49320
49319,49321
49322,49089
49322,49323
49322,49324
49322,49325
49326,48935
49327,49328
49279,48709
49327,49329
49327,49330
49327,48709
49327,48878
49327,49331
49327,49332
49327,49041
49327,49333
49299,49089
49299,49088
49299,49334
49327,48906
49279,49335
49279,49336
49279,49337
49028,49338
49028,49339
49028,49340
49028,49341
49028,49342
49028,49343
49028,48797
49028,49344
49028,49345
49028,48993
49028,49346
49028,49347
49028,49348
49028,49146
49028,48988
49028,48930
49028,49005
49028,48812
49028,49349
49028,49350
49028,49351
49028,49352
49028,49353
48902,49018
48902,49354
49264,49355
49264,49356
49264,49357
49264,48911
49264,49358
49264,49359
49360,49361
49360,49129
49360,49362
49091,49041
49028,49363
49091,49364
49365,49366
49365,49367
49365,49368
49365,49369
49365,49370
49365,49242
48931,49273
49371,49159
49371,48793
49371,48931
49365,49372
49151,49373
49028,49188
49028,48765
49279,49374
49279,48994
49279,49375
49279,48716
49279,49376
49279,49377
49279,49378
49279,49379
49279,49380
49279,49381
49279,49382
49279,49383
49279,49384
49279,49385
49279,49386
49279,48864
49279,49387
49279,49388
49279,48869
49279,49389
49279,49390
49279,49391
49279,49392
49279,49328
49279,49058
49028,49393
49028,49394
49028,49108
49028,48767
49028,49395
49028,49396
49028,48943
48990,49397
48990,49398
48990,49399
49028,48766
48990,48710
48990,49400
48990,49401
48990,48705
48990,49010
48990,49012
48990,49402
48990,49014
49279,49403
49279,49404
49279,49267
48990,49405
48851,49406
48800,49116
48851,49407
48731,48730
48731,48731
48731,48732
48731,48734
48731,48748
48731,48736
48731,49276
48731,48737
48731,48738
48731,48739
48731,48740
48731,48741
48731,48742
48731,48743
48731,48744
48731,48745
48731,48746
48731,48747
48731,48782
48731,48784
48731,48849
48731,48785
48731,48820
48731,48821
48731,48822
48731,48729
48731,48823
48731,48728
48731,48726
48731,48769
48731,48770
48731,48771
48731,48772
48731,49101
48731,48773
48731,48774
48731,48775
48731,48776
48731,48777
48731,48778
48731,48779
48731,48780
48731,48781
48731,48751
48731,48750
48731,49119
48731,48749
48731,48733
48731,48720
48731,48721
48731,48722
48731,48723
48731,48724
48731,48725
48731,48727
48724,49408
48731,48824
48731,48826
48731,49122
48731,48829
48731,49409
48731,48786
48823,48769
48823,48770
48823,48771
48823,48772
48823,48773
48823,48774
48823,48775
48823,48776
48823,48777
48823,48778
48823,48779
48823,48780
48823,48781
48823,48751
48823,48750
48823,48749
48823,48733
48823,48720
48823,48721
48823,48722
48823,48723
48731,48735
48731,48825
48731,48768
48731,48800
48731,48827
48731,48828
48731,48830
48731,48831
48731,48832
48731,48833
48731,48834
48731,48718
48731,48835
48731,48836
48731,48837
48731,48838
48731,48839
48731,48840
48731,48841
48731,48842
48731,48843
48731,48844
48731,48845
48731,48846
48731,48847
48731,48848
48731,48819
48731,48818
48731,48817
48731,48787
48823,48724
48724,49410
48724,49411
48724,49412
48724,49413
48724,49414
48724,49415
48724,49416
48724,49417
48724,49418
48724,49419
48724,49420
48724,49421
48724,49422
48724,49423
48724,49424
48724,49425
48724,49426
48724,49427
48724,49428
48724,49429
48724,49430
48724,49431
48724,48724
48724,49432
48724,49433
48724,49434
48724,49435
48724,49436
48724,49437
49102,49240
49102,49238
49102,48823
49102,49174
49102,48826
49102,48829
49102,49237
49102,49236
49102,49235
49102,48830
49102,48831
49102,49234
49102,49233
49102,49232
49102,49231
49102,48837
49102,49230
49102,48838
49102,48839
49102,48840
49102,49229
49102,49228
49102,49227
49102,49226
49102,49225
49102,48800
49102,49224
49102,49239
48724,49438
48724,49439
48724,49440
48724,49441
48724,49442
48724,49443
48724,49444
48724,49445
48724,49446
48724,49447
48724,49448
48724,49449
48724,49450
48724,49451
48724,49452
48724,49453
48724,49454
48724,49455
48724,49456
48724,49457
48724,49458
48724,49459
48724,49460
48724,49461
48724,49462
48724,49463
48724,48819
48724,49464
48724,49465
48724,49466
48724,49467
48724,49468
48724,49469
48724,49470
48724,49471
48724,49472
48724,49473
48724,49474
48724,49475
48724,49476
48724,49477
48724,49478
48724,49479
48724,49480
48724,49481
48724,49482
48724,49483
48724,49484
48724,49485
48724,49486
48724,49487
48724,49488
48724,49489
48724,49490
48724,49491
48724,49492
48724,49493
48724,49494
49102,49167
48823,48725
48823,49495
48800,49236
48800,49235
48800,48830
48800,48831
48800,49234
48800,49233
48800,49232
48800,49231
48800,48837
48800,49230
48800,48838
48800,48839
48800,48840
48800,49229
48800,49228
48800,49227
48800,49226
48800,49225
48800,49224
48800,49238
48800,49239
48800,49240
49496,49497
49496,49498
49496,49499
48800,49237
49496,49500
48800,48829
48800,49174
48800,49134
48800,48720
48800,49133
48800,48724
48800,49132
48800,48731
48800,49131
48800,49130
48800,49129
48800,49128
48800,49127
48800,49126
48800,48739
48800,48741
48800,48742
48800,49125
48800,49124
48800,49123
48800,49122
48800,48849
48800,49121
48800,48820
48800,49120
48800,49167
48800,48823
48800,48826
48800,49119
49496,49501
48930,48765
48894,49502
48894,49503
48894,48991
48894,49504
48894,49505
48894,49506
48894,49507
48894,49508
48894,49348
48894,48943
48894,49509
48894,49146
48894,48905
48894,48765
48894,49510
48894,49511
48894,48988
48894,49512
49191,49513
49028,48902
49028,49076
49028,48982
49028,49001
49028,48796
49028,48935
48856,49514
49496,49515
48856,49365
48856,49516
48930,48766
48930,48767
48767,49028
48767,49396
48767,49517
48767,49003
48767,48999
48767,48902
48767,49518
48767,49076
48767,49001
48767,49350
48767,49519
48767,48943
48767,49005
48767,49520
48767,49521
48767,48796
48767,49343
48767,48812
48856,49522
48856,49523
48856,49524
48856,49525
48856,49526
48856,49527
48823,48726
48990,49528
48800,48781
48823,48822
48823,48823
48823,48824
48823,48825
48823,48826
48823,48827
48823,48828
48823,48829
48823,48830
48823,48831
48823,48832
48823,48833
48823,48834
48823,48718
48823,48835
48823,48836
48823,48837
48823,48838
48823,48840
48823,48841
48823,48842
48823,48843
48823,48844
48823,48845
48823,48846
48823,48821
48823,48847
48823,48820
48823,48849
48823,48727
48823,48728
48823,48729
48823,48730
48823,48731
48823,48732
48823,48734
48823,48748
48823,49529
48823,48735
48823,48736
48823,48737
48823,48738
48823,48739
48823,48740
48823,48741
48823,48742
48823,48743
48823,48744
48823,48745
48823,48746
48823,48747
48823,49122
48823,48782
48823,48784
48823,48785
48800,49097
48823,48848
48823,48818
48823,49235
48823,49234
48823,49233
48823,49232
48823,49231
48823,49230
48823,48839
48823,49229
48823,49228
48823,49227
48823,49226
48823,49225
48823,48800
48823,49224
48823,49238
48823,49239
48823,49240
48826,49227
48800,49103
48800,49102
48800,49101
48800,49100
48800,49099
48800,48776
48800,49098
48823,49236
48823,48819
48823,49237
48823,49167
48823,48817
48823,48787
48823,49103
48823,49102
48823,49101
48823,49100
48823,49099
48823,49098
48823,49097
48823,49116
48823,49119
48823,49134
48823,49133
48823,49132
48823,49131
48823,49130
48823,49129
48823,49128
48823,49127
48823,49126
48823,49125
48823,49124
48823,49123
48823,49121
48823,49120
48823,49174
49102,49120
49102,48820
49102,49121
49530,49531
49530,48709
49532,48931
49533,49534
49533,49535
49533,49261
49533,49536
49533,49537
49276,48769
49276,48770
49276,48771
49276,48772
49276,48773
49276,48774
49276,48775
49276,48776
49276,48777
49276,48778
49276,48779
49276,48780
49276,48781
49276,48751
49276,48750
49276,48749
49276,48733
49530,49538
49276,48720
49531,48709
49539,48796
49540,49541
49540,49542
49540,49543
49540,49544
49540,49545
49540,49546
49540,49547
49540,49548
49540,49549
49540,49550
49540,49551
49540,49552
49540,49553
49540,49554
49555,49058
49555,48788
49555,48856
49555,49556
49555,49557
49555,48873
49555,48924
49555,48984
49555,49371
49555,49558
49555,49559
49531,49530
49540,49560
49276,48721
49276,48723
49276,48822
49276,48823
49276,48824
49276,48825
49276,48826
49276,48827
49276,48828
49276,48830
49276,48831
49276,48832
49276,48833
49276,48834
49276,48718
49276,48835
49276,48836
49276,48837
49276,48838
49276,48839
49276,48840
49276,48841
49276,48842
49276,48843
49276,48844
49276,48845
49276,48846
49276,48821
49276,48722
49276,48820
49276,48849
49276,48724
49276,48725
49276,48726
49276,48727
49276,48728
49276,48729
49276,48730
49276,48731
49276,48732
49276,48734
49276,48748
49276,48736
49276,48737
49276,48738
49276,48739
49276,48740
49276,48741
49276,48742
49276,48743
49276,48744
49276,48745
49276,48746
49276,48747
49276,48782
49276,48784
49276,48785
49561,49562
49540,49563
49540,49564
48851,49565
48851,49566
48851,49567
48851,49568
48851,49569
48851,49570
48851,49076
48851,49571
48851,49572
48851,49348
48851,49573
48851,49574
48851,49283
48851,49575
48851,49576
48851,49577
48851,49578
48851,49579
48851,49580
48851,49291
48851,49581
48851,48984
48851,49582
49583,49584
49585,49586
48851,49587
49039,49588
48851,49589
48851,49590
48851,49591
48851,49592
48851,49593
48851,48762
48851,49594
48851,49595
48851,49596
48851,48767
48851,49597
48851,49558
48851,49598
48851,49599
48851,49600
48851,49601
48851,49602
48851,48763
48851,49603
48851,49604
48851,49605
48851,49606
48851,49607
48851,49392
48851,49583
48851,49608
48851,49609
48851,48716
49540,49610
49039,49041
49040,49036
49611,48712
49611,48878
49611,48705
49611,49586
49611,49014
49611,49612
49192,49513
49613,48811
49614,48767
49615,49513
49616,49190
49616,49041
49617,49618
49617,49619
49276,48847
49617,49620
49621,48709
49540,49622
49540,49623
49540,49624
49540,49625
49540,49626
49540,49627
49540,49628
49540,49629
49611,49630
49040,49093
49631,49105
49340,48767
49040,49066
49040,49094
49040,49065
49040,49063
49040,49037
49040,49038
49040,49039
49040,49041
49632,49633
49632,49206
49632,49634
49632,49632
49632,49635
49632,49636
49632,49637
49632,49638
49632,49639
49632,49640
49641,48982
49642,49643
49642,49644
49340,48988
49340,49028
49340,49343
49340,48765
49631,49645
49561,49646
49561,49647
48978,49648
49649,49001
49649,48935
49649,49650
49649,49651
49649,48796
49649,49652
49649,49520
49001,49653
49001,48767
49001,49654
49001,48972
49001,48935
49041,49655
49041,48980
49041,49091
49041,49041
49041,49066
49041,49656
49041,49145
49041,49657
49041,49658
49041,49659
49041,49190
49041,49660
49041,49661
49649,49000
49041,49662
49663,49664
49663,48910
48796,49028
48796,48935
48796,49665
49141,49666
49141,49667
49141,49668
49141,48704
49141,49669
49141,49670
49141,48910
49141,49671
49141,49672
49141,49673
49141,49674
49141,49675
49141,49676
49141,49677
49141,49678
49141,49663
49141,49679
49141,49269
49663,49141
49663,49679
49663,48704
49663,49670
49663,49109
48796,49680
49041,49256
49041,49036
49102,49098
49102,48781
49102,49097
49102,49116
49102,49119
49102,49134
49102,48720
49102,49133
49102,48724
49102,49132
49102,48731
49102,49131
49102,49130
49102,49129
49102,49128
49102,49127
49102,49126
49102,48739
49102,48741
49102,48742
49102,49125
49102,49124
49102,49123
49102,49122
49102,48849
49102,48776
49041,49631
49102,49099
49102,49101
49041,49092
49041,49040
49681,49682
49681,49186
49682,49186
49682,49681
49186,48875
49186,48970
49186,49683
49186,49684
49186,48880
49186,49685
49186,49047
49186,49679
49186,49686
49186,48896
49186,49687
49186,49688
49186,49689
49186,48934
49186,49690
49186,49691
49186,49663
49186,49692
49102,49103
49102,49100
48796,48766
48796,48765
48796,49351
48709,49018
48709,48869
48938,49693
48938,49694
48938,48935
48935,48766
48935,49349
48935,48797
48935,49695
48935,49028
48935,49581
48935,49363
48935,48796
48935,48940
48935,48765
48935,48767
48935,49108
48873,49696
49697,48911
48911,49187
48911,49698
48911,48939
48911,49357
49699,49700
49699,49701
48793,48796
49699,49702
48923,48793
49620,49617
49703,49704
49703,49705
49703,49706
49703,48704
49703,49707
49703,49708
49703,49709
49703,49710
49703,49305
49703,49703
49703,49711
49703,49712
49703,49713
49703,49714
49708,49715
49708,49716
49620,49717
49620,49650
49620,48922
49620,49718
49620,49719
49620,49720
49620,49721
49620,49722
49620,49723
49620,49724
49699,49227
49699,49725
49699,49726
49114,49115
49114,49727
49114,49113
49114,49728
49114,49729
49114,49730
49114,49731
49114,49732
49114,49733
49114,48865
49114,49734
49114,49735
49114,48974
49114,48924
49114,49736
49114,49737
49114,49738
49114,49739
49114,49740
49114,49741
49742,48796
48796,49254
48796,48990
48796,48991
48796,49165
49114,49268
49114,49743
48716,49280
48716,49744
49699,49745
49699,49746
49699,49708
49699,49747
49699,49748
49699,49749
49699,49750
49227,49751
49227,48826
49227,49101
49227,49752
49227,49753
48851,49736
49227,49754
48716,49755
48716,49014
48716,49756
48716,49292
48716,49018
48716,49723
48716,49374
48716,48891
48716,49757
48716,48864
48716,48709
48716,48753
48716,48853
48990,49758
