65781,65782
65781,65783
65781,65784
65781,65785
65781,65786
65781,65787
65781,65788
65781,65789
65781,65790
65781,65791
65781,65792
65781,65793
65781,65794
65781,65795
65781,65796
65781,65797
65798,65799
65781,65800
65798,65801
65798,65802
65781,65803
65798,65804
65798,65805
65798,65806
65798,65807
65781,65808
65798,65809
65798,65810
65798,65811
65812,65813
65781,65814
65781,65815
65781,65816
65781,65817
65798,65818
65781,65819
65820,65821
65781,65822
65781,65823
65781,65824
65781,65825
65820,65826
65820,65827
65820,65828
65820,65829
65820,65830
65820,65831
65820,65832
65820,65833
65820,65834
65835,65836
65835,65813
65798,65837
65781,65838
65781,65839
65781,65840
65781,65841
65781,65842
65781,65843
65781,65844
65781,65845
65781,65846
65781,65847
65781,65848
65781,65849
65781,65850
65781,65851
65781,65852
65781,65853
65781,65854
65781,65855
65781,65856
65781,65857
65798,65858
65859,65860
65798,65861
65859,65862
65859,65863
65859,65864
65859,65865
65859,65866
65859,65867
65859,65868
65866,65869
65866,65862
65866,65863
65866,65860
65866,65864
65866,65859
65866,65865
65866,65867
65859,65869
65866,65868
65870,65871
65870,65872
65873,65874
65875,65876
65877,65878
65879,65880
65879,65881
65882,65883
65882,65884
65882,65885
65882,65886
65882,65887
65882,65888
65882,65889
65882,65890
65891,65892
65870,65893
65870,65894
65798,65895
65896,65897
65896,65898
65896,65799
65896,65809
65896,65899
65896,65890
65900,65901
65902,65903
65904,65894
65905,65906
65905,65907
65905,65908
65909,65883
65909,65887
65909,65910
65909,65890
65798,65911
65896,65912
65896,65911
65896,65913
65896,65914
65896,65915
65896,65916
65896,65917
65896,65918
65896,65919
65896,65920
65896,65921
65896,65802
65896,65804
65896,65922
65896,65806
65896,65923
65896,65924
65896,65807
65896,65925
65896,65798
65873,65926
65875,65927
65873,65928
65917,65929
65917,65930
65917,65931
65917,65932
65917,65933
65917,65914
65917,65934
65917,65935
65917,65936
65917,65937
65917,65938
65917,65939
65917,65940
65917,65923
65917,65941
65917,65942
65917,65887
65917,65943
65917,65944
65917,65945
65917,65802
65917,65946
65917,65947
65917,65948
65917,65910
65949,65950
65949,65951
65949,65952
65949,65953
65949,65954
65949,65955
65949,65956
65949,65786
65949,65783
65949,65957
65949,65958
65917,65959
65917,65960
65917,65961
65917,65890
65917,65962
65917,65963
65917,65964
65917,65965
65917,65966
65917,65967
65917,65968
65949,65824
65917,65969
65917,65970
65917,65971
65917,65972
65917,65973
65917,65974
65917,65897
65917,65975
65917,65976
65977,65978
65979,65980
65979,65981
65979,65982
65979,65983
65979,65984
65979,65985
65979,65970
65979,65883
65979,65915
65986,65898
65987,65965
65987,65988
65987,65989
65917,65990
65917,65920
65917,65898
65917,65991
65917,65992
65917,65993
65917,65994
65917,65995
65917,65996
65917,65858
65917,65997
65917,65998
65917,65999
65917,65880
65917,66000
65917,66001
65917,66002
65917,65918
65917,66003
65917,66004
65917,65883
65917,66005
65917,66006
65917,66007
65917,65915
65917,66008
65987,65878
65949,66009
65949,66010
65875,66011
65875,66012
65875,66013
65875,65991
65875,66014
65875,66015
65875,66016
65875,65911
65875,66017
65875,66018
65875,66019
65875,66020
65875,65915
65875,65898
66021,66022
66021,66023
66021,66024
66021,66025
66021,66026
66021,66027
66021,66028
65875,66029
66021,66030
65875,65918
65875,66031
65875,66032
65875,66033
65875,66034
65875,66035
65875,65804
65875,65802
65875,66036
65875,66037
65875,66038
65875,65837
65875,66039
65875,66040
65875,66041
65875,66042
65875,66043
65875,66044
65875,66045
65875,65858
65875,66046
65875,66047
65875,65999
65875,66048
65949,66049
66021,66050
66021,66051
66052,66053
66052,65894
66052,66054
66052,66055
66052,66056
66052,66057
66052,66058
66059,66060
66059,66061
66059,66062
65949,66063
65949,66064
65949,66065
65949,66066
65949,66067
65949,66068
65949,66069
65949,66070
65949,66071
65949,66072
65949,66073
66052,66074
66021,66075
66052,66076
66077,66078
66021,66079
66021,66080
66021,66081
66021,66082
66021,66083
66021,66084
66021,66085
66021,66086
66087,65901
66087,66088
66089,66090
66091,66092
66091,66093
66091,66094
66091,66095
66091,66096
66077,66052
66077,66097
66077,66098
66077,66099
66077,66100
66052,66101
65875,65943
65987,66102
65987,65917
66103,66104
66103,66105
66103,65901
66103,66106
66103,66107
66103,66108
66103,66109
66103,66110
66103,66111
66103,66112
66103,66113
66103,66114
66103,66010
66103,66115
66103,66116
66103,66117
66103,66118
66103,66119
66103,66120
66103,66121
66103,65835
66103,66122
66103,66123
66103,66124
66103,65839
66125,66126
66125,66127
66125,65901
66125,66128
66125,66119
66125,66129
66028,66130
66028,66026
66028,66131
66028,66025
66028,66021
66132,66133
66132,66134
66135,66136
66103,66137
66103,65838
66103,66138
66103,66139
66103,66140
66103,66141
66103,66142
66103,66143
66123,65901
66103,66144
66103,66145
65983,65980
65983,65981
65983,65982
65983,65983
65983,65979
65983,65984
65983,65985
65983,65970
65983,65883
65983,65915
66146,65869
66146,66147
66146,66148
65869,66149
65869,66150
65869,66151
65869,66152
66153,66021
66153,66086
66153,66154
66155,66156
66157,65800
66103,66158
66157,66159
66157,66160
66103,66161
66142,66162
66142,66103
66142,66163
66142,65901
66142,66164
66142,66119
66143,65901
66143,66165
66166,66165
66167,66168
66167,66169
66167,66170
66167,66171
66167,66172
66171,66059
66171,66173
66171,66174
66175,66176
66177,66178
66157,66179
66157,65832
65987,66180
66123,65813
66181,66008
66008,66181
66008,66180
66008,66182
66008,66183
66008,66184
66008,66185
66008,65965
66008,66186
66008,66187
66008,66188
66008,66189
66008,66190
66008,66191
66008,66192
66193,66194
66194,66195
66194,66194
66194,66196
66194,66197
66194,66198
66194,66199
66008,66200
66194,66201
66008,65878
66008,65988
65987,65883
65987,66008
65965,65988
65965,65989
65965,65987
65965,65878
65965,66102
65965,66180
65965,65917
65965,65883
65965,66008
65965,66202
65965,66203
65965,66204
65965,66186
65965,66205
65965,66206
66008,66207
66008,66208
66008,66209
66008,66090
66008,65987
66123,65836
66210,66211
66210,66212
66213,66214
66213,66215
66213,66061
66216,65853
66216,66217
66216,66218
66216,66219
66200,66208
66200,66220
66200,66008
66200,65988
66200,65878
66200,66090
66200,66221
66200,66180
66200,66182
66200,66183
66181,65988
66181,65878
66181,66200
66181,66208
66222,65813
66210,66223
66224,66225
66224,66226
66210,65832
66210,66227
66210,66228
66210,66229
66210,66230
66210,65817
66231,66232
66233,66234
66234,66235
66234,66236
66237,66008
66237,66238
66207,66239
66207,66240
66207,66008
66224,66150
66224,66139
66224,66094
66224,66241
66224,66242
66224,66243
66224,66244
65875,66245
65875,66246
65875,66247
65813,66248
66225,65813
66225,66249
66225,66250
66225,66151
66251,66252
66251,66253
66251,66254
66251,66255
66150,65901
65872,65871
65872,66256
66129,65901
66129,66139
66139,65901
65901,66257
65901,66258
65901,66213
65901,66259
65901,66260
65901,66261
65813,66257
65901,66262
65813,66263
65813,66264
65813,66265
65813,66266
65813,66267
65813,66268
65813,66269
65813,66270
65813,66271
65813,66139
65813,66272
65813,66273
65813,66138
65813,66111
65813,66274
65813,66275
65813,66123
65813,66143
65813,66276
65813,66231
65813,66232
65813,66277
65813,66278
65813,66279
65813,66280
65901,66281
65901,66282
66283,65806
66283,65807
66283,65809
66283,66283
65817,65797
65817,66284
65817,66285
65817,66286
65817,66287
65817,66288
65817,65832
65817,66289
65817,66290
65817,66291
65817,66292
65832,66293
65832,66294
65832,66295
65832,66290
65832,66296
65832,66157
66283,65944
65901,66241
66283,66032
66283,65837
65901,66278
65901,66087
65901,66297
65901,66127
65901,66150
65901,66298
65901,66129
65901,66139
66297,65901
65898,65986
65898,65920
65898,65921
65898,65914
65837,65806
65837,66283
66032,66299
66032,65837
65806,66300
66283,65911
66283,65898
66283,65915
66283,65804
65832,65817
65813,65835
65813,66301
66244,66226
66244,66302
66244,66303
66244,66304
66244,66305
66244,66306
66244,66225
66244,66243
66244,66307
66244,66242
66244,66308
66244,66241
66244,66094
66244,66309
66244,66310
66244,66311
66244,66312
66244,66313
66244,66139
66244,66314
66244,66315
66316,66317
66244,66150
66316,66318
66316,66319
65875,66320
65875,66321
65875,66322
65875,65967
65875,66323
65875,66324
65875,66325
65875,65809
65875,66326
65875,66327
65875,66328
65875,66329
65875,66330
66331,66319
66331,66332
66331,66333
66316,66334
66316,66331
66316,66335
66316,66336
66316,66337
66316,66332
65813,65836
66244,66338
66244,66298
66302,66139
66302,66150
66339,66339
66339,65808
66339,66340
66339,66341
66339,66342
66339,66343
66339,66344
66339,66345
66339,65977
66339,66087
66339,65795
66238,66181
66238,66220
66238,66346
66238,66347
66238,66348
66238,66349
66238,66350
65813,66351
66302,66094
66244,66352
66302,66241
66302,66243
66226,66225
66226,66244
66226,66353
66226,66243
66226,66242
66226,66241
66226,66094
66226,66302
66226,66139
66226,66150
66243,66091
66243,66354
66243,66244
66243,66095
66243,66094
66243,66093
66243,66139
66243,66092
66302,66225
66302,66244
66302,66226
66302,66242
65832,66355
65832,66356
65832,66160
66357,66089
66357,66358
66357,66359
66357,66360
66357,66361
66357,66362
66357,66363
66357,66364
66357,66357
66357,66365
66357,66366
66357,66367
66357,66368
66357,66369
66357,66370
66357,66371
66357,66372
66357,66373
66357,66374
66170,66170
66170,66375
66357,66376
66170,66377
66357,66378
66357,66379
66380,66381
66380,66382
66380,66361
66380,65845
66380,66383
66384,66385
66357,66386
66357,66387
66357,66388
66357,66389
66357,66390
66357,66391
66357,66392
66357,66393
66357,66394
66357,66380
66357,66217
66357,66381
66357,66395
65873,66396
65875,66397
66357,66382
66380,66398
66170,66399
66170,66400
66170,66281
66170,66401
66170,66402
66170,66403
66404,66404
66405,66406
65875,66407
65875,65807
65875,66408
65875,66409
65875,65938
65875,66410
65875,66411
65875,66412
65875,66413
65875,66414
65875,66415
65875,66416
65875,65942
65875,65806
65875,66417
66170,66418
66170,66419
66170,66420
66170,66421
66170,66422
66170,66423
66170,66424
66170,66425
66170,66426
66170,66169
66170,66427
66170,66428
66170,66429
66170,66430
66170,66431
66170,66432
66170,66433
66170,66434
66170,66435
66170,66436
66170,66437
66170,66438
66170,66439
66170,66260
66170,66440
66170,66441
66380,66442
66380,66443
66380,66444
66317,66445
66317,66217
66317,65853
66446,66447
66446,66448
66449,66450
66449,66446
66451,66262
66451,66452
66451,66453
66451,66454
66451,66455
66451,66456
66451,66457
66451,66458
66451,66459
66451,66460
66451,66461
66451,66462
66451,66463
66451,66464
66317,66465
66451,66466
66317,66379
66317,66219
65797,65817
65797,66284
65797,66467
65797,65832
65894,66446
65894,66468
65894,66469
65894,66115
65894,66470
65871,66471
65871,66156
65871,66472
65871,66473
65871,66474
66127,66087
66127,66475
66127,66476
66127,65901
66127,66477
66127,65864
66127,66478
66317,65782
66451,66479
66451,66480
66451,66481
65931,66482
65931,66483
65931,66484
65931,66485
66486,66487
66486,66421
66486,66488
66486,66074
66486,66489
66095,66490
66095,66491
66095,66251
66095,66492
66095,66493
66095,66405
66380,66494
66380,66495
66380,66496
66380,66497
66380,66357
66380,66498
65931,65914
65931,65921
65931,65920
65931,65917
66451,66499
66451,66500
66451,66501
66451,66502
66451,66503
66451,66208
66451,66504
66451,66505
66451,66506
66451,66507
66155,66071
66451,66508
66451,66100
66451,66509
66451,66510
66511,66451
65931,66512
65931,66513
65931,65915
65931,65979
65931,66514
65931,65898
66451,66515
66155,65872
66008,66205
66155,66516
65873,65781
65873,66517
65873,66518
65873,66519
65873,66520
65873,66521
65873,66522
65873,65856
65873,66523
65873,66524
65873,66525
65873,66526
65873,66291
65873,65857
65873,66527
65873,66528
65873,66529
65873,66530
65873,66531
65873,66532
65873,66382
65873,65834
65873,66533
65873,66534
65873,66535
65873,66536
65873,66537
65873,66538
65873,66539
65873,66540
65873,66157
65873,66541
65873,66542
65873,66543
65873,66544
65873,65850
65873,65851
65873,66545
65873,66217
65873,65853
65873,66546
65873,66547
65873,65854
65873,66548
65873,66549
65873,66292
65873,65845
65873,66550
65873,66551
66552,66553
66552,66552
66552,66554
66555,65878
66555,66221
66282,65901
65910,65890
65910,65887
65910,65909
66552,66556
65910,65883
66557,66558
66557,66559
66557,66560
66557,66561
66557,66562
66557,66453
66557,66563
66557,66564
66557,66565
66463,66451
66552,66566
65803,65832
66567,66568
65873,66569
65873,66570
65875,66571
66572,66573
66572,66574
66572,66575
66572,66576
66572,66577
66572,66578
66572,66579
66572,66580
66572,66581
66572,66582
66583,66583
66393,66584
66393,66124
66393,66585
66586,66587
66586,66588
66586,66589
66262,66451
65873,66211
65873,66590
65873,66591
65873,65844
66271,66095
66592,66593
66592,66594
66592,66511
66592,66194
65886,66095
65886,65890
65886,65885
65886,65883
66083,66028
66572,66595
66572,66596
66572,66597
66572,66598
66572,66599
66572,66600
66572,66601
66572,66602
66572,65832
66572,66603
66572,66604
66083,66026
66083,66021
66605,66606
65890,66008
65890,65898
65890,65971
65890,65897
66607,66608
66607,66102
66607,66180
66607,66609
66607,66610
66257,65808
66257,65813
66611,65880
66117,66612
66278,65813
66275,65813
66455,66451
66605,66548
66605,65844
66605,65832
66605,66613
66605,66614
66572,66615
66572,66616
66572,66617
66572,66618
65873,66619
65873,66620
65873,66621
65873,66505
65873,66622
65873,66623
65873,66624
65873,66355
65873,66613
65873,66625
65873,66626
65873,65822
65873,65842
65873,66627
65873,66628
65873,65830
65873,66629
65873,66630
65873,65831
65873,65832
65873,66160
65873,66614
66557,66631
65873,65829
65873,66632
66572,66633
66572,66634
66572,66635
66572,66636
65873,66637
65873,65792
65873,66638
65873,66639
65873,66640
65873,66641
65873,65827
65873,66642
65873,66643
65873,66644
65873,66645
65873,66646
65873,66647
65873,66445
65873,66606
65873,66648
65873,66649
65873,66650
65890,66006
66557,66651
66557,66652
66653,65894
66653,66654
66653,66655
66653,66620
66653,66656
66653,66657
66653,66074
66653,66658
66653,66659
66653,66641
66653,66660
66653,66661
66653,66662
66653,66663
66653,66664
66653,66665
66653,66380
66653,66666
66653,66667
66653,66668
66653,66669
66653,66670
66653,66671
66653,66672
66653,66673
66653,66674
66653,66505
66653,66675
66653,66676
66653,66677
66653,66678
66653,66076
66653,66679
66653,66680
66653,66681
66653,66682
66653,66459
66653,66683
66653,66684
66653,66685
66653,66686
66653,66687
66653,65873
66653,66688
66653,66470
66653,66689
66653,66605
66653,66690
66653,66691
66653,66692
66653,66693
66653,66694
66653,66594
66653,66695
66155,65949
66653,66696
66653,66697
66653,66698
66653,66699
66653,66700
66653,66701
66653,66702
66653,66703
66653,66054
66653,66358
66653,66704
66653,66120
66653,66705
66653,66706
66653,66593
66653,66707
66653,66117
66653,66708
66653,66709
66653,66710
66653,66456
66653,66711
66653,66058
66653,66712
66653,66713
66653,66714
66653,66715
66653,65898
66653,66716
66653,66717
66653,66718
66653,66719
66653,66451
66653,66720
66653,66721
66653,66557
66653,66722
66653,66723
66653,66357
66653,66098
66653,66724
66653,66725
66653,66726
66727,66022
66727,66273
66727,66728
65873,66729
66727,66730
66727,66731
66727,66732
66727,66733
66727,65871
66727,66734
66727,66074
66727,66594
66727,66735
66727,66632
66727,66449
66727,66736
66727,66638
66727,66737
66727,66738
66727,66727
66727,66505
66727,66739
66727,66740
66727,66741
66557,66742
66557,66743
66557,66744
66557,66745
66557,66746
66557,66747
66557,66748
66557,66749
66557,66750
66557,66751
66557,66752
66557,66753
66557,66754
66557,66755
66557,66756
66557,66757
66557,66620
66557,66758
66727,66759
66727,66510
66727,66381
66727,66470
66727,66760
66727,66446
66727,66761
66762,66763
66764,66765
66764,66766
66764,66767
66764,66768
66764,66769
66764,66770
66764,66008
66764,66771
66668,66772
66653,66773
66653,66774
66653,66077
66653,66775
66653,66776
65873,66317
65873,65825
65873,66777
65873,66778
65873,66779
66653,66780
66762,66781
66557,66782
66762,66783
66762,66784
66727,66357
66727,66785
66727,66459
66727,66786
66727,66787
66727,66788
66727,65872
66727,66789
66727,66790
66727,66471
66727,66791
66727,66792
66727,66793
66791,66472
66791,66794
66795,66796
66762,66797
66762,66798
66762,66799
66762,66800
66762,66801
66762,66802
65890,65883
65873,66803
65890,65880
66088,66433
66088,66804
66088,66805
66088,66806
66088,66059
66088,66475
66088,65797
66088,66356
66088,66807
66088,65869
66088,66808
65890,65917
66088,66435
66088,66809
66088,65817
66088,66810
66088,66111
66088,66811
66088,66812
66088,66813
66088,66171
66088,66814
66088,66815
66088,66275
66088,66816
66088,66127
66088,65901
66088,66817
66088,66818
66088,66819
66088,66820
66088,66821
66088,66822
66088,66213
66088,66823
66088,66824
66088,66825
66088,66249
65873,66826
65873,65815
65873,66827
65873,65816
65873,66828
65873,66829
65873,66830
65873,66831
65873,66832
65873,66219
65873,65817
65873,65800
65873,66833
65873,65957
65873,66834
65873,66835
65873,66088
65873,66836
65873,66837
66088,66838
66088,66432
66088,66088
66088,65813
65873,66839
65873,66840
65873,66841
66088,66842
65873,65814
65873,66843
65873,66844
65873,66845
65873,66846
65873,66847
65873,66848
65873,66793
65873,66849
66088,66850
66088,66123
66088,66851
66265,65869
66265,66852
66265,65813
66265,66853
66265,65808
66265,66854
66088,66278
66088,66855
66088,66570
66088,66292
66088,66436
66088,66531
66088,66856
66088,66857
66088,66150
66265,66858
66265,66859
66265,65901
66265,66860
66156,66861
66516,66155
66862,66863
66862,65880
66829,66292
66829,65832
66829,66820
66088,66265
66829,66811
66829,66098
66829,66541
66829,66864
66829,66834
66236,66234
66265,66432
66265,66088
66829,66356
65873,66807
66088,66865
66088,66866
66088,66619
66088,66867
66088,66868
66088,66259
66088,66869
66088,66170
66088,66870
66088,65795
66088,66871
66088,66872
66088,66873
66088,66874
66088,66875
66088,66876
66088,66877
66088,66143
66088,66878
66088,66879
66088,66087
66088,66165
66088,66880
66088,66232
66088,66881
66088,66339
66088,66882
66088,66883
66088,66517
66088,66231
66088,66157
66088,66341
66088,65832
66088,66884
66088,66276
66088,66885
66088,66886
66088,66541
65873,66887
66088,65800
65873,66888
65873,66889
65873,66890
65873,66891
65873,66892
65873,65795
65873,66893
65873,66894
65873,66895
65873,66727
65873,66896
65873,66897
65873,66898
65873,66899
65873,66900
65873,66901
65873,66902
65873,66903
65873,66904
66088,66905
66088,66129
66088,66061
66088,66906
66719,65869
66907,66908
66909,66661
65873,66910
65873,66911
65873,65794
65873,66760
65873,66912
65873,66913
65873,66379
65873,65785
65873,66914
65873,66915
65873,66605
65873,66916
65873,66673
65873,65787
65873,66385
65873,66917
66909,66918
65873,66919
65873,66820
65873,66920
65873,66287
65873,66465
65873,66921
65873,66922
65873,66923
65873,66924
65873,66674
65873,65788
65873,65791
65873,66925
65873,65796
66909,66234
66235,66234
66355,65832
66926,66208
66926,66238
66926,66261
66926,66059
66926,66180
65873,66927
66926,66928
66926,66008
65890,65961
65890,66607
65890,65966
65890,65946
66926,66798
65890,65930
65890,65933
65890,65914
65890,65988
65890,66102
65890,65940
65890,65923
65890,65947
65890,65920
65890,65970
65890,65996
65890,65998
65890,66929
65890,65931
65873,66930
66931,66175
66196,66932
66933,65901
66934,65883
66935,66936
66935,66937
66938,66939
66938,66940
66938,66941
66938,66942
66938,66943
66938,66944
66938,66945
66938,66946
66196,66947
66938,66948
66938,66949
66938,66950
66938,66951
66938,66952
66938,66953
66938,66954
66205,66204
66205,65988
66205,66203
66205,66180
65873,66955
66956,66957
66938,66958
65873,66959
66205,66185
65873,65820
65873,66960
65873,66961
65873,66962
65873,66963
65873,66964
65873,66965
65873,66966
65873,66967
65873,66968
65873,66969
65873,66356
65873,65797
65873,66970
65873,66789
65873,66971
65873,66972
65873,66973
65873,66974
65873,66975
65873,66976
65873,65784
65873,66977
65873,66787
65873,66978
65873,66979
65873,65782
65873,65826
65873,66811
65873,66980
65873,66810
65873,65821
65873,66864
65873,65786
