6475,6476
6477,6478
6477,6479
6477,6480
6477,6481
6477,6482
6477,6483
6484,6485
6484,6486
6484,6487
6477,6488
6484,6488
6484,6489
6484,6490
6491,6492
6491,6493
6491,6494
6491,6495
6491,6496
6491,6497
6491,6498
6484,6499
6500,6501
6502,6503
6502,6504
6505,6501
6505,6504
6505,6503
6502,6506
6502,6507
6502,6508
6502,6505
6502,6509
6502,6510
6502,6511
6502,6512
6502,6513
6502,6514
6502,6515
6502,6516
6502,6517
6502,6518
6502,6519
6502,6520
6502,6521
6502,6501
6491,6522
6491,6519
6491,6523
6491,6524
6525,6526
6525,6527
6525,6493
6525,6491
6525,6528
6525,6529
6525,6519
6525,6498
6525,6530
6525,6531
6525,6532
6525,6533
6525,6534
6525,6535
6525,6536
6525,6537
6525,6538
6525,6496
6525,6539
6540,6488
6540,6541
6525,6542
6505,6521
6525,6543
6544,6545
6491,6525
6491,6546
6491,6547
6491,6548
6491,6549
6491,6501
6491,6528
6550,6551
6550,6552
6550,6553
6550,6554
6550,6555
6556,6557
6556,6480
6556,6558
6556,6559
6560,6561
6560,6562
6560,6563
6560,6564
6544,6565
6544,6525
6540,6566
6505,6520
6505,6519
6563,6567
6563,6568
6563,6569
6563,6570
6563,6571
6563,6572
6563,6493
6573,6488
6573,6574
6563,6491
6573,6575
6573,6483
6573,6576
6577,6551
6578,6579
6578,6580
6578,6581
6579,6582
6579,6488
6579,6583
6573,6584
6563,6556
6563,6585
6563,6586
6587,6588
6587,6589
6563,6590
6563,6591
6563,6592
6563,6562
6563,6593
6563,6594
6563,6587
6563,6595
6563,6596
6563,6597
6563,6598
6563,6599
6563,6600
6563,6601
6563,6602
6563,6603
6563,6604
6563,6563
6563,6605
6579,6541
6579,6566
6579,6581
6579,6606
6607,6608
6607,6598
6609,6610
6609,6611
6609,6612
6609,6613
6609,6561
6609,6614
6609,6615
6505,6506
6505,6507
6505,6508
6505,6505
6505,6509
6505,6511
6505,6512
6505,6513
6505,6514
6505,6515
6505,6516
6505,6517
6607,6616
6505,6502
6607,6617
6607,6618
6579,6619
6579,6483
6579,6578
6579,6540
6579,6620
6579,6621
6607,6622
6607,6623
6607,6561
6607,6624
6607,6625
6607,6626
6607,6609
6607,6614
6607,6627
6607,6628
6607,6629
6607,6630
6607,6631
6607,6632
6607,6587
6607,6633
6540,6581
6540,6619
6540,6483
6634,6635
6634,6636
6634,6637
6634,6638
6634,6639
6634,6640
6634,6641
6634,6642
6634,6643
6634,6644
6634,6645
6634,6646
6634,6647
6634,6648
6634,6649
6634,6540
6634,6650
6634,6520
6634,6651
6634,6652
6634,6578
6634,6653
6634,6654
6634,6655
6634,6656
6634,6657
6634,6658
6634,6659
6634,6541
6634,6660
6634,6661
6634,6566
6634,6581
6634,6662
6634,6663
6634,6664
6634,6665
6634,6666
6634,6667
6634,6668
6634,6669
6634,6619
6634,6670
6634,6671
6634,6672
6634,6521
6634,6673
6634,6674
6634,6555
6634,6515
6634,6675
6634,6561
6634,6676
6634,6584
6634,6496
6634,6677
6634,6678
6634,6497
6634,6679
6634,6680
6634,6681
6634,6682
6634,6683
6634,6684
6634,6685
6634,6629
6634,6686
6634,6687
6634,6688
6634,6498
6634,6689
6634,6690
6634,6691
6634,6692
6634,6693
6634,6694
6634,6695
6634,6508
6634,6696
6634,6697
6634,6698
6634,6510
6634,6699
6634,6700
6634,6701
6634,6702
6634,6703
6634,6622
6634,6610
6634,6704
6634,6705
6634,6488
6634,6706
6634,6707
6634,6708
6634,6709
6634,6553
6634,6552
6634,6582
6710,6711
6710,6712
6710,6713
6710,6714
6710,6715
6710,6716
6710,6717
6710,6718
6710,6719
6710,6720
6710,6721
6710,6722
6710,6723
6724,6725
6724,6726
6724,6727
6724,6728
6724,6729
6724,6730
6724,6731
6724,6732
6710,6733
6724,6734
6710,6735
6710,6736
6540,6578
6737,6738
6710,6724
6710,6725
6710,6726
6710,6739
6710,6740
6710,6741
6710,6727
6710,6729
6710,6742
6710,6730
6710,6743
6710,6744
6710,6731
6710,6745
6710,6746
6710,6747
6710,6734
6710,6594
6710,6748
6710,6749
6587,6750
6724,6594
6724,6749
6599,6751
6599,6560
6599,6752
6753,6754
6634,6755
6634,6756
6634,6757
6634,6758
6634,6759
6634,6760
6634,6761
6634,6762
6634,6763
6634,6764
6634,6765
6634,6506
6634,6766
6634,6767
6634,6768
6634,6769
6634,6770
6599,6593
6724,6736
6599,6561
6599,6587
6724,6711
6724,6714
6724,6715
6724,6716
6724,6718
6724,6771
6726,6772
6726,6773
6726,6774
6726,6775
6726,6776
6726,6777
6726,6739
6726,6711
6726,6597
6726,6778
6726,6779
6726,6780
6726,6781
6475,6782
6599,6783
6599,6784
6634,6522
6587,6785
6587,6752
6575,6483
6575,6584
6575,6786
6575,6787
6598,6788
6598,6789
6598,6790
6598,6791
6598,6792
6575,6793
6592,6794
6592,6587
6592,6795
6592,6796
6592,6784
6592,6797
6592,6591
6592,6622
6592,6561
6592,6562
6592,6563
6575,6798
6575,6799
6575,6691
6551,6800
6551,6801
6551,6802
6551,6803
6551,6804
6584,6575
6584,6488
6584,6805
6584,6806
6584,6584
6584,6786
6584,6807
6584,6808
6575,6488
6575,6809
6575,6486
6575,6810
6575,6811
6575,6805
6575,6812
6575,6481
6592,6593
6592,6788
6592,6629
6592,6594
6807,6813
6807,6806
6807,6584
6807,6786
6807,6483
6814,6815
6814,6816
6814,6817
6814,6818
6814,6819
6814,6820
6814,6821
6814,6822
6814,6823
6814,6824
6814,6501
6814,6825
6814,6826
6814,6827
6814,6828
6814,6829
6807,6798
6551,6830
6807,6488
6806,6807
6592,6597
6592,6831
6592,6598
6592,6832
6592,6500
6794,6833
6794,6739
6794,6796
6794,6834
6794,6592
6794,6562
6794,6835
6794,6594
6794,6587
6794,6715
6794,6597
6794,6836
6794,6837
6794,6723
6794,6838
6806,6786
6807,6808
6814,6839
6551,6840
6551,6841
6483,6482
6483,6808
6483,6478
6483,6812
6483,6842
6843,6844
6843,6845
6843,6846
6843,6847
6483,6813
6482,6478
6482,6483
6808,6488
6808,6806
6808,6584
6808,6786
6808,6807
6808,6483
6808,6559
6551,6762
6482,6488
6483,6480
6483,6488
6483,6848
6488,6483
6488,6486
6488,6479
6488,6849
6488,6850
6488,6575
6488,6786
6488,6581
6488,6851
6488,6852
6488,6808
6488,6805
6488,6853
6488,6584
6488,6798
6488,6854
6488,6855
6488,6573
6488,6478
6488,6856
6488,6857
6551,6766
6551,6660
6551,6768
6551,6769
6551,6858
6551,6859
6551,6860
6551,6861
6551,6862
6551,6863
6551,6864
6551,6657
6551,6659
6551,6849
6551,6672
6551,6540
6551,6865
6551,6521
6551,6866
6551,6551
6551,6867
6551,6868
6551,6869
6551,6870
6551,6871
6551,6635
6551,6872
6551,6873
6551,6693
6551,6552
6551,6553
6551,6554
6551,6874
6551,6541
6551,6667
6551,6668
6551,6669
6551,6875
6551,6876
6551,6619
6551,6639
6551,6641
6551,6642
6551,6649
6551,6877
6551,6650
6551,6878
6551,6879
6551,6673
6551,6555
6551,6880
6814,6881
6882,6883
6882,6884
6501,6491
6501,6885
6501,6508
6501,6886
6501,6504
6501,6517
6501,6887
6501,6888
6501,6889
6501,6515
6501,6890
6501,6891
6501,6892
6501,6498
6501,6492
6501,6763
6501,6505
6501,6494
6501,6495
6501,6497
6501,6893
6501,6623
6501,6894
6501,6519
6519,6630
6519,6895
6519,6493
6519,6896
6519,6889
6519,6897
6519,6898
6519,6899
6519,6900
6519,6587
6519,6891
6519,6901
6519,6784
6519,6519
6519,6902
6501,6903
6501,6796
6501,6592
6501,6904
6501,6752
6501,6500
6501,6522
6501,6523
6501,6524
6501,6528
6479,6488
6479,6481
6479,6478
6479,6480
6479,6477
6479,6482
6479,6483
6587,6622
6587,6629
6587,6905
6587,6886
6587,6906
6587,6907
6587,6908
6587,6909
6587,6563
6587,6519
6587,6910
6587,6911
6587,6903
6587,6912
6913,6598
6519,6914
6913,6915
6818,6916
6501,6917
6501,6514
6501,6502
6501,6525
6501,6546
6501,6918
6877,6551
6693,6551
6880,6551
6880,6554
6818,6919
6818,6920
6818,6921
6818,6922
6818,6923
6818,6924
6818,6925
6818,6926
6818,6927
6818,6928
6818,6929
6818,6817
6519,6908
6519,6501
6893,6501
6882,6930
6882,6931
6882,6932
6882,6611
6882,6933
6882,6934
6882,6935
6882,6936
6882,6937
6882,6938
6882,6939
6882,6940
6882,6941
6882,6942
6882,6943
6944,6945
6944,6946
6944,6542
6944,6947
6944,6948
6944,6949
6882,6950
6944,6951
6882,6952
6882,6953
6882,6954
6882,6882
6882,6955
6882,6956
6882,6957
6882,6958
6882,6959
6882,6960
6882,6961
6882,6962
6882,6963
6882,6964
6882,6965
6882,6966
6882,6967
6882,6968
6882,6969
6882,6970
6882,6971
6882,6972
6882,6561
6882,6973
6587,6783
6944,6974
6944,6975
6884,6976
6884,6937
6884,6938
6884,6972
6884,6977
6884,6978
6884,6979
6884,6980
6884,6981
6884,6935
6884,6936
6884,6962
6884,6882
6884,6982
6884,6983
6884,6984
6884,6985
6884,6986
6884,6987
6893,6988
6893,6519
6884,6957
6944,6989
6884,6990
6884,6991
6944,6992
6944,6536
6944,6993
6944,6994
6944,6958
6944,6995
6944,6996
6944,6997
6944,6548
6542,6998
6884,6934
6884,6999
6884,7000
6884,6931
6884,7001
6884,6960
6884,6971
6884,7002
6884,6961
6884,6956
6884,7003
6884,7004
6634,7005
6599,6622
6634,6793
7006,7007
6634,7008
7009,6557
7009,7010
7009,7011
7012,7013
7012,7014
7012,7015
7012,7016
7006,7017
7012,7018
7012,7019
7012,7020
7012,7021
7012,6824
7012,6846
7012,7022
7012,7023
7024,7025
7024,7026
7012,7027
7028,6623
7028,6704
7028,6508
7029,6752
7029,6803
7029,6877
7029,6865
7030,7031
7031,7032
7031,7033
7031,7034
7031,7035
7036,7037
7038,7039
7038,6960
7038,7040
7038,6961
7038,7041
7038,7042
7038,6608
7038,7043
7038,6884
7038,7044
7038,6882
7024,7045
7024,7046
7024,7047
7024,7048
7024,7049
7024,7050
7024,7051
7024,7052
7024,7053
7024,7054
7024,7055
7024,7056
7024,7057
7024,7058
7024,7059
7024,7060
7024,7061
7062,7025
7062,7026
7062,7045
7062,7046
7062,7047
7062,7048
7062,7063
7062,7064
7024,7065
7029,7066
7024,7067
7024,7068
7024,7063
7024,7064
7024,7069
7024,7070
7024,7071
7024,7072
7024,7073
7024,7074
7024,7075
7024,7076
7024,7077
7024,7078
7024,7079
7024,7080
7024,7081
7024,7082
7024,7083
7024,6609
7024,7084
7024,7085
7024,7062
7024,7086
7062,7069
7029,6874
6580,6560
7087,6812
7087,6486
7087,6479
7087,6488
7087,6480
7087,6810
7087,6813
7087,6573
7087,6857
7087,6478
7087,6483
7087,6851
7087,7088
7087,7089
7066,6551
7066,7090
7066,7091
6773,6726
7092,7093
7094,7095
7087,6808
7096,7097
7096,7098
7096,7099
6971,6882
6972,6884
6972,6882
6936,6882
6982,6960
6982,6936
6982,6882
6841,6551
6841,7029
6841,7066
6841,6752
6841,7100
6841,7101
6841,6804
6841,7102
6841,6877
6841,6865
6493,6519
7103,7104
7103,7105
7096,7106
7094,7107
7094,6596
7094,7108
7094,6598
7109,6824
7109,6846
7109,6598
6576,6488
6576,6810
6895,6903
6895,6904
6895,7110
6895,6519
7111,6956
7111,6957
7111,6937
7111,6882
6580,7112
6580,7113
6580,7114
6580,7115
6580,6609
6580,7116
6580,7117
6580,7118
7109,7119
7029,6551
7109,7120
7109,6596
7121,7122
7121,7123
7121,7124
7121,7125
7121,7126
7121,7127
7121,7128
7129,7130
7129,7131
7129,7109
7129,6882
7129,7132
7109,7133
7109,7134
7109,7135
7109,7136
7109,6593
7109,7137
7109,7138
7109,6618
7109,6826
7109,6843
6931,6882
7062,7071
7062,7073
7139,7140
7139,7141
7139,7142
7139,7143
7139,7144
7139,7145
7139,7146
7139,7147
7139,7148
7139,7149
7139,7150
7139,7151
7139,7152
7139,7153
7139,7154
7139,7099
7139,7155
7139,7156
7139,7157
7139,7158
7139,7159
7139,7160
7139,7161
7139,7162
7163,6598
7164,7165
6778,6726
6855,6488
7166,7167
7166,6599
7166,7168
7166,7169
7170,6775
7170,7171
7170,6774
7170,7172
7170,7173
7170,6726
7174,7031
7139,7175
7139,7176
7139,7177
7139,7178
7139,7179
7139,7180
7139,7181
7139,7182
7139,7183
7139,7184
7185,7186
7185,7187
7185,7188
7185,7189
7185,7190
7185,7191
7185,7192
7185,7193
7194,7195
6475,7196
6475,7197
6475,6574
6475,7198
6475,7199
6475,6557
6475,6575
6475,7200
6475,6842
6475,7201
6475,6559
6475,6482
7185,7202
7203,7204
7185,6792
7185,7205
7139,7206
7139,7207
7139,7208
7139,7209
7139,7210
7139,7211
7139,7212
7139,7213
7139,7214
7139,7215
7139,7216
7139,7217
7139,7218
7139,7219
7139,7220
7139,7221
7139,7222
7139,7223
6930,6882
7224,6557
7185,7225
7185,7226
7062,7072
7203,7227
7203,7228
7062,7229
7062,7061
7230,7231
7230,7232
7230,7233
7230,7234
7230,7235
7230,7236
7230,7237
7062,7059
7230,7238
7230,7239
7230,7240
7230,7241
7230,7242
7230,7243
7230,7244
7245,6970
7245,7246
7245,7247
7230,7248
7062,7058
7062,7057
7062,7056
7062,7074
7062,7075
7062,7076
7062,7249
7062,7078
7062,7079
7062,7080
7062,7081
7062,7082
7062,6609
7062,7084
7062,7085
7062,7024
7062,7068
7062,7067
7062,7065
7062,7049
7062,7050
7062,7250
7062,7051
7062,7055
7245,7251
7245,7252
7245,7253
7245,7254
7255,7256
7255,7257
7255,7258
7255,7259
7255,7260
7255,7261
7203,7225
7203,7262
7203,7263
7203,7264
7203,6596
7203,7265
7203,7266
7203,7267
7203,7268
7203,7269
7203,7189
7203,7256
7203,7191
7203,7270
7203,7271
7255,7272
7203,7273
7255,7274
7275,6882
7245,6882
6775,6726
6475,6812
6475,7276
6475,6488
6475,6480
6475,6481
6475,6806
6475,7277
7278,6882
7279,6882
7280,6882
7281,6882
7282,6882
7282,7283
7282,7284
7282,6984
7283,6882
7283,7282
7283,6984
7283,7285
7286,6882
6969,6882
7006,7093
6969,7287
6956,6882
6956,6985
6956,6990
6956,6937
6935,6884
6935,6882
6935,7288
6853,6488
6853,7289
6956,6884
6853,6798
6853,7290
6853,7291
6853,6854
6798,7292
6798,6812
6798,6787
6798,6488
6798,6707
6798,6806
6853,6850
6956,6957
6956,6984
7293,7225
7294,7295
7294,7296
7294,7191
7294,7190
7294,7297
7294,7298
7294,7299
7294,7300
7294,7186
7294,7301
7294,7302
7294,7264
7294,7293
7294,6598
7294,7303
7293,7204
7293,7304
7293,7256
7293,7269
7293,7268
7293,7262
6798,6584
6798,6786
6798,6807
6798,6559
6691,6849
6691,7305
6691,6863
6691,7306
6691,7307
6691,6510
6691,7308
6691,7104
6691,7309
6691,6735
6691,7310
6691,7290
6691,7311
6691,7312
6691,7313
6691,7314
6691,7315
6685,7316
6685,6694
6685,6695
6685,6508
6691,7317
7294,7318
6691,7319
6691,7320
6798,6793
6798,6808
6798,7321
6691,7322
6691,7323
6691,7324
6691,6707
6691,7325
6691,7326
6691,7327
6691,6575
6691,6574
6691,6811
6691,7328
6691,6798
6691,6518
6691,6787
6691,7329
6691,7330
6691,7331
6691,7332
6691,6812
6685,6812
7294,7333
7294,7204
6634,7334
6634,7335
6634,6851
6634,7088
6634,7115
6634,7336
6634,7337
6634,7338
6634,7339
6634,7340
6634,7341
6634,7342
6634,7343
6634,7344
6634,7345
6634,7103
6634,7346
6634,7347
6634,7348
6634,7349
6634,7350
6634,7351
6634,6620
6634,7352
6634,6518
6634,7353
6634,7354
6634,7355
6634,7356
6634,7357
6634,7358
6634,7359
6634,7360
6634,7361
6634,6483
6634,7362
6634,7363
6634,7364
6634,6844
6634,6852
6634,6809
6634,6808
6634,7365
6634,7366
6634,6634
6634,7367
6634,6611
6634,6630
6634,7368
6759,6578
6759,7369
6759,6540
6759,6865
6759,6882
6656,6690
6656,6557
6656,6654
6581,6488
6581,6541
6581,6566
6581,6619
6581,6483
6581,7087
6581,6578
6581,7332
6654,6690
6654,7370
6654,6557
6654,6656
6654,7371
6759,6841
7294,7372
6759,6619
6759,7373
6634,7374
7375,6551
7375,6876
7376,7377
7376,7378
7376,7379
7376,7380
7376,7381
6804,6551
7382,7383
7382,6881
7382,6826
7382,7384
7382,6843
7382,6846
6759,7385
6759,7114
6759,6541
6759,7197
6759,6566
6969,7386
6759,6625
6685,6755
6759,6581
6685,7387
7388,7389
7388,7390
7388,7391
7388,7392
7388,7393
7388,7394
7388,7395
7388,7396
7388,7397
7388,7398
7388,7399
7388,7400
7388,7401
7388,7402
7388,7403
7388,7404
7388,7405
7388,7406
7388,7407
7388,7408
7388,7409
7388,6626
7388,7410
7388,7411
6784,6519
7388,7412
7388,7413
7388,7414
7388,7415
7388,7416
7388,7417
7388,7418
7388,7419
7388,7420
7388,7421
7388,7422
7388,7423
7388,7424
7388,7425
7388,7426
7388,7427
7388,7428
7388,7429
7388,7430
7388,7431
7432,7433
7432,7434
7432,7435
7432,7436
7437,7438
7439,7440
7439,7441
7439,7442
7439,6556
7439,7443
7439,7444
7439,7445
7439,7446
7439,7447
7439,7448
6780,7449
6780,6557
6780,7450
6780,7451
6780,6721
6780,6723
7451,6882
6820,6913
6820,6598
6685,6697
7437,6592
6751,6563
7437,7452
7432,7453
7432,7454
7432,7455
7432,7456
7432,7457
7432,6592
7432,7458
7432,7459
7432,7460
7432,7461
7432,7462
7432,7463
7432,7464
7432,7465
7432,7466
7432,7467
7432,7468
7432,7469
7432,7470
7432,7471
7432,7472
7432,7473
7432,7474
6751,6784
7432,7475
7476,7256
6685,7005
6685,7477
6685,6793
6685,7478
6685,6984
6685,7479
6685,7480
6685,7355
6685,7481
6685,7482
6685,6850
6685,7361
6685,7483
6685,7484
6685,6483
6685,7362
6685,7485
6685,6809
6685,7486
6685,6540
6685,6634
6685,6522
6685,6757
6685,7487
6685,6687
6965,6882
6685,7488
6685,6610
6685,7489
6685,6705
6685,6488
6685,6689
6685,6661
6685,7490
6685,6581
6685,7491
6685,6677
6685,6497
6685,6680
6685,7492
6685,7493
6685,6681
6685,7494
6685,7495
6685,7496
6685,7497
6685,6756
6685,7352
6685,7498
6685,7340
7228,7499
7228,7500
7228,7189
7228,6629
7228,7501
7228,7502
7228,6587
7228,6519
7228,7503
7228,7504
7228,6908
7228,6598
7505,7506
7505,7507
7508,6592
7508,6797
7508,7509
7508,7510
7508,7511
6685,6758
6797,6592
7512,6598
7512,7228
7228,7513
7514,6813
6685,7336
7514,6808
6685,7338
6685,7515
6685,6621
6685,7516
6685,7517
7115,6488
6960,6984
6960,6882
6685,7343
6960,7518
7514,6488
6857,6573
6857,6483
6857,6488
7519,6560
6685,7321
7519,6564
7519,6563
6962,6882
