74177,74178
74177,74179
74177,74180
74177,74181
74177,74182
74177,74183
74177,74184
74177,74185
74177,74186
74177,74187
74177,74188
74177,74189
74177,74190
74177,74191
74177,74192
74177,74193
74177,74194
74177,74195
74177,74196
74177,74197
74177,74198
74177,74199
74177,74200
74177,74201
74177,74202
74177,74203
74177,74204
74177,74205
74177,74206
74177,74207
74177,74208
74177,74209
74177,74210
74177,74211
74177,74212
74177,74213
74177,74214
74215,74216
74177,74217
74215,74218
74215,74219
74215,74220
74215,74221
74215,74222
74215,74223
74215,74224
74215,74225
74226,74227
74228,74229
74228,74230
74228,74231
74177,74232
74233,74234
74235,74236
74215,74237
74215,74238
74215,74239
74215,74240
74177,74241
74177,74242
74177,74243
74177,74244
74177,74245
74246,74247
74248,74249
74177,74250
74248,74251
74215,74252
74215,74253
74215,74254
74215,74255
74215,74256
74215,74257
74215,74258
74215,74259
74177,74260
74261,74262
74177,74263
74261,74264
74261,74265
74261,74266
74261,74267
74261,74268
74261,74269
74261,74270
74261,74271
74261,74272
74261,74273
74261,74274
74261,74275
74261,74276
74261,74277
74261,74278
74261,74279
74261,74280
74261,74281
74261,74282
74261,74283
74284,74285
74261,74286
74261,74287
74261,74288
74261,74289
74261,74290
74261,74291
74261,74292
74261,74293
74261,74294
74261,74295
74261,74296
74261,74297
74261,74298
74261,74299
74261,74300
74177,74301
74261,74302
74261,74303
74177,74304
74177,74305
74177,74306
74177,74307
74177,74308
74177,74309
74177,74310
74177,74311
74177,74312
74177,74313
74177,74314
74177,74315
74177,74316
74177,74317
74177,74318
74177,74319
74177,74320
74177,74321
74177,74322
74261,74323
74261,74324
74261,74325
74261,74326
74261,74327
74261,74328
74261,74329
74261,74330
74331,74227
74177,74332
74177,74333
74177,74334
74177,74335
74177,74336
74177,74337
74177,74338
74177,74339
74284,74340
74341,74342
74284,74343
74344,74345
74344,74346
74344,74347
74348,74349
74348,74350
74348,74351
74348,74352
74348,74353
74348,74354
74348,74355
74348,74356
74348,74357
74348,74358
74359,74360
74361,74362
74363,74364
74363,74365
74366,74344
74367,74368
74367,74369
74367,74370
74367,74256
74367,74371
74367,74372
74367,74373
74367,74374
74361,74375
74367,74376
74367,74377
74367,74378
74367,74379
74367,74380
74367,74381
74367,74286
74367,74382
74367,74383
74367,74252
74361,74384
74385,74386
74387,74388
74387,74389
74387,74390
74387,74391
74387,74392
74387,74393
74387,74394
74387,74395
74387,74396
74387,74397
74387,74398
74387,74399
74387,74400
74387,74401
74261,74402
74387,74403
74387,74404
74387,74405
74387,74406
74385,74407
74408,74409
74408,74385
74408,74386
74408,74410
74408,74411
74408,74412
74361,74413
74408,74414
74408,74415
74416,74393
74387,74417
74387,74418
74387,74419
74387,74420
74387,74421
74408,74422
74377,74423
74377,74424
74377,74425
74313,74426
74427,74308
74427,74310
74427,74313
74427,74202
74427,74213
74427,74208
74427,74191
74427,74188
74427,74217
74427,74427
74428,74429
74428,74430
74428,74431
74428,74432
74313,74433
74313,74434
74313,74435
74313,74436
74284,74437
74438,74439
74440,74441
74429,74234
74429,74428
74313,74308
74313,74310
74428,74234
74313,74202
74313,74191
74313,74188
74313,74217
74313,74386
74313,74442
74313,74443
74313,74444
74313,74213
74428,74445
74428,74446
74428,74447
74425,74448
74425,74449
74425,74424
74425,74423
74450,74451
74452,74453
74376,74454
74425,74455
74377,74456
74377,74457
74377,74458
74377,74459
74377,74460
74377,74455
74377,74448
74377,74449
74377,74371
74284,74461
74425,74462
74425,74458
74449,74456
74449,74371
74449,74457
74449,74458
74449,74459
74449,74460
74449,74377
74425,74460
74449,74455
74449,74425
74449,74424
74449,74423
74425,74456
74425,74371
74425,74457
74425,74463
74449,74448
74261,74464
74465,74456
74261,74466
74467,74468
74467,74469
74467,74470
74467,74471
74467,74472
74467,74473
74467,74474
74467,74475
74467,74476
74467,74477
74467,74478
74467,74479
74467,74480
74467,74481
74467,74482
74467,74483
74467,74484
74485,74486
74485,74487
74488,74489
74488,74490
74485,74362
74485,74456
74485,74491
74485,74492
74485,74411
74467,74493
74485,74412
74485,74494
74485,74495
74485,74496
74485,74497
74485,74498
74485,74499
74485,74500
74485,74501
74502,74503
74467,74504
74467,74505
74506,74507
74506,74508
74506,74509
74506,74510
74506,74511
74506,74512
74513,74514
74513,74515
74513,74516
74513,74517
74518,74519
74518,74520
74518,74505
74521,74522
74521,74523
74506,74524
74525,74439
74526,74527
74526,74499
74467,74528
74467,74529
74467,74530
74467,74531
74467,74532
74467,74533
74467,74534
74467,74535
74467,74536
74526,74513
74526,74537
74526,74492
74526,74538
74526,74411
74526,74412
74526,74539
74526,74540
74521,74509
74541,74542
74543,74544
74545,74546
74545,74547
74545,74548
74545,74549
74545,74550
74545,74551
74545,74552
74553,74554
74553,74555
74553,74247
74553,74556
74247,74557
74247,74558
74247,74559
74247,74247
74545,74560
74545,74561
74545,74539
74545,74562
74563,74505
74564,74565
74564,74566
74545,74567
74545,74568
74545,74569
74545,74570
74247,74554
74545,74571
74545,74572
74545,74573
74545,74574
74545,74575
74545,74576
74545,74577
74545,74578
74545,74579
74543,74580
74247,74581
74247,74582
74583,74584
74583,74585
74583,74586
74583,74381
74583,74286
74587,74509
74587,74512
74588,74234
74589,74590
74387,74591
74465,74592
74593,74344
74593,74594
74593,74595
74543,74227
74583,74374
74583,74596
74583,74373
74583,74256
74247,74597
74247,74598
74247,74599
74247,74600
74247,74555
74247,74601
74247,74602
74247,74603
74247,74604
74247,74605
74247,74606
74607,74608
74583,74252
74583,74609
74583,74610
74583,74370
74247,74553
74521,74272
74611,74611
74611,74612
74261,74613
74261,74614
74261,74615
74261,74616
74261,74617
74261,74618
74261,74619
74261,74620
74261,74365
74261,74621
74261,74622
74261,74623
74261,74624
74261,74625
74261,74626
74261,74627
74261,74628
74261,74389
74261,74629
74261,74630
74261,74234
74261,74631
74261,74632
74261,74633
74261,74634
74261,74635
74261,74636
74261,74637
74261,74461
74261,74638
74261,74523
74261,74518
74261,74639
74261,74640
74261,74641
74261,74642
74261,74643
74261,74644
74261,74645
74261,74646
74261,74647
74261,74648
74261,74649
74261,74650
74261,74651
74261,74652
74261,74653
74261,74654
74261,74655
74261,74656
74261,74657
74261,74658
74261,74659
74261,74660
74261,74661
74261,74662
74261,74413
74261,74663
74261,74664
74261,74665
74261,74666
74261,74667
74261,74668
74261,74669
74261,74585
74261,74605
74261,74670
74261,74671
74261,74672
74261,74673
74261,74674
74261,74586
74261,74675
74261,74676
74261,74677
74261,74678
74261,74679
74261,74680
74261,74681
74261,74362
74261,74682
74261,74683
74261,74684
74261,74685
74261,74686
74261,74252
74261,74687
74261,74519
74261,74688
74261,74689
74261,74690
74261,74231
74261,74691
74261,74692
74261,74693
74261,74694
74695,74696
74611,74697
74611,74698
74611,74699
74611,74508
74611,74700
74611,74701
74611,74702
74261,74703
74704,74705
74704,74234
74706,74362
74706,74707
74708,74234
74708,74709
74708,74710
74711,74712
74704,74713
74261,74714
74261,74707
74261,74715
74261,74716
74261,74717
74261,74718
74261,74526
74261,74719
74261,74720
74261,74721
74261,74722
74261,74723
74261,74724
74261,74725
74261,74375
74261,74726
74261,74727
74261,74374
74261,74728
74261,74729
74261,74730
74261,74731
74261,74732
74261,74733
74261,74734
74261,74735
74261,74491
74261,74736
74261,74737
74261,74738
74261,74502
74261,74739
74261,74514
74261,74740
74261,74741
74261,74742
74261,74743
74261,74744
74261,74745
74261,74746
74387,74747
74387,74748
74387,74749
74636,74631
74636,74750
74636,74751
74636,74752
74636,74508
74247,74753
74247,74754
74247,74328
74755,74756
74755,74757
74755,74758
74755,74759
74755,74760
74755,74761
74636,74234
74755,74762
74755,74763
74755,74764
74755,74765
74755,74766
74755,74767
74755,74768
74769,74362
74769,74375
74770,74769
74770,74514
74770,74771
74770,74772
74770,74272
74770,74773
74755,74774
74636,74775
74636,74776
74636,74777
74776,74439
74776,74778
74234,74600
74234,74247
74234,74582
74631,74779
74631,74234
74631,74780
74631,74781
74631,74782
74639,74456
74639,74783
74639,74784
74639,74785
74636,74786
74636,74430
74636,74787
74636,74788
74636,74789
74636,74790
74636,74503
74636,74791
74636,74792
74793,74310
74636,74439
74636,74794
74636,74737
74636,74795
74636,74601
74636,74796
74636,74797
74636,74798
74776,74247
74793,74439
74509,74799
74800,74801
74800,74802
74803,74505
74803,74476
74505,74563
74505,74804
74505,74468
74505,74800
74505,74341
74505,74805
74505,74773
74612,74806
74612,74699
74612,74698
74800,74341
74612,74697
74697,74698
74807,74707
74807,74451
74808,74809
74808,74810
74808,74811
74808,74812
74808,74731
74811,74731
74811,74813
74811,74302
74811,74270
74811,74814
74811,74815
74612,74508
74800,74804
74800,74468
74800,74505
74509,74512
74509,74816
74509,74817
74509,74818
74509,74819
74509,74820
74509,74821
74509,74737
74509,74822
74509,74823
74824,74825
74824,74826
74824,74827
74828,74447
74828,74829
74828,74830
74828,74781
74831,74227
74563,74341
74563,74832
74563,74804
74563,74468
74563,74342
74509,74833
74834,74247
74835,74470
74835,74836
74835,74837
74828,74838
74828,74839
74828,74840
74841,74439
74790,74268
74790,74503
74790,74842
74491,74843
74491,74844
74491,74845
74491,74846
74491,74413
74491,74847
74491,74848
74491,74849
74491,74850
74491,74851
74491,74852
74491,74853
74491,74854
74491,74855
74491,74856
74491,74857
74858,74795
74858,74811
74859,74860
74859,74861
74859,74862
74859,74863
74859,74864
74859,74865
74859,74866
74859,74867
74859,74868
74859,74869
74859,74870
74859,74871
74491,74872
74491,74873
74491,74628
74491,74874
74875,74673
74875,74413
74447,74234
74876,74858
74876,74811
74877,74878
74879,74362
74879,74682
74879,74707
74879,74413
74491,74880
74491,74881
74491,74882
74491,74883
74491,74884
74491,74362
74491,74682
74491,74885
74491,74375
74491,74886
74491,74887
74491,74888
74491,74879
74859,74889
74491,74890
74491,74891
74491,74892
74491,74893
74491,74707
74491,74894
74491,74895
74491,74896
74859,74897
74859,74898
74859,74899
74859,74900
74859,74901
74859,74902
74859,74903
74859,74904
74859,74905
74859,74906
74859,74907
74859,74908
74859,74909
74859,74910
74859,74911
74859,74912
74859,74913
74859,74914
74859,74915
74859,74916
74790,74917
74798,74918
74798,74221
74798,74256
74798,74252
74430,74247
74859,74919
74880,74707
74859,74920
74859,74921
74859,74922
74859,74923
74859,74924
74859,74925
74880,74362
74811,74746
74859,74926
74859,74927
74859,74928
74859,74929
74859,74930
74859,74931
74859,74932
74859,74933
74859,74934
74859,74935
74859,74936
74859,74937
74859,74938
74859,74939
74859,74940
74859,74941
74859,74942
74859,74943
74859,74944
74859,74945
74859,74946
74859,74947
74859,74948
74859,74949
74859,74950
74859,74951
74859,74952
74859,74953
74859,74954
74859,74955
74859,74956
74859,74957
74859,74958
74859,74959
74811,74787
74811,74960
74811,74961
74302,74962
74302,74792
74302,74963
74302,74964
74302,74965
74302,74811
74302,74966
74302,74967
74968,74597
74968,74439
74969,74970
74971,74811
74310,74972
74310,74308
74302,74794
74310,74313
74310,74213
74310,74191
74310,74217
74310,74973
74310,74974
74310,74975
74310,74188
74310,74976
74310,74793
74501,74977
74501,74978
74365,74289
74365,74287
74365,74644
74310,74202
74302,74795
74302,74796
74979,74980
74981,74982
74981,74472
74981,74983
74981,74505
74981,74773
74984,74981
74984,74483
74984,74468
74984,74470
74984,74982
74984,74985
74984,74472
74984,74983
74984,74986
74984,74770
74984,74505
74984,74773
74979,74987
74988,74834
74988,74989
74988,74597
74988,74247
74989,74990
74365,74540
74989,74600
74989,74234
74989,74776
74989,74989
74989,74439
74989,74597
74989,74247
74989,74652
74365,74991
74365,74411
74992,74993
74963,74795
74963,74624
74963,74811
74994,74503
74994,74995
74996,74997
74998,74999
75000,74439
75000,75001
75000,75002
75000,75003
74673,74329
74673,75004
74673,75005
74673,75006
74191,74308
74191,74310
74341,74505
74341,75007
74341,74563
74341,75008
74341,74468
74341,74804
74795,74302
74341,74800
74191,75009
74191,75010
74191,74202
74191,74217
74191,74188
74191,74213
74341,74832
74981,74470
74795,74271
74795,74710
74992,74365
75011,75012
75011,75013
75011,75014
75011,75015
75011,75016
75011,75017
75011,75018
75011,74766
75011,75019
74795,75020
74795,75021
74795,74615
74795,75022
74795,75023
74795,74876
74795,74814
74795,75024
74795,75025
74795,74811
74795,75026
74795,75027
74795,75028
74795,74270
74795,74858
74795,74731
74795,75029
74795,75030
74795,75031
74795,75032
74795,75033
74795,75034
74875,74644
74981,74468
74981,74984
74456,75035
74456,75036
74456,75037
74456,75038
74456,74784
74456,75039
74456,74361
74456,74371
74456,75040
74456,75041
74456,74501
74456,75042
74456,75043
74456,75044
74371,75045
74456,75046
74456,75047
74514,75048
74514,74770
74514,74738
74514,75049
74514,75050
74514,75051
74514,75052
74514,74773
74621,75053
74621,75054
74621,75055
74621,75056
74621,75057
74456,75058
74371,74456
75059,75060
75059,75061
74811,74971
74811,75062
74731,74811
75063,74763
75063,75064
75063,75065
75063,75066
75067,75068
75067,75069
75068,74824
75068,75070
75068,75071
75068,75072
75068,75073
75068,75074
75068,75075
75068,75069
75059,75076
75059,75077
75059,74606
75059,75078
75059,74328
75059,74503
74621,75079
75059,75080
75068,75081
75068,74805
75068,75082
75068,75067
75068,75083
75068,74505
75059,75084
74621,75085
74621,75086
74621,74447
74834,74989
74834,74597
74636,74553
74636,74639
74636,74509
74636,74616
74636,75087
74636,75088
74636,75089
74636,75090
74636,74606
74636,74811
74636,75091
74636,74753
74636,74994
74636,75092
74636,74600
75093,75094
75093,75095
75093,75096
75093,75097
75093,75098
75093,75099
74834,75100
75093,74346
74636,74818
74636,74967
74636,74302
74636,75101
74636,75102
74636,74990
74636,74328
74981,74483
74439,75000
74439,74234
74621,74365
74621,75103
74621,74291
74621,75104
74621,74782
74362,74413
74362,75105
74362,74362
74362,74544
74362,74769
74362,74491
74362,74707
74362,75106
74362,75107
74362,75108
74362,75109
74362,74851
74439,74793
74439,74841
74439,74834
74413,74362
74413,75110
74413,75111
74439,74600
74413,74851
74413,75108
74362,74879
74362,75112
74362,75113
74362,75110
74362,75111
74413,75109
74800,74483
74875,74621
74875,74628
74691,75114
74691,75087
74691,74652
74691,75115
74691,74600
74691,74990
74691,74582
74691,75116
74666,75117
74652,74247
74652,74691
74652,74597
74652,74439
74652,74776
74691,74234
74652,74234
74652,74990
74466,74820
74466,74727
74466,75118
74466,75119
74466,74786
74466,75120
74466,74430
74466,74787
74466,74247
74466,74691
74466,75121
74466,74597
74466,74797
74652,74600
74691,74776
74691,74791
74691,74989
75122,75123
75122,74509
74613,74703
74613,74735
74613,74261
74613,74461
74613,74641
74613,74613
74613,74289
74613,75124
74289,74365
74289,74667
74289,75125
74289,74286
74289,74280
74289,75126
74289,74740
74691,74439
74691,74597
74691,75121
74691,74820
74691,74691
74691,74247
74466,74796
75120,75127
74289,74644
74289,74268
74289,74678
74289,75128
74289,74732
74289,74741
74289,74613
75122,75129
74466,74601
74466,75130
74466,75131
74466,75132
74466,74553
74466,75133
74466,74639
74466,75134
74466,75135
74466,74965
74466,75136
74466,75137
74466,74509
74466,75114
74466,74616
74466,74617
74466,74700
74466,75138
74466,75139
74466,75140
74466,74636
74466,74605
74466,75141
74466,75087
74466,75142
74466,75088
74466,74666
74466,75089
74466,74606
74466,75143
74466,74811
74466,75144
74466,75145
74466,74508
74466,74752
74466,75146
74466,74737
74466,74794
74466,74798
74466,74439
74466,75147
74466,74962
74466,75148
74466,74989
74466,74792
74466,75149
74466,74503
74466,75150
74466,75151
74466,74790
74466,74789
74466,75152
74466,75153
74466,74631
74466,74234
74466,74775
74466,74776
74466,75154
74466,74964
74466,74795
74466,74821
74466,74777
74466,75155
74466,74788
74466,75156
74466,75157
74466,75158
74466,75159
75122,74512
75122,75160
75122,75161
74379,75162
74379,75163
74379,75164
74379,75165
75166,75167
75168,75169
75168,75170
75168,75171
75168,75172
75168,74523
75168,74615
75168,75173
75168,75022
75168,74673
74379,75174
75168,74650
75168,74710
75175,75176
75175,75177
75175,75178
75175,75179
75175,74590
75175,75180
75175,75181
75175,75182
75175,75183
75175,75184
75175,75185
75175,75186
75175,75187
75168,75188
74379,75189
74379,75190
74379,74378
74387,74416
74387,75191
75164,74456
75164,74371
75164,74379
75165,75192
75165,75193
75165,74456
75165,75194
75165,74369
75165,75195
75165,75196
75165,74371
75165,75197
75165,74378
75165,75190
75165,75189
74379,75197
74379,74371
74379,75196
74379,75195
74379,74369
74379,75194
75175,75198
74379,74456
74379,75192
75165,75164
75165,75163
75165,75162
75165,75174
75165,74379
74379,75193
75175,74459
75175,75199
75175,74639
75186,75198
75186,75175
75186,74459
75186,75199
75186,74639
75186,75200
75186,75201
75186,75202
75186,75203
75186,75204
75186,75205
75186,75206
75186,75207
75186,75208
75186,75209
75186,75210
75186,75211
75122,75212
75122,74719
75213,75214
74409,74411
74409,74386
75186,74423
75186,75187
75186,75215
75186,75216
75186,75217
75186,75218
75186,75219
75186,75220
75186,75221
75186,75222
74466,74966
75186,75223
75186,75184
75175,75200
75175,75201
75175,75202
75175,75203
75175,75204
75175,75205
75175,75224
75175,75206
75175,75207
75175,75208
75175,75209
75175,75210
75175,75211
75175,75221
75175,75220
75175,75219
75175,75218
75186,75183
75186,75182
75186,75181
75186,75180
75186,74590
75186,75179
75186,75185
75186,75178
75186,75176
75175,74423
75175,75215
75175,75222
75175,75216
75175,75217
75186,75177
74466,74652
74466,75091
74466,75225
75226,74333
75226,75227
75226,75228
75226,75229
75226,75230
75226,75231
75226,74301
75226,75232
75226,75233
75226,75234
75226,75235
75226,74260
75226,75034
75226,74232
75226,75236
75226,74199
75226,74198
75226,75237
75226,75238
75226,74201
75226,75239
75226,74202
75226,74203
75226,74442
75226,74195
75226,75240
75226,74205
75226,75241
75226,75242
75226,74213
75226,74197
75226,74410
75226,74317
75226,75243
74974,75244
74974,74209
74974,75245
74974,74426
74217,74308
74217,74313
74217,74202
74217,74213
74217,74191
74217,74188
75226,74305
75226,74306
75226,75246
75226,74307
75226,75247
75226,74308
75226,75248
75226,75249
75226,75250
75226,74386
75226,74316
75226,74315
75226,75251
75226,74206
75226,74314
75226,75252
75226,74312
75226,74311
75226,74310
75226,75253
75226,74309
75226,75254
75226,74207
75226,74208
75226,75255
75226,74190
75226,75256
75226,75257
75226,75258
75226,74184
75226,75259
75226,74319
75226,75260
75226,75261
75226,75262
75226,75263
75226,74200
75226,74214
75226,74250
75226,74217
75226,74241
75226,74242
74875,75264
74875,74885
74875,74375
74875,74707
74875,74803
74875,74362
75226,75265
75226,74245
75226,75266
75226,74426
75226,75267
75226,74304
75226,74244
75226,74243
75226,75268
74974,74217
75226,74974
75226,74189
75226,75269
75226,74211
75226,74212
75226,74196
75226,75270
75226,74204
75226,74191
75226,74337
75226,74182
75226,75271
75226,74183
75226,74179
75226,75272
75226,74180
75226,74181
75226,74178
75226,74322
75226,74972
75226,75273
75226,75274
75226,75275
75226,75276
75226,75277
75226,74185
75226,74194
75226,74188
75226,74187
75226,74186
75226,75278
75226,74321
75226,74193
75226,75279
74875,74843
74974,75275
74974,75280
74516,74514
75110,74362
75110,74413
75110,74851
75110,75109
75110,75281
74961,74811
75282,74451
75282,75282
75282,75283
74554,74247
74554,74553
74554,74555
75284,74763
75285,75286
75287,75288
75289,75290
75289,75291
75289,75287
75289,75292
75289,75293
75289,75294
75289,75295
75289,75296
75289,75297
75289,75288
75289,75298
75289,75299
75289,75300
75301,75302
75289,75303
75285,74773
75285,74272
75285,74270
74466,75304
74466,75305
74466,75306
74466,75307
74466,74702
74466,74753
74466,74994
74466,75092
74466,75308
74466,75115
74466,74266
74466,74600
74466,74990
74466,74582
74466,75102
74466,75309
74466,75116
75285,75310
75285,75311
75285,75312
75285,74365
75285,74830
75285,74514
75301,75313
75062,74811
74247,75091
74466,74328
74466,74818
74466,74967
74466,74302
74466,75101
74973,74811
75301,74997
74960,74858
74960,75023
75314,74673
75314,75315
75314,74649
75314,75316
75314,75317
75314,75318
75314,75319
75314,74298
75314,74849
75314,74225
75314,75320
75314,75321
75314,75057
75314,75322
75081,75323
75081,75324
75081,75325
74974,75240
74974,75326
74974,74313
74974,74310
74974,75327
74974,75328
75314,74667
74188,74217
74188,74213
74188,74202
74188,74313
74188,74310
74188,74308
74410,74386
74188,74191
74974,74191
75314,75022
75314,75329
74960,74811
74739,75330
74739,75331
74739,74678
74716,75332
74641,75333
75057,75334
75314,74519
75314,75335
75314,74739
75314,75336
75314,75337
75314,74800
75314,74716
75314,75086
75314,75338
75314,74887
75314,74622
75314,74621
75314,74856
75314,74615
75314,75339
75314,74826
75314,74644
75314,75314
75314,75340
75314,75341
75314,75342
75314,75068
75314,75098
75314,75343
75314,74641
75132,74503
