75344,75345
75346,75347
75348,75349
75348,75350
75348,75351
75348,75352
75348,75353
75348,75354
75348,75355
75348,75356
75348,75357
75348,75358
75348,75359
75348,75360
75348,75361
75348,75362
75348,75363
75348,75364
75348,75365
75348,75366
75348,75367
75348,75368
75348,75369
75348,75370
75348,75371
75348,75372
75348,75373
75348,75374
75348,75375
75348,75376
75348,75377
75348,75378
75348,75379
75348,75380
75348,75381
75348,75382
75348,75383
75348,75384
75348,75385
75348,75386
75348,75387
75348,75388
75348,75389
75348,75390
75348,75391
75348,75392
75348,75393
75348,75394
75348,75395
75396,75397
75398,75399
75398,75400
75398,75401
75398,75402
75399,75403
75399,75404
75399,75405
75399,75400
75396,75406
75399,75401
75399,75407
75399,75408
75399,75409
75399,75410
75399,75402
75411,75412
75411,75413
75411,75414
75411,75415
75399,75398
75348,75416
75396,75417
75396,75418
75348,75419
75348,75420
75348,75421
75416,75422
75416,75423
75416,75424
75416,75425
75416,75392
75416,75383
75396,75426
75416,75387
75416,75388
75416,75349
75416,75427
75416,75361
75416,75365
75416,75366
75416,75428
75416,75393
75396,75429
75416,75420
75411,75430
75348,75431
75348,75432
75417,75433
75417,75434
75417,75435
75417,75436
75417,75437
75438,75439
75440,75441
75440,75439
75440,75442
75443,75439
75443,75444
75443,75445
75443,75446
75443,75442
75447,75448
75447,75439
75447,75449
75447,75445
75447,75442
75417,75450
75417,75451
75417,75452
75417,75453
75439,75454
75439,75455
75439,75456
75439,75457
75439,75458
75439,75459
75439,75460
75439,75461
75444,75443
75462,75445
75444,75439
75463,75464
75463,75465
75463,75466
75463,75467
75463,75468
75463,75469
75463,75470
75463,75435
75417,75471
75463,75417
75462,75442
75462,75472
75462,75473
75474,75439
75475,75445
75475,75476
75475,75439
75348,75477
75348,75478
75348,75479
75348,75422
75348,75480
75474,75481
75348,75482
75348,75483
75348,75484
75348,75485
75348,75486
75348,75487
75348,75488
75348,75489
75348,75490
75348,75491
75348,75423
75348,75425
75492,75442
75493,75494
75462,75495
75462,75496
75462,75497
75462,75498
75499,75500
75465,75417
75465,75468
75465,75501
75465,75502
75492,75462
75465,75503
75465,75504
75465,75505
75465,75506
75507,75508
75507,75403
75507,75509
75507,75510
75507,75511
75507,75512
75465,75513
75439,75514
75411,75515
75411,75516
75517,75518
75517,75519
75517,75520
75517,75521
75517,75522
75517,75523
75517,75524
75525,75526
75525,75527
75525,75528
75525,75529
75525,75530
75525,75531
75525,75532
75533,75534
75535,75536
75535,75537
75537,75538
75539,75540
75517,75541
75542,75534
75542,75542
75542,75543
75544,75545
75544,75546
75544,75547
75548,75549
75548,75550
75548,75551
75548,75552
75548,75553
75548,75554
75539,75494
75555,75415
75556,75557
75556,75558
75558,75559
75558,75560
75542,75561
75542,75562
75542,75563
75542,75564
75542,75565
75452,75566
75567,75568
75569,75439
75570,75445
75571,75572
75571,75573
75571,75574
75571,75453
75571,75575
75571,75576
75571,75495
75571,75577
75571,75578
75571,75579
75571,75510
75571,75580
75571,75581
75571,75582
75571,75417
75571,75583
75571,75584
75571,75585
75571,75586
75571,75587
75571,75588
75544,75589
75571,75590
75591,75592
75593,75594
75593,75520
75595,75423
75595,75392
75595,75349
75595,75596
75595,75357
75595,75365
75595,75393
75498,75421
75446,75442
75446,75597
75446,75443
75446,75445
75598,75599
75591,75600
75591,75601
75591,75494
75591,75602
75591,75603
75446,75604
75411,75605
75544,75606
75544,75607
75415,75608
75415,75609
75610,75415
75421,75498
75611,75612
75611,75613
75611,75439
75614,75615
75614,75616
75614,75617
75614,75618
75614,75619
75614,75620
75614,75621
75622,75623
75622,75624
75622,75625
75626,75442
75626,75627
75415,75628
75415,75629
75415,75630
75415,75631
75411,75632
75411,75633
75411,75634
75411,75635
75411,75636
75411,75637
75415,75411
75415,75638
75415,75555
75626,75639
75415,75640
75415,75641
75415,75471
75415,75642
75415,75643
75415,75415
75415,75644
75415,75645
75415,75507
75415,75646
75415,75647
75626,75648
75626,75649
75626,75650
75651,75652
75651,75653
75651,75410
75651,75654
75651,75655
75651,75656
75651,75657
75658,75659
75658,75660
75651,75661
75546,75662
75546,75607
75546,75663
75546,75664
75546,75589
75546,75545
75546,75544
75546,75665
75544,75666
75544,75667
75546,75667
75544,75663
75651,75668
75651,75669
75626,75670
75626,75671
75626,75672
75626,75673
75626,75445
75626,75674
75626,75675
75626,75676
75626,75677
75651,75678
75626,75679
75680,75681
75680,75682
75680,75683
75684,75651
75684,75527
75684,75685
75684,75686
75684,75687
75651,75688
75689,75690
75439,75691
75439,75692
75439,75444
75693,75694
75695,75696
75695,75697
75695,75601
75695,75445
75695,75402
75695,75698
75695,75602
75529,75699
75564,75561
75564,75563
75564,75565
75564,75534
75564,75700
75564,75542
75564,75543
75564,75701
75564,75702
75561,75457
75693,75393
75693,75365
75693,75349
75693,75391
75602,75703
75602,75704
75602,75705
75423,75425
75423,75392
75423,75391
75423,75349
75423,75693
75423,75365
75561,75439
75423,75393
75392,75706
75392,75658
75392,75707
75392,75708
75349,75709
75349,75416
75693,75423
75693,75425
75693,75392
75423,75694
75534,75508
75534,75710
75534,75711
75448,75712
75448,75443
75448,75447
75448,75713
75448,75714
75448,75715
75448,75492
75448,75445
75448,75448
75448,75716
75448,75462
75448,75442
75448,75717
75448,75718
75448,75439
75448,75719
75494,75720
75494,75721
75494,75722
75494,75723
75448,75724
75602,75725
75442,75726
75442,75727
75534,75728
75534,75521
75729,75730
75729,75527
75729,75731
75729,75732
75729,75733
75729,75734
75442,75448
75442,75735
75442,75439
75442,75443
75442,75736
75442,75462
75442,75498
75442,75737
75442,75492
75442,75445
75442,75724
75442,75717
75442,75626
75494,75738
75602,75739
75602,75740
75741,75742
75678,75743
75678,75744
75678,75745
75678,75746
75678,75747
75678,75748
75678,75749
75678,75668
75678,75750
75678,75410
75678,75751
75678,75752
75678,75530
75678,75753
75678,75402
75678,75754
75678,75755
75678,75574
75741,75756
75741,75757
75741,75758
75741,75759
75760,75761
75760,75762
75760,75763
75760,75764
75760,75521
75760,75765
75760,75766
75760,75767
75760,75768
75678,75417
75760,75769
75760,75770
75521,75534
75521,75767
75521,75771
75769,75766
75772,75772
75773,75774
75741,75775
75741,75776
75760,75771
75678,75529
75678,75777
75678,75433
75778,75779
75778,75780
75781,75782
75783,75784
75783,75785
75785,75786
75785,75787
75785,75788
75602,75789
75778,75790
75602,75791
75602,75792
75602,75793
75602,75695
75602,75602
75602,75794
75602,75571
75602,75795
75602,75796
75602,75591
75602,75797
75602,75798
75778,75799
75778,75800
75530,75640
75530,75801
75530,75802
75530,75803
75530,75804
75530,75777
75530,75410
75530,75805
75530,75806
75778,75807
75530,75402
75530,75808
75402,75809
75402,75410
75402,75810
75811,75778
75811,75402
75778,75812
75778,75813
75778,75814
75530,75532
75494,75493
75494,75494
75494,75539
75439,75475
75439,75815
75439,75698
75439,75816
75439,75474
75439,75695
75439,75817
75439,75818
75439,75819
75439,75612
75439,75613
75439,75611
75439,75449
75439,75476
75439,75569
75439,75726
75439,75561
75439,75820
75439,75821
75439,75822
75439,75823
75439,75824
75439,75696
75825,75449
75825,75439
75825,75444
75825,75826
75825,75454
75827,75724
75827,75828
75827,75829
75827,75717
75439,75830
75827,75439
75439,75443
75439,75447
75439,75445
75439,75448
75439,75462
75439,75724
75439,75442
75439,75717
75439,75441
75441,75439
75439,75543
75439,75831
75439,75832
75439,75833
75439,75440
75439,75834
75439,75835
75439,75836
75439,75837
75439,75838
75439,75839
75439,75840
75439,75438
75439,75841
75439,75842
75439,75843
75439,75844
75439,75735
75439,75845
75439,75846
75439,75828
75439,75829
75439,75847
75439,75848
75825,75735
75439,75849
75439,75850
75439,75851
75439,75852
75439,75853
75439,75854
75439,75855
75439,75856
75439,75857
75439,75858
75439,75859
75439,75860
75439,75861
75439,75862
75439,75863
75439,75864
75439,75865
75439,75866
75439,75867
75439,75868
75439,75869
75439,75870
75439,75827
75825,75842
75825,75441
75825,75827
75520,75871
75520,75872
75520,75517
75520,75593
75520,75831
75520,75873
75520,75874
75520,75718
75520,75875
75520,75876
75520,75877
75878,75879
75878,75880
75878,75881
75878,75882
75878,75883
75878,75884
75878,75885
75878,75886
75878,75887
75878,75888
75878,75889
75520,75890
75520,75891
75494,75892
75494,75893
75494,75894
75494,75895
75494,75896
75494,75897
75494,75898
75494,75899
75900,75901
75520,75902
75900,75903
75900,75904
75900,75905
75900,75906
75900,75907
75520,75908
75520,75909
75520,75910
75520,75911
75520,75711
75900,75912
75571,75913
75878,75914
75878,75915
75697,75792
75697,75507
75445,75443
75445,75447
75445,75448
75445,75462
75445,75724
75445,75442
75445,75717
75697,75791
75445,75439
75445,75822
75445,75916
75445,75859
75445,75534
75445,75697
75917,75918
75917,75919
75917,75920
75917,75921
75445,75727
75878,75922
75697,75445
75697,75695
75878,75923
75878,75924
75878,75925
75878,75926
75878,75927
75878,75928
75910,75876
75910,75520
75910,75873
75697,75929
75910,75930
75910,75931
75910,75932
75910,75933
75910,75934
75697,75935
75697,75936
75697,75937
75697,75938
75697,75696
75910,75939
75571,75785
75571,75896
75571,75433
75691,75940
75691,75941
75691,75942
75691,75943
75691,75944
75691,75945
75691,75598
75691,75946
75691,75947
75691,75948
75691,75523
75691,75949
75691,75465
75691,75950
75691,75951
75691,75952
75691,75953
75691,75954
75691,75955
75691,75513
75691,75956
75691,75848
75691,75957
75691,75958
75691,75959
75691,75960
75691,75836
75691,75961
75691,75962
75691,75963
75691,75476
75691,75521
75691,75449
75691,75964
75691,75965
75691,75966
75691,75445
75691,75967
75691,75448
75691,75968
75691,75969
75691,75551
75691,75970
75691,75971
75691,75785
75691,75972
75691,75973
75691,75974
75691,75975
75691,75826
75691,75976
75691,75454
75691,75977
75691,75978
75691,75979
75691,75980
75691,75981
75691,75982
75691,75983
75691,75984
75691,75985
75691,75574
75691,75986
75691,75987
75691,75869
75691,75988
75691,75989
75691,75990
75691,75991
75691,75992
75691,75993
75691,75994
75691,75442
75691,75995
75691,75828
75691,75783
75691,75555
75691,75829
75691,75852
75691,75996
75691,75997
75691,75998
75691,75999
75691,75592
75691,76000
75691,76001
75691,76002
75691,76003
75691,76004
75691,76005
75691,75439
75691,75504
75691,76006
75691,76007
75691,76008
75691,76009
75691,76010
75691,76011
75691,76012
75691,76013
75691,75867
75691,76014
75691,76015
75691,76016
75691,76017
75691,76018
75691,76019
75691,75575
75691,76020
75691,75830
75691,75681
75691,76021
75691,76022
75691,76023
75691,75823
75691,76024
75691,76025
75691,76026
75691,76027
75691,76028
75691,76029
75691,75859
75691,75451
75691,75824
75691,76030
75691,76031
75691,76032
75691,75914
75691,76033
75691,76034
75691,76035
75691,75887
75691,75447
75691,76036
75691,76037
75691,76038
75691,76039
75691,76040
75691,75787
75691,76041
75691,75469
75691,76042
75691,76043
75691,76044
75691,76045
75691,75719
75691,76046
75691,75417
75691,76047
75691,76048
75691,76049
75691,75591
75691,76050
75691,76051
75691,76052
75691,76053
75691,75503
75691,76054
75691,76055
75691,76056
75691,76057
75691,76058
75691,76059
75691,76060
75691,76061
75691,76062
75691,76063
75691,76064
75691,75415
75691,76065
75691,76066
75691,76067
75691,76068
75691,76069
75691,75922
75691,75849
75691,76070
75691,76071
75691,76072
75691,76073
75691,76074
75691,76075
75691,76076
75691,76077
75691,75588
75691,75502
75691,75463
75691,76078
75691,76079
75691,75831
75895,75494
75459,75458
75459,75439
76080,75442
76081,75558
76081,75914
76081,76082
76081,76081
76081,75960
75914,75558
75914,76082
75914,76081
75625,76083
75625,75563
75625,75564
75625,76084
75625,76085
75625,76086
75625,76087
75895,75893
75895,75896
76088,75433
76088,76089
76090,76091
76090,76092
76090,76093
76090,76094
76090,76095
76090,76096
76090,76097
76090,76089
76090,76098
75625,76099
76090,76100
76090,76101
76090,76088
76088,76102
76088,76039
76088,76103
76088,76104
76088,76105
76088,76093
76088,76096
76090,75433
75625,76106
75625,75624
75625,76107
75953,76081
75953,76108
76109,75443
76109,75445
76109,76110
76109,76039
76109,76111
76109,76105
76109,76112
75953,76113
76109,76058
76109,76114
76109,75433
76115,75875
76115,76116
76115,76117
76115,76118
76115,75574
76115,76119
76115,76120
76109,76089
76090,76121
75953,76122
75953,76123
75625,76124
75625,75625
75625,76125
75625,75360
75625,76126
75625,76127
76128,75607
75897,75494
76021,76129
75953,76130
75953,75558
75953,76131
75953,76132
75953,75957
75953,75927
75953,76002
75953,76133
75953,76134
75953,75976
75953,76135
75953,76018
76090,76105
76090,76068
76090,76136
76137,76138
76137,76139
76137,75893
76137,76140
76137,76141
76137,75494
75688,76013
75688,75669
75688,76068
76137,76142
75688,76073
75688,76143
75688,75652
75688,75777
75688,76089
75688,75654
75688,75655
75688,75657
75688,75433
76144,76145
75688,75651
76144,76146
76137,76147
76137,76148
75691,76149
75691,76150
75691,75441
75691,75464
75691,76151
75691,76152
75691,76153
75691,76154
75691,76155
76137,76156
75691,76157
75691,76158
75691,75587
75691,75396
75691,76159
76160,76161
76160,76162
76160,76163
76160,76164
76137,75723
75691,75788
75691,76165
76144,76166
76144,76167
76168,75678
76168,76168
75502,76169
75502,76170
75513,76171
75513,76172
75719,76173
75719,75475
75999,75471
76168,76174
75999,76175
75999,76176
75999,76177
75990,76178
75990,76179
75990,76180
75898,76181
75898,76182
75898,75402
75898,75494
75999,76183
76144,76184
76168,75402
76168,76185
76186,76187
76186,76188
76187,76187
76187,76189
76187,76190
76187,76191
76187,76192
76187,76193
76194,76195
76168,76196
76197,76198
76197,76199
76197,76200
76197,76201
76202,76203
76168,76204
76168,76205
76168,76206
76168,76124
76168,75410
76197,76207
75760,76208
75691,75647
75691,75599
76209,76210
76209,76211
76209,76212
76209,76213
76209,76214
76209,76215
76209,76216
76209,76217
76209,76218
76209,76219
76209,76220
76209,76221
76209,76222
76209,76223
76209,76224
76209,76225
76209,76226
76209,76227
76209,76228
76209,76229
76209,76230
76209,76231
76209,76232
76209,76233
76209,76234
76209,76235
76209,76236
76209,76237
76209,76238
76209,76239
76209,76240
76209,76241
76209,76242
76209,76243
76209,76244
76209,75730
76209,76245
76209,76246
76209,76247
76209,76248
76209,76249
76209,76250
76209,76251
76209,76252
76209,76253
76209,76254
76209,76255
76209,76256
76209,76257
76209,76258
76209,76259
76209,76260
76209,76261
76209,76262
76209,76263
76209,76264
76209,76265
76209,76266
76209,76267
76209,76268
76209,76269
76209,75527
76209,76270
76209,75731
76209,76271
76209,76272
76209,76273
76209,76274
76209,76275
76209,76276
76209,76277
76209,76278
76209,76279
76209,76280
76209,76281
76209,76282
76209,76283
76209,76284
76209,76285
76209,76286
76209,76287
76209,76288
76209,76289
76209,76290
76209,76291
76209,76292
76209,76293
76209,76294
76209,76295
76209,76296
76209,76297
76209,76298
76209,76299
76209,76300
76209,76301
75652,75410
75652,75654
75652,76302
75344,76303
75344,75590
75344,76304
75344,76305
75344,76306
75344,76307
75344,76308
75344,76309
75344,75586
75344,76310
75344,75534
75344,75913
76311,75534
76163,76312
76163,76313
76163,76314
75652,75653
75652,76315
75652,76316
75652,76317
75571,76318
75571,76177
75571,75494
75574,75467
75574,76319
75574,75588
75574,76320
75574,75678
75574,75587
76163,76321
75574,75875
75896,75893
75896,75494
75652,76322
75652,75669
75652,76323
75652,76324
75652,76325
75652,76326
75652,75678
75896,75895
76163,76327
76163,76328
76163,75917
76329,75401
76329,75661
76329,76330
76329,75398
76329,75601
76329,75410
76329,75402
76329,76331
76329,75403
76329,76332
76329,75405
76329,76333
76329,75407
76329,75804
76329,75408
76329,75409
76329,76334
76209,76335
76209,76336
76209,76337
76329,75400
76209,76338
76329,75399
75661,76339
76163,76161
76163,76340
76341,76342
76341,76343
76341,76344
76341,75402
75829,76345
75829,75442
76346,75423
75661,75402
76346,76347
76346,75425
76346,75392
76346,75391
76346,75349
76346,75365
76346,75393
75638,75415
75661,76329
75661,75601
76346,75658
76209,76348
76209,76349
76209,76350
76209,76351
76209,76352
76209,76353
76209,75734
76209,76354
76209,76355
76209,76356
76209,76357
76209,76358
76209,76359
76209,76360
76209,76361
76209,76362
76209,76363
76209,76364
76209,76365
76209,76366
76209,76367
76368,75647
76209,76369
76209,76209
76209,76370
76209,76371
76209,76372
76209,76373
76209,76374
76209,76375
76209,76376
76209,76377
76209,76378
76209,76379
76209,76380
76368,76381
76209,76382
76209,76383
76209,76384
76209,76385
76209,76386
76209,76387
76209,76388
76209,76389
76209,75733
76209,76390
76209,76391
76368,76392
76368,76393
76368,76394
75893,75494
75726,75439
76395,75494
75437,76396
75437,76397
75437,75785
75437,75450
75437,75454
76398,76399
75893,75896
76398,75445
76399,75445
75830,75439
75691,76400
75691,76401
75691,76402
75691,76403
75691,76404
75691,76405
75691,76406
76399,75474
76209,76407
75893,75895
76408,75415
76368,76009
76368,76409
76368,76410
76368,76411
76368,76412
76368,76413
76368,76414
76368,76415
76368,75705
76408,75555
76368,76416
76368,76417
76368,76418
76368,76419
76368,76420
76368,75494
76411,75591
76411,75583
76411,75602
76411,75592
76368,75522
76209,76421
76209,76422
76209,76423
76209,76424
76209,76425
76209,76426
76209,76427
76209,76428
76209,76429
76209,76430
76209,76431
76209,76432
76209,75732
76209,76433
76209,76434
76209,76435
76209,76436
76209,76437
76209,76438
76209,76439
76209,76440
76209,76441
76209,76442
76209,76443
76209,76444
76209,76445
76209,76446
76209,76447
76209,76448
76209,76449
76209,76450
76209,76451
76209,76452
76209,76453
76209,76454
76209,76455
76209,76456
76209,76457
76209,76458
76209,76459
76209,76460
76209,76461
76209,76462
76209,76463
76209,76464
76209,76465
76209,76466
76209,76467
75691,76468
76209,76469
76209,76470
76209,76471
76209,76472
76209,76473
76209,76474
76209,76475
76209,76476
76209,76477
76209,76478
76209,76479
76209,76480
76209,76481
76209,76482
76209,76483
76209,76484
76209,76485
76209,76486
76209,76487
76209,76488
76209,76489
76209,76490
76209,76491
76209,76492
76209,76493
76209,76494
76209,76495
76209,76496
76209,76497
76209,76498
76209,76499
76209,76500
76209,76501
76209,76502
76209,76503
76209,76504
76209,76505
76209,76506
76209,76507
76209,76508
76209,76509
76209,76510
76209,76511
76209,76512
76209,76513
76209,76514
76209,76515
76115,76516
76115,76517
76518,76519
76520,76520
76520,76521
76520,76522
76520,76523
76520,76524
76520,76525
76520,76526
76520,76527
76520,76528
76520,76529
76520,76530
76520,76531
76520,76532
76520,76533
76520,76534
76520,76535
76520,76536
76520,76537
76520,76538
76520,76539
76520,76540
76520,76541
75884,75926
75884,75927
75884,75928
75884,75884
76542,76543
76542,75558
76542,76544
76542,76545
76520,76546
76542,76008
76542,76547
76542,75969
76542,76548
76542,76113
76542,76082
76542,76549
76520,76550
76520,76551
76542,75962
75884,75925
76520,76552
76520,76553
76554,76307
76554,75793
76554,76555
76554,76048
76554,76556
76554,76557
76554,76558
76554,76559
76554,76560
76554,76561
76554,76562
76554,76563
76554,76564
76554,76565
76554,76566
76554,76567
76554,76568
76554,76569
76554,76570
76520,76571
76554,75463
76554,76572
76520,76573
76520,76574
76520,76575
76554,76576
76554,76577
76554,76578
76554,75787
76554,76579
76554,76580
76554,76581
76554,76582
76554,76583
76554,76584
76554,76585
76554,76026
76554,76586
76554,76587
76554,76588
76554,76589
75884,75922
75884,75914
75884,75889
76518,76590
76518,75886
76518,75887
76518,76591
76518,76592
76518,76593
76518,75574
76518,75453
76518,76594
76518,76595
76518,76596
76518,75577
76518,76597
76518,75588
76518,76598
76518,76599
76518,75580
76518,75591
76518,75884
76518,75581
76518,76600
75875,75873
75346,76601
76115,76602
76115,76603
76115,76518
76115,75434
76115,76604
76115,75940
76115,76605
76518,75853
76115,75873
76115,76606
76115,76607
75875,76608
75875,76609
75875,75520
75875,76610
75875,75876
75875,76516
76115,76611
76518,76612
76518,75417
76518,76613
76518,76614
76518,76615
76518,76616
76518,76617
76518,75452
76131,76175
75928,76618
75884,75887
76518,76619
75884,76620
75884,76542
75884,76621
75884,75886
75884,76622
75884,75915
75884,75923
75884,75924
75884,76623
75884,75878
76518,75571
76518,76624
76518,76625
76518,76626
76518,76627
76518,76518
76518,75434
76518,75418
76518,76628
76518,75963
76518,76629
76518,75584
76518,76630
76518,76631
76518,76632
76518,76633
76518,75586
76518,76163
76518,75913
76518,76634
76518,75994
76518,76635
76554,76636
76554,76637
76520,76638
76554,76639
76610,75875
76610,76640
76610,76608
76610,76641
76610,75520
76642,76643
76644,75402
76645,76646
75877,75520
76645,76647
76645,76648
76645,76649
76645,76650
76645,76651
76645,76652
76645,76653
76645,76654
76645,76655
76645,76656
76645,76657
76658,76116
76659,75539
76660,76661
76660,76662
76660,75815
76660,76663
76660,76664
76660,76665
76660,76666
76660,76667
76659,75494
76660,76668
76660,76669
76660,76670
76660,76671
76660,76672
76660,76673
76660,76674
76659,76675
76659,76676
76660,75791
76645,76677
76645,76678
76645,76679
75346,75434
75346,76680
75346,76681
75346,76682
75346,76683
75346,75873
75346,75409
75346,76684
75346,76685
75346,75360
75346,75785
75346,75396
75346,76686
75346,76687
75346,76688
75346,76689
75346,76690
75346,76691
75346,76692
75346,76693
75346,76694
75346,76695
76645,76696
76645,75497
75346,75979
75346,75875
75346,76697
75346,76543
75346,75600
75346,76698
75346,76699
75346,76700
75346,76586
75346,76701
76554,76702
75346,76703
75346,76704
75346,76705
75346,76706
75346,76707
75346,75678
76660,76708
76660,76709
75346,76710
76660,76711
76712,75665
76712,76713
76712,76714
76712,76715
76712,76203
76712,76716
76712,76717
76712,76718
76712,76719
76712,76720
76712,76721
76712,76722
76723,76724
76723,76725
76723,75442
76726,76727
76726,76728
76726,76729
76712,76730
76726,76731
76712,76732
75559,75558
76660,76178
76554,76397
76554,76733
76554,75785
76554,76734
76554,76735
76554,76736
76554,76737
76738,76739
76554,75421
76554,76740
76554,76741
76554,76742
76554,76743
76744,76745
76744,76746
76747,76747
75506,76748
76554,76749
76726,76750
76744,76751
76726,76752
76753,76754
76755,75439
76756,76757
76756,76758
76756,76759
76756,76760
76660,76761
76660,75797
76660,76029
76660,76762
76660,76763
76660,76764
76660,76765
76660,76766
76660,76767
76660,76768
76660,76769
76726,76770
76660,76771
76753,76772
76753,76773
76554,76396
76753,75548
76726,76774
76726,76775
76753,76107
76726,76776
76777,76760
75560,75558
75560,76778
75560,75959
76779,75876
76779,76780
75560,76781
76779,76782
76779,76783
76779,75520
76753,76784
76779,76785
76779,76786
76779,75873
