81103,81104
81103,81105
81106,81107
81103,81108
81103,81109
81103,81110
81103,81111
81112,81113
81103,81114
81103,81115
81112,81116
81112,81117
81118,81119
81120,81121
81103,81122
81106,81123
81124,81125
81106,81126
81124,81127
81124,81124
81124,81128
81124,81129
81124,81130
81124,81131
81124,81132
81124,81133
81124,81134
81124,81135
81124,81136
81124,81137
81124,81138
81124,81139
81124,81140
81141,81142
81124,81143
81106,81144
81141,81145
81146,81147
81146,81148
81149,81150
81149,81151
81149,81152
81149,81153
81149,81136
81149,81124
81151,81154
81151,81155
81151,81136
81151,81124
81151,81150
81151,81156
81151,81152
81151,81157
81136,81124
81149,81154
81158,81159
81158,81160
81161,81145
81146,81162
81146,81119
81146,81163
81164,81116
81164,81165
81166,81167
81168,81169
81170,81119
81161,81171
81161,81172
81161,81173
81161,81174
81161,81175
81161,81166
81161,81176
81161,81177
81161,81178
81168,81119
81179,81180
81124,81181
81182,81183
81184,81182
81184,81185
81186,81187
81186,81188
81189,81190
81191,81192
81191,81193
81191,81182
81191,81184
81182,81194
81191,81195
81191,81112
81191,81196
81191,81197
81191,81198
81191,81199
81191,81200
81191,81201
81191,81202
81191,81203
81191,81186
81191,81187
81191,81189
81182,81204
81182,81205
81206,81207
81206,81208
81206,81209
81206,81210
81206,81211
81206,81212
81213,81167
81213,81214
81213,81215
81216,81217
81182,81218
81216,81219
81220,81221
81182,81222
81182,81223
81182,81224
81182,81225
81182,81112
81182,81226
81182,81227
81182,81158
81182,81228
81229,81219
81191,81191
81191,81230
81191,81160
81231,81232
81231,81233
81231,81234
81231,81235
81231,81236
81231,81237
81231,81238
81231,81239
81231,81240
81231,81241
81231,81242
81231,81243
81231,81244
81231,81245
81231,81246
81231,81247
81231,81248
81231,81249
81231,81250
81231,81251
81252,81119
81253,81254
81231,81255
81231,81256
81231,81257
81240,81258
81191,81259
81191,81260
81191,81228
81191,81261
81191,81118
81191,81262
81191,81263
81191,81264
81191,81205
81191,81265
81191,81266
81191,81267
81191,81268
81191,81269
81191,81270
81191,81271
81191,81272
81191,81273
81191,81274
81191,81275
81191,81276
81191,81277
81240,81238
81253,81278
81124,81225
81279,81280
81130,81281
81282,81283
81282,81179
81282,81284
81282,81285
81286,81287
81286,81288
81286,81289
81286,81290
81286,81201
81286,81291
81286,81292
81286,81276
81286,81293
81286,81294
81286,81295
81286,81296
81286,81297
81286,81298
81299,81300
81301,81302
81299,81119
81301,81109
81301,81303
81179,81304
81179,81282
81179,81305
81179,81306
81179,81307
81301,81308
81301,81309
81301,81310
81301,81311
81301,81312
81301,81313
81301,81314
81301,81104
81301,81296
81301,81188
81301,81315
81301,81316
81301,81317
81301,81318
81301,81319
81179,81320
81299,81162
81299,81148
81321,81322
81321,81163
81321,81323
81321,81324
81321,81325
81321,81119
81321,81326
81321,81327
81321,81328
81321,81329
81321,81330
81321,81331
81321,81332
81321,81299
81179,81333
81179,81334
81179,81335
81179,81336
81179,81337
81321,81338
81299,81339
81321,81340
81321,81167
81299,81341
81299,81331
81299,81342
81299,81167
81299,81343
81299,81344
81321,81345
81321,81346
81321,81347
81321,81120
81321,81348
81321,81349
81321,81350
81321,81148
81321,81351
81321,81352
81321,81353
81321,81354
81321,81341
81321,81321
81130,81124
81355,81356
81355,81357
81301,81192
81301,81358
81301,81359
81301,81360
81301,81361
81301,81362
81301,81363
81301,81364
81301,81187
81301,81365
81301,81366
81301,81367
81301,81368
81301,81369
81301,81370
81301,81371
81301,81372
81301,81373
81301,81261
81301,81374
81301,81375
81301,81376
81188,81377
81130,81378
81130,81379
81130,81380
81376,81188
81187,81301
81187,81311
81187,81188
81368,81188
81369,81363
81369,81381
81369,81188
81369,81316
81311,81301
81311,81188
81296,81359
81296,81382
81296,81188
81188,81368
81188,81295
81188,81302
81355,81383
81384,81385
81384,81386
81279,81387
81279,81388
81279,81389
81279,81390
81279,81391
81279,81392
81279,81393
81279,81394
81206,81395
81396,81397
81355,81273
81355,81398
81355,81399
81355,81400
81355,81401
81355,81402
81355,81403
81355,81404
81355,81121
81279,81405
81384,81406
81279,81407
81279,81408
81384,81409
81384,81163
81384,81410
81384,81411
81412,81413
81414,81415
81414,81416
81279,81417
81279,81418
81279,81419
81279,81420
81279,81421
81279,81422
81179,81423
81279,81424
81279,81425
81279,81426
81279,81427
81279,81428
81279,81193
81206,81429
81400,81430
81206,81431
81432,81433
81432,81434
81432,81435
81432,81436
81437,81438
81437,81127
81437,81439
81440,81119
81441,81119
81441,81440
81442,81443
81442,81444
81180,81397
81180,81445
81180,81337
81180,81446
81180,81131
81180,81307
81180,81179
81180,81447
81180,81335
81307,81356
81307,81446
81307,81337
81307,81403
81307,81131
81307,81179
81448,81127
81448,81449
81448,81136
81448,81124
81450,81451
81450,81356
81450,81452
81450,81453
81450,81454
81450,81455
81450,81456
81450,81457
81450,81458
81450,81459
81450,81225
81450,81460
81450,81461
81307,81335
81450,81462
81450,81264
81450,81265
81450,81463
81450,81464
81450,81268
81450,81465
81450,81466
81450,81467
81450,81468
81450,81469
81470,81167
81471,81124
81448,81471
81450,81263
81472,81142
81472,81473
81472,81474
81279,81409
81279,81134
81279,81475
81279,81476
81279,81477
81279,81478
81279,81479
81279,81480
81279,81481
81279,81482
81279,81483
81279,81484
81279,81485
81279,81486
81279,81487
81279,81488
81279,81489
81279,81490
81279,81491
81279,81492
81279,81493
81279,81494
81279,81495
81279,81496
81279,81497
81279,81498
81279,81499
81279,81500
81279,81449
81450,81501
81279,81502
81384,81503
81472,81504
81505,81119
81506,81507
81508,81341
81509,81510
81509,81508
81509,81353
81509,81341
81509,81511
81512,81513
81181,81438
81514,81452
81515,81516
81279,81517
81518,81452
81280,81409
81280,81341
81134,81124
81134,81127
81519,81520
81521,81510
81521,81522
81521,81523
81521,81406
81521,81524
81521,81525
81384,81526
81384,81510
81518,81527
81279,81528
81450,81124
81529,81219
81530,81531
81532,81533
81396,81446
81532,81534
81532,81531
81535,81536
81535,81537
81535,81538
81535,81539
81535,81540
81535,81541
81535,81542
81535,81543
81535,81544
81535,81545
81535,81546
81535,81547
81535,81548
81535,81549
81550,81551
81552,81553
81552,81554
81552,81555
81552,81556
81552,81557
81552,81406
81552,81558
81530,81559
81560,81167
81561,81562
81563,81163
81564,81121
81565,81438
81566,81219
81567,81163
81568,81569
81568,81570
81568,81571
81568,81341
81572,81573
81572,81574
81575,81452
81575,81576
81577,81124
81552,81578
81577,81130
81143,81129
81579,81119
81580,81167
81580,81581
81580,81582
81583,81446
81583,81541
81583,81584
81583,81585
81583,81586
81583,81535
81587,81119
81587,81349
81143,81124
81552,81588
81589,81590
81591,81163
81592,81593
81594,81438
81594,81130
81594,81127
81594,81595
81596,81406
81596,81597
81598,81599
81598,81600
81598,81601
81598,81406
81598,81596
81598,81602
81592,81603
81598,81588
81604,81605
81604,81131
81606,81607
81606,81119
81606,81608
81609,81446
81609,81610
81529,81611
81529,81612
81529,81613
81529,81614
81529,81615
81529,81616
81604,81446
81617,81276
81592,81618
81592,81619
81591,81620
81621,81621
81622,81622
81623,81336
81531,81468
81531,81532
81531,81624
81625,81626
81625,81627
81625,81628
81625,81629
81625,81630
81625,81631
81592,81632
81625,81633
81625,81634
81625,81635
81625,81636
81625,81637
81625,81638
81625,81639
81625,81640
81641,81124
81592,81642
81592,81643
81592,81644
81592,81645
81592,81646
81625,81647
81279,81648
81279,81649
81279,81650
81400,81651
81400,81605
81400,81403
81400,81652
81400,81402
81400,81653
81400,81654
81400,81655
81400,81656
81400,81657
81400,81658
81400,81659
81400,81660
81400,81661
81400,81662
81400,81663
81400,81664
81400,81665
81400,81666
81400,81667
81400,81668
81400,81179
81400,81669
81400,81670
81400,81671
81400,81335
81400,81672
81400,81673
81400,81674
81400,81675
81400,81404
81400,81676
81400,81677
81400,81678
81400,81679
81400,81397
81400,81680
81400,81681
81400,81682
81400,81683
81400,81446
81400,81684
81400,81685
81400,81686
81400,81396
81400,81687
81400,81688
81400,81334
81400,81445
81400,81689
81400,81690
81400,81691
81400,81305
81400,81692
81400,81693
81400,81694
81400,81337
81400,81695
81400,81623
81400,81696
81400,81697
81400,81698
81400,81699
81206,81700
81206,81465
81206,81701
81206,81702
81206,81554
81206,81703
81206,81704
81206,81459
81206,81705
81206,81706
81206,81707
81206,81708
81206,81709
81206,81710
81206,81711
81206,81712
81206,81263
81206,81713
81206,81714
81206,81457
81206,81715
81206,81716
81206,81717
81206,81718
81206,81719
81206,81157
81206,81153
81206,81720
81206,81721
81400,81722
81206,81723
81524,81510
81400,81400
81400,81724
81400,81725
81400,81726
81400,81333
81400,81727
81400,81169
81400,81728
81400,81729
81400,81730
81400,81731
81400,81732
81400,81733
81524,81406
81400,81734
81400,81735
81400,81736
81400,81737
81400,81738
81400,81739
81400,81740
81400,81741
81684,81337
81684,81400
81684,81732
81524,81521
81524,81522
81524,81523
81400,81355
81400,81742
81400,81743
81744,81745
81279,81746
81279,81747
81279,81748
81279,81749
81279,81750
81279,81751
81279,81752
81279,81753
81279,81754
81279,81755
81279,81756
81279,81757
81279,81758
81279,81759
81279,81760
81279,81761
81279,81762
81279,81763
81279,81764
81279,81765
81279,81766
81279,81767
81279,81768
81279,81769
81279,81770
81279,81771
81279,81772
81279,81773
81279,81774
81279,81775
81279,81776
81279,81411
81279,81777
81279,81778
81279,81779
81279,81780
81279,81781
81279,81782
81279,81783
81279,81784
81279,81785
81279,81786
81279,81787
81279,81788
81279,81789
81279,81790
81279,81791
81279,81279
81279,81792
81279,81793
81279,81794
81279,81795
81279,81796
81279,81797
81279,81798
81279,81799
81279,81800
81279,81801
81279,81267
81279,81802
81279,81803
81206,81264
81279,81804
81805,81806
81807,81808
81807,81809
81807,81203
81807,81810
81807,81811
81812,81551
81297,81813
81814,81124
81814,81446
81814,81815
81816,81817
81816,81818
81816,81819
81807,81820
81816,81821
81816,81822
81816,81823
81816,81824
81825,81826
81827,81452
81827,81828
81829,81452
81829,81827
81829,81830
81831,81832
81127,81124
81744,81124
81744,81127
81816,81833
81805,81834
81807,81835
81809,81582
81805,81836
81805,81837
81805,81838
81805,81839
81805,81840
81805,81452
81805,81841
81805,81480
81805,81527
81805,81279
81805,81842
81843,81510
81843,81406
81807,81844
81843,81845
81846,81334
81846,81847
81846,81848
81846,81404
81846,81849
81846,81850
81846,81851
81846,81852
81846,81853
81846,81843
81809,81119
81809,81162
81809,81854
81846,81855
81396,81445
81353,81856
81396,81337
81857,81858
81857,81379
81857,81859
81857,81860
81857,81861
81857,81862
81857,81863
81857,81864
81857,81865
81857,81866
81857,81867
81857,81868
81857,81869
81857,81870
81857,81871
81857,81872
81857,81873
81857,81874
81857,81875
81857,81876
81857,81877
81857,81878
81857,81879
81857,81880
81857,81881
81857,81882
81857,81883
81857,81884
81857,81885
81857,81645
81857,81886
81857,81887
81857,81888
81857,81889
81857,81890
81857,81891
81857,81892
81857,81893
81857,81894
81857,81895
81857,81896
81857,81897
81857,81898
81857,81899
81857,81900
81857,81901
81857,81902
81857,81903
81857,81904
81857,81905
81857,81906
81857,81907
81857,81908
81228,81225
81228,81276
81228,81809
81228,81196
81228,81582
81145,81141
81145,81162
81145,81332
81145,81909
81145,81910
81145,81911
81145,81912
81145,81334
81145,81913
81145,81667
81145,81352
81145,81726
81145,81730
81857,81914
81857,81915
81857,81916
81857,81917
81857,81918
81857,81919
81857,81920
81857,81921
81857,81922
81857,81923
81857,81924
81857,81925
81857,81926
81857,81927
81857,81928
81857,81929
81857,81930
81857,81931
81857,81932
81857,81933
81857,81934
81857,81935
81857,81936
81857,81937
81857,81938
81857,81939
81145,81940
81857,81941
81857,81942
81456,81943
81456,81706
81456,81467
81456,81944
81456,81709
81456,81945
81456,81452
81456,81262
81946,81886
81946,81896
81946,81947
81946,81642
81946,81948
81946,81949
81946,81891
81946,81904
81946,81905
81946,81950
81886,81934
81886,81859
81886,81951
81456,81952
81890,81953
81456,81954
81456,81820
81730,81169
81730,81955
81730,81956
81730,81733
81730,81957
81730,81958
81730,81959
81960,81176
81960,81161
81960,81168
81960,81166
81960,81171
81960,81145
81960,81175
81960,81174
81960,81172
81961,81962
81963,81956
81963,81964
81456,81965
81456,81464
81456,81966
81857,81967
81890,81968
81890,81886
81857,81968
81857,81969
81857,81970
81857,81971
81857,81642
81857,81972
81857,81973
81857,81974
81857,81975
81857,81976
81857,81977
81857,81978
81857,81979
81857,81980
81857,81981
81857,81982
81857,81983
81857,81984
81857,81985
81857,81986
81857,81987
81857,81946
81890,81988
81857,81989
81857,81990
81890,81859
81890,81991
81890,81992
81859,81993
81923,81994
81923,81995
81923,81949
81923,81894
81923,81867
81923,81996
81923,81997
81923,81891
81923,81905
81934,81998
81934,81642
81934,81886
81934,81896
81934,81859
81934,81904
81857,81999
81857,82000
81857,81998
81730,81727
81145,82001
81145,82002
81167,81490
81167,81495
81167,82003
81167,82004
81167,82005
81167,82006
81167,82007
81167,82008
81167,81371
81167,82009
81167,82010
81167,82011
81167,81793
81167,82012
81167,82013
81167,82014
81167,82015
81167,82016
81167,82017
81167,81752
81167,82018
81167,82019
81167,82020
81167,82021
81167,82022
81337,81335
81452,81828
81452,81450
81452,81829
81452,81830
81452,82023
81452,81709
81452,81805
81830,81360
81830,81452
81830,82024
81167,81580
81167,81214
81167,82025
81167,81418
81167,81419
81167,81280
81167,81424
81167,82026
81167,82027
81167,82028
81167,81477
81337,81447
81167,82029
81167,81330
81167,82030
81167,82023
81167,82031
81167,82032
81167,82033
81167,81163
81167,82034
81167,81213
81167,81425
81167,81321
81167,81322
81167,82035
81167,81323
81167,81119
81167,82036
81167,81349
81167,82037
81167,81167
82038,82039
82040,81406
81396,82041
81167,81171
81167,82042
81167,81354
81167,81166
81167,81331
81167,81764
81167,81765
81167,82043
81167,82044
81167,82045
81167,82046
81167,82047
81167,82048
81167,82049
81167,82050
81167,81428
81167,82051
81167,81215
81167,81324
81167,81470
81167,81620
81167,81347
81167,82052
81167,81344
81167,81148
81167,81352
81145,82053
81337,81131
81337,81446
81620,81793
81620,81119
81620,82054
81620,81171
81119,81587
81119,82055
81119,82056
81119,81606
81119,81912
81119,82057
81119,81854
81119,82054
81119,81620
81119,81331
81119,81171
81119,81505
81119,81321
81119,81163
81119,81349
82058,82059
82058,82060
81620,81167
82058,82061
81171,81167
82062,82063
81145,82064
81145,82065
81145,82066
81145,82067
81145,82068
82062,82069
82062,82070
82062,82071
82062,82072
82062,82073
82062,82074
82062,82075
82062,82076
82062,82077
82062,82078
82062,82079
82062,82080
82062,82081
82062,82082
82062,82083
82062,82084
82062,82085
81337,81586
82058,82086
82058,82087
81131,82088
81131,82089
81131,82090
81131,82091
81131,82092
81335,82093
81335,81445
81335,82094
81335,81131
81335,81307
81335,81356
81335,81673
81335,81355
81335,81397
81335,81667
81335,81446
81335,81334
81335,81337
81335,81404
81335,81403
81335,81179
81131,81130
82058,82095
81131,81124
81446,81667
82058,81119
82058,82096
82058,82097
82058,82098
82058,82099
82058,82100
82058,82101
82058,82102
82058,82103
82058,82104
82058,82105
82058,82106
82058,82107
82058,82108
82058,82109
82110,82111
82110,82112
81446,82113
81446,81605
81446,81646
81446,81337
81446,81335
81730,82114
81167,81325
81730,82115
82049,82116
82049,82117
82049,82118
82049,81823
82049,82119
82049,82031
82049,82120
82049,82121
82049,82122
82049,82016
82049,81269
82049,81353
82049,82020
82049,82123
82049,82124
82049,82125
82049,82126
82049,82127
82049,82128
82049,82033
82049,82032
82049,82013
82049,81766
82049,82129
82049,82130
82049,82131
82049,82022
82049,82132
82049,82133
82049,82134
82049,82135
82049,82136
82049,82137
82049,82138
82049,82139
82049,82036
82049,82003
82049,82140
82049,82141
82049,82006
82049,82142
82049,82143
82049,82008
82049,82144
82049,82145
82049,82146
82049,82147
82049,82148
82049,81581
82049,82149
81142,82150
81142,81677
81142,82151
81142,81718
81142,82152
81142,82153
81142,82154
81142,82155
81142,82156
81142,82157
81142,82158
81632,82159
81632,82160
81632,82161
81162,82162
81162,82163
81162,82164
81162,82165
81162,81807
81162,82166
81162,81145
81142,82167
82049,82043
81142,81340
81142,81473
82049,82045
82049,82168
82049,82050
82049,82169
82049,82170
82049,82171
82049,82048
82155,82172
82155,82173
82155,82174
82155,82175
82155,82176
82155,81142
82155,82177
82155,82178
82155,81548
82155,81212
81142,82179
81142,82180
81142,82172
81142,82174
81142,82181
81162,82182
82049,82023
82049,81347
81403,82183
81403,81398
81403,81468
81403,81355
81403,82184
81467,82185
81467,82186
81467,82187
81467,81264
81467,81755
81467,81468
81467,81212
81467,81458
81467,81225
81467,81720
82026,81425
82026,81322
82026,81347
82026,82006
82026,82146
82026,82044
81403,81396
82026,82048
81403,81335
81403,81667
81730,82188
81396,81404
81396,81673
81396,81179
81396,81335
81396,82189
81396,82183
81396,81355
82190,81886
81403,82191
81403,81121
81403,82192
81403,81356
81403,81397
81403,81446
81403,81334
81403,81445
81403,81337
81403,81404
81403,81673
81403,82193
81403,81179
82049,82026
82026,81167
82026,82049
81581,81580
81581,81582
81581,81119
82048,81425
82048,81167
82048,81322
82048,82030
82048,81347
82048,82026
82048,82006
82048,82146
82048,82031
82048,82032
82048,82044
82049,81425
82049,81167
82049,82194
82049,82195
82049,82196
82049,82197
82049,82030
81581,81167
82026,82030
81766,81341
82033,82049
82026,82031
82026,82032
82026,82050
82023,81452
81353,81510
81353,81509
81353,81508
81353,82198
81353,81511
81353,82018
81353,81589
81353,82199
81353,81419
81353,81409
81353,82200
81353,81312
81353,81807
81353,82201
81353,82202
81353,82203
82033,81167
82032,81167
81162,82037
81467,82204
81162,81146
81720,81189
81720,82205
81720,81116
81720,81206
81720,82206
81720,81527
81720,81720
82037,82207
82037,81167
82037,82208
81349,82134
81349,81167
81605,82209
81605,81446
81605,82210
81910,81145
81910,81911
81910,81912
81334,81446
81334,81337
81913,81940
81720,81203
81730,81257
81720,82211
81720,81703
82212,82213
82212,82214
82212,81401
82212,82215
81201,82216
81201,82217
81201,82218
81201,81295
81201,82219
81201,82220
81201,82221
81201,81297
81201,82222
81201,82223
81201,82224
81201,82225
81720,81701
81720,81702
81720,81554
81720,82226
81720,81467
81720,82227
82212,82228
81730,82229
81730,81722
81730,82230
81730,82231
81730,81664
81730,82232
81730,82233
81730,82234
81730,82235
81730,81667
81730,81123
81730,81669
81730,81671
81730,82236
81730,81335
81730,81672
81730,81396
81730,82237
81730,82238
81730,81465
81162,82239
81730,82240
81730,82241
81730,82242
81730,82243
81730,82244
81730,82245
81730,82246
81730,81676
81730,82247
81730,82248
81730,81683
81730,81446
81730,81684
81730,82249
81730,81334
81730,81691
81730,82250
81730,81305
81730,82251
81730,81694
81730,82252
81730,81337
81730,81695
81730,82253
81730,82254
81730,81570
81730,82255
81730,81106
82212,82256
81730,81710
82212,82192
81268,81486
81268,82257
81268,81324
81268,82258
81268,81239
81268,82259
81268,81658
81268,82260
81268,81464
81268,82261
81268,82262
81268,82263
82264,81167
82264,82264
82264,82265
82264,81349
82266,82267
81203,82268
81225,81189
81225,81190
81225,81271
81268,81163
81268,82269
81268,81950
81324,81119
81163,81322
81163,81384
82212,82270
81950,81946
81163,82010
81163,81591
81163,82271
81163,82061
81163,82272
81163,82273
81225,81467
81163,82274
81163,82275
81163,82107
81163,81119
81163,82276
81163,81321
81163,81326
81163,81325
81163,81323
81324,81167
81324,81163
81163,82277
81205,81287
81163,82106
81205,81225
82278,82279
82278,82280
82278,82281
81356,81397
81356,81446
81356,81334
81356,81337
81356,81404
81356,81673
81356,81403
82278,82282
81356,81667
81356,81335
81121,81356
82212,82283
82212,81356
82212,82284
82212,82285
82212,82286
81205,82206
82212,82191
82212,81121
81356,81179
82278,82287
81356,81355
82278,82288
82278,82289
82278,82290
82278,82291
82278,82292
82278,82293
82278,82294
82278,82295
82278,82296
82278,81119
82278,82297
82278,82298
82278,82299
82278,82300
82278,82301
82278,82302
82278,82303
82278,82304
82278,82305
82278,82306
82278,82307
