92315,92316
92315,92317
92315,92318
92315,92319
92315,92320
92315,92321
92315,92322
92315,92323
92315,92324
92325,92326
92315,92327
92315,92328
92315,92329
92325,92330
92325,92331
92325,92332
92325,92333
92325,92334
92325,92335
92325,92336
92315,92337
92315,92338
92315,92339
92315,92340
92315,92341
92315,92342
92315,92343
92325,92344
92315,92345
92315,92346
92315,92347
92315,92348
92315,92349
92315,92350
92315,92351
92315,92352
92315,92353
92315,92354
92315,92355
92315,92356
92315,92357
92315,92358
92315,92359
92315,92360
92315,92361
92315,92362
92315,92363
92315,92364
92325,92365
92366,92367
92325,92368
92366,92369
92366,92370
92366,92371
92366,92372
92366,92325
92366,92373
92374,92375
92374,92376
92377,92374
92377,92375
92377,92376
92377,92378
92379,92380
92381,92382
92381,92383
92381,92384
92381,92385
92381,92386
92381,92387
92315,92388
92381,92389
92381,92390
92381,92391
92366,92392
92366,92393
92366,92394
92366,92395
92325,92396
92325,92397
92325,92398
92366,92399
92366,92400
92366,92401
92366,92402
92366,92403
92366,92404
92366,92333
92366,92405
92325,92406
92366,92407
92366,92408
92366,92409
92366,92410
92366,92411
92366,92412
92366,92413
92366,92398
92366,92414
92366,92415
92366,92334
92366,92416
92366,92417
92315,92418
92419,92420
92315,92421
92422,92423
92422,92424
92422,92425
92422,92426
92427,92428
92427,92429
92430,92431
92432,92430
92432,92431
92432,92433
92432,92434
92419,92435
92419,92436
92419,92437
92419,92438
92419,92439
92419,92440
92315,92441
92315,92442
92315,92443
92315,92444
92315,92445
92315,92446
92422,92447
92315,92448
92422,92449
92422,92450
92451,92452
92451,92453
92381,92454
92451,92449
92451,92455
92451,92456
92451,92423
92451,92457
92451,92458
92451,92459
92451,92460
92451,92461
92451,92462
92451,92463
92451,92464
92451,92465
92451,92466
92451,92427
92467,92468
92422,92469
92422,92470
92422,92471
92422,92472
92422,92453
92315,92473
92315,92474
92315,92475
92315,92476
92315,92477
92315,92478
92315,92479
92315,92480
92315,92481
92315,92482
92315,92483
92315,92484
92315,92485
92315,92486
92315,92487
92315,92488
92315,92489
92315,92490
92315,92491
92315,92492
92315,92419
92315,92493
92315,92494
92315,92495
92315,92496
92315,92497
92315,92498
92315,92499
92315,92500
92315,92501
92315,92502
92315,92503
92315,92504
92315,92505
92315,92506
92315,92507
92315,92508
92315,92509
92315,92510
92315,92511
92315,92512
92315,92513
92315,92514
92315,92515
92315,92516
92315,92517
92315,92518
92315,92519
92315,92520
92315,92521
92315,92522
92315,92523
92315,92524
92315,92525
92526,92527
92528,92529
92526,92530
92528,92531
92528,92532
92528,92533
92528,92534
92528,92535
92528,92536
92528,92537
92528,92538
92528,92539
92528,92540
92528,92541
92528,92542
92528,92543
92528,92544
92528,92423
92528,92545
92528,92546
92528,92547
92528,92548
92528,92549
92528,92528
92528,92550
92528,92551
92528,92552
92528,92429
92528,92553
92528,92554
92528,92555
92528,92556
92528,92557
92528,92558
92528,92559
92528,92560
92528,92561
92528,92562
92528,92563
92528,92564
92528,92565
92528,92452
92528,92566
92528,92567
92528,92568
92528,92569
92528,92570
92528,92571
92528,92572
92528,92573
92528,92574
92528,92575
92528,92576
92528,92577
92528,92428
92528,92578
92528,92579
92541,92555
92541,92580
92541,92557
92541,92581
92541,92558
92541,92559
92541,92560
92541,92562
92541,92563
92541,92564
92541,92582
92541,92567
92541,92570
92541,92571
92541,92572
92541,92573
92541,92574
92541,92529
92541,92576
92541,92577
92541,92531
92451,92583
92541,92532
92541,92428
92528,92584
92541,92585
92541,92586
92528,92587
92528,92588
92528,92589
92528,92590
92528,92427
92528,92591
92528,92592
92528,92593
92541,92541
92541,92578
92541,92594
92541,92595
92541,92596
92541,92597
92541,92598
92541,92599
92541,92600
92541,92601
92541,92602
92541,92603
92541,92604
92541,92422
92541,92605
92541,92606
92526,92390
92528,92607
92528,92606
92608,92609
92608,92610
92608,92611
92608,92547
92608,92612
92608,92613
92608,92614
92608,92615
92608,92616
92580,92380
92580,92607
92580,92568
92617,92423
92618,92568
92599,92380
92599,92599
92599,92600
92599,92601
92599,92619
92599,92620
92599,92607
92599,92621
92599,92580
92608,92622
92599,92582
92608,92623
92624,92625
92526,92626
92526,92627
92526,92628
92526,92454
92526,92629
92526,92381
92630,92380
92630,92582
92624,92631
92624,92632
92624,92633
92624,92634
92624,92635
92624,92636
92624,92637
92624,92638
92624,92639
92624,92640
92624,92641
92624,92642
92624,92643
92624,92644
92624,92645
92608,92646
92528,92585
92599,92568
92599,92532
92647,92648
92647,92389
92621,92380
92621,92619
92621,92620
92549,92649
92549,92650
92549,92651
92549,92652
92528,92595
92528,92596
92528,92597
92528,92598
92528,92380
92528,92599
92528,92600
92528,92619
92528,92602
92528,92603
92528,92604
92528,92422
92528,92605
92528,92586
92647,92647
92599,92617
92648,92389
92653,92654
92599,92655
92599,92584
92599,92579
92599,92618
92599,92587
92599,92589
92656,92657
92656,92658
92656,92659
92656,92660
92656,92661
92656,92662
92656,92663
92656,92664
92656,92665
92656,92666
92656,92667
92656,92668
92656,92669
92656,92670
92671,92423
92671,92672
92671,92424
92648,92647
92451,92673
92674,92675
92451,92676
92674,92455
92674,92677
92674,92678
92674,92679
92674,92680
92674,92681
92674,92682
92674,92683
92674,92684
92674,92685
92674,92686
92674,92687
92674,92688
92674,92689
92674,92690
92674,92691
92674,92692
92674,92693
92674,92694
92674,92389
92674,92695
92674,92696
92674,92697
92674,92698
92674,92699
92674,92652
92674,92700
92674,92701
92674,92702
92674,92703
92674,92635
92674,92704
92674,92705
92674,92706
92674,92707
92674,92708
92674,92709
92674,92710
92674,92711
92674,92712
92674,92713
92674,92714
92674,92638
92674,92715
92674,92716
92674,92717
92674,92718
92674,92719
92674,92720
92674,92721
92674,92722
92674,92723
92674,92724
92674,92725
92726,92727
92728,92607
92729,92730
92731,92423
92546,92732
92546,92599
92546,92733
92546,92591
92546,92723
92546,92734
92546,92423
92735,92736
92735,92737
92735,92607
92735,92738
92735,92739
92735,92740
92735,92741
92742,92743
92742,92744
92745,92602
92745,92607
92745,92582
92746,92747
92674,92748
92746,92749
92750,92751
92674,92644
92674,92752
92674,92753
92674,92754
92674,92755
92674,92756
92674,92757
92674,92466
92674,92758
92674,92759
92674,92760
92674,92761
92674,92762
92674,92763
92674,92764
92674,92765
92674,92766
92674,92767
92768,92607
92769,92770
92769,92771
92769,92772
92750,92380
92750,92773
92745,92534
92674,92774
92674,92775
92776,92777
92776,92778
92776,92779
92776,92780
92776,92781
92776,92439
92776,92782
92776,92783
92776,92784
92776,92785
92776,92786
92776,92787
92776,92788
92776,92789
92776,92790
92776,92791
92776,92792
92776,92793
92776,92794
92795,92796
92795,92797
92798,92799
92798,92423
92776,92800
92798,92801
92776,92802
92803,92607
92541,92534
92804,92805
92732,92423
92732,92546
92806,92807
92733,92599
92733,92423
92733,92546
92733,92591
92808,92330
92809,92810
92450,92423
92450,92801
92811,92568
92811,92812
92813,92531
92814,92607
92815,92375
92815,92611
92816,92817
92816,92818
92816,92819
92816,92820
92776,92821
92674,92822
92798,92823
92824,92825
92674,92826
92674,92827
92674,92828
92674,92829
92674,92830
92674,92831
92674,92832
92674,92833
92674,92834
92674,92835
92674,92836
92674,92837
92674,92838
92674,92839
92674,92840
92674,92841
92674,92842
92674,92843
92674,92844
92674,92845
92674,92846
92674,92847
92674,92848
92674,92849
92824,92850
92674,92851
92674,92852
92824,92853
92824,92854
92855,92375
92674,92856
92674,92857
92674,92858
92674,92859
92674,92860
92674,92861
92674,92862
92674,92863
92674,92864
92674,92865
92674,92866
92674,92867
92674,92868
92674,92869
92674,92870
92674,92871
92674,92872
92674,92631
92674,92873
92674,92874
92674,92875
92451,92876
92745,92739
92877,92878
92879,92880
92879,92881
92882,92883
92438,92884
92438,92885
92438,92419
92438,92886
92438,92887
92438,92888
92438,92889
92438,92420
92438,92890
92438,92891
92438,92461
92420,92435
92420,92892
92420,92438
92420,92439
92590,92602
92590,92607
92592,92469
92592,92893
92592,92894
92879,92895
92592,92429
92879,92896
92879,92897
92898,92467
92898,92468
92899,92900
92901,92902
92903,92468
92903,92531
92903,92904
92905,92906
92907,92908
92907,92909
92907,92344
92907,92557
92907,92910
92907,92911
92907,92569
92907,92538
92907,92912
92907,92880
92907,92913
92907,92914
92907,92881
92879,92915
92879,92916
92879,92907
92917,92389
92592,92427
92592,92918
92852,92919
92852,92865
92852,92826
92852,92834
92852,92835
92852,92839
92852,92702
92852,92712
92852,92715
92852,92677
92852,92685
92852,92758
92920,92921
92920,92922
92923,92644
92924,92925
92924,92886
92673,92926
92673,92423
92673,92823
92451,92927
92451,92928
92451,92603
92834,92929
92592,92930
92834,92931
92834,92932
92592,92933
92592,92745
92592,92934
92592,92568
92592,92935
92602,92597
92602,92598
92602,92607
92602,92558
92602,92910
92602,92582
92602,92573
92602,92577
92602,92534
92602,92543
92602,92551
92602,92590
92602,92592
92826,92936
92834,92937
92834,92938
92834,92674
92834,92939
92834,92940
92877,92941
92917,92942
92943,92944
92737,92602
92737,92607
92737,92945
92737,92582
92737,92534
92737,92739
92946,92441
92947,92628
92947,92948
92947,92949
92950,92380
92951,92952
92951,92441
92951,92379
92951,92953
92951,92954
92951,92955
92951,92956
92957,92828
92957,92958
92957,92611
92957,92683
92959,92960
92737,92736
92961,92962
92737,92963
92964,92965
92877,92966
92877,92967
92877,92968
92877,92969
92877,92970
92877,92971
92877,92972
92877,92973
92877,92974
92877,92975
92877,92976
92877,92977
92877,92978
92877,92979
92877,92980
92877,92981
92877,92956
92877,92906
92877,92982
92877,92983
92877,92984
92877,92985
92964,92727
92964,92986
92917,92384
92961,92865
92961,92834
92987,92715
92987,92720
92987,92611
92987,92988
92987,92646
92987,92677
92987,92989
92987,92683
92987,92961
92987,92990
92987,92991
92987,92992
92987,92748
92987,92993
92987,92994
92987,92995
92987,92996
92987,92757
92987,92997
92998,92607
92998,92582
92998,92579
92943,92607
92987,92712
92961,92852
92987,92999
92987,92707
92961,92958
92961,92712
92961,92715
92961,92677
92961,92685
92987,92865
92987,93000
92987,92852
92987,92826
92987,93001
92987,92647
92987,92834
92987,92957
92987,93002
92987,93003
92987,93004
92987,92842
92987,93005
92987,92959
92987,93006
92987,93007
92987,92987
92987,92705
92987,93008
92541,92535
92582,92745
92541,92537
92375,93009
92375,93010
92375,92958
92375,93011
92375,93012
92375,93013
92375,93014
92375,92375
92375,93015
92375,93016
92375,93017
92375,93018
93015,93019
93015,93020
93015,93021
93015,93011
93015,93022
93015,92375
93015,93023
93024,93025
92712,93026
92712,93027
93015,93028
92375,93029
92375,93030
92375,93031
92579,93032
92579,92963
92579,93033
92579,93034
92579,92568
92579,93035
92579,92534
92579,92607
92579,92582
93036,93037
93036,93038
93036,93039
93036,93040
93036,92468
92468,93041
92468,92903
92468,93042
92468,93037
92468,93038
92468,92467
92468,93043
92468,93036
93044,92727
92712,92611
92712,92674
92712,93045
92712,93046
92644,93047
92644,93048
92644,93049
92644,92644
92644,93050
92644,92859
92644,93051
92644,92861
92644,92875
92644,92851
92644,92632
92644,92827
92644,92830
92644,93052
92644,92774
92644,92635
92644,92710
92644,92714
92644,92718
92644,92679
92644,93053
92644,92692
92644,92696
92644,93054
92582,92534
92644,93055
92644,92631
92712,93056
92842,93057
92842,92705
92842,93058
92842,93059
92842,93060
92842,93061
92842,93062
93054,93063
93054,93064
93054,93065
93054,93047
93054,93066
93054,92644
93054,92763
92644,93067
92644,92870
92644,92722
92644,92764
92644,92844
92644,93068
92644,93064
92644,93069
92644,92852
92582,92568
92582,92607
93070,92741
92332,92326
92332,92331
92332,92396
92332,92333
92332,92365
92332,92406
92332,92334
92406,93071
92406,92332
92406,93072
92406,93073
92389,93074
92389,92948
92389,92947
92389,92648
92761,93051
92761,92875
92761,92827
92761,93052
92761,93075
92761,92846
92761,92847
92761,93076
93014,92375
92761,92716
92531,93077
92531,93078
92531,93079
92531,93080
92531,93081
92531,92904
92531,92903
92531,93082
92531,92573
92531,93083
92531,93084
92531,93085
92531,92586
92531,93086
92531,93087
92531,92567
92531,93088
92531,93089
92531,93090
92531,93091
92531,93092
92531,93093
92531,93094
92531,93095
92531,93096
92531,92607
92644,92724
92761,92718
92761,92694
93097,93098
93097,93099
93097,92423
92607,93100
92607,93101
92607,92803
92607,93102
92607,93035
92607,93103
92607,93070
92607,92735
92607,92741
92607,93104
92607,92582
92607,92568
92607,92534
92607,92751
92607,92950
92607,92532
92607,92531
92582,92602
92582,93105
92582,93106
93097,92453
92761,92679
93097,93107
92423,92426
92761,92389
92761,93068
92761,93108
92761,92643
92761,92675
92761,92754
92761,92387
92761,93109
92761,93110
92423,93097
92423,92557
92423,92598
92423,93111
92423,93112
92423,92798
92423,92801
92423,93113
92423,92427
92423,93114
92423,93115
92423,93116
92423,92422
92423,93117
92423,92591
92644,93108
92644,92643
92644,93118
92333,92417
92333,92411
92333,92415
92333,92395
92333,92393
92333,92367
92333,92392
92333,92369
92333,92370
92333,92335
92333,93119
92333,92371
92333,92373
92333,93120
92333,92344
92333,93121
92333,92911
92333,92365
92333,92406
92334,92332
92334,93122
92334,92361
92334,92908
92333,92332
92334,93123
92333,92400
92333,93124
93125,92396
93125,92333
93125,93126
93125,93127
93125,93128
93125,93129
93125,92334
93125,92365
93125,93130
93125,93131
93125,93132
93125,93133
93125,93134
93135,93136
93135,93137
93135,93138
93135,93139
93135,93140
93135,92900
93135,93141
93135,93142
92333,93143
92333,92398
92333,92333
93125,92344
92334,93144
92334,93145
92334,93146
92334,92344
92334,93147
92334,92406
92334,92326
92334,93148
92334,93149
92334,92396
92334,92896
92334,92333
92334,93125
92334,93150
92334,93128
92334,92365
92334,93119
92334,93133
92334,93151
93140,92326
93140,93135
93140,92331
93140,92333
93140,92334
93152,93153
92334,92899
92334,93154
92334,93155
92334,93156
92334,93157
92334,93131
92334,93158
92334,92331
92334,92397
92334,92325
92334,93159
92334,93160
92334,93161
92334,93162
92334,93163
92334,93164
92334,93165
92334,93166
92334,93167
92334,93168
92334,93169
92334,92398
92334,93170
92334,93171
92334,93172
92334,93173
92334,93174
92334,93175
92531,92600
93125,93157
93125,93176
93177,92347
93177,93178
93177,93179
93177,92319
93177,92445
93177,92320
93177,93180
93177,93181
92568,93182
92568,92536
92568,92541
92568,93183
92568,92604
92568,92579
92568,93184
92568,93185
92568,92582
92568,92580
92568,93186
92568,93187
92568,92607
92568,92380
92568,92619
93177,93188
92568,92620
93177,92478
93177,93189
92644,92761
92644,93109
92644,92923
92644,92763
92644,92831
92644,93190
92644,92638
92644,93191
93066,93064
93066,92859
93066,93055
93066,93054
93066,93047
93066,93048
93066,93049
93066,92644
93066,93050
93066,92763
93192,92900
92557,93193
92557,92569
92557,93194
92557,93195
93177,93196
93125,93148
92568,92621
92593,92380
92365,92326
92365,92908
92365,93197
92365,93148
92365,92344
92365,92396
92365,93125
92365,93128
92365,92334
92365,93198
92365,93199
92365,93133
93125,92557
93125,93200
93125,93143
93125,92335
93125,92623
93125,93201
93125,93202
93125,92908
93125,93199
93125,93145
93125,92326
92365,93202
92568,92618
93128,93133
93128,92365
92593,92379
92536,93203
92536,93204
92536,93205
92536,93206
92536,92618
92536,93182
92536,92568
92536,92593
92635,93207
93207,92635
93148,93199
93148,92326
93148,93125
93148,93128
93148,92334
93148,92365
93128,92908
93128,93148
93128,92344
93128,93125
93128,93128
93128,92334
93128,93199
92531,92813
92531,93208
92531,93209
92444,92337
92444,93210
92444,92327
92444,92328
92444,93211
92444,92520
92444,93212
92338,92441
92338,92477
92338,93213
92338,92348
92338,92354
92338,92361
92338,93214
92338,93215
92338,93216
92338,93217
92361,92334
92361,92501
92361,92441
92361,92477
92361,92444
92361,93218
92444,92318
92361,92493
92444,93219
92444,92322
92444,92359
92444,93220
92444,92361
92444,93221
92444,93222
92444,93223
92444,93224
92444,93225
92444,93214
92444,93226
92444,93227
92444,92363
92444,92338
92444,93228
92444,92443
92444,93229
92444,93230
92444,92319
92444,93231
92444,93232
92444,93233
92444,92445
92444,93234
92444,93235
92444,93236
92361,92497
92361,92473
92688,93237
92688,92682
92688,93057
92688,93238
92688,93239
92688,93240
92688,93241
92688,92842
92688,93242
92567,92531
92567,93243
92604,92651
92604,92429
92585,92380
92585,93244
92585,92576
92585,93245
93244,92545
93244,92380
93244,92585
93244,93246
92906,93247
92906,92906
92688,93248
92361,93249
92688,93250
92688,93251
92361,92345
92361,92341
92361,92347
92361,92348
92361,92353
92361,93214
92361,92338
92361,92319
92361,92323
92925,93252
93230,92925
92688,93253
92688,93254
92688,93255
92688,93256
92688,93257
92688,93258
92688,93259
92688,92757
92688,93260
92688,92844
92688,92871
92688,93261
92688,93262
92906,93263
92444,92358
92444,93264
92541,92619
92541,92620
92541,92621
92541,92556
92541,92561
92541,92565
92541,92452
92541,92566
92541,92575
92541,92554
92541,92553
92541,92552
92541,92545
92541,92548
92541,92549
92541,92528
92444,92522
92444,92630
92444,93265
92444,93266
92444,92501
92444,93267
92444,92525
92541,92380
92444,93268
92541,92607
92541,92593
92541,92538
92541,92540
92541,92542
92541,92543
92541,92544
92541,93077
92541,92423
92541,92547
92541,93208
92541,92550
92541,92551
92541,92429
92541,92584
92541,93269
92541,92579
92541,92618
92541,92587
92541,92588
92541,92589
92541,92590
92541,92427
92541,92591
92541,92592
92541,92568
92444,92356
92444,93270
92444,93271
92444,93272
92444,92489
92444,92491
92444,93273
92444,92492
92444,92493
92444,92886
92444,92497
92444,93274
92444,92499
92444,92473
92444,92345
92444,93275
92444,92442
92444,92341
92444,92509
92444,93276
92444,92347
92444,92348
92444,92349
92444,92350
92444,93277
92444,93278
92444,92487
92444,93279
92444,93280
92444,93281
92444,92441
92444,92498
92444,92476
92444,92446
92444,92477
92444,93213
92444,93282
92444,92479
92444,92884
92444,93283
92444,92448
92444,93284
92444,93285
92444,92925
92444,93286
92444,92482
92444,93287
92444,93288
92444,92474
92444,93289
92444,93290
92444,93218
92444,93291
92444,92486
92541,92536
92906,93292
93293,92607
93294,93295
93294,92389
93296,93297
93296,93298
93296,92805
93296,93294
93296,93299
93296,93300
93296,93301
93296,93302
93296,93303
93296,92812
93296,93239
93296,93295
93296,92389
93296,93304
93239,93305
93239,93306
93239,93307
93239,93251
93239,93308
93239,92389
93239,92381
93294,93239
92805,93297
93294,92812
93294,93302
93309,93158
93309,93310
93309,93311
93158,92900
93158,93312
93158,93313
93158,93309
93158,93158
93158,93310
93158,93311
93158,92334
93312,93313
93312,92334
93312,93309
93312,93158
93312,93310
93312,93311
93314,93315
93294,93297
93294,93298
93294,92805
93294,93299
93294,93296
93294,93303
93309,92334
92805,93298
92805,93299
92441,93249
92441,92348
92441,93214
92441,92323
92637,92638
92637,92644
92637,93316
92532,92737
92532,93317
92532,92963
92532,92607
92532,93035
92532,93103
92532,93070
92532,92735
92532,92741
92531,93318
92531,92552
92531,92538
92531,92541
92531,93319
92531,93122
92531,92534
92441,92497
92805,93294
92441,92493
92441,93320
92805,93296
92805,93302
92805,93303
92805,92812
92805,93239
92805,93295
92805,92389
92439,93321
92439,93322
92439,93323
92439,93324
92439,93325
92439,93326
92439,93327
92439,93328
93329,93330
93329,93331
93329,93332
92441,93333
92441,93334
92441,92946
92441,92838
92441,93335
92441,92477
93293,93336
93309,93313
93206,92380
93337,93158
93337,93310
93337,93311
93010,93017
93010,92431
93010,93338
93010,92612
93010,93339
93010,92958
93010,92611
93010,92812
93010,93340
92908,92365
92908,93121
92908,93341
92908,92344
92908,93342
92908,93343
92908,93344
92908,92911
92908,93150
92908,93345
92908,93346
93337,93309
92908,92908
93337,92334
93337,93312
93261,93347
93261,93348
93261,93349
93261,93350
93261,93351
92691,92423
93352,93353
93352,93354
93352,93355
93352,93356
92547,92910
92547,92538
92547,93293
92547,92579
92560,92603
92560,92422
92560,92428
92560,93357
92560,92532
92560,92587
92560,92427
92560,92423
92560,92801
93337,93313
93309,93312
92908,92809
92908,93358
92380,92538
92380,92544
92380,93206
92380,92593
92380,93359
92380,92751
92380,92619
92380,92620
92380,92607
92380,92621
92380,92580
92380,92582
92380,92568
92380,92579
92380,92618
92380,93360
92380,92910
92380,92599
92380,92379
92380,93361
92380,93362
92380,92585
93206,93363
92380,92536
92908,92817
92380,92576
92380,93364
92908,93365
92908,93366
92908,93367
93368,92908
93368,93369
93368,92911
93368,93150
92910,92380
92910,92582
92910,92568
93175,92900
93175,93370
93371,93372
93371,93137
93371,93125
93371,93373
93371,92900
93374,92531
93374,93375
93376,93377
92380,93244
92380,93378
92380,92604
92380,93379
93070,92735
93380,93381
93382,93376
93124,93383
93124,92816
93124,93384
93124,93385
93124,93124
93124,93386
93124,93387
93124,93388
93124,93389
93124,93390
93124,92406
93124,93391
93124,93392
93124,92365
93124,93393
93124,93394
93124,93395
93124,93198
93124,92334
93124,93396
93124,93397
93124,93398
93124,93399
93124,93162
93124,93128
93124,93400
93124,93401
93028,93402
93124,93403
93124,92881
93124,93404
93124,93405
93124,93406
93124,93407
93124,93408
93124,93409
93124,92325
93124,93410
93124,93411
93124,93412
93124,93413
93124,93414
93124,93133
93124,93415
93124,93119
93124,93416
93124,93417
93124,93418
93124,93168
93124,93199
93124,93419
93124,93420
93124,93421
93124,93422
93124,92333
93124,93423
93124,93424
93124,92396
93124,93425
93124,93426
93124,93427
93124,92344
93124,93154
93124,93428
93124,92907
93124,93429
93124,93430
93124,93431
93124,93432
93124,92808
93124,92331
93124,93148
93124,93167
93124,93071
93124,93433
93124,93434
93124,93435
93124,93436
93124,93437
93124,93341
93124,93438
93124,93439
93124,92398
93124,93440
93124,93441
93124,93442
93124,93443
93124,93444
93124,93445
93124,93446
93124,93447
93124,93448
93449,92685
93124,93450
93124,93451
93124,93452
93124,93453
93124,93454
93124,93143
93124,93455
93124,93147
93124,92397
93124,93456
93124,93457
93124,93125
93124,93458
93459,92900
93341,93154
93341,93369
93396,93460
93396,93148
93396,93461
93396,93167
93396,93462
93396,93463
93396,93435
93396,93197
93396,92908
93396,93123
93396,92869
93396,93464
93396,93465
93396,93466
93396,93467
93396,92435
93454,92325
93454,93468
93454,93469
93454,92334
93454,93470
93454,92326
93471,93471
93396,93472
93396,93154
93396,92344
93396,93121
93396,93473
93396,93393
93396,93319
93396,93128
93396,92784
93396,93474
93396,93475
93396,92420
93396,93476
93396,93477
93396,93478
93471,92323
93396,92614
93396,93479
93396,92438
93396,93480
93396,93481
93396,93482
93396,92911
93396,93438
93396,93483
93396,93484
93396,92924
93396,93003
93396,93451
93124,93485
93471,92361
93471,92345
93486,93487
93486,93488
93486,93489
93486,93490
93486,93491
93486,93492
93486,93493
93486,93494
93486,93495
93486,93496
93486,93497
93486,93498
93486,93499
93486,93500
93486,93501
93486,93502
93341,93503
93341,93504
93341,93505
93341,93162
93341,92365
93341,93150
93341,92911
93486,93506
93486,93507
93486,93508
93486,93509
93471,92473
93471,92493
93471,92477
93471,92441
93471,92501
93471,93510
93486,92900
93486,93511
93486,93512
93486,93513
93486,93514
93471,92348
93486,93515
93486,93516
93486,93517
93486,93518
93486,93519
93486,93520
93486,93521
93486,93522
93486,93523
93486,93524
93486,93525
93486,93526
93486,93527
93124,93528
93124,93197
93124,92908
93529,93530
93529,93531
93529,93532
93529,93533
93529,93534
93529,93535
93529,93512
93529,93536
93529,93537
93529,93538
93529,93539
93529,93540
93529,93541
93529,93542
93529,93543
93529,93544
93529,93545
93529,93546
93529,93547
93529,93548
93529,93549
93529,93550
93529,93551
93529,93552
93529,93553
93529,93506
93529,93554
93529,93555
93529,93556
93529,93557
93529,93558
93529,93559
93529,93560
93529,93561
93529,93562
93529,93563
93529,93564
93529,93565
93529,93566
93529,93567
93529,93568
93529,93569
93529,93570
93529,93571
93529,93572
93529,93573
93529,93574
93529,93575
93529,93576
93529,92900
93529,93577
93529,93578
93529,93579
93529,93580
93529,93581
93582,93583
93582,93584
93582,92431
93582,93361
93582,93585
93074,92389
93074,93586
93587,93588
93587,92468
93589,92439
93589,93590
93591,93592
93591,93593
93591,93594
93591,93595
93591,93125
93591,93596
93591,93597
93598,92844
93599,92773
93600,93601
93600,93602
93603,93604
93582,92972
93582,93184
93582,93007
93582,93605
93529,93606
93529,93607
93529,93608
93529,93609
93529,93610
93529,93611
93529,93612
93529,93613
93529,93614
93529,93615
93529,93616
93529,93617
93529,93137
93529,93618
93529,93619
93529,93620
93529,93621
93529,93622
93529,93623
93529,93624
93529,93625
93529,93626
93582,92811
93582,92611
93529,93515
93396,92365
93529,93627
93529,93628
93382,93629
93382,93630
93382,93631
93382,93632
93382,93633
93382,93252
93382,93634
93382,92608
93382,92609
93382,93635
93382,93636
93382,93637
93382,93638
93382,92882
93382,93639
93382,93640
93382,93194
93382,93641
93382,93642
93382,92964
93382,92986
93382,93643
93382,93344
93382,93644
93382,93645
93382,93646
93382,93647
93124,93648
93124,93166
93124,93649
93124,93123
93124,92326
93124,93650
93124,92330
93124,93651
93124,93122
93124,93652
93124,93653
93382,93654
93124,93165
93124,93655
93124,93656
93124,93657
93428,92908
93658,92593
93658,93659
93658,92536
93658,92568
93658,93658
93660,92727
93382,92610
93124,93661
93529,93662
93382,93339
93382,93663
93382,93664
93382,93665
93382,92742
93382,93666
93382,92884
93382,93667
93382,92908
93382,93668
93382,93669
93382,93670
93382,93671
93382,93345
93342,92916
93529,93672
93529,93673
93529,93674
93529,93675
93529,93676
93529,93677
93529,93678
93529,93679
93529,93680
93529,93681
93382,93682
93382,92809
93382,92612
93382,93683
93382,93684
93382,93685
93382,93382
93382,93686
93382,92727
93382,93687
93382,93688
93382,93689
93382,93690
93382,92959
93382,93691
93382,92965
93382,93692
93382,93693
93382,93694
93382,93695
93382,93696
93382,93341
93382,93697
93382,93698
93382,93699
93382,93700
93382,93701
93382,93702
93382,93703
93396,93392
93124,93704
93396,93705
93378,92568
93378,92380
93380,93706
93380,93707
93380,92985
93380,93708
93380,93709
93710,93069
93380,93711
93380,93712
93380,92984
93380,93713
93380,93714
93380,93715
93380,93716
93380,93349
93380,93717
93710,93718
93710,92423
93710,92546
93719,92468
93720,93306
93720,92431
93169,92900
93721,93722
93721,93723
93721,92431
93721,93724
93725,93726
93727,92345
93727,92493
93631,93728
93631,93729
93631,93730
93731,92727
93731,92809
93731,93671
93380,93732
93198,92540
93380,93733
93380,93734
93380,92425
93380,93735
93380,92793
93380,93204
93380,92389
93380,93736
93380,92812
93380,93737
93380,93738
93380,93739
93380,93740
93380,93741
93380,93742
93380,93743
93380,93744
93380,93745
93380,92549
93380,93746
93380,92748
93380,93747
93380,92466
93380,93748
93380,93749
93380,93750
93380,93751
93380,92756
93380,92387
93380,93752
93380,93753
93380,93754
93380,93755
93380,92464
93380,93756
93380,93757
93380,93758
93380,93759
93380,93760
93380,93761
93198,92547
93122,92334
93762,93763
92844,92862
92870,93764
93170,92334
93765,93766
93765,93767
93765,93768
93765,93769
92844,92872
93765,92635
93765,93770
93765,93771
93765,92946
93765,93772
93773,93774
93773,93775
93773,93776
93765,93777
92844,92852
92844,92835
92844,92836
93396,93778
93070,93103
93070,93035
93070,92607
93070,92532
93602,93601
92844,92758
92844,92688
92844,92685
92844,92684
92844,92682
92844,92677
92844,92698
92844,92705
92844,92844
92844,92842
92844,92840
93779,93780
93779,93781
93779,93782
93779,92423
93041,92468
93783,93784
93785,93786
93785,93787
93788,92576
93788,92380
93789,93748
93789,93790
93789,93339
93789,93101
93789,93683
93789,92612
93789,92431
93789,93010
93102,92803
93102,92607
93762,92770
93347,92431
93380,93053
93347,93314
93791,92431
93779,92963
93779,92894
93779,93792
93779,92469
93779,93793
93779,93794
93779,93795
93779,93796
92963,92607
93797,92607
93798,93798
93798,93799
93798,93800
93801,92541
93801,92607
93791,92961
93791,93347
93791,93307
93380,93353
93762,93802
93380,93803
93380,93804
93380,93805
93380,93806
93380,93069
93380,92868
93380,92380
93380,93807
93380,92601
93380,93808
93380,92649
93380,93809
93380,93810
93380,92750
93380,93811
93380,92859
93380,93812
93380,93585
93380,93813
93380,92619
93380,92604
93380,93814
93380,93815
93380,93816
93380,93817
93380,92556
93380,93818
93380,92651
93380,93819
93380,93294
93380,93820
93380,92805
93380,93821
93380,92606
93380,93361
93380,92422
93380,93822
93380,93823
93380,93824
93734,92621
93734,92619
93734,92380
93396,93825
93396,93826
93396,93131
93396,93827
93396,93828
93396,93829
93396,93830
93396,93831
93396,93745
93396,93383
93396,93832
93396,93081
93396,93833
93396,93834
93396,93835
93380,92689
93396,93390
93396,93836
93380,93837
93396,93417
93396,93838
93839,92375
93840,92541
93840,92607
93841,93748
93841,93842
93841,92431
93113,92423
93107,92423
93843,92854
93844,92783
93396,93407
93396,93704
93396,93082
93396,93845
93396,93846
93396,93847
93396,93133
93396,93119
93380,93244
93734,92620
93380,93848
93380,93849
93380,93850
93380,93851
93380,93852
93380,93853
93380,92798
93380,93854
93380,93855
93380,93339
93380,93203
93380,93856
93380,93378
93380,93047
93380,93857
93380,92553
93380,93246
93380,92951
93380,93858
93380,93859
93380,93860
93380,92734
93380,93861
93380,93862
93380,92968
93380,93863
93380,93362
93380,93864
93380,93865
93380,92682
93380,93866
93380,92545
93380,92681
93380,93867
93380,93868
93380,93869
93380,93870
93380,93871
93380,92456
93380,93872
93380,92950
93380,93605
93380,92955
93380,93873
93380,92583
93380,93874
93380,93029
93380,93875
93380,93876
93380,93877
93380,93878
93380,93879
93380,93251
93380,92648
93380,92746
93380,93880
93380,93881
93380,93882
93380,93883
93380,92833
93380,93884
93380,93885
93380,93886
93380,93887
93380,92723
93380,93584
93380,93320
93380,93888
93380,93718
93380,92803
93380,93889
93380,93890
93380,93891
93380,93892
93380,93893
93380,93894
93380,93710
93380,93895
93380,93896
93380,93897
