93898,93899
93898,93900
93898,93901
93898,93902
93898,93903
93898,93904
93898,93905
93898,93906
93900,93907
93898,93908
93898,93909
93910,93911
93900,93910
93900,93903
93903,93900
93903,93910
93898,93910
93900,93912
93898,93913
93898,93914
93915,93916
93898,93917
93915,93918
93915,93919
93903,93907
93915,93920
93921,93922
93921,93915
93915,93923
93921,93924
93898,93898
93921,93923
93921,93920
93921,93925
93921,93926
93921,93919
93921,93927
93928,93929
93928,93930
93928,93928
93921,93918
93905,93917
93916,93931
93905,93898
93916,93932
93916,93933
93916,93934
93916,93916
93916,93935
93916,93936
93916,93937
93916,93938
93916,93939
93916,93940
93916,93941
93916,93942
93916,93943
93916,93925
93916,93944
93915,93922
93916,93945
93916,93946
93916,93919
93905,93947
93948,93949
93948,93950
93905,93914
93905,93910
93905,93902
93905,93951
93905,93952
93905,93899
93905,93953
93905,93900
93948,93954
93905,93901
93905,93907
93905,93904
93905,93906
93905,93908
93905,93909
93905,93955
93948,93956
93948,93957
93905,93903
93919,93919
93958,93959
93919,93960
93961,93962
93961,93963
93961,93964
93965,93916
93966,93916
93967,93968
93969,93970
93970,93971
93961,93972
93970,93973
93970,93974
93970,93975
93970,93976
93970,93977
93970,93978
93970,93979
93970,93980
93970,93981
93970,93982
93970,93983
93961,93984
93961,93985
93958,93986
93916,93915
93958,93987
93958,93988
93958,93989
93958,93990
93958,93991
93958,93992
93961,93993
93958,93994
93958,93995
93958,93996
93958,93997
93958,93998
93961,93999
93961,94000
93961,94001
93961,94002
93958,94003
93919,94004
94005,94006
94007,93980
94008,94009
94008,94010
94008,94011
94008,94012
94008,94013
93919,93915
93919,93921
93919,93920
94014,94015
93919,93941
93919,94016
93919,93943
93919,93925
93919,93944
93919,93945
93919,94017
93919,94018
93919,93946
93919,93916
94007,94019
94014,94020
94014,94021
94007,94022
94007,94023
94007,94024
94007,94025
94007,94026
93980,94025
93980,94027
93980,94028
94014,94029
93980,94030
93980,93974
93980,94031
94032,94014
94014,94033
94014,94034
94014,94035
94014,94036
94014,94037
93980,94007
93916,93960
94038,94039
93916,94040
94041,94042
94041,94043
94041,94044
94041,94045
94041,94046
94041,94047
94041,94048
94041,94049
94041,94050
94041,94051
94041,94052
94041,94053
94041,94054
94041,94055
94041,94056
94041,94057
94041,94058
94041,94059
94041,94060
94041,94061
94041,94062
94041,94063
94041,94064
94041,94065
94041,94066
94041,94067
94041,94068
94041,94069
94041,94070
94041,94071
94041,94072
94041,94073
94041,94074
94041,94075
94041,94076
94041,94077
94041,94014
94041,94078
94041,94079
94041,94080
94041,94081
94041,94082
94041,94083
94041,94084
94085,94086
94085,94087
94085,94088
94089,94085
94090,94038
94038,94091
94038,94092
94038,94093
93960,93915
94038,94094
94038,94095
94038,94096
94038,94097
94038,94098
94038,94090
93911,94099
93911,93910
93958,94100
94038,94101
94041,94102
93960,93941
93960,93943
94041,94103
93974,94104
93974,94105
93974,94106
93974,93970
93974,93982
94107,94108
94107,94109
93960,93916
94107,94110
94107,94111
94107,94112
94107,94113
94107,94114
93960,93945
93960,93919
93960,93946
93960,93944
94107,94115
93916,94116
94041,94117
94041,94118
94105,94119
94105,94120
94105,94121
94105,94122
94105,94123
94105,94124
94105,94125
94105,94126
94105,94007
94105,94127
94105,94128
94105,94129
94105,94130
94105,93980
94105,94131
94105,94132
94133,93942
94133,94134
94105,94135
94133,94136
94105,94137
94105,94024
93916,94138
93916,94139
93916,94140
93916,94141
93916,94016
93916,94142
93916,94143
93916,94144
94105,94145
93916,94146
93916,94147
93916,94148
93944,93919
94149,93910
93978,93970
94150,94105
94150,93980
94105,94151
93916,94014
94041,94152
94133,93919
94146,94153
94041,94154
94041,94155
94041,94156
94041,94157
94041,94020
94041,94158
94041,94159
94041,94160
94041,94161
94041,94162
94041,94163
94041,94164
94041,94165
94041,94166
94041,94167
94041,94168
94041,94169
94041,94170
94041,94171
94146,94172
94041,94173
94041,94174
94146,94175
94146,94176
94146,94177
94146,94178
94146,94179
94146,94180
94146,94181
94146,94182
94041,94183
94146,94184
94146,94185
94146,94186
94146,94187
94146,94188
94146,94189
94146,94190
94146,94191
94192,94193
94146,94194
93958,94195
94196,94197
93958,94198
94199,94200
94201,94202
94201,94203
94201,94180
94201,94181
94201,94204
94201,94185
94201,94205
94201,94206
94201,94207
94201,94208
94201,94209
94201,94190
94210,94211
94210,94212
94210,94213
94210,94214
94131,94105
94201,94189
94215,94216
94201,94153
94201,94217
94218,94219
94218,94220
94218,94221
94218,94222
94218,94223
94218,94224
94218,94225
94218,94226
94201,94227
94218,94228
94218,94229
94218,94230
94218,94085
94218,94231
94218,94232
94201,94233
94201,94234
94201,94175
94218,94235
94218,94236
94215,94237
94215,94238
94239,94240
94239,94241
94242,94243
94242,94121
94242,94244
94242,94245
94246,94247
94246,94248
94239,94249
94246,94250
94246,94251
94246,94252
94246,94253
94246,94254
94246,94255
94246,94246
94246,94256
94257,93970
94246,94258
94215,94259
94239,94260
94239,94261
94239,94262
94239,94263
94239,94264
94239,94265
94239,94266
94239,94267
94239,94268
94239,94269
94239,94270
94239,94271
94239,94272
94239,94273
94239,94274
94239,94275
94239,94276
94239,94239
94239,94277
94239,94278
94239,94279
94280,93980
94218,94281
94218,94282
94283,94284
94283,94237
94283,94285
94283,94286
94283,94287
94283,94288
94289,94087
94289,94085
94283,94290
94291,94292
94291,94293
94291,94294
94295,94085
94296,94297
94296,94298
94296,94299
94300,94301
94300,94302
94291,94303
94300,94304
94305,94306
94307,94308
94309,94038
94309,94310
94309,94311
94309,94312
94309,94313
94309,94314
94309,94315
94309,94316
94308,94023
94309,94317
94309,94318
94309,94319
94309,94320
94309,94090
94309,94106
94309,94321
94309,94322
94307,94323
94309,94324
94218,94325
94300,94212
94300,94326
94300,94018
94300,94213
94300,94327
94300,94328
94300,94329
94300,94330
94300,94331
94300,94332
94300,94333
94300,93919
94300,94334
94218,94335
94218,94336
94218,94337
94218,94338
94218,94339
94218,94340
94218,94341
94300,94342
94300,94343
94300,94344
94300,94345
94300,94346
94300,94347
94300,94348
94300,94349
94300,94350
94300,94351
94300,94352
94300,94353
94300,94354
94300,94248
94300,94355
94300,94356
94300,94357
94300,94358
94300,94359
94300,94252
94300,94360
94300,94361
94300,94362
93958,94363
94364,94365
94366,93971
94367,94189
94367,94368
94367,94369
94367,94370
94367,94371
94367,94372
94367,94373
94367,94190
94367,94374
94367,94375
94367,94376
94147,94252
94377,94378
94377,94038
94377,94318
94377,94379
94380,94381
94382,94383
94367,94384
94382,94385
94367,94386
94367,94387
94367,94388
94367,94389
94367,94205
94367,94390
94367,94391
94367,94392
94367,94393
94367,94394
94367,94395
94367,94396
94367,94397
94367,94398
94367,94399
94367,94400
94367,94401
94367,94402
94367,94187
94367,94188
94367,94403
94367,94108
94382,94404
94405,94014
94406,94407
94406,94408
94409,94410
94409,94411
93958,94412
93958,94413
93958,94414
93958,94415
94416,94416
93958,94417
93958,94418
93958,94419
93958,94420
93958,94421
93958,94422
93958,94423
93958,94424
93958,94425
93958,94426
94405,94427
94416,93980
94416,94428
94405,94429
94430,94431
94430,94432
94430,94433
94430,94176
94430,94434
94430,94435
94430,94436
94416,94007
94430,94437
94430,94299
94430,94438
94430,94386
94430,94189
94430,94439
94430,94440
94416,94151
94416,94441
94430,94442
94364,94249
94367,94443
94367,94185
94367,94444
94367,94175
94367,94445
94367,94446
94367,94447
94367,94433
94367,94434
94367,94448
94367,94449
94367,94450
94367,94451
94367,94452
94367,94453
94367,94454
94367,94107
94367,94455
94367,94456
94367,94457
94367,94458
94367,94459
94367,94460
94367,94461
94366,94462
94366,94326
94366,94408
94366,94463
94366,94464
94366,94465
94366,94466
94366,94467
94367,94468
94366,94469
94366,94470
94366,94085
94366,94471
94367,94472
94367,94473
94367,94474
94367,94475
94367,94476
94366,94477
94367,94478
94367,94479
94367,94480
94367,94481
94367,94482
94367,94483
94367,94179
94367,94180
94367,94484
94367,94485
94367,94486
94367,94487
94367,94181
94367,94488
94367,94489
94367,94184
94367,94194
94367,94201
94367,94490
94367,94491
94367,94492
94367,94182
94367,94177
94367,94442
94367,94493
94367,94153
94367,94494
94367,94495
94367,94496
94367,94497
94367,94109
94367,94498
94367,94499
94367,94202
94367,94500
94367,94501
94367,94178
94367,94502
94367,94503
94367,94206
94367,94504
94367,94505
94367,94506
94367,94507
94123,94105
94508,94509
94123,94125
94040,93916
94040,93960
94040,93941
94040,93943
94040,93925
94040,93944
94040,93946
94040,93919
94508,94510
94040,93945
94511,94512
94511,94040
94511,94513
94511,93916
94511,94514
94511,94016
94511,93943
94511,94317
94040,94515
94511,93925
94508,94516
94508,94517
94508,94518
94508,94519
94508,94520
94508,94521
94508,94522
94508,94523
94508,93919
94508,94524
94508,94525
94508,94526
94508,93940
94508,93945
94508,94527
94508,94515
94508,94528
94508,94098
94508,94529
94508,94530
94508,94531
94508,93946
94511,94116
94517,93916
94223,94282
94223,94085
94223,94532
94533,93952
94533,94534
94533,94535
94533,94536
94533,94537
94223,94340
94533,94538
94533,94539
94533,94540
94534,93952
94534,94533
94534,94535
94534,94536
94534,94537
94534,94538
94533,94541
94511,94542
94532,94085
94543,94544
94517,93944
94258,94545
94258,94254
94546,94383
94035,94034
94035,94014
94035,94036
94035,94037
94532,94223
94035,94021
94035,94015
94035,94033
94015,94033
94345,94547
94548,94244
94549,94550
94551,94552
94551,94548
94035,94020
94534,94541
94508,94553
94508,94554
94508,94555
94508,94556
94508,94557
94508,94558
94508,94559
94508,94140
94508,94560
94196,94561
94508,94562
94508,94563
94508,94564
94508,94565
94508,94566
94508,94567
94508,94508
94508,94568
94508,94569
94508,94570
94508,94571
94508,94572
94508,94573
94508,94574
93939,93934
93939,93916
93939,93937
93939,93938
94575,94576
94575,94237
94575,94577
94578,94579
94508,94040
94579,94580
94508,94581
94508,94582
94508,94583
94508,94584
94508,94585
94508,94586
94508,94587
94508,94588
94579,94105
94508,94589
94508,94590
94508,94591
94508,94592
94508,94593
94508,94511
94508,94016
94508,94018
94508,94594
94508,93943
94508,94595
94508,94596
94508,94597
94508,94598
94508,94599
94508,94600
94508,93944
94508,94601
94508,94245
94508,94602
94508,94603
94508,93925
94508,93960
94508,94604
94508,94605
94508,94606
94508,94607
94508,94608
94508,94609
94508,93916
94508,94610
94508,94141
94508,94611
94508,94612
94508,94613
94508,94614
94508,94615
94508,94616
94508,94617
94508,94618
94508,94619
94508,94620
94508,94621
94508,94622
93939,93933
94534,94539
94535,93952
94309,94623
94309,94624
94309,94625
94309,94626
94309,94627
94309,94628
94309,94629
94309,94138
94309,94378
94309,94630
94309,94631
94309,94632
94309,94633
94309,94634
94309,94635
94309,94636
94637,94638
94637,94639
94309,94640
94637,94213
94309,94641
94309,94642
94196,94643
94196,94644
94196,94645
94196,94646
94196,94535
94196,94647
94196,94648
94196,94649
94309,94650
94196,94651
94196,94652
94196,94653
94196,94654
94196,94655
94196,94656
94309,94657
94309,94658
94309,94659
94196,94660
94196,94661
94637,94662
94637,93930
94196,94663
94196,94664
94196,94665
94196,94666
94196,94127
94196,94667
94196,94668
94196,94669
94196,94670
94196,93907
94196,93903
94196,94671
94196,94672
94196,94673
94196,94674
94196,94675
94196,94676
94196,94677
94196,94678
94637,94679
94196,94680
94681,94682
94637,94683
94684,94685
94686,94687
94686,94686
94686,94688
94686,94689
94686,94006
94690,94691
94681,94692
94690,94693
94690,94216
94681,94694
94681,94695
94681,94696
94681,94592
94681,94697
94681,94698
94681,94699
94690,94237
94534,94540
94196,94700
94196,94701
94540,94537
94540,94538
94540,94541
94540,94539
94540,94540
94702,94703
94702,94040
94702,94704
94540,94536
94702,94705
94702,94706
94702,94702
94702,93916
94702,94622
94702,94707
94702,94708
94702,94709
94702,93943
94702,94138
94702,94710
94540,94535
94540,94533
94535,94533
94535,94534
94535,94536
94535,94537
94535,94538
94535,94541
94535,94539
94535,94540
94540,94534
94539,93952
94539,94534
94539,94535
94539,94536
94539,94537
94539,94538
94539,94541
94539,94540
94540,93952
94539,94533
94196,94711
94702,94116
94702,94712
94196,94713
94196,94714
94196,94715
94196,94716
94196,94717
94196,94718
94196,94719
94196,94720
94196,94721
94196,94722
94196,94723
94196,94023
94196,94724
94196,93910
94196,94725
94196,94726
94196,94727
94196,94728
94196,94729
94702,94730
94196,94731
94196,94732
94702,94733
94702,93946
94702,93945
94702,94734
94702,94028
94702,94735
94736,94093
94736,94737
94196,94738
94736,94094
94736,94038
94736,94095
94736,94739
94736,94740
94673,94741
94673,94085
94673,94742
94743,93970
94736,94378
94123,94119
93939,93932
94744,94745
94746,94747
94746,94748
94746,94552
94746,94749
94746,94750
94746,94751
94746,94752
94746,94753
94746,94754
94746,93970
94746,94755
94746,94090
94746,94756
94746,94757
94746,94124
94746,94758
94746,94106
94746,94759
94746,94123
94746,94760
94746,94761
94746,94762
94746,94763
94746,94764
94746,94119
94746,94765
94746,94746
94746,94766
94746,94767
94746,94768
94746,94469
94746,94129
94746,94769
94746,93980
94746,94770
94746,93974
94746,94771
94746,94772
94746,94773
94746,94774
94746,94775
94746,94693
94746,94097
94746,94105
94237,94757
94237,94575
94237,94776
94237,94777
94237,94778
94237,94779
94237,94146
94237,94780
94237,94781
94237,94782
94237,94285
94237,94286
94237,94783
94237,94784
94237,94785
94237,94786
94237,94787
94237,94788
94237,94290
94746,94789
94237,94790
94791,94120
94746,94792
94746,94793
94746,94794
94746,94795
94022,94023
94022,94024
94022,94025
94022,94007
94791,94105
94022,94019
94022,94026
94796,93980
94796,94097
94797,94769
94797,94552
94798,93983
94798,94791
94798,94799
94022,93980
94237,94800
94746,94801
94746,94802
94552,94552
94552,94803
93952,93952
93952,94533
93952,94534
93952,94535
93952,94536
93952,94537
94552,94551
93952,94538
93952,94539
93952,94540
93953,93910
93953,93903
93953,93955
93953,93905
94804,93919
94601,94805
93952,94541
94601,94806
94552,94548
94552,94793
94123,94807
94123,94132
94123,94126
94123,94808
94123,94135
94469,94809
94469,94794
94810,94811
94552,94812
94125,94105
94175,94202
94175,94180
94175,94181
94175,94185
94175,94189
94175,94190
94202,94813
94552,94113
94175,94153
94746,94038
94601,94814
94601,94815
94746,94816
94746,94817
94746,94798
94746,94818
94746,94819
94746,94820
94746,94791
94746,94237
94746,94797
94746,94821
94746,94822
94746,94823
94746,94030
94746,94824
94746,94137
94746,94825
94746,94826
94746,93982
94746,94145
94601,94827
94746,94828
94746,94829
94601,93944
94601,94830
94601,93919
94601,94831
93979,93970
93979,93981
93981,93979
93981,93970
94746,94104
94746,94151
94746,94832
94746,94833
94746,94634
94746,94834
94746,94835
94746,94836
94746,94022
94746,94796
94746,94837
93939,93939
94237,94838
94237,94839
94840,94841
94840,94842
94840,94066
94840,94082
94840,94118
94840,94843
94840,94168
94840,94164
94840,94069
94840,94844
94840,94845
94840,94160
94840,94846
94840,94847
94840,94848
94840,94849
94840,94020
94840,94850
94840,94162
94840,94851
94840,94073
94840,94074
94840,94056
94840,94852
94840,94853
94840,94054
94840,94053
94840,94854
94840,94049
94840,94855
94840,94081
94840,94856
94840,94047
94840,94045
94840,94857
94840,94072
94840,94858
94840,94078
94840,94014
94840,94859
94840,94860
94840,94861
94840,94862
94840,94155
94243,94863
94243,94134
94243,94121
94243,94244
94243,93944
94243,94245
94243,94864
94243,94033
94243,94865
94243,94866
94744,94867
94744,94868
94744,94869
94744,94870
94744,94871
94744,94872
94744,94873
94744,94874
93930,93928
94840,94041
94243,94875
94243,94582
94840,94154
94840,94161
94840,94173
94840,94183
94245,94582
94245,94876
94245,94877
94245,94875
94243,94878
94245,94243
94245,94769
94245,94134
94245,94121
94245,94552
94245,93944
94245,94245
94245,94864
94245,93919
94245,94137
94237,94879
94840,94057
94840,94061
94757,94838
94757,94469
94757,94879
94757,94839
94757,94318
94757,94880
94881,94752
94881,94882
94757,94800
94881,94883
94881,94105
94351,94329
94351,94884
94885,94267
94885,94886
94885,94887
94885,94888
94885,93928
94881,94759
94887,93928
94757,94788
94757,94889
94237,94880
94237,94216
94764,93980
94769,94864
94769,94347
94769,94890
94769,94891
94769,94137
94757,94787
94769,94892
94769,94893
94769,94894
94769,94895
94757,94790
94757,94783
94757,94784
94757,94785
94757,94237
94769,93993
94840,94896
94897,94233
94897,94234
94897,94186
94897,94394
94897,94898
94897,94187
94897,94386
94897,94189
94897,94368
94897,94899
94897,94478
94897,94208
94897,94900
94897,94901
94902,94252
93983,93970
94903,94904
94903,94905
94906,94907
94907,94906
94897,94209
94897,94908
94897,94909
94897,94204
94897,94476
94897,94175
94897,94217
94897,94227
94897,94107
94897,94910
94897,94911
94897,94897
94897,94194
94897,94153
94897,94178
94897,94912
94897,94202
94897,94203
94897,94180
94897,94181
94897,94182
94897,94913
94897,94914
94769,94121
