113100,113101
113100,113102
113100,113103
113100,113104
113100,113105
113106,113107
113108,113109
113106,113110
113111,113112
113111,113111
113113,113114
113100,113115
113114,113116
113114,113113
113114,113117
113106,113115
113100,113118
113119,113120
113121,113122
113123,113124
113123,113125
113123,113126
113114,113103
113127,113128
113127,113129
113127,113121
113127,113130
113100,113106
113127,113131
113127,113132
113121,113133
113121,113129
113121,113130
113121,113131
113121,113134
113121,113127
113121,113132
113127,113134
113114,113135
113119,113136
113114,113137
113119,113138
113119,113139
113119,113140
113119,113141
113119,113142
113119,113143
113119,113144
113119,113145
113119,113146
113119,113147
113119,113148
113119,113149
113119,113150
113119,113151
113123,113152
113119,113153
113119,113154
113119,113155
113119,113156
113119,113157
113119,113158
113114,113159
113114,113160
113114,113161
113162,113163
113162,113164
113162,113165
113166,113167
113166,113115
113114,113168
113169,113170
113171,113172
113171,113173
113172,113174
113172,113175
113172,113176
113177,113178
113119,113179
113119,113180
113169,113181
113123,113178
113182,113183
113184,113185
113182,113186
113182,113187
113182,113188
113182,113189
113182,113190
113182,113191
113182,113192
113193,113194
113193,113195
113193,113196
113196,113178
113197,113198
113197,113199
113200,113201
113200,113202
113200,113203
113200,113204
113182,113205
113182,113206
113182,113207
113182,113208
113209,113210
113209,113211
113119,113212
113209,113213
113209,113214
113209,113215
113213,113209
113213,113216
113217,113218
113109,113219
113109,113220
113109,113184
113109,113221
113109,113222
113223,113224
113223,113225
113182,113226
113182,113129
113109,113227
113184,113228
113229,113230
113115,113231
113115,113232
113115,113233
113115,113234
113115,113235
113184,113109
113184,113236
113184,113237
113184,113220
113184,113238
113184,113239
113184,113240
113184,113241
113184,113242
113184,113221
113184,113243
113184,113244
113184,113245
113115,113246
113115,113166
113115,113247
113115,113248
113115,113249
113115,113167
113115,113250
113115,113184
113115,113251
113115,113252
113115,113244
113115,113253
113115,113254
113115,113255
113115,113256
113115,113257
113115,113258
113115,113259
113115,113107
113115,113106
113115,113118
113115,113104
113115,113260
113119,113261
113262,113263
113119,113264
113265,113266
113265,113267
113265,113268
113269,113114
113269,113168
113270,113271
113270,113272
113270,113165
113273,113274
113273,113275
113262,113276
113262,113277
113262,113278
113262,113279
113262,113280
113262,113281
113262,113282
113265,113283
113284,113285
113265,113286
113287,113288
113289,113290
113289,113291
113289,113292
113289,113293
113289,113294
113289,113295
113289,113296
113289,113297
113289,113298
113289,113299
113289,113300
113289,113301
113302,113303
113304,113165
113305,113306
113307,113308
113287,113218
113265,113309
113284,113310
113284,113278
113284,113279
113311,113312
113311,113313
113311,113314
113311,113315
113316,113317
113316,113201
113317,113201
113318,113319
113318,113320
113318,113315
113318,113321
113322,113323
113322,113324
113322,113325
113326,113327
113322,113328
113322,113329
113311,113330
113311,113218
113311,113331
113314,113311
113249,113332
113249,113333
113249,113115
113249,113334
113249,113233
113249,113234
113335,113336
113335,113337
113289,113338
113335,113339
113335,113340
113335,113341
113342,113218
113342,113343
113342,113344
113342,113314
113314,113218
113314,113330
113335,113230
113119,113345
113289,113346
113347,113265
113119,113347
113119,113348
113119,113349
113119,113350
113119,113351
113119,113352
113119,113353
113119,113354
113119,113355
113119,113356
113119,113357
113119,113358
113119,113359
113119,113360
113119,113361
113119,113362
113119,113363
113119,113364
113119,113365
113119,113366
113119,113367
113119,113368
113119,113369
113119,113370
113119,113371
113119,113372
113119,113373
113119,113374
113119,113375
113119,113376
113119,113377
113119,113378
113119,113379
113119,113380
113119,113381
113119,113382
113119,113383
113119,113384
113119,113385
113119,113386
113119,113387
113119,113388
113119,113389
113119,113390
113119,113391
113119,113287
113119,113392
113119,113393
113119,113394
113119,113395
113119,113396
113119,113397
113119,113398
113119,113399
113119,113265
113347,113379
113347,113380
113347,113385
113347,113400
113119,113401
113119,113402
113119,113403
113119,113404
113119,113405
113119,113406
113119,113407
113119,113408
113119,113400
113119,113409
113119,113410
113119,113411
113289,113412
113119,113413
113119,113414
113119,113415
113119,113416
113119,113417
113119,113418
113119,113419
113119,113420
113119,113421
113119,113422
113326,113423
113424,113425
113326,113426
113424,113427
113424,113428
113424,113429
113424,113430
113424,113431
113424,113432
113424,113433
113424,113434
113424,113435
113424,113436
113424,113437
113424,113438
113424,113439
113424,113440
113424,113441
113424,113442
113424,113443
113424,113444
113424,113445
113424,113446
113424,113447
113424,113448
113424,113449
113424,113450
113424,113451
113424,113452
113424,113453
113424,113454
113424,113455
113424,113456
113424,113457
113424,113458
113424,113459
113424,113460
113424,113461
113424,113462
113424,113463
113424,113464
113424,113465
113424,113466
113424,113467
113424,113468
113218,113319
113218,113287
113218,113469
113218,113125
113218,113217
113218,113314
113218,113330
113218,113318
113218,113470
113236,113471
113236,113472
113236,113218
113236,113473
113236,113474
113165,113475
113165,113476
113165,113477
113218,113331
113218,113478
113218,113479
113218,113195
113424,113480
113424,113481
113424,113482
113424,113483
113424,113484
113424,113485
113424,113486
113424,113487
113424,113488
113424,113489
113424,113490
113424,113491
113424,113492
113424,113493
113494,113230
113495,113496
113495,113497
113498,113499
113424,113500
113165,113501
113424,113502
113503,113504
113505,113506
113505,113507
113505,113508
113505,113509
113505,113510
113509,113511
113505,113512
113505,113513
113505,113514
113505,113515
113516,113244
113517,113165
113517,113518
113517,113519
113517,113201
113517,113520
113517,113521
113505,113522
113201,113523
113505,113524
113505,113525
113322,113526
113509,113527
113509,113507
113509,113528
113509,113529
113509,113530
113509,113512
113509,113531
113509,113532
113509,113505
113509,113533
113509,113534
113505,113533
113505,113535
113505,113536
113505,113537
113505,113538
113505,113539
113201,113540
113201,113541
113201,113542
113543,113544
113543,113501
113543,113545
113503,113546
113503,113547
113503,113165
113503,113517
113503,113201
113503,113520
113503,113548
113503,113521
113503,113549
113503,113550
113503,113551
113503,113544
113503,113519
113503,113543
113543,113552
113543,113553
113543,113521
113543,113520
113201,113554
113201,113555
113201,113556
113201,113557
113201,113517
113201,113521
113201,113200
113544,113501
113424,113558
113544,113165
113544,113201
113544,113503
113544,113520
113544,113521
113544,113543
113543,113165
113543,113517
113543,113201
113544,113517
113326,113559
113165,113560
113165,113520
113561,113562
113561,113563
113561,113564
113561,113565
113561,113561
113561,113566
113561,113567
113561,113568
113561,113569
113561,113570
113561,113571
113572,113567
113572,113573
113572,113574
113572,113561
113572,113575
113572,113576
113561,113220
113572,113577
113561,113575
113561,113578
113579,113580
113579,113581
113337,113165
113337,113579
113337,113204
113582,113583
113582,113584
113582,113585
113586,113582
113587,113587
113244,113588
113589,113244
113590,113591
113590,113592
113593,113178
113561,113594
113561,113595
113561,113577
113596,113559
113597,113561
113597,113572
113559,113598
113559,113426
113559,113599
113600,113601
113601,113602
113601,113603
113601,113604
113601,113605
113601,113606
113601,113607
113601,113608
113601,113609
113601,113610
113601,113611
113601,113612
113326,113613
113326,113614
113559,113615
113559,113109
113559,113616
113559,113617
113597,113618
113597,113596
113597,113619
113620,113621
113620,113622
113623,113295
113509,113624
113509,113625
113579,113626
113559,113627
113559,113628
113559,113596
113559,113629
113559,113327
113559,113630
113559,113631
113559,113632
113559,113184
113559,113326
113165,113517
113579,113633
113579,113634
113165,113635
113165,113636
113165,113200
113165,113201
113165,113579
113165,113637
113165,113204
113165,113638
113165,113197
113165,113639
113579,113560
113579,113640
113579,113641
113579,113642
113579,113643
113579,113644
113579,113165
113165,113163
113579,113636
113165,113162
113165,113304
113165,113548
113165,113521
113165,113518
113165,113519
113165,113545
113165,113504
113165,113341
113165,113270
113165,113645
113165,113646
113165,113333
113165,113647
113165,113516
113165,113648
113165,113271
113165,113649
113165,113650
113165,113164
113579,113200
113579,113651
113579,113652
113579,113653
113579,113654
113579,113655
113579,113656
113579,113657
113579,113658
113579,113659
113579,113660
113579,113661
113579,113662
113579,113663
113579,113197
113579,113664
113579,113639
113579,113665
113579,113666
113579,113667
113579,113668
113579,113669
113579,113670
113579,113671
113579,113201
113579,113672
113579,113579
113579,113637
113579,113554
113579,113673
113579,113674
113579,113675
113579,113676
113579,113204
113579,113677
113579,113678
113579,113631
113579,113274
113579,113679
113579,113680
113579,113523
113579,113681
113579,113638
113322,113682
113683,113242
113322,113684
113685,113686
113687,113688
113687,113321
113687,113589
113687,113312
113687,113689
113687,113690
113687,113218
113687,113691
113692,113178
113693,113201
113693,113694
113693,113695
113693,113649
113693,113661
113608,113601
113696,113561
113685,113559
113696,113697
113698,113178
113594,113561
113699,113700
113699,113701
113699,113238
113699,113702
113703,113704
113705,113706
113707,113708
113707,113709
113707,113710
113711,113168
113711,113474
113711,113114
113711,113712
113713,113714
113713,113651
113713,113715
113713,113230
113716,113717
113696,113718
113719,113720
113719,113721
113719,113598
113719,113722
113719,113242
113719,113723
113719,113724
113719,113540
113719,113725
113719,113726
113719,113727
113719,113728
113719,113252
113719,113729
113719,113223
113719,113241
113719,113730
113719,113731
113719,113240
113719,113732
113719,113733
113719,113734
113719,113735
113719,113736
113719,113737
113719,113221
113719,113738
113719,113739
113719,113740
113719,113741
113719,113559
113742,113743
113719,113744
113719,113745
113719,113746
113719,113747
113719,113748
113719,113749
113719,113686
113719,113750
113719,113751
113719,113752
113719,113753
113742,113754
113755,113756
113757,113758
113650,113165
113650,113304
113479,113759
113479,113218
113479,113760
113479,113195
113479,113178
113761,113762
113761,113763
113761,113764
113765,113766
113683,113108
113767,113768
113769,113201
113755,113770
113755,113771
113772,113773
113755,113774
113772,113775
113772,113757
113772,113776
113772,113512
113772,113772
113772,113598
113772,113583
113772,113777
113772,113778
113772,113509
113772,113779
113772,113780
113772,113781
113772,113530
113772,113782
113772,113747
113772,113783
113772,113784
113772,113785
113772,113740
113755,113786
113755,113787
113755,113788
113755,113789
113755,113790
113755,113791
113755,113792
113755,113793
113755,113794
113755,113795
113755,113796
113755,113797
113755,113798
113755,113799
113755,113800
113755,113801
113755,113802
113755,113803
113755,113804
113755,113805
113755,113806
113755,113807
113755,113808
113755,113809
113755,113810
113755,113811
113755,113812
113755,113813
113755,113814
113755,113815
113755,113816
113755,113817
113742,113818
113755,113819
113755,113820
113755,113821
113755,113822
113755,113823
113755,113824
113755,113825
113755,113826
113755,113827
113755,113828
113772,113829
113719,113220
113719,113830
113831,113165
113831,113636
113831,113201
113831,113832
113832,113831
113832,113642
113832,113165
113832,113636
113832,113201
113833,113834
113835,113334
113836,113837
113836,113838
113836,113839
113836,113840
113836,113841
113836,113638
113831,113642
113836,113430
113842,113843
113843,113244
113844,113845
113844,113846
113844,113847
113844,113848
113844,113849
113850,113561
113850,113572
113851,113852
113851,113853
113851,113854
113851,113855
113851,113856
113851,113857
113851,113858
113843,113744
113843,113520
113843,113859
113843,113860
113836,113861
113836,113862
113836,113863
113864,113209
113865,113866
113865,113314
113865,113344
113865,113342
113865,113343
113865,113218
113865,113867
113868,113201
113868,113163
113683,113869
113765,113870
113765,113871
113765,113872
113765,113873
113765,113321
113765,113830
113603,113601
113874,113875
113874,113201
113876,113877
113836,113878
113836,113879
113836,113880
113836,113881
113836,113882
113836,113883
113884,113885
113884,113250
113844,113886
113884,113887
113888,113321
113876,113889
113876,113890
113876,113561
113876,113891
113876,113576
113876,113577
113876,113659
113884,113430
113719,113892
113844,113893
113894,113895
113615,113745
113615,113746
113615,113747
113615,113686
113615,113750
113615,113751
113615,113735
113615,113734
113615,113733
113615,113244
113615,113732
113615,113598
113615,113722
113615,113242
113615,113723
113615,113724
113615,113540
113615,113744
113615,113728
113615,113559
113615,113740
113719,113222
113719,113896
113719,113236
113719,113897
113719,113185
113719,113898
113719,113899
113719,113900
113719,113901
113719,113224
113615,113720
113615,113721
113615,113736
113615,113737
113615,113221
113615,113738
113615,113739
113615,113741
113615,113719
113615,113252
113615,113729
113894,113902
113894,113201
113894,113903
113894,113904
113894,113905
113894,113906
113894,113907
113894,113908
113894,113909
113894,113910
113894,113544
113894,113911
113894,113912
113894,113913
113894,113914
113894,113915
113894,113916
113894,113917
113894,113918
113894,113919
113894,113920
113615,113223
113615,113731
113615,113753
113615,113220
113615,113892
113615,113830
113615,113896
113615,113236
113844,113921
113615,113897
113615,113899
113615,113901
113615,113224
113922,113923
113924,113925
113924,113926
113924,113582
113924,113927
113615,113185
113772,113928
113772,113540
113772,113929
113930,113931
113930,113306
113930,113932
113930,113933
113930,113934
113930,113935
113930,113936
113930,113937
113930,113938
113930,113939
113939,113940
113939,113230
113125,113941
113125,113942
113125,113943
113125,113944
113125,113945
113930,113940
113125,113125
113930,113946
113931,113947
113540,113948
113540,113949
113540,113729
113950,113582
113950,113951
113950,113952
113952,113582
113953,113306
113954,113955
113954,113956
113954,113931
113954,113306
113954,113957
113954,113958
113954,113947
113931,113959
113931,113306
113931,113954
113125,113126
113125,113960
113125,113961
113321,113687
113321,113962
113963,113201
113964,113964
113964,113141
113964,113153
113964,113379
113964,113347
113964,113353
113964,113400
113964,113414
113965,113632
113965,113966
113965,113582
113965,113967
113965,113968
113965,113969
113321,113970
113321,113971
113321,113972
113321,113765
113125,113176
113125,113973
113125,113974
113125,113975
113125,113976
113977,113978
113977,113979
113980,113981
113540,113723
113980,113982
113321,113319
113321,113331
113321,113218
113321,113983
113321,113984
113321,113287
113321,113985
113321,113320
113980,113986
113965,113987
113540,113988
113989,113230
113322,113990
113322,113991
113322,113992
113322,113993
113322,113994
113322,113995
113322,113996
113322,113997
113322,113998
113322,113999
113322,114000
113322,114001
113322,114002
113322,114003
113322,114004
113322,114005
113322,114006
113322,114007
113322,114008
113322,114009
113322,114010
113322,114011
113322,113327
113322,114012
113322,114013
113322,114014
113322,114015
113322,114016
113322,114017
113322,114018
113322,114019
113322,114020
113322,114021
113322,114022
113322,114023
113322,114024
113322,114025
113322,114026
113322,114027
113322,114028
113322,114029
113322,113233
113322,114030
113322,114031
113322,114032
113322,114033
113322,114034
113322,114035
113322,114036
113322,114037
113322,114038
113322,114039
113322,114040
113322,114041
113322,114042
113322,113720
114043,114044
114043,113201
114043,113200
113322,114045
113322,114046
113322,113559
113322,114047
113322,114048
113322,113674
113322,113322
113322,114049
113322,114050
113322,114051
113322,114052
113322,114053
114054,114055
113322,114056
113322,114057
113322,114058
113322,114059
113322,113748
113322,114060
113322,114061
113322,113299
113322,114062
113322,114063
113965,113936
113554,113579
113554,113636
114064,114065
114064,113686
114064,114066
114064,114067
114064,114068
114064,114069
114064,114070
114064,114071
114064,114072
114064,114073
114064,114074
114064,113559
114064,114075
114064,114076
114064,114077
114064,114078
114064,113963
114064,114079
114064,114045
114064,114080
114064,114081
114064,114082
114064,114083
114064,114084
114064,114085
114064,114086
114064,114087
114064,114088
114064,114089
114064,114090
114064,114091
114064,114092
114064,113426
114064,114093
114064,114094
114064,114095
114064,114096
114064,114097
114064,114098
114064,114099
114064,114100
114064,113423
113772,114101
113772,114102
113772,114103
113772,113239
113772,114104
113772,113222
113772,113875
113772,114105
113772,114106
113772,114107
113772,113730
113772,114108
113772,113223
113772,113252
113772,113228
113772,113727
113772,114109
114110,113274
113248,113115
113248,113251
113248,113250
114064,114111
114064,114112
114064,114113
114064,114114
114064,114115
114064,114116
114064,114117
114064,114118
114064,113678
114064,114119
114064,114120
114064,114121
114064,114122
114064,114123
114124,114125
114124,113326
114124,113559
113248,113167
114064,114126
114064,114127
114064,114128
114064,114129
113680,113201
114130,114131
114064,114132
114064,114133
114064,114134
114064,114135
114064,114136
114064,114137
114064,114138
114064,114139
114064,114140
114064,114141
114064,114142
114064,114143
114064,113327
114064,114144
114064,114145
114146,114147
114148,114149
114148,114150
114148,114151
113554,113165
113554,113643
114152,113654
113654,113304
113654,113165
113595,114153
113595,113618
113595,113561
114064,114154
114148,114155
114148,113230
114148,113728
114148,114156
114148,114157
114148,114158
114148,114159
114148,114160
114148,114161
114148,114162
113322,114163
114064,114164
114064,114165
114064,114166
114064,114167
114064,114168
114064,114169
114064,114170
114064,114171
114064,114172
114064,114173
114064,114174
114064,114175
114064,114176
114064,114177
114064,114178
114064,114179
114064,114180
114064,114181
114064,114182
114064,114183
114064,114184
114064,114185
114064,113670
114064,114186
114064,114187
114064,114124
114064,113656
114064,114188
114064,114189
114064,114190
114064,114191
114064,114192
114064,114193
114064,114194
114064,114195
114064,114196
114064,114197
114064,114198
114064,114199
114064,114200
114064,114201
114064,114202
114203,114204
113347,113414
