122641,122642
122641,122643
122641,122644
122641,122645
122641,122646
122641,122647
122641,122648
122641,122649
122641,122650
122641,122651
122641,122652
122641,122653
122641,122654
122641,122655
122641,122656
122641,122657
122641,122658
122641,122659
122641,122660
122641,122661
122641,122662
122641,122663
122641,122664
122641,122665
122641,122666
122641,122667
122641,122668
122641,122669
122641,122670
122641,122671
122641,122672
122641,122673
122641,122674
122641,122675
122641,122676
122641,122677
122641,122678
122641,122679
122641,122680
122641,122681
122641,122682
122641,122683
122641,122684
122641,122685
122641,122686
122641,122687
122641,122688
122641,122689
122641,122690
122641,122691
122641,122692
122641,122693
122641,122694
122641,122695
122641,122696
122641,122697
122641,122698
122641,122699
122641,122700
122641,122701
122641,122702
122641,122703
122641,122704
122641,122705
122641,122706
122641,122707
122641,122708
122641,122709
122641,122710
122641,122711
122641,122712
122641,122713
122641,122714
122641,122715
122641,122716
122641,122717
122641,122718
122641,122719
122641,122720
122641,122721
122641,122722
122641,122723
122641,122724
122641,122725
122641,122726
122641,122727
122641,122728
122641,122729
122641,122730
122641,122731
122641,122732
122641,122733
122641,122734
122641,122735
122641,122736
122641,122737
122641,122738
122641,122739
122641,122740
122641,122741
122641,122742
122641,122743
122641,122744
122745,122746
122745,122747
122745,122748
122745,122749
122750,122751
122750,122752
122750,122753
122750,122754
122750,122755
122750,122682
122641,122756
122641,122757
122641,122758
122641,122759
122641,122760
122641,122761
122641,122762
122641,122763
122641,122764
122641,122765
122641,122766
122641,122767
122641,122768
122641,122769
122641,122770
122641,122771
122641,122772
122641,122773
122641,122774
122641,122775
122641,122776
122641,122777
122641,122778
122641,122779
122641,122780
122641,122781
122641,122782
122641,122783
122641,122784
122641,122785
122641,122786
122641,122787
122641,122788
122641,122789
122641,122790
122641,122791
122641,122792
122641,122793
122641,122794
122641,122795
122641,122796
122641,122797
122641,122798
122641,122799
122641,122800
122641,122801
122641,122802
122641,122803
122641,122804
122641,122805
122641,122806
122641,122807
122641,122808
122641,122809
122641,122810
122641,122811
122641,122812
122641,122813
122641,122814
122641,122815
122641,122816
122641,122817
122641,122818
122641,122819
122641,122820
122641,122821
122641,122822
122641,122823
122641,122824
122641,122825
122641,122826
122641,122827
122641,122828
122641,122829
122830,122831
122745,122832
122833,122834
122833,122835
122833,122836
122833,122837
122833,122838
122833,122839
122833,122840
122833,122841
122833,122842
122833,122843
122833,122844
122833,122707
122833,122845
122833,122846
122833,122847
122833,122694
122833,122848
122833,122849
122833,122850
122833,122851
122833,122852
122833,122793
122833,122853
122854,122855
122854,122856
122854,122857
122854,122858
122833,122859
122833,122860
122833,122770
122833,122861
122833,122862
122833,122863
122833,122864
122833,122865
122833,122866
122833,122867
122833,122868
122833,122869
122833,122786
122833,122775
122833,122783
122833,122870
122833,122871
122854,122872
122833,122873
122833,122874
122868,122827
122868,122875
122868,122876
122868,122877
122868,122878
122868,122879
122868,122880
122868,122881
122868,122882
122868,122883
122868,122884
122868,122885
122868,122886
122868,122887
122868,122888
122868,122889
122868,122890
122868,122891
122868,122892
122868,122893
122868,122894
122868,122895
122868,122896
122833,122897
122833,122898
122868,122899
122868,122900
122868,122901
122868,122902
122868,122903
122868,122904
122868,122905
122833,122906
122868,122731
122868,122907
122868,122908
122868,122909
122868,122910
122868,122868
122868,122911
122868,122912
122868,122913
122868,122914
122868,122915
122854,122916
122854,122917
122854,122918
122641,122919
122641,122920
122641,122921
122641,122922
122641,122923
122641,122924
122641,122925
122641,122926
122641,122927
122641,122928
122641,122929
122641,122930
122641,122931
122641,122932
122641,122933
122641,122934
122641,122935
122641,122936
122641,122937
122641,122938
122641,122939
122641,122940
122641,122941
122641,122942
122641,122943
122641,122944
122641,122945
122641,122749
122641,122946
122641,122947
122641,122948
122641,122949
122641,122950
122641,122951
122641,122952
122641,122953
122641,122954
122641,122955
122641,122956
122641,122957
122641,122958
122641,122959
122641,122960
122641,122961
122641,122962
122641,122963
122641,122847
122774,122964
122774,122965
122966,122967
122732,122811
122732,122817
122811,122968
122811,122817
122811,122969
122970,122971
122774,122688
122970,122972
122973,122974
122973,122975
122976,122977
122976,122978
122976,122979
122980,122981
122854,122982
122854,122983
122854,122984
122973,122976
122641,122985
122774,122986
122774,122987
122641,122849
122641,122988
122989,122990
122989,122991
122989,122992
122989,122993
122989,122994
122989,122995
122989,122996
122774,122928
122997,122736
122998,122999
123000,122682
122823,123001
122823,122812
122823,123002
122823,123003
122823,122646
122823,123004
122823,122946
122998,122736
122745,122682
122745,122750
122745,122656
123005,123006
123005,123007
123005,123008
123005,123009
123005,123010
123005,123011
123005,123012
123005,123013
123005,123014
123005,123015
123005,123016
123005,123017
123005,123018
123005,123019
123005,123020
123005,123021
123005,123022
123005,123023
123005,123024
123005,123025
123005,123026
123005,123027
123005,123028
123005,123029
123005,123030
123005,123031
122974,122747
122974,123032
122974,122973
123005,123033
123005,123034
123005,123035
123005,123036
123005,123037
123005,123038
123005,123039
123005,123040
123005,123041
123005,123042
123005,123043
123005,123044
123005,123045
123005,123046
123005,123047
123005,123048
123005,123049
123005,123050
123005,123051
123005,123052
123005,123053
123005,123054
123005,123055
123005,123056
123005,123057
123005,123058
123005,123059
123005,123060
123005,123061
123005,123062
123048,123044
123048,123018
123048,123020
123005,123063
123048,123054
123018,123064
123018,123034
123018,123035
123018,123036
123018,123037
123018,123038
123018,123039
123018,123041
123018,123065
123018,123042
123018,123033
123005,123066
123005,123067
123005,123068
123005,123069
123005,123070
123005,123071
123005,123072
123005,123073
123005,123074
123005,123075
123005,123076
123005,123077
123005,123078
123005,123079
123005,123080
123005,123081
123005,123082
123005,123083
123005,123084
123005,123085
123005,123086
123005,123087
123005,123088
123005,123089
123005,123090
123005,123091
123092,122974
123018,123043
122982,122872
122982,123093
123094,123095
123094,123096
123094,123097
123094,123098
123094,123099
123094,123100
123094,123101
123094,123102
123094,123103
123094,123104
123094,123105
123094,123106
123094,123107
123094,123108
123094,123109
123094,123110
123094,123111
123094,123112
123094,123113
123094,123114
123064,123064
123064,123039
123094,123115
123064,123030
123094,123116
123094,123117
123094,123118
123094,123119
123094,123120
123094,123121
123094,123122
123094,123123
123094,123124
123094,123125
123094,123126
123094,123127
123094,123128
123094,123129
123094,123130
123094,123131
123094,123132
123094,123133
123094,123134
123094,123135
123094,123136
123094,123137
123094,123138
123094,123139
123094,123140
123064,123019
123064,123025
123064,123053
123141,123142
123141,123143
123141,123144
123141,122805
123141,123145
123141,123146
123141,123147
123141,123148
123141,123149
123141,123141
123141,123150
123151,123152
122872,123153
122872,123154
122872,123155
122872,123156
122872,123157
122872,122695
122872,123158
122872,123159
122872,123160
122982,122864
122872,122982
123141,123161
123162,123141
123163,123164
123064,123072
123064,123067
123064,123165
123064,123058
123019,123166
123152,123167
123152,123168
123152,123152
123152,123169
123152,123170
123152,123171
123167,123152
122736,123172
122736,123173
122736,123174
122736,122997
122736,122999
122736,123175
123163,123176
123163,123177
123163,123178
123163,123179
123163,123180
122982,122854
122868,123181
123018,123044
123018,123182
122832,123183
122832,123184
122832,123185
122832,123186
122832,122743
122832,123187
122832,122721
122832,123188
122832,123189
122832,122727
122832,123190
122832,123191
122832,123192
122832,122828
122832,123193
122832,123194
122832,123195
122832,122922
122832,123196
122832,123197
122832,123198
122832,123199
122832,123200
122832,123201
122832,123202
123203,122647
122979,123204
122979,123205
122979,123206
122979,123207
122979,123208
122979,123209
122979,123210
122979,123211
122979,123212
122979,123213
123203,123214
122979,123215
122979,123216
122979,123217
123203,123218
123203,123219
123203,123220
123203,123188
123203,123221
123203,123222
123203,123223
123203,123224
122979,123225
122832,123226
122832,123227
122832,123228
122832,123229
122832,122641
122832,123230
122832,122955
122721,123231
122721,123232
122721,122750
122721,122832
122721,122746
122721,122749
122832,122953
123232,122749
123233,122749
123233,122953
122745,123234
122745,123235
122745,123188
122745,122727
122745,123236
122745,123237
122745,122986
122745,122647
123233,123228
122832,123238
122832,122749
122832,122746
122832,123231
122832,123232
122832,123239
122832,123240
122832,122659
122832,123233
122832,123241
122832,123242
122832,122647
122832,122656
122832,123243
122832,123244
122832,123245
122832,122650
122832,123246
122832,122755
122832,122745
122832,122714
122832,122750
122832,123247
122832,122682
122832,123248
122832,123249
122979,123250
123018,123045
122979,122976
122979,123251
123018,123026
123018,123029
123018,123053
123018,123252
123018,123054
123018,123069
123018,123071
123018,123072
123018,123074
123018,123077
123018,123025
123018,123078
123018,123080
123018,123253
123018,123254
123018,123081
123018,123082
123018,123084
123018,123255
123018,123086
123018,123090
123018,123091
123018,123079
123018,123256
123018,123257
123018,123023
123018,123047
123018,123049
123018,123050
123018,123051
123018,123040
123018,123030
123018,123016
123018,123006
123018,123258
123018,123007
123018,123024
123018,123008
123018,123011
123018,123012
123018,123015
123018,123017
123018,123028
123018,123018
123018,123019
123018,123020
123018,123021
123018,123022
123018,123010
123018,123067
123018,123066
123018,123063
123259,123260
123259,123261
123259,122994
123259,123262
123259,122995
123259,123263
123259,123264
123259,123207
123259,122996
123259,123265
123259,123266
123267,123268
123267,123269
123267,123270
123267,122970
123267,123271
123267,123272
122668,122979
122979,122668
122979,122978
122979,123273
122979,123274
123267,123275
123259,123276
123259,123277
123259,123278
123018,123057
123018,123058
123018,123059
123018,123060
123018,123061
123174,122736
123279,122749
123280,122749
123280,123281
123282,123188
123282,122882
123282,122656
123282,122682
123282,122749
123282,123229
123283,122982
122996,123259
122996,123284
122996,123285
122996,123207
122996,123286
122996,123206
122996,123287
122979,123288
122868,123289
122868,123290
122868,122981
123291,123292
123291,123293
123291,123294
123295,123296
123295,123152
123296,123295
123296,123152
123153,123297
123153,123154
123291,123298
123153,123258
123299,123152
123300,122982
122830,123301
122830,123302
123303,123304
123303,123305
123303,123306
123303,123307
123303,123308
123153,122974
123291,123309
123291,123310
123291,123311
123291,123312
123291,123313
123291,123314
123291,123315
123291,123316
123291,123317
123291,123318
123291,123319
123291,123320
123291,123321
123291,123322
123291,123323
123291,123324
123291,123325
123291,123326
123291,123327
123291,123328
123291,123329
123291,123330
123291,123331
123291,123332
123303,123333
123303,123334
123303,123335
123303,123336
123337,123338
123337,123339
123337,123340
123337,123341
123337,123342
123337,123343
123337,123337
123337,123344
123337,123345
123346,123347
123346,123348
123346,123349
123346,123350
123346,123351
123346,123352
123346,123353
123346,123354
123346,123355
123346,123356
123346,123357
123346,123358
123337,123359
123291,123360
123337,123361
123337,123362
123303,123363
123303,123364
123303,123365
123303,123366
123303,123367
123303,123303
123303,122982
123368,123369
123368,123370
123371,123372
123373,123374
123373,123375
123376,123377
123378,123379
123380,122974
123381,123382
123381,123383
123381,122694
123337,123384
123337,123385
123337,123386
123337,123387
123291,123388
123291,123389
123291,123390
122919,122838
122919,122897
122919,122848
122919,122847
122919,122840
122919,122853
122919,123391
122919,122865
122919,122864
122919,122861
122919,123392
122919,123393
122919,122795
122919,123394
122919,122783
123395,123396
123395,123397
123395,123398
123395,123399
123395,123400
123395,123401
123402,123339
123395,123403
123404,123372
123405,122978
123406,123407
123406,123408
123406,123409
123410,123411
123410,123412
123410,123413
123410,123414
123415,122982
123416,123417
123416,123418
123416,123419
123416,123420
123416,123421
123416,123422
123416,123423
123416,123424
123416,123425
123416,123190
123405,123209
123405,123426
123405,122979
123427,122996
123346,123428
123395,123429
123395,123430
123291,123431
123291,123432
123291,123433
123291,123434
123291,123435
123291,123436
123291,123437
123291,123438
123291,123439
123291,123440
123291,123441
123291,123442
123291,123443
123291,123444
123291,123445
123291,123446
123291,123447
123291,123448
123291,123449
123291,123450
123291,123451
123291,123452
123395,123453
123291,123454
123455,123456
123395,123457
123395,123458
123395,123459
123395,123460
123395,123461
123395,123462
123395,123463
123395,123372
123395,123464
123395,123465
123395,123466
123395,123467
123395,123468
123395,123469
123395,123470
123395,123471
123395,123472
123395,123473
123395,123474
123395,123395
123455,122749
122956,123475
123346,123476
123346,123477
123346,123478
123479,123480
123479,123481
123479,123482
123479,123483
123479,123484
123479,123485
123479,123486
123479,123487
123479,123488
123479,123489
123479,123490
123479,123491
123479,123341
123479,123492
123479,123493
123479,123494
123479,123495
123479,123496
123479,123497
123479,122919
123479,123498
123479,123499
123479,123500
123479,123479
123479,123372
123479,123501
123479,123502
123479,123503
123479,123504
123479,122842
123479,123505
123479,123506
123479,123507
123479,123287
123479,123508
123479,123509
123479,123510
123479,123393
123479,123511
123479,123512
123479,123513
123479,123514
123479,123515
123479,123516
123479,123517
123479,123518
123479,122833
123479,123519
123479,123520
123479,123521
123522,123523
123522,123524
123522,123525
123526,122996
123526,123372
123527,123152
123527,123528
123529,122682
123529,122750
123529,123530
123529,122749
123531,122996
123531,123532
123531,123168
123531,123273
123531,123533
123534,122647
122830,123535
122830,123536
122830,123537
122830,123538
123522,123539
123479,123540
123522,123541
123542,123543
123479,123544
123479,123545
123479,123546
123479,123547
123479,123548
123479,123549
123479,123550
123500,123551
123500,123088
123500,123552
123500,123553
123500,123554
123500,123555
123500,123013
123500,123556
123500,123557
123500,123558
123500,123559
123560,123561
123562,123562
123542,123563
123542,123564
123406,123565
123479,123566
123479,123430
123346,123567
123346,123568
123346,123569
123346,123570
123346,123571
123346,123572
123346,123573
123346,123574
123346,123575
123346,122812
123346,123576
123346,123577
123346,123578
123346,123579
123346,123580
123346,123581
123346,123582
123346,123583
123346,123584
123346,123585
123586,123587
123346,123588
123586,123212
123346,123589
123346,123590
123346,123591
123346,123592
123346,123593
123346,123594
123346,123595
123346,123596
123346,123597
123346,123598
123346,123599
123346,123600
123346,123601
123346,123602
123346,123603
123346,123604
123346,123605
123346,123606
123346,123607
123346,123608
123346,123609
123346,123610
123346,123611
123346,123612
123479,123613
123586,122979
123614,123160
123615,122788
123615,123616
123615,123528
123615,123617
123615,123618
123615,122722
123490,122976
123479,123619
123479,123620
123479,123621
123479,123622
123479,123623
123479,123624
123479,122996
123479,123625
123479,123626
123479,123627
123479,123628
123479,123629
123479,123630
123479,123631
123615,123632
123586,123633
123615,123634
123615,123506
123614,122872
123614,122982
123635,122688
123635,123636
123635,122987
123637,123638
123637,123639
123637,122974
123637,123156
123637,123640
123094,123641
123637,123642
123643,123644
123643,123645
123646,123372
123647,122749
123615,123648
123615,123649
123615,122685
123615,123650
123615,122694
123615,123651
122868,123652
123406,123653
123654,123210
123655,123656
123655,123657
123655,123658
123655,123659
123655,123660
123655,122862
123655,123661
123655,123662
123655,123663
123655,123664
123655,123665
123655,123666
123655,123667
123655,123668
123655,123669
123655,123670
123655,123671
123655,123672
123655,123673
123655,123674
123655,123675
123655,123191
123655,123676
123655,123677
123655,122742
123655,122728
123655,123678
123655,123679
123655,123680
123655,123681
123655,123682
123655,123683
123655,123684
123655,123685
123655,123686
123655,123687
123655,123688
123655,123689
123655,122725
123655,123690
123655,123691
123655,123692
123655,123693
123655,123694
123655,123695
123655,123696
123655,123697
123655,123698
123655,123699
123655,123700
123655,123701
123655,123702
123655,123703
123655,123704
123655,123705
123655,123706
123655,123707
123655,123708
123655,123709
123655,123221
123655,123710
123711,123712
123291,123713
123291,123714
123291,123715
123291,123716
123291,123717
123291,123718
123291,123719
123291,123720
123655,123721
123655,123722
123655,123723
123655,123724
123655,123725
123655,123726
123655,123727
123655,123728
123655,123729
123655,123730
123655,123731
123655,123732
123655,123733
123655,123734
123655,123735
123655,123736
123655,123192
123655,123737
123655,123738
123655,123739
123655,123740
123655,122737
123655,123741
123655,123742
123655,123743
123655,123744
123655,123745
123655,123746
123655,123747
122868,122873
122868,123748
122868,123749
122868,123229
122868,123750
122868,123751
122868,123752
122868,123753
122868,123754
122793,123755
122793,123756
122841,123757
122844,123758
122844,123759
122844,123760
122844,123761
122844,123762
122707,122661
122849,123763
122849,123764
122849,123765
122868,123766
122849,123762
122868,123767
122868,123768
122868,123769
122868,123426
122868,123770
122868,123771
122868,123772
122868,123773
122868,123774
122868,123775
122868,123776
122868,123777
122868,122704
122868,123778
122868,123779
122868,123780
122868,123781
122868,123782
122868,123783
122868,123784
122868,123785
122830,123786
122868,123787
122868,123788
123291,123789
122849,123790
123791,123792
123655,123793
123655,123794
123655,123795
123655,123796
123655,123797
123655,123798
123655,123799
123655,123800
123655,123801
123655,123802
123655,123803
123655,123804
123655,123805
123655,122769
123655,122770
123655,123806
123655,123807
123655,123808
123655,123809
123655,123810
123655,123811
123655,123219
122849,123812
123655,123813
123655,123814
123791,123815
123791,122974
123791,123392
123655,123816
123655,123817
123655,123818
123655,123819
123655,123820
123655,123821
123655,123822
123655,123823
123655,123824
123655,123825
123655,123826
123655,123827
123655,123828
123655,123829
123655,122758
123655,123830
123655,123831
123655,123832
123655,123833
123291,123834
123291,123835
123291,123836
123291,123837
123291,123838
123291,123839
123291,123840
123291,123841
123291,123842
123291,123843
123291,123844
123291,123845
123291,123846
123291,123847
123291,123848
123291,123849
123291,123850
123291,123851
123291,123852
123291,123853
123291,123854
123291,123855
123291,123856
123291,123857
123291,123858
123291,123859
123291,123860
123291,123861
123291,123862
123291,123863
123291,123864
123291,123865
123291,123866
123291,123867
123291,123868
123291,123869
123291,123870
123291,123871
123291,123872
123291,123873
123291,123874
123291,123875
123291,123876
123291,123877
123291,123878
123291,123879
123291,123880
123291,123881
123291,123882
123291,123883
123291,123884
123291,123885
123291,123886
123291,123887
123291,123888
123291,123889
123291,123890
123291,123891
123291,123892
123291,123893
123291,123894
123291,123895
123291,123896
123291,123897
123291,123898
123291,123899
123291,123900
123654,123217
123654,123901
123654,122979
123654,123902
123654,123903
123654,123654
123654,123904
123291,123905
123291,123906
123291,123907
123291,123908
123291,123909
123291,123910
123291,123911
123291,123912
123291,123913
123291,123914
123291,123915
123291,123916
123291,123917
123291,123918
123291,123919
123291,123920
123291,123921
123291,123922
123291,123923
123291,123924
123291,123925
123291,123926
123291,123927
123291,123928
123291,123929
123291,123930
123406,123931
123291,123932
123291,123933
123291,123934
123291,123935
123291,123936
123291,123937
123291,123938
123291,123939
123291,123940
123291,123941
123291,123942
123291,123943
123291,123944
123291,123945
123291,123946
123291,123947
123291,123948
123291,123949
123291,123950
123291,123406
123291,123951
123291,123952
123291,123953
123291,123954
123291,123955
123291,123956
123291,123957
123291,123958
123291,123959
123291,123960
123291,123961
123291,123962
123291,123963
123291,123964
123291,123965
123291,123966
123291,123967
123291,123968
123291,123969
123291,123970
123291,123971
123291,123972
123291,123973
123291,123974
123291,123975
123291,123976
123291,123977
123291,123978
123291,123979
123291,123980
123291,123981
123291,123982
123291,123983
123291,123984
123291,123985
123291,123986
123291,123987
123291,123988
123291,123989
123291,123225
123291,123990
123291,123902
123291,123991
123291,123992
123291,123993
123291,123994
123291,123995
123291,123996
123291,123997
123291,123998
123291,123999
123291,124000
123291,124001
123291,124002
123291,124003
123291,124004
123291,124005
123291,124006
123291,124007
123291,124008
123291,124009
123291,124010
123291,124011
123291,124012
123291,124013
123291,123291
123291,124014
123291,124015
123291,124016
123291,124017
123291,124018
123291,124019
123291,124020
123291,124021
123291,124022
123291,124023
123291,124024
123291,124025
123291,124026
123125,123097
122844,124027
123108,123113
123655,124028
123655,124029
123655,123233
123655,122655
123655,124030
123655,124031
123655,124032
123655,124033
123655,124034
123655,124035
123655,124036
123655,124037
123655,124038
123655,124039
123655,124040
123655,124041
123655,124042
123655,124043
123655,124044
123655,124045
123655,123223
123655,124046
123655,124047
123655,124048
123655,124049
123655,123514
123655,124050
123655,124051
123655,123203
123655,124052
123655,124053
123655,124054
123655,124055
123655,124056
123655,124057
123655,124058
123655,123168
123655,124059
123655,124060
123655,124061
123655,124062
123655,124063
123655,124064
123655,124065
123655,124066
123655,124067
123655,124068
123655,124069
123655,124070
123655,124071
123655,124072
123655,124073
123655,124074
123655,124075
123655,124076
123655,124077
123655,124078
122749,122749
123655,124079
123655,124080
123655,124081
123655,124082
123655,124083
123655,124084
123655,124085
123655,124086
123655,124087
123655,124088
123655,124089
123655,124090
123655,124091
123655,124092
123655,124093
123655,124094
123655,124095
123655,124096
123655,124097
123655,124098
123655,124099
123655,124100
123655,124101
123655,124102
123655,122715
123655,124103
124104,124105
123655,124106
123655,124107
122749,122682
122749,124108
122749,124109
122749,124110
122749,124111
122749,122928
122749,124112
122749,123280
122749,124113
122749,124114
122749,123282
122749,122688
122749,124115
122749,124116
122749,122748
122749,122736
122749,124117
122749,123774
122749,124118
122749,123455
122749,123233
122749,124119
122749,124120
123655,124121
123655,124122
123655,124123
123655,124124
123655,124125
123655,124126
123655,124127
123655,124128
123655,124129
123655,124130
123655,124131
123655,124132
123655,124133
123655,124134
123655,124135
123655,124136
123655,124137
123655,124138
123655,124139
123655,124140
123655,124141
123655,124142
123655,124143
123655,124144
123655,124145
123655,124146
123655,124147
123655,124148
123655,124149
123655,124150
123655,124151
123655,124152
123655,124153
123655,124154
123655,124155
124032,124156
124032,124157
124032,122728
124032,122742
124032,124158
124032,123219
124032,123218
124032,123826
123655,124159
123655,124160
123655,124161
123655,124162
123655,124163
123655,124164
123655,124165
123655,124166
123655,124167
123655,124168
123655,124169
123655,124170
123655,124171
123655,124172
123655,124173
123655,124174
123655,124175
123655,124176
123655,124177
123655,124178
123655,124179
123655,124180
123655,124181
123655,124182
123655,124183
123655,124184
123655,124185
123655,124186
123655,124187
123655,124188
123655,124189
123655,124190
123655,124191
123655,124192
123655,124193
123655,124194
123655,124195
123655,124196
123655,124197
123655,124198
123655,124199
123655,124200
123655,124201
123655,124202
123655,124203
123655,124204
123655,124205
123655,124206
123655,124207
123655,124208
123655,124209
123655,124210
123655,124211
123655,124212
123655,124213
123655,124214
123655,124215
123655,124216
123655,124217
123655,124218
123655,124219
123655,124220
123655,124221
123655,124222
123655,124223
123655,124224
123655,124225
123655,124226
123655,124227
123655,124228
123655,124229
123655,124230
123655,124231
123655,124232
123655,124233
123655,124234
123655,124235
123655,124236
123655,124237
123655,124238
123655,124239
123655,124240
123655,124241
123655,124242
123655,124243
123655,124244
123655,124245
123655,124246
123655,124247
123655,124248
123655,124249
123655,124250
123655,124251
123655,124252
123655,124253
123108,123117
123108,123139
123108,123138
123108,123137
123108,123136
123108,123135
123108,123134
123108,123133
123108,123132
123108,123131
123655,124254
123108,123130
123655,124255
123655,124256
123655,124257
123655,124258
123655,124259
123655,124260
123655,124261
123655,123197
123655,124262
123655,124263
123655,124264
123655,124265
123655,124266
123655,124267
123655,124268
123655,124269
123655,124270
123655,124271
123655,124272
123655,124273
123655,124274
123655,124275
123655,124276
123655,124277
123655,124278
123655,124279
123655,124280
123655,124281
123108,123140
123108,123094
123108,123129
123165,123088
123165,123030
123165,124282
124283,123165
124284,124285
124284,124286
124284,124287
124284,124288
123506,124289
123506,124290
123506,122788
123506,124291
123506,124292
123506,124293
123506,124294
124295,124296
124295,123506
124295,124297
124295,124298
124295,124299
124295,124300
122749,123188
122749,122882
122749,123647
123108,123114
123165,124301
124302,123902
124303,124304
124303,124305
123108,123126
123108,123125
123108,123124
123108,123123
123108,123122
123108,123121
123108,123120
123108,123119
123108,123118
123108,123641
124306,124307
124306,122981
123655,124308
124306,124309
124307,122981
124307,124309
122899,124310
122647,123233
122647,122749
122647,124311
122647,122870
124312,122647
124312,124116
122813,124313
122813,122859
124303,123167
124307,124306
124032,123498
123655,124314
123655,124315
123655,124316
123655,124317
123655,124318
123655,124319
123655,124320
123655,124321
123655,124322
123655,124323
123655,124324
123655,124325
123655,124326
123655,124327
123655,124328
123655,124329
123655,124330
123655,124331
123655,124332
123655,124333
123655,124334
123655,124335
123655,124336
123655,124337
123655,123655
123655,124338
123655,124339
123655,124340
123655,124341
123655,124342
123655,124343
123655,124344
123655,124345
123655,124346
123655,124347
123655,124348
123655,124349
123655,124350
123655,124351
123655,124352
123655,124353
123655,124354
123655,124355
123655,124356
123655,124357
123655,124358
123655,124359
123655,124360
123655,124361
123655,124362
123655,124363
123655,124364
123655,124365
123655,124366
123655,124367
123655,124368
123655,124369
123655,124370
123655,123488
123655,124371
123655,122800
123655,124372
123655,124373
123655,124374
123655,124375
123655,124376
123655,124377
123655,122801
123655,124378
123655,124379
123655,124380
123655,123492
123655,124381
123655,124382
123655,124383
123655,124384
123655,124385
123655,124386
123655,124387
123655,124388
123655,124389
123655,124390
123655,124391
123655,124392
123655,122820
123655,124393
123655,124394
123655,124395
123655,124396
123655,124397
123655,124398
123655,124399
123655,122927
123655,124400
123655,124401
123655,124402
123655,124403
123655,124404
123655,124405
123655,124406
123655,124407
123655,124408
123655,124409
123655,124410
123655,124411
123655,124412
123655,124413
123655,124414
123655,124415
123655,124416
123655,124417
123655,124418
123655,124419
123655,124420
123655,124421
123655,124422
124032,122738
123655,124423
124032,123221
123281,122667
123281,124424
123281,124425
123281,124426
123281,122834
123281,124427
123281,124428
123281,124429
123281,124430
123281,124431
123281,124432
123281,124433
123281,124434
123281,124435
123281,124436
123281,124437
123281,122931
123281,124438
123281,122882
123281,124439
123281,122881
123281,124440
123281,124441
123281,124442
123281,124443
123281,122886
123281,124444
123281,122670
123281,124445
123281,124446
123281,122704
123281,124447
123281,124448
123281,124449
123281,123774
123281,124450
123281,124451
123281,124452
123281,122668
123281,123771
123281,122650
123281,124453
123281,123426
123281,124454
123281,122981
123281,124455
123281,124456
123281,124457
123281,124458
123281,122659
123281,123280
123281,124459
123281,124460
123281,124461
123281,124462
123281,122880
123281,122878
123281,124463
123281,122912
123281,124464
123281,122911
123281,122828
123281,124465
123281,124466
123281,124467
123281,122771
123281,124468
123281,124469
123281,122736
123281,124470
123281,124471
123281,124472
123281,124473
123281,124474
123281,124475
123281,122732
123281,124476
123281,122731
123281,124477
123281,122904
123281,122903
123281,124478
123281,122721
123281,124479
123281,124480
123281,124481
123281,124482
123281,122928
123281,124483
123281,124484
123281,124485
123281,124486
123281,124487
123281,124488
123281,124489
123281,122782
123281,124490
123281,122877
123281,124491
123281,124492
123281,124493
123281,124494
123281,124495
123281,124496
123281,124497
123281,122817
123281,124498
123281,124499
123281,124500
123281,124501
123281,122811
123281,123196
123281,122809
123281,124502
123281,124503
123281,124504
123281,124505
124506,124507
124506,124508
123339,122859
123339,123402
123339,124509
124510,124511
124510,124512
124510,122867
124510,124513
123757,123340
124514,123372
124515,122694
124515,124516
123093,124517
123093,124518
123093,122982
124450,124519
124450,124520
124450,124521
124450,124522
124450,124523
124450,124524
124450,124525
124450,124526
124450,124527
124506,122694
124450,124528
122733,122786
122733,122707
123108,123112
123108,123111
123108,123110
123108,123109
123108,123108
123108,123107
123108,123104
123108,123103
123108,123102
123108,123101
123108,123100
123108,123099
123108,123098
123108,123097
123108,123096
123108,123095
123108,123105
123108,123116
123108,123128
122956,122647
122706,124529
122702,124530
122676,124101
122784,122716
122733,122849
122733,122795
124450,124531
124450,124532
124450,124533
123281,122873
123281,122949
123281,124534
123281,124535
123281,123238
123281,123788
123281,124536
123281,124537
123281,123787
123281,123785
123281,123282
123281,124538
123281,123784
123281,124539
123281,122714
123281,124540
123281,124118
123281,124541
123281,124542
123281,124543
123281,123782
123281,124544
123281,124545
123281,124546
123281,124547
123281,124548
123281,124549
123281,124550
123281,122953
124450,124551
123426,123209
123426,123405
123426,122979
123426,122978
124434,124552
122882,122749
122882,123282
122904,123749
122904,122873
122904,123784
124032,123704
123281,123779
122904,123782
122904,123774
122904,123770
122904,122981
122904,123652
122904,122878
122904,122912
123281,124553
123281,122955
123281,124554
123281,124555
123281,123229
123281,124556
122904,123779
123281,124557
123281,124558
123281,124559
124032,124560
124032,124561
124032,124562
124032,124563
124032,124564
124032,124401
124032,124565
124032,124566
124032,122783
124032,124567
124032,124568
124032,124569
124032,124570
124032,124571
124032,123372
124032,122802
123281,124572
124032,124573
124032,123616
124032,123492
124032,124404
124032,123488
124032,122788
124032,123486
124032,124574
124032,124575
124032,124576
124032,123273
124032,124577
124578,122982
123514,124579
124032,124580
124032,124581
124032,124582
124032,124583
124032,122693
124032,124584
124032,124585
124032,124586
124032,123613
124032,123207
124032,124587
124032,124588
124032,124589
124032,124590
124032,124591
124032,124592
124032,123427
124032,122840
124032,124593
124032,122647
124032,123651
124032,124594
124032,123233
124032,124595
124032,124596
124597,124598
124032,124599
124032,123483
124032,124600
124032,124601
124032,122955
124032,122873
124032,124290
124032,122996
124032,124119
124032,124602
124032,122694
124032,124603
124032,124153
124032,124211
124032,124604
124032,123284
124032,124605
124032,123506
124032,124606
124032,124201
124032,123168
124032,123510
124032,122838
124032,123393
124032,123203
124032,123514
124032,122836
124032,123796
124032,124607
124032,124608
124032,124609
124032,124610
124032,123482
124032,122715
124032,124101
124032,122827
124032,124381
124032,124611
124032,124612
124032,122820
124032,122814
124032,123394
124032,124275
124032,123634
124032,124613
124032,124614
124032,122809
124032,124615
124032,122867
124032,122919
124032,122737
124032,122734
124032,122729
124032,124616
124032,124617
124032,122725
124032,122861
124032,124618
124619,123645
124032,124620
124621,124622
124623,124624
124623,124625
124623,124626
124623,124627
124623,124628
124623,124629
124623,124630
123216,122803
123216,123250
123216,122978
123216,122979
123216,123205
123216,124631
123216,123209
123216,123406
123216,123409
123216,123408
123216,123407
123216,123565
123216,123653
122978,122979
123205,123902
123205,123225
123205,123854
123205,123216
124623,124632
123205,124633
124623,124634
123210,123901
123215,124635
123215,124636
123215,124637
123215,124638
123215,124639
123215,124640
123215,124641
124621,124642
123215,124643
123215,124644
123215,124645
123215,124646
124647,124648
124647,124649
124647,123152
124650,124650
124651,124652
124651,123409
124651,124653
124651,124654
124651,124635
123204,122979
123210,122979
123210,123904
123210,123903
123210,123217
123209,122979
122978,122864
123209,124655
123215,124656
123215,124657
123215,124658
123215,124659
123215,124660
123209,123205
123215,124661
123215,124662
123215,124663
123215,124664
123215,124665
123215,124666
123215,124667
123215,124668
123215,124669
123215,124670
123215,124671
123215,124672
123215,124673
123215,124674
123281,124675
124621,124676
124621,124677
124621,124678
124621,124679
124621,124680
123215,124681
123215,124682
123215,124683
123215,123409
123209,122978
123209,123426
123209,123405
123209,124684
123215,124685
123209,123208
123215,124653
123281,124686
123281,123822
123281,124687
123215,124688
123215,124689
123209,124690
123215,124691
123215,124692
123215,124693
123215,124694
123215,124695
123215,124696
123215,124697
123215,124698
123215,124699
123215,124700
123215,124701
123215,124702
