38062,38063
38064,38065
38066,38067
38064,38068
38069,38070
38064,38071
38062,38072
38064,38073
38069,38074
38066,38075
38064,38076
38064,38077
38062,38063
38078,38071
38064,38079
38062,38072
38064,38080
38081,38082
38083,38084
38085,38086
38064,38087
38088,38089
38090,38091
38062,38092
38062,38093
38066,38075
38094,38074
38064,38068
38094,38095
38064,38096
38088,38095
38097,38098
38097,38099
38064,38071
38081,38095
38066,38068
38064,38073
38094,38070
38064,38080
38064,38077
38088,38100
38064,38065
38062,38101
38102,38103
38064,38087
38104,38105
38064,38079
38064,38096
38066,38106
38088,38082
38062,38107
38064,38080
38083,38108
38109,38110
38111,38112
38083,38113
38062,38114
38066,38115
38069,38116
38083,38108
38083,38117
38109,38118
38081,38091
38109,38118
38097,38119
38104,38120
38062,38121
38090,38122
38069,38123
38124,38125
38109,38118
38069,38074
38109,38118
38069,38070
38109,38118
38069,38116
38109,38118
38088,38126
38127,38116
38069,38095
38090,38086
38109,38128
38062,38114
38124,38074
38062,38093
38097,38075
38062,38129
38097,38068
38083,38108
38062,38072
38083,38130
38062,38131
38097,38132
38083,38108
38083,38108
38083,38117
38109,38133
38069,38074
38083,38134
38109,38126
38062,38093
38069,38123
38083,38117
38109,38135
38069,38070
38083,38108
38062,38063
38066,38099
38089,38065
38094,38074
38064,38079
38119,38136
38118,38137
38138,38139
38140,38141
38142,38074
38143,38136
38089,38068
38144,38145
38146,38095
38126,38136
38146,38147
38119,38136
38140,38148
38108,38149
38150,38151
38142,38152
38143,38153
38154,38155
38089,38099
38156,38102
38156,38157
38089,38115
38142,38116
38119,38070
38108,38095
38140,38158
38142,38116
38126,38070
38143,38095
38127,38082
38089,38067
38146,38159
38143,38153
38119,38136
38066,38068
38142,38074
38143,38136
38089,38106
38146,38160
38118,38161
38119,38126
38126,38095
38140,38162
38140,38163
38146,38136
38074,38164
38069,38123
38143,38165
38142,38135
38126,38095
38154,38074
38156,38102
38146,38095
38089,38065
38094,38074
38099,38166
38097,38167
38140,38141
38097,38068
38168,38141
38143,38165
38142,38152
38154,38126
38156,38083
38146,38070
38089,38106
38099,38169
38119,38095
38119,38136
38140,38126
38094,38095
38140,38159
38108,38070
38119,38095
38143,38070
38154,38155
38142,38116
38089,38099
38156,38083
38146,38089
38126,38136
38124,38089
38140,38168
38119,38136
38097,38119
38108,38170
38143,38095
38154,38095
38142,38074
38156,38124
38089,38073
38146,38160
38089,38167
38066,38087
38143,38165
38140,38171
38126,38136
38126,38070
38119,38172
38119,38173
38126,38160
38088,38174
38126,38095
38175,38086
38176,38177
38126,38095
38126,38136
38178,38179
38126,38095
38127,38095
38078,38180
38074,38082
38108,38095
38160,38070
38142,38074
38176,38181
38127,38126
38078,38180
38066,38067
38126,38136
38097,38073
38081,38182
38097,38065
38094,38095
38066,38073
38094,38070
38066,38115
38097,38167
38066,38183
38156,38157
38097,38119
38097,38132
38078,38170
38088,38184
38066,38185
38088,38100
38066,38186
38126,38160
38126,38070
38081,38187
38097,38188
38126,38160
38066,38157
38142,38152
38126,38160
38150,38074
38156,38124
38119,38173
38140,38147
38142,38143
38143,38165
38156,38102
38119,38173
38142,38116
38126,38095
38142,38082
38143,38070
38156,38124
38119,38095
38140,38095
38143,38153
38089,38073
38126,38160
38119,38160
38140,38070
38066,38189
38140,38126
38138,38190
38178,38186
38126,38070
38119,38173
38108,38070
38140,38074
38142,38148
38126,38070
38140,38126
38142,38143
38119,38173
38175,38123
38140,38095
38142,38074
38126,38136
38156,38102
38119,38173
38140,38074
38142,38152
38090,38122
38150,38154
38119,38172
38142,38152
38154,38151
38125,38093
38082,38191
38192,38064
38168,38070
38193,38167
38099,38194
38182,38074
38157,38089
38125,38093
38143,38165
38146,38160
38150,38154
38124,38195
38160,38070
38170,38136
38169,38170
38089,38167
38196,38094
38074,38170
38081,38082
38142,38095
38140,38095
38156,38141
38083,38197
38102,38198
38192,38125
38193,38068
38099,38199
38182,38070
38125,38200
38146,38070
38169,38165
38143,38070
38160,38170
38144,38095
38170,38082
38074,38074
38142,38074
38144,38070
38094,38070
38154,38074
38186,38201
38119,38071
38109,38169
38111,38136
38089,38068
38154,38155
38094,38170
38119,38136
38074,38202
38142,38074
38144,38123
38154,38095
38109,38194
38094,38095
38111,38136
38156,38089
38102,38203
38169,38159
38140,38154
38083,38108
38192,38091
38082,38191
38204,38070
38099,38194
38168,38070
38182,38126
38146,38070
38143,38165
38119,38126
38126,38089
38089,38065
38160,38159
38109,38205
38111,38112
38126,38136
38102,38206
38156,38149
38140,38064
38192,38182
38083,38207
38082,38174
38140,38208
38193,38087
38099,38209
38182,38123
38157,38070
38143,38136
38146,38159
38150,38151
38124,38174
38104,38068
38170,38149
38168,38095
38138,38190
38168,38136
38102,38203
38111,38112
38124,38122
38170,38149
38150,38074
38104,38119
38089,38073
38094,38070
38074,38082
38210,38143
38143,38095
38168,38070
38142,38152
38144,38123
38119,38070
38154,38126
38140,38064
38082,38191
38102,38206
38083,38211
38146,38160
38099,38124
38182,38123
38169,38087
38089,38106
38124,38089
38170,38082
38150,38126
38094,38095
38074,38095
38210,38136
38143,38095
38142,38095
38156,38152
38168,38136
38064,38096
38144,38070
38082,38174
38128,38073
38109,38194
38102,38212
38156,38082
38193,38071
38192,38170
38119,38160
38193,38065
38192,38213
38182,38143
38193,38108
38108,38095
38192,38074
38088,38122
38182,38143
38099,38209
38157,38074
38146,38095
38169,38070
38156,38170
38143,38153
38170,38159
38089,38183
38074,38182
38142,38141
38094,38095
38144,38095
38119,38136
38111,38070
38082,38174
38124,38214
38156,38168
38083,38108
38082,38191
38169,38095
38099,38166
38146,38136
38090,38215
38124,38089
38160,38160
38138,38190
38150,38095
38170,38070
38109,38216
38089,38099
38111,38095
38074,38143
38142,38182
38168,38074
38144,38074
38128,38217
38154,38218
38119,38095
38140,38154
38094,38074
38160,38136
38170,38095
38125,38093
38156,38219
38102,38203
38089,38073
38094,38070
38140,38091
38074,38154
38204,38091
38192,38095
38150,38074
38119,38136
38099,38209
38104,38167
38160,38119
38146,38160
38168,38095
38082,38174
38196,38174
38142,38082
38144,38086
38111,38136
38109,38194
38081,38064
38170,38149
38111,38095
38089,38106
38156,38149
38102,38198
38074,38095
38125,38093
38094,38095
38140,38159
38119,38070
38170,38082
38182,38074
38099,38199
38160,38160
38146,38070
38168,38074
38143,38070
38082,38191
38126,38136
38142,38143
38144,38123
38104,38220
38109,38205
38111,38112
38156,38095
38193,38099
38094,38074
38192,38187
38204,38070
38089,38068
38074,38182
38119,38160
38099,38124
38160,38160
38170,38095
38146,38070
38144,38074
38142,38143
38109,38216
38111,38070
38186,38221
38156,38168
38170,38070
38083,38222
38168,38070
38143,38095
38109,38194
38102,38198
38186,38126
38186,38108
38102,38223
38125,38093
38094,38095
38140,38064
38192,38182
38089,38067
38150,38151
38074,38086
38168,38136
38119,38095
38160,38136
38146,38095
38143,38153
38144,38070
38142,38143
38109,38194
38111,38070
38082,38174
38156,38152
38099,38194
38186,38073
38144,38074
38142,38095
38089,38099
38142,38082
38144,38123
38074,38224
38111,38070
38109,38124
38156,38141
38102,38206
38140,38094
38170,38070
38094,38170
38192,38213
38119,38160
38204,38091
38082,38174
38078,38225
38150,38095
38182,38143
38138,38139
38126,38070
38083,38108
38099,38166
38143,38136
38146,38095
38126,38089
38226,38126
38089,38183
38142,38074
38144,38074
38074,38082
38111,38095
38094,38074
38169,38095
38104,38227
38156,38219
38140,38070
38083,38108
38082,38191
38119,38136
38192,38171
38204,38170
38099,38199
38168,38095
38182,38070
38102,38228
38094,38229
38143,38070
38160,38095
38144,38095
38089,38115
38109,38205
38111,38112
38074,38230
38157,38154
38094,38229
38076,38091
38126,38160
38142,38143
38192,38170
38099,38124
38066,38231
38160,38170
38146,38159
38143,38095
38168,38141
38196,38126
38082,38191
38170,38070
38119,38070
38168,38074
38170,38095
38146,38160
38146,38159
38170,38159
38089,38067
38142,38095
38144,38070
38186,38068
38111,38074
38074,38086
38156,38168
38143,38153
38102,38212
38094,38074
38193,38073
38192,38086
38204,38170
38119,38170
38099,38166
38168,38136
38160,38070
38082,38174
38140,38232
38119,38160
38094,38095
38097,38098
38168,38136
38143,38070
38144,38123
38142,38148
38099,38194
38156,38168
38108,38170
38154,38151
38210,38070
38154,38126
38089,38073
38097,38188
38146,38070
38233,38065
38140,38095
38178,38234
38109,38160
38196,38099
38156,38094
38154,38235
38089,38106
38140,38064
38210,38070
38154,38074
38146,38136
38083,38236
38069,38123
38233,38073
38124,38089
38220,38111
38170,38149
38082,38143
38192,38064
38119,38160
38150,38074
38171,38237
38082,38213
38233,38108
38119,38136
38210,38143
38082,38122
38124,38195
38083,38108
38192,38095
38196,38174
38146,38160
38109,38124
38168,38095
38108,38170
38144,38123
38090,38086
38143,38165
38089,38068
38160,38119
38154,38095
38140,38154
38124,38238
38170,38136
38220,38170
38083,38108
38192,38170
38196,38214
38090,38168
38109,38205
38108,38149
38143,38136
38142,38135
38125,38239
38099,38209
38094,38076
38154,38170
38102,38212
38099,38166
38125,38240
38111,38070
38143,38153
38108,38089
38144,38074
38142,38152
38099,38166
38154,38126
38156,38074
38083,38108
38140,38154
38089,38167
38154,38126
38210,38149
38233,38068
38146,38160
38069,38074
38109,38194
38150,38082
38090,38100
38124,38214
38099,38124
38089,38183
38154,38074
38160,38136
38140,38091
38154,38095
38233,38073
38210,38143
38094,38066
38102,38241
38146,38070
38069,38070
38170,38070
38082,38141
38220,38095
38196,38089
38142,38074
38220,38126
38082,38168
38126,38136
38146,38095
38150,38154
38220,38074
38170,38159
38124,38214
38082,38095
38192,38064
38196,38242
38109,38194
38108,38095
38168,38141
38143,38165
38144,38070
38142,38116
38154,38074
38124,38116
38233,38108
38094,38095
38192,38095
38090,38122
38196,38126
38109,38205
38078,38071
38108,38070
38143,38136
38144,38095
38142,38074
38099,38199
38154,38095
38160,38095
38156,38170
38089,38115
38140,38091
38210,38243
38175,38154
38099,38124
38160,38070
38140,38091
38233,38074
38119,38160
38089,38073
38204,38170
38154,38235
38102,38228
38210,38170
38111,38095
38082,38143
38154,38074
38124,38195
38109,38244
38196,38125
38192,38170
38157,38170
38156,38219
38146,38070
38119,38136
38154,38218
38210,38170
38111,38074
38192,38095
38082,38122
38154,38126
38124,38245
38109,38160
38108,38089
38078,38180
38143,38136
38175,38246
38142,38074
38099,38166
38108,38095
38144,38095
38143,38153
38126,38247
38196,38133
38124,38214
38108,38070
38154,38235
38144,38070
38143,38165
38175,38100
38081,38082
38142,38248
38099,38209
38182,38119
38125,38249
38146,38159
38094,38095
38140,38154
38109,38095
38089,38167
38089,38099
38111,38070
38142,38074
38099,38124
38182,38070
38074,38182
38146,38095
38138,38102
38069,38095
38094,38154
38140,38064
38157,38250
38119,38095
38233,38074
38154,38170
38192,38064
38210,38136
38082,38213
38233,38126
38140,38095
38097,38120
38138,38190
38157,38251
38140,38154
38102,38103
38233,38074
38119,38095
38111,38095
38154,38182
38210,38136
38082,38141
38192,38074
38126,38095
38124,38174
38196,38188
38109,38216
38156,38082
38108,38089
38125,38093
38142,38152
38156,38082
38140,38064
38154,38235
38102,38204
38154,38082
38233,38068
38210,38095
38089,38106
38119,38160
38082,38095
38192,38171
38124,38174
38146,38095
38108,38095
38143,38070
38099,38199
38126,38160
38143,38095
38099,38194
38108,38070
38078,38071
38144,38074
38090,38252
38143,38153
38142,38152
38099,38209
38146,38136
38125,38093
38160,38160
38156,38168
38138,38253
38094,38074
38126,38070
38102,38254
38109,38128
38142,38116
38196,38116
38154,38095
38146,38160
38156,38074
38138,38139
38094,38070
38140,38064
38102,38241
38069,38074
38233,38126
38089,38068
38119,38214
38154,38151
38210,38149
38111,38136
38192,38064
38082,38168
38124,38089
38119,38095
38182,38143
38144,38145
38168,38095
38150,38074
38090,38154
38097,38075
38178,38186
38108,38149
38138,38190
38157,38143
38142,38143
38099,38194
38220,38111
38154,38170
38156,38094
38140,38159
38089,38167
38094,38247
38140,38148
38156,38168
38154,38218
38156,38219
38168,38070
38119,38160
38150,38082
38097,38167
38196,38214
38089,38099
38108,38095
38144,38171
38142,38074
38154,38235
38099,38209
38220,38111
38154,38126
38094,38105
38154,38074
38168,38141
38150,38095
38142,38152
38099,38124
38220,38074
38156,38219
38064,38099
38094,38095
38124,38238
38154,38182
38146,38089
38119,38136
38150,38151
38097,38098
38090,38100
38168,38074
38078,38170
38089,38068
38099,38199
38108,38089
38255,38256
38104,38157
38097,38073
38108,38149
38089,38106
38142,38116
38099,38166
38220,38095
38140,38095
38094,38076
38154,38151
38069,38070
38119,38095
38150,38154
38090,38122
38097,38119
38196,38125
38154,38170
38220,38095
38142,38148
38146,38095
38175,38095
38119,38136
38097,38073
38089,38115
38108,38089
38154,38151
38142,38152
38094,38070
38220,38170
38154,38235
38099,38209
38140,38070
38156,38124
38118,38257
38118,38258
38138,38139
38156,38157
38126,38095
38099,38166
38140,38171
38168,38070
38156,38083
38118,38259
38119,38095
38090,38095
38143,38153
38089,38068
38108,38070
38154,38170
38125,38260
38142,38074
38094,38070
38154,38170
38099,38124
38108,38095
38119,38160
38178,38179
38108,38070
38142,38116
38220,38111
38154,38095
38154,38074
38099,38199
38094,38074
38156,38168
38226,38095
38168,38136
38119,38136
38097,38099
38089,38183
38108,38089
38125,38261
38089,38183
38097,38132
38255,38093
38150,38082
38089,38167
38126,38136
38157,38154
38108,38170
38154,38126
38142,38143
38220,38182
38154,38095
38099,38194
38094,38095
38140,38095
38156,38141
38138,38102
38119,38136
38090,38100
38097,38065
38142,38095
38178,38157
38089,38065
38099,38209
38157,38070
38210,38136
38140,38064
38154,38218
38146,38160
38142,38152
38220,38170
38196,38074
38109,38194
38108,38089
38142,38148
38089,38099
38099,38199
38069,38095
38089,38065
38109,38095
38154,38151
38099,38124
38156,38141
38074,38170
38210,38243
38140,38064
38154,38235
38170,38095
38094,38090
38146,38070
38220,38182
38069,38074
38085,38122
38150,38095
38090,38095
38108,38070
38154,38170
38140,38154
38126,38070
38154,38095
38140,38095
38160,38170
38154,38182
38210,38136
38124,38245
38094,38128
38102,38203
38146,38095
38082,38213
38220,38074
38109,38194
38143,38095
38126,38160
38108,38149
38168,38070
38099,38194
38157,38089
38089,38067
38142,38135
38210,38170
38124,38125
38102,38223
38146,38070
38069,38095
38082,38143
38170,38136
38220,38111
38090,38154
38196,38133
38143,38070
38109,38205
38168,38074
38108,38170
38144,38123
38154,38182
38142,38074
38089,38067
38168,38095
38220,38095
38124,38195
38146,38160
38119,38160
38150,38154
38154,38235
38090,38095
38196,38188
38108,38070
38144,38095
38109,38143
38089,38073
38210,38095
38142,38116
38099,38166
38094,38074
38154,38126
38140,38154
38099,38199
38142,38135
38099,38194
38156,38074
38140,38095
38094,38070
38220,38111
38146,38070
38119,38095
38154,38074
38150,38151
38090,38154
38078,38074
38108,38170
38126,38095
38142,38148
38156,38170
38109,38135
38160,38095
38138,38102
38154,38074
38220,38126
38094,38070
38146,38160
38069,38123
38150,38074
38097,38132
38090,38230
38196,38118
38078,38071
38108,38149
38154,38126
38109,38126
38178,38231
38144,38074
38140,38154
38140,38064
38156,38149
38210,38143
38094,38095
38220,38170
38146,38095
38119,38136
38097,38068
38154,38095
38090,38168
38196,38242
38108,38095
38178,38262
38168,38136
38109,38135
38144,38070
38089,38115
38125,38263
38099,38209
38142,38116
38233,38126
38192,38095
38170,38095
38192,38086
38154,38126
38140,38232
38157,38074
38154,38151
38094,38070
38186,38221
38102,38223
38175,38154
38156,38089
38109,38169
38142,38143
38143,38165
38111,38112
38168,38136
38074,38170
38182,38143
38140,38170
38157,38170
38082,38191
38154,38235
38127,38074
38186,38126
38111,38070
38102,38206
38156,38170
38142,38141
38143,38095
38089,38099
38146,38095
38099,38124
38160,38170
38126,38136
38146,38160
38089,38065
38099,38166
38142,38082
38144,38095
38143,38070
38146,38159
38089,38073
38099,38194
38160,38119
38182,38070
38138,38253
38119,38170
38074,38095
38204,38264
38094,38229
38170,38149
38193,38167
38109,38194
38193,38065
38156,38095
38186,38086
38182,38123
38074,38202
38168,38074
38204,38070
38094,38095
38265,38266
38170,38136
38192,38095
38083,38130
38154,38074
38140,38116
38082,38174
38157,38070
38154,38170
38102,38198
38111,38095
38192,38064
38119,38160
38265,38115
38157,38267
38233,38074
38082,38268
38090,38269
38125,38093
38154,38074
38186,38221
38111,38095
38102,38228
38169,38235
38109,38194
38081,38091
38142,38074
38144,38070
38074,38230
38126,38095
38143,38136
38140,38159
38119,38136
38099,38194
38143,38165
38089,38067
38156,38141
38204,38091
38146,38136
38182,38123
38078,38180
38168,38095
38138,38190
38154,38141
38150,38082
38170,38159
38094,38095
38265,38073
38192,38171
38168,38070
38089,38115
38146,38160
38109,38205
38124,38214
38142,38095
38143,38153
38226,38174
38099,38166
38089,38167
38146,38070
38182,38074
38126,38160
38066,38225
38168,38095
38074,38154
38154,38170
38094,38074
38169,38089
38182,38070
38156,38219
38111,38136
38078,38270
38160,38136
38168,38141
38154,38071
38150,38154
38170,38070
38094,38229
38119,38095
38192,38170
38193,38108
38140,38094
38082,38174
38233,38126
38154,38151
38186,38095
38102,38203
38144,38074
38192,38171
38140,38170
38140,38095
38119,38160
38138,38102
38118,38271
38143,38153
38156,38102
38089,38115
38168,38095
38142,38074
38094,38070
38255,38063
38089,38183
38097,38099
38119,38095
38126,38136
38154,38126
38094,38272
38108,38089
38142,38152
38220,38074
38108,38170
38094,38095
38126,38070
38154,38095
38089,38073
38119,38136
38124,38174
38138,38190
38118,38273
38143,38165
38156,38157
38168,38136
38142,38148
38140,38147
38099,38199
38154,38155
38226,38171
38097,38065
38094,38070
38119,38136
38140,38126
38099,38166
38089,38068
38146,38136
38154,38151
38156,38157
38081,38064
38142,38116
38143,38136
38168,38136
38127,38174
38126,38160
38127,38274
38140,38182
38168,38070
38143,38070
38118,38275
38156,38083
38168,38074
38143,38095
38142,38149
38094,38095
38097,38075
38089,38167
38119,38136
38140,38074
38099,38124
38126,38070
38146,38089
38154,38235
38156,38124
38142,38074
38154,38182
38099,38194
38168,38074
38192,38091
38083,38108
38193,38201
38140,38095
38170,38082
38082,38191
38157,38097
38102,38203
38154,38095
38156,38149
38186,38095
38109,38205
38111,38095
38142,38082
38144,38095
38168,38141
38143,38136
38094,38074
38119,38070
38082,38174
38154,38235
38126,38089
38102,38276
38156,38219
38186,38126
38111,38112
38142,38205
38144,38086
38143,38165
38146,38136
38160,38070
38099,38209
38089,38106
38182,38086
38074,38082
38083,38108
38146,38247
38160,38095
38099,38209
38154,38235
38142,38143
38220,38126
38108,38095
38094,38247
38204,38095
38154,38074
38089,38106
38150,38095
38119,38160
38143,38136
38146,38160
38118,38277
38156,38124
38140,38070
38099,38199
38168,38095
38064,38099
38182,38123
38119,38126
38074,38074
38089,38183
38126,38095
38140,38154
38108,38149
38154,38182
38089,38065
38178,38157
38143,38095
38119,38095
38126,38160
38146,38070
38118,38278
38156,38102
38154,38170
38124,38089
38109,38205
38069,38070
38171,38279
38140,38095
38119,38136
38233,38074
38192,38182
38138,38190
38125,38093
38109,38128
38111,38136
38196,38094
38108,38089
38102,38206
38144,38095
38082,38122
38146,38160
38156,38141
38210,38070
38109,38160
38111,38070
38196,38105
38089,38073
38102,38223
38144,38074
38168,38074
38143,38136
38154,38170
38081,38064
38124,38089
38126,38136
38142,38152
38099,38194
38182,38074
38089,38065
38124,38195
38168,38136
38142,38152
38102,38198
38081,38095
38094,38074
38144,38123
38142,38074
38089,38167
38168,38095
38099,38194
38143,38165
38154,38170
38182,38168
38156,38095
38210,38143
38146,38136
38160,38095
38196,38089
38082,38143
38111,38095
38126,38070
38154,38218
38099,38199
38143,38153
38210,38136
38182,38119
38160,38136
38156,38168
38064,38068
38146,38160
38140,38159
38119,38095
38233,38074
38192,38091
38154,38074
38109,38095
38082,38213
38192,38171
38233,38126
38119,38089
38102,38203
38140,38091
38119,38136
38233,38280
38154,38126
38192,38170
38210,38091
38082,38141
38089,38115
38111,38136
38109,38126
38108,38170
38124,38235
38154,38155
38143,38070
38146,38247
38081,38082
38156,38094
38099,38166
38126,38116
38111,38112
38082,38074
38089,38065
38109,38126
38196,38232
38124,38238
38168,38070
38108,38149
38154,38151
38144,38070
38143,38095
38090,38215
38081,38070
38142,38135
38182,38087
38094,38074
38142,38152
38099,38124
38102,38212
38154,38182
38168,38141
38143,38094
38124,38214
38142,38074
38099,38199
38182,38087
38160,38170
38156,38219
38146,38159
38138,38144
38140,38154
38157,38168
38150,38151
38108,38170
38182,38070
38089,38183
38109,38143
38064,38071
38118,38281
38156,38089
38146,38070
38066,38106
38140,38095
38150,38095
38119,38160
38233,38074
38154,38095
38192,38074
38082,38095
38111,38112
38210,38095
38176,38282
38196,38089
38142,38168
38157,38154
38140,38094
38089,38068
38144,38095
38099,38209
38074,38224
38143,38153
38182,38143
38124,38195
38196,38242
38210,38070
38168,38136
38160,38170
38094,38070
38170,38082
38119,38136
38146,38095
38142,38283
38081,38095
38102,38223
38126,38095
38160,38070
38094,38074
38204,38170
38170,38082
38233,38284
38119,38095
38192,38091
38140,38064
38157,38089
38083,38108
38109,38194
38082,38174
38154,38155
38111,38112
38192,38095
38233,38074
38140,38070
38157,38095
38210,38170
38138,38139
38168,38074
38094,38095
38170,38149
38119,38136
38192,38170
38140,38070
38233,38126
38186,38126
38082,38174
38154,38095
38111,38136
38102,38206
38169,38087
38146,38159
38146,38159
38196,38188
38156,38168
38109,38194
38082,38174
38154,38126
38169,38235
38111,38070
38102,38276
38126,38070
38142,38095
38124,38174
38128,38073
38089,38115
38144,38123
38099,38199
38143,38136
38226,38125
38182,38074
38154,38163
38210,38070
38064,38087
38210,38095
38146,38095
38138,38253
38160,38119
38094,38070
38157,38251
38193,38083
38119,38126
38233,38074
38126,38160
38192,38064
38140,38159
38083,38285
38154,38082
38178,38286
38156,38082
38125,38249
38182,38143
38168,38070
38233,38126
38192,38086
38125,38093
38154,38151
38109,38244
38082,38095
38111,38095
38128,38217
38102,38203
38081,38064
38144,38086
38124,38245
38089,38099
38143,38095
38099,38209
38154,38235
38119,38160
38082,38287
38081,38095
38082,38191
38111,38112
38102,38288
38081,38091
38128,38068
38142,38143
38089,38183
38124,38184
38144,38070
38074,38224
38099,38166
38168,38070
38143,38070
38182,38168
38196,38125
38109,38205
38111,38070
38154,38170
38192,38086
38124,38125
38089,38106
38144,38074
38099,38124
38168,38141
38143,38095
38182,38123
38210,38170
38154,38126
38146,38070
38160,38160
38193,38073
38157,38289
38233,38126
38119,38070
38140,38094
38124,38174
38290,38291
38182,38126
38292,38293
38294,38295
38296,38297
38298,38299
38300,38301
38302,38303
38304,38305
38306,38296
38296,38306
38307,38308
38309,38310
38311,38312
38313,38314
38315,38316
38302,38303
38293,38317
38293,38318
38293,38318
38319,38320
38308,38307
38321,38322
38323,38324
38307,38308
38322,38321
38325,38326
38323,38324
38315,38327
38328,38329
38330,38331
38322,38321
38332,38293
38293,38332
38333,38334
38335,38336
38337,38336
38321,38322
38302,38338
38339,38323
38340,38315
38341,38342
38301,38300
38343,38344
38345,38346
38343,38303
38345,38347
38303,38310
38341,38342
38316,38348
38296,38297
38349,38350
38351,38352
38353,38341
38341,38342
38333,38345
38354,38296
38303,38343
38303,38355
38301,38356
38297,38296
38298,38299
38357,38358
38301,38300
38301,38359
38357,38360
38301,38361
38362,38363
38345,38346
38301,38361
38343,38364
38365,38366
38299,38298
38367,38315
38346,38345
38310,38368
38297,38296
38301,38361
38297,38296
38322,38321
38303,38369
38370,38371
38370,38372
38373,38374
38375,38376
38377,38378
38379,38329
38380,38323
38301,38300
38381,38382
38301,38359
38301,38359
38333,38341
38340,38315
38323,38383
38384,38385
38334,38334
38333,38334
38374,38386
38377,38387
38388,38389
38297,38296
38390,38310
38388,38391
38392,38393
38304,38305
38388,38394
38388,38303
38395,38348
38396,38397
38396,38397
38398,38399
38374,38386
38392,38393
38374,38386
38377,38400
38375,38401
38322,38321
38319,38320
38303,38388
38357,38402
38322,38321
38315,38340
38306,38296
38357,38360
38357,38402
38403,38404
38405,38406
38407,38408
38348,38409
38410,38312
38321,38322
38330,38331
38326,38325
38409,38348
38369,38303
38365,38366
38407,38411
38303,38412
38313,38314
38307,38413
38397,38303
38323,38324
38357,38414
38357,38414
38303,38397
38304,38305
38415,38352
38397,38416
38397,38416
38417,38330
38357,38360
38323,38418
38419,38307
38357,38420
38421,38327
38397,38422
38341,38423
38341,38423
38307,38424
38322,38321
38425,38425
38321,38322
38425,38426
38333,38299
38427,38428
38303,38429
38425,38425
38299,38430
38354,38431
38330,38432
38301,38361
38433,38406
38322,38321
38425,38425
38321,38322
38330,38432
38297,38296
38434,38307
38435,38355
38436,38330
38297,38296
38377,38437
38322,38321
38321,38322
38319,38438
38428,38427
38322,38321
38352,38439
38375,38401
38434,38307
38307,38434
38440,38307
38293,38318
38307,38434
38441,38299
38323,38380
38362,38442
38333,38323
38443,38293
38428,38427
38315,38444
38297,38296
38445,38315
38428,38446
38293,38443
38447,38448
38333,38315
38449,38397
38320,38319
38334,38450
38377,38378
38333,38334
38451,38354
38303,38330
38312,38311
38333,38334
38293,38452
38343,38303
38323,38453
38397,38454
38307,38424
38406,38455
38323,38383
38451,38354
38323,38456
38330,38457
38315,38458
38362,38363
38299,38298
38362,38459
38357,38460
38343,38461
38307,38434
38462,38398
38463,38406
38334,38464
38297,38296
38334,38465
38322,38466
38467,38448
38303,38468
38315,38367
38297,38296
38303,38403
38469,38330
38315,38470
38471,38403
38362,38363
38397,38416
38330,38469
38330,38417
38297,38296
38469,38330
38330,38469
38429,38303
38303,38406
38406,38472
38347,38345
38310,38473
38381,38382
38310,38474
38475,38476
38330,38331
38319,38477
38319,38478
38297,38296
38319,38479
38319,38480
38327,38421
38481,38327
38315,38316
38315,38482
38483,38319
38432,38330
38341,38484
38485,38323
38313,38314
38334,38334
38486,38302
38355,38435
38333,38334
38303,38355
38487,38488
38334,38334
38334,38465
38355,38452
38307,38424
38430,38299
38330,38432
38397,38422
38307,38303
38303,38307
38333,38334
38469,38330
38297,38296
38334,38465
38346,38345
38299,38298
38314,38313
38469,38330
38445,38315
38330,38469
38330,38469
38315,38445
38315,38445
38406,38489
38315,38490
38330,38436
38307,38424
38330,38436
38406,38489
38465,38334
38330,38432
38491,38348
38315,38340
38313,38314
38315,38340
38296,38297
38074,38074
38168,38074
38069,38070
38109,38194
38142,38492
38182,38126
38109,38169
38142,38492
38170,38095
38171,38493
38109,38194
38142,38074
38074,38170
38078,38225
38109,38186
38170,38159
38142,38074
38109,38194
38126,38070
38310,38494
38327,38495
38397,38422
38407,38452
38496,38352
38312,38311
38497,38293
38142,38074
38498,38403
38299,38298
38319,38320
38311,38312
38375,38401
38375,38401
38403,38406
38074,38143
38296,38297
38078,38225
38118,38499
38102,38203
38126,38095
38156,38168
38064,38087
38142,38074
38078,38225
38125,38249
38064,38073
38142,38074
38142,38492
38124,38174
38074,38086
38138,38144
38125,38500
38108,38170
38064,38077
38170,38070
38170,38159
38501,38310
38170,38082
38182,38070
38085,38143
38169,38135
38064,38065
38069,38123
38109,38232
38142,38492
38124,38078
38109,38232
38074,38230
38156,38141
38169,38089
38109,38232
38142,38492
38170,38070
38094,38074
38169,38165
38078,38146
38124,38095
38502,38290
38290,38503
38374,38504
38295,38303
38312,38311
38505,38354
38506,38325
38354,38452
38507,38508
38406,38509
38310,38510
38504,38374
38325,38511
38512,38513
38514,38312
38431,38515
38327,38381
38312,38516
38517,38374
38365,38366
38374,38517
38518,38293
38293,38518
38383,38323
38293,38332
38431,38354
38519,38295
38295,38452
38520,38312
38295,38303
38295,38519
38293,38452
38521,38341
38374,38517
38374,38517
38322,38522
38374,38517
38293,38523
38520,38312
38515,38431
38327,38381
38524,38322
38354,38431
38319,38320
38312,38525
38403,38526
38527,38528
38377,38400
38529,38530
38377,38378
38319,38320
38531,38532
38343,38533
38403,38534
38535,38322
38343,38536
38302,38537
38403,38526
38319,38320
38354,38431
38354,38452
38538,38322
38312,38525
38343,38536
38343,38533
38377,38400
38345,38539
38345,38539
38354,38431
38345,38539
38319,38320
38406,38531
38319,38320
38403,38526
38498,38403
38403,38406
38498,38403
38524,38322
38074,38171
38160,38170
38094,38070
38404,38540
38404,38541
38406,38542
38311,38312
38543,38412
38365,38366
38407,38544
38319,38545
38546,38428
38431,38354
38374,38354
38407,38547
38548,38319
38398,38399
38549,38322
38293,38550
38293,38551
38552,38310
38412,38553
38520,38312
38406,38303
38458,38315
38320,38319
38348,38554
38303,38406
38397,38416
38334,38555
38315,38458
38315,38458
38318,38293
38311,38312
38312,38311
38377,38400
38412,38556
38369,38557
38293,38558
38398,38559
38398,38559
38407,38411
38560,38354
38404,38403
38561,38398
38305,38304
38305,38562
38563,38354
38318,38293
38451,38354
38404,38534
38564,38375
38318,38293
38398,38559
38428,38446
38399,38398
38565,38302
38322,38321
38293,38558
38398,38303
38323,38566
38296,38297
38398,38559
38398,38559
38567,38398
38423,38341
38334,38555
38334,38555
38320,38319
38304,38305
38322,38568
38520,38312
38520,38312
38322,38549
38421,38327
38538,38322
38404,38534
38458,38315
38322,38569
38305,38562
38398,38399
38520,38312
38142,38074
38064,38099
38109,38232
38142,38095
38170,38149
38074,38170
38229,38227
38069,38116
38126,38160
38125,38093
38064,38071
38142,38152
38109,38194
38140,38289
38125,38093
38081,38182
38102,38228
38069,38123
38125,38093
38229,38115
38126,38089
38102,38276
38125,38570
38064,38068
38142,38492
38074,38224
38102,38254
38102,38571
38125,38572
38064,38096
38142,38074
38170,38082
38085,38095
38125,38093
38064,38080
38142,38095
38097,38132
38398,38399
38124,38122
38142,38095
38322,38321
38305,38562
38315,38573
38315,38573
38552,38310
38310,38310
38552,38310
38374,38354
38574,38412
38310,38552
38310,38552
38398,38559
38398,38399
38575,38407
38398,38559
38310,38390
38310,38310
38064,38065
38431,38354
38182,38143
38109,38232
38229,38071
38182,38123
38125,38093
38094,38247
38069,38074
38064,38080
38099,38209
38142,38095
38109,38232
38229,38067
38064,38087
38142,38074
38170,38149
38109,38194
38074,38171
38170,38095
38315,38576
38333,38315
38577,38578
38501,38310
38321,38322
38322,38321
38310,38494
38322,38321
38321,38322
38327,38495
38397,38422
38322,38321
38303,38327
38303,38354
38407,38452
38496,38352
38312,38311
38497,38293
38502,38290
38319,38320
38290,38503
38302,38537
38529,38530
38524,38322
38354,38431
38319,38320
38312,38525
38403,38526
38527,38528
38498,38403
38377,38400
38403,38526
38319,38320
38531,38532
38343,38533
38403,38534
38535,38322
38343,38536
38377,38378
38296,38297
38299,38298
38319,38320
38390,38310
38333,38334
38373,38374
38375,38376
38333,38341
38340,38315
38322,38321
38322,38321
38319,38320
38303,38397
38421,38327
38415,38352
38303,38412
38322,38321
38315,38340
38348,38409
38303,38388
38354,38431
38560,38354
38421,38327
38311,38312
38375,38401
38375,38401
38403,38406
38431,38354
38374,38354
38322,38321
38458,38315
38552,38310
38310,38552
38310,38552
38310,38390
38303,38406
38552,38310
38431,38354
38374,38354
38552,38310
38321,38322
38354,38431
38406,38403
38517,38374
38312,38516
38374,38504
38295,38303
38312,38311
38373,38374
38374,38373
38373,38374
38505,38354
38506,38325
38354,38452
38303,38354
38507,38508
38579,38580
38580,38579
38322,38321
38365,38366
38321,38322
38374,38517
38431,38354
38519,38295
38295,38452
38295,38303
38293,38523
38295,38519
38293,38452
38579,38580
38303,38293
38521,38341
38303,38295
38303,38412
38374,38517
38374,38517
38322,38522
38374,38517
38321,38322
38580,38579
38303,38295
38406,38509
38581,38310
38310,38581
38367,38315
38377,38400
38581,38310
38345,38539
38345,38539
38343,38533
38345,38539
38319,38320
38406,38531
38319,38320
38403,38526
38498,38403
38403,38406
38498,38403
38524,38322
38354,38452
38343,38536
38538,38322
38310,38510
38504,38374
38303,38406
38325,38511
38512,38513
38303,38397
38582,38293
38312,38525
38514,38312
38327,38381
38303,38431
38303,38431
38520,38312
38520,38312
38515,38431
38327,38381
38431,38515
38326,38325
38409,38348
38303,38369
38323,38566
38303,38322
38303,38406
38322,38321
38303,38406
38321,38322
38303,38290
38303,38310
38322,38321
38303,38406
38303,38406
38374,38373
38421,38327
38583,38352
38303,38398
38584,38343
38303,38412
38375,38376
38585,38323
38406,38404
38303,38404
38392,38586
38587,38392
38392,38587
38429,38588
38429,38589
38303,38398
38429,38590
38429,38591
38333,38334
38592,38355
38333,38334
38593,38352
38586,38392
38303,38302
38303,38397
38303,38407
38303,38348
38303,38431
38303,38397
38582,38293
38303,38431
38303,38431
38581,38310
38310,38581
38367,38315
38303,38406
38581,38310
38321,38322
38322,38321
38322,38321
38321,38322
38322,38321
38303,38327
38303,38354
38406,38403
38404,38406
38303,38295
38579,38580
38321,38322
38322,38321
38333,38357
38303,38398
38303,38293
38321,38322
38303,38295
38580,38579
38303,38412
38322,38321
38373,38374
38374,38373
38373,38374
38303,38354
38579,38580
38580,38579
38321,38322
38333,38334
38374,38374
38374,38374
38303,38406
38491,38348
38333,38334
38303,38355
38303,38307
38333,38334
38333,38334
38303,38403
38322,38321
38322,38321
38441,38299
38321,38322
38322,38321
38321,38322
38333,38299
38303,38429
38321,38322
38322,38321
38303,38468
38327,38421
38322,38321
38303,38355
38321,38322
38322,38321
38325,38326
38328,38329
38321,38322
38406,38472
38322,38321
38335,38336
38315,38316
38315,38327
38303,38310
38303,38343
38351,38352
38333,38345
38333,38334
38293,38332
38333,38323
38443,38293
38333,38299
38594,38330
38594,38330
38375,38376
38303,38355
38333,38334
38552,38310
38333,38334
38374,38373
38310,38552
38552,38310
38310,38552
38333,38334
38595,38319
38375,38376
38374,38373
38333,38334
38462,38398
38596,38392
38594,38330
38293,38443
38333,38315
38333,38334
38303,38330
38333,38315
38333,38299
38333,38341
38597,38392
38303,38428
38333,38334
38315,38598
38598,38315
38599,38315
38400,38377
38303,38397
38392,38597
38404,38406
38383,38323
38293,38518
38303,38398
38374,38373
38310,38310
38334,38600
38334,38601
38333,38334
38310,38552
38375,38602
38334,38334
38552,38310
38310,38552
38310,38603
38310,38603
38333,38334
38595,38319
38299,38298
38310,38552
38552,38310
38310,38604
38310,38605
38334,38334
38301,38606
38310,38607
38333,38299
38594,38330
38594,38330
38311,38312
38375,38376
38445,38315
38303,38355
38334,38600
38608,38381
38315,38609
38333,38334
38610,38611
38310,38605
38375,38376
38612,38310
38374,38373
38297,38296
38613,38579
38392,38587
38301,38614
38425,38615
38429,38588
38429,38589
38429,38590
38611,38616
38303,38397
38416,38397
38302,38617
38618,38448
38375,38619
38620,38334
38425,38621
38375,38619
38429,38591
38333,38334
38301,38622
38392,38586
38623,38487
38374,38374
38374,38374
38374,38374
38377,38400
38377,38400
38333,38334
38587,38392
38404,38452
38406,38404
38624,38429
38602,38375
38625,38330
38377,38378
38303,38404
38392,38626
38404,38406
38334,38600
38301,38359
38301,38627
38577,38628
38436,38330
38629,38385
38341,38521
38307,38308
38323,38383
38330,38630
38631,38448
38310,38510
38330,38630
38310,38510
38330,38632
38341,38633
38341,38634
38297,38296
38307,38424
38323,38485
38635,38636
38297,38296
38362,38363
38334,38450
38334,38600
38377,38400
38605,38310
38628,38577
38333,38299
38319,38548
38577,38628
38333,38341
38428,38452
38428,38452
38303,38428
38428,38446
38510,38310
38404,38406
38333,38334
38310,38510
38375,38619
38304,38305
38307,38308
38303,38397
38613,38579
38392,38597
38397,38416
38330,38594
38330,38632
38330,38594
38637,38397
38397,38416
38594,38330
38375,38638
38299,38639
38597,38392
38596,38392
38301,38556
38375,38638
38362,38459
38297,38296
38397,38422
38299,38639
38299,38298
38449,38397
38315,38598
38640,38397
38598,38315
38315,38445
38330,38641
38301,38627
38307,38642
38330,38643
38307,38434
38310,38510
38400,38377
38375,38638
38398,38399
38398,38559
38599,38315
38407,38544
38425,38621
38299,38298
38406,38303
38303,38406
38341,38521
38507,38508
38398,38644
38348,38645
38325,38646
38348,38647
38341,38521
38341,38521
38398,38303
38327,38648
38398,38303
38398,38399
38348,38303
38645,38348
38303,38406
38322,38321
38406,38452
38649,38348
38322,38321
38303,38406
38406,38403
38310,38501
38290,38291
38321,38322
38374,38373
38406,38463
38406,38650
38412,38651
38412,38553
38303,38290
38398,38644
38652,38412
38303,38310
38310,38510
38421,38327
38583,38352
38341,38521
38378,38377
38653,38654
38407,38655
38407,38452
38322,38321
38323,38566
38535,38322
38398,38399
38529,38656
38398,38559
38398,38559
38333,38357
38357,38657
38656,38529
38407,38544
38518,38293
38377,38378
38322,38538
38653,38654
38407,38438
38374,38658
38311,38312
38442,38362
38303,38398
38303,38398
38357,38659
38660,38290
38357,38661
38662,38293
38303,38407
38398,38399
38303,38348
38663,38312
38303,38431
38321,38322
38653,38654
38407,38655
38322,38522
38406,38463
38406,38303
38586,38392
38302,38617
38302,38617
38302,38303
38302,38617
38303,38302
38664,38345
38593,38352
38302,38617
38302,38617
38302,38617
38638,38375
38375,38665
38602,38375
38375,38376
38330,38666
38585,38323
38349,38350
38397,38438
38334,38667
38375,38619
38512,38513
38375,38619
38512,38513
38512,38513
38397,38668
38298,38299
38333,38334
38355,38452
38334,38669
38333,38334
38397,38668
38592,38355
38397,38670
38397,38670
38334,38334
38334,38620
38375,38619
38349,38350
38349,38350
38579,38671
38584,38343
38365,38366
38349,38350
38406,38403
38323,38566
38323,38566
38579,38672
38406,38650
38406,38463
38322,38452
38303,38322
38406,38303
38406,38463
38303,38406
38406,38303
38650,38406
38349,38350
38579,38673
38412,38553
38527,38674
38527,38674
38635,38675
38635,38675
38635,38675
38676,38635
38601,38579
38412,38553
38579,38601
38412,38652
38412,38553
38412,38652
38315,38677
38303,38412
38677,38315
38412,38652
38397,38303
38656,38529
38146,38136
38398,38559
38124,38174
38233,38126
38168,38074
38176,38678
38104,38099
38220,38152
38140,38154
38099,38209
38074,38143
38109,38073
38157,38064
38124,38095
38176,38679
38094,38229
38140,38095
38171,38680
38109,38068
38142,38074
38142,38074
38170,38095
38142,38074
38126,38095
38176,38681
38126,38136
38124,38089
38170,38070
38109,38167
38074,38095
38088,38089
38168,38141
38176,38682
38171,38683
38170,38082
38124,38074
38109,38065
38142,38684
38074,38170
38144,38086
38192,38171
38233,38074
38176,38685
38064,38077
38124,38074
38169,38087
38168,38095
38078,38225
38109,38068
38142,38074
38111,38070
38126,38247
38124,38235
38233,38126
38176,38686
38109,38687
38142,38074
38150,38095
38170,38082
38111,38112
38144,38074
38088,38100
38102,38103
38124,38089
38233,38688
38118,38689
38168,38070
38064,38079
38233,38074
38124,38095
38233,38688
38094,38074
38109,38120
38142,38074
38069,38074
38064,38065
38088,38167
38169,38165
38176,38690
38094,38095
38160,38119
38109,38073
38142,38074
38124,38078
38691,38074
38233,38126
38176,38204
38109,38120
38142,38074
38156,38094
38229,38068
38186,38105
38109,38120
38170,38159
38109,38194
38182,38123
38109,38169
38088,38184
38156,38094
38182,38143
38142,38692
38142,38074
38170,38082
38097,38099
38691,38182
38182,38126
38126,38160
38142,38693
38074,38095
38109,38115
38138,38144
38109,38167
38104,38120
38265,38067
38109,38169
38109,38194
38182,38123
38142,38074
38109,38194
38064,38073
38088,38126
38104,38220
38142,38074
38170,38082
38109,38169
38182,38143
38125,38694
38142,38693
38170,38070
38109,38194
38182,38070
38142,38074
38074,38202
38170,38149
38142,38695
38109,38068
38126,38070
38265,38266
38074,38154
38170,38070
38109,38065
38142,38696
38186,38108
38176,38697
38226,38095
38124,38143
38074,38182
38170,38159
38109,38687
38142,38693
38064,38080
38111,38095
38126,38116
38140,38170
38124,38089
38074,38202
38170,38149
38171,38493
38142,38698
38104,38098
38192,38170
38176,38699
38142,38695
38074,38224
38170,38159
38109,38120
38192,38213
38169,38070
38226,38184
38094,38229
38186,38068
38142,38693
38170,38149
38109,38073
38126,38089
38108,38070
38168,38136
38265,38115
38142,38700
38109,38068
38176,38701
38170,38149
38109,38115
38111,38095
38146,38159
38109,38702
38142,38095
38170,38082
38099,38199
38144,38095
38089,38073
38102,38204
38140,38159
38157,38097
38140,38116
38124,38214
38128,38065
38226,38100
38109,38194
38142,38095
38150,38151
38144,38086
38126,38160
38157,38095
38102,38203
38089,38115
38226,38147
38146,38095
38109,38120
38142,38095
38089,38099
38170,38070
38099,38194
38144,38074
38157,38089
38102,38703
38140,38170
38124,38704
38126,38116
38146,38070
38109,38220
38142,38074
38170,38159
38099,38209
38144,38123
38099,38194
38089,38068
38074,38705
38192,38095
38099,38166
38089,38167
38150,38154
38170,38159
38102,38228
38157,38074
38111,38070
38182,38126
38168,38095
38140,38154
38126,38247
38220,38095
38196,38133
38124,38195
38226,38125
38146,38159
38109,38216
38142,38095
38144,38095
38144,38070
38124,38174
38142,38141
38124,38238
38157,38089
38168,38136
38124,38174
38140,38070
38226,38171
38146,38160
38142,38141
38126,38095
38144,38074
38099,38199
38089,38106
38111,38095
38170,38149
38150,38126
38157,38070
38125,38093
38108,38170
38074,38095
38226,38089
38109,38169
38142,38684
38108,38095
38157,38251
38119,38136
38109,38087
38142,38074
38157,38289
38144,38074
38124,38095
38176,38706
38146,38160
38140,38116
38140,38159
38142,38074
38099,38209
38157,38154
38111,38136
38102,38198
38124,38174
38146,38159
38126,38089
38109,38702
38168,38070
38118,38094
38233,38126
38074,38074
38102,38571
38124,38174
38168,38136
38118,38160
38138,38190
38142,38074
38074,38224
38102,38276
38124,38122
38233,38074
38090,38100
38176,38707
38128,38217
38109,38073
38097,38167
38144,38086
38182,38123
38124,38143
38140,38169
38109,38065
38142,38708
38150,38170
38140,38094
38146,38070
38170,38149
38099,38199
38144,38123
38074,38709
38157,38170
38102,38254
38125,38710
38124,38089
38160,38095
38146,38095
38109,38094
38142,38074
38089,38183
38170,38095
38126,38136
38099,38166
38144,38070
38089,38065
38102,38206
38265,38108
38126,38070
38099,38194
38144,38070
38157,38078
38156,38168
38102,38223
38124,38143
38233,38074
38076,38082
38226,38168
38196,38242
38140,38064
38109,38068
38142,38074
38170,38070
38099,38166
38144,38095
38157,38070
38102,38228
38124,38122
38233,38688
38099,38209
38094,38095
38109,38169
38330,38417
38330,38469
38397,38416
38362,38363
38429,38303
38471,38403
38469,38330
38297,38296
38297,38296
38315,38367
38322,38466
38315,38470
38297,38296
38347,38345
38432,38330
38483,38319
38315,38482
38315,38316
38467,38448
38469,38330
38330,38469
38313,38314
38406,38489
38299,38298
38330,38432
38465,38334
38406,38489
38330,38436
38307,38424
38330,38436
38315,38340
38315,38490
38315,38445
38315,38445
38330,38469
38330,38469
38445,38315
38469,38330
38314,38313
38334,38334
38334,38465
38481,38327
38319,38480
38341,38484
38319,38479
38341,38342
38341,38342
38301,38356
38345,38346
38297,38296
38297,38296
38310,38368
38346,38345
38367,38315
38299,38298
38365,38366
38343,38364
38301,38361
38301,38361
38362,38363
38301,38361
38357,38360
38301,38359
38301,38300
38301,38300
38346,38345
38343,38344
38343,38303
38357,38657
38319,38478
38319,38477
38330,38331
38475,38476
38310,38474
38381,38382
38310,38473
38307,38424
38341,38423
38341,38423
38297,38296
38354,38296
38341,38342
38353,38341
38349,38350
38296,38297
38316,38348
38345,38347
38345,38346
38357,38358
38355,38452
38355,38435
38343,38461
38307,38434
38343,38303
38330,38457
38293,38452
38447,38448
38428,38427
38315,38444
38357,38460
38297,38296
38428,38446
38312,38311
38449,38397
38320,38319
38334,38450
38377,38378
38451,38354
38313,38314
38445,38315
38362,38459
38299,38298
38362,38363
38425,38425
38299,38430
38354,38431
38330,38432
38301,38361
38433,38406
38425,38425
38428,38427
38323,38380
38362,38442
38323,38453
38397,38454
38307,38424
38406,38455
38323,38383
38451,38354
38323,38456
38315,38458
38463,38406
38315,38576
38577,38578
38334,38450
38334,38600
38352,38439
38319,38438
38377,38437
38297,38296
38436,38330
38435,38355
38334,38464
38297,38296
38334,38465
38469,38330
38307,38303
38397,38422
38330,38432
38430,38299
38297,38296
38307,38424
38334,38465
38334,38334
38487,38488
38375,38401
38486,38302
38434,38307
38440,38307
38377,38400
38605,38310
38628,38577
38319,38548
38310,38510
38428,38452
38428,38452
38428,38446
38510,38310
38362,38363
38577,38628
38297,38296
38631,38448
38425,38425
38330,38432
38297,38296
38434,38307
38307,38434
38293,38318
38307,38434
38126,38136
38298,38299
38339,38323
38334,38555
38334,38555
38423,38341
38567,38398
38398,38559
38398,38559
38407,38411
38398,38559
38320,38319
38398,38559
38549,38322
38398,38399
38548,38319
38407,38547
38546,38428
38319,38545
38407,38544
38365,38366
38334,38555
38322,38568
38322,38569
38520,38312
38398,38559
38318,38293
38564,38375
38293,38558
38404,38534
38318,38293
38563,38354
38305,38562
38305,38304
38561,38398
38404,38403
38451,38354
38323,38566
38304,38305
38296,38297
38404,38534
38538,38322
38322,38549
38520,38312
38543,38412
38311,38312
38406,38542
38404,38541
38398,38559
38575,38407
38398,38399
38398,38559
38310,38310
38574,38412
38310,38310
38315,38573
38315,38573
38305,38562
38170,38136
38142,38074
38711,38712
38109,38169
38088,38174
38118,38713
38176,38714
38226,38122
38142,38715
38520,38312
38428,38446
38398,38399
38398,38303
38404,38540
38293,38550
38293,38551
38412,38553
38369,38557
38412,38556
38377,38400
38312,38311
38311,38312
38318,38293
38315,38458
38293,38558
38315,38458
38397,38416
38348,38554
38320,38319
38458,38315
38406,38303
38520,38312
38305,38562
38340,38315
38399,38398
38296,38297
38323,38324
38307,38308
38323,38324
38308,38307
38407,38411
38369,38303
38330,38331
38410,38312
38330,38331
38365,38366
38403,38404
38357,38402
38357,38360
38306,38296
38357,38402
38405,38406
38313,38314
38357,38420
38407,38408
38332,38293
38293,38332
38337,38336
38302,38338
38302,38303
38313,38314
38311,38312
38309,38310
38307,38308
38296,38306
38306,38296
38304,38305
38302,38303
38300,38301
38298,38299
38296,38297
38294,38295
38292,38293
38293,38317
38293,38318
38293,38318
38319,38320
38419,38307
38323,38418
38357,38360
38417,38330
38377,38387
38377,38400
38374,38386
38392,38393
38374,38386
38398,38399
38396,38397
38396,38397
38375,38401
38395,38348
38388,38394
38304,38305
38392,38393
38388,38391
38297,38296
38388,38389
38485,38323
38315,38340
38398,38399
38374,38386
38565,38302
38334,38334
38370,38372
38397,38416
38397,38422
38397,38416
38304,38305
38357,38414
38357,38414
38323,38324
38397,38303
38307,38413
38388,38303
38384,38385
38323,38383
38301,38359
38301,38359
38381,38382
38301,38300
38380,38323
38379,38329
38377,38378
38370,38371
38186,38073
38170,38082
38192,38091
38102,38223
38126,38070
38156,38219
38193,38167
38192,38086
38157,38095
38182,38070
38099,38194
38144,38123
38169,38089
38124,38174
38170,38082
38150,38154
38074,38086
38210,38095
38143,38153
38142,38152
38119,38126
38089,38065
38111,38136
38128,38068
38082,38191
38102,38228
38156,38089
38192,38091
38157,38251
38099,38166
38182,38074
38169,38070
38089,38068
38124,38214
38265,38227
38150,38095
38210,38136
38074,38074
38143,38136
38168,38095
38196,38133
38142,38074
38119,38070
38146,38159
38168,38074
38226,38089
38128,38065
38082,38174
38635,38636
38304,38305
38297,38296
38307,38308
38299,38298
38449,38397
38640,38397
38315,38445
38330,38641
38307,38642
38330,38643
38307,38434
38310,38510
38375,38638
38398,38399
38398,38559
38299,38639
38301,38627
38397,38422
38307,38424
38109,38216
38297,38296
38341,38633
38144,38095
38111,38070
38083,38108
38102,38276
38156,38170
38193,38073
38192,38095
38169,38235
38436,38330
38629,38385
38341,38521
38307,38308
38323,38383
38330,38630
38310,38510
38323,38485
38330,38630
38310,38510
38330,38632
38341,38634
38637,38397
38186,38105
38144,38074
38150,38151
38168,38070
38074,38224
38171,38716
38143,38136
38154,38235
38126,38160
38140,38095
38094,38095
38146,38070
38119,38160
38082,38174
38144,38070
38109,38124
38099,38124
38102,38203
38156,38717
38108,38149
38142,38074
38210,38170
38124,38238
38125,38718
38171,38719
38119,38136
38143,38165
38154,38182
38140,38154
38196,38232
38146,38160
38142,38074
38082,38191
38128,38217
38144,38074
38099,38199
38102,38198
38156,38720
38157,38170
38192,38095
38170,38095
38169,38165
38089,38067
38157,38168
38192,38091
38170,38070
38169,38082
38170,38149
38169,38170
38089,38115
38126,38095
38124,38195
38094,38229
38150,38126
38104,38078
38210,38143
38074,38154
38168,38095
38143,38165
38140,38154
38142,38074
38146,38070
38226,38091
38119,38170
38082,38191
38128,38068
38192,38171
38083,38721
38157,38722
38156,38717
38089,38167
38124,38245
38094,38070
38150,38074
38104,38188
38210,38070
38168,38136
38074,38170
38111,38095
38143,38070
38146,38095
38140,38064
38142,38141
38119,38095
38082,38174
38144,38086
38109,38169
38099,38199
38102,38212
38182,38070
38074,38202
38613,38579
38330,38594
38406,38403
38323,38566
38406,38650
38650,38406
38406,38463
38322,38452
38406,38303
38406,38463
38349,38350
38406,38303
38406,38463
38322,38522
38322,38538
38649,38348
38406,38403
38310,38501
38090,38269
38406,38463
38406,38303
38365,38366
38579,38671
38579,38672
38349,38350
38527,38674
38527,38674
38635,38675
38635,38675
38635,38675
38676,38635
38601,38579
38579,38601
38397,38303
38412,38652
38412,38553
38412,38652
38315,38677
38677,38315
38412,38652
38412,38553
38412,38553
38579,38673
38310,38510
38406,38650
38412,38651
38412,38553
38660,38290
38662,38293
38407,38655
38398,38399
38663,38312
38653,38654
38407,38438
38357,38661
38653,38654
38398,38399
38378,38377
38653,38654
38407,38655
38407,38452
38323,38566
38535,38322
38529,38656
38377,38378
38398,38559
38357,38659
38349,38350
38442,38362
38374,38658
38398,38644
38652,38412
38406,38452
38645,38348
38406,38303
38341,38521
38507,38508
38398,38644
38348,38645
38325,38646
38348,38647
38341,38521
38341,38521
38398,38303
38327,38648
38398,38303
38398,38399
38348,38303
38341,38521
38311,38312
38397,38416
38349,38350
38330,38666
38310,38552
38310,38310
38334,38600
38334,38601
38375,38602
38334,38334
38310,38603
38310,38603
38310,38604
38299,38298
38297,38296
38623,38487
38374,38374
38377,38400
38377,38400
38404,38452
38624,38429
38602,38375
38612,38310
38310,38605
38310,38605
38610,38611
38330,38632
38330,38594
38397,38416
38362,38459
38375,38638
38299,38639
38301,38556
38375,38638
38301,38627
38301,38359
38334,38600
38334,38334
38301,38606
38310,38607
38311,38312
38445,38315
38334,38600
38608,38381
38315,38609
38625,38330
38377,38378
38392,38626
38301,38622
38334,38620
38334,38669
38397,38668
38397,38670
38397,38670
38334,38334
38334,38667
38397,38438
38302,38617
38302,38617
38302,38303
38302,38617
38664,38345
38302,38617
38302,38617
38302,38617
38638,38375
38375,38665
38602,38375
38355,38452
38349,38350
38298,38299
38512,38513
38611,38616
38613,38579
38301,38614
38425,38615
38416,38397
38302,38617
38618,38448
38375,38619
38620,38334
38425,38621
38375,38619
38375,38619
38425,38621
38375,38619
38299,38298
38375,38619
38512,38513
38375,38619
38512,38513
38397,38668
38104,38087
38168,38074
38124,38238
38192,38095
38170,38149
38157,38070
38102,38203
38156,38141
38124,38195
38169,38089
38127,38205
38144,38123
38099,38124
38082,38174
38146,38136
38069,38123
38140,38064
38074,38170
38126,38136
38094,38070
38168,38141
38150,38154
38111,38136
38170,38082
38089,38068
38088,38082
38157,38089
38102,38212
38169,38170
38109,38124
38192,38074
38124,38089
38125,38093
38144,38074
38089,38106
38233,38688
38119,38136
38143,38153
38140,38170
38074,38202
38150,38095
38168,38136
38126,38089
38111,38070
38088,38095
38089,38073
38192,38170
38170,38070
38157,38095
38124,38245
38102,38198
38169,38095
38099,38166
38142,38152
38082,38268
38146,38070
38196,38214
38171,38723
38119,38170
38140,38095
38074,38086
38143,38153
38094,38074
38168,38070
38150,38151
38111,38136
38099,38194
38226,38184
38097,38119
38210,38143
38124,38245
38144,38095
38099,38209
38226,38116
38146,38160
38140,38095
38074,38224
38150,38170
38168,38074
38126,38070
38111,38136
38182,38143
38102,38571
38157,38154
38089,38115
38192,38074
38170,38136
38144,38070
38099,38199
38124,38089
38226,38168
38140,38064
38150,38074
38074,38143
38168,38141
38111,38112
38157,38095
38089,38183
38192,38213
38089,38167
38102,38206
38157,38251
38142,38074
38146,38070
38140,38154
38074,38154
38168,38095
38150,38126
38076,38154
38111,38112
38170,38070
38089,38087
38157,38097
38102,38276
38109,38194
38192,38170
38146,38160
38124,38184
38099,38166
38226,38074
38142,38074
38577,38628
38196,38214
38146,38095
38140,38095
38104,38073
38074,38074
38150,38074
38168,38074
38204,38095
38111,38070
38170,38149
38126,38160
38427,38428
38425,38426
38169,38235
38094,38229
38168,38141
38150,38070
38124,38174
38111,38112
38076,38064
38210,38136
38170,38159
38074,38230
38157,38154
38108,38070
38156,38717
38102,38223
38109,38205
38144,38123
38099,38194
38142,38074
38082,38174
38192,38074
38140,38064
38089,38065
38119,38126
38111,38095
38089,38099
38210,38091
38143,38095
38127,38123
38192,38213
38157,38074
38156,38720
38169,38159
38102,38206
38170,38159
38126,38095
38144,38095
38099,38209
38128,38073
38082,38191
38142,38141
38146,38095
38196,38099
38109,38194
