51824,51825
51824,51826
51827,51828
51829,51830
51831,51832
51833,51834
51835,51826
51836,51837
51838,51824
51827,51839
51831,51840
51828,51841
51842,51835
51843,51826
51844,51845
51846,51847
51845,51835
51848,51825
51849,51826
51850,51825
51843,51845
51844,51826
51842,51845
51827,51850
51848,51826
51851,51852
51831,51853
51845,51854
51828,51855
51849,51856
51850,51857
51858,51837
51859,51860
51835,51826
51859,51860
51861,51854
51836,51835
51862,51863
51862,51864
51851,51865
51866,51828
51861,51830
51867,51868
51843,51837
51835,51869
51843,51826
51833,51870
51835,51857
51867,51845
51859,51857
51859,51826
51850,51871
51845,51845
51824,51835
51827,51872
51842,51826
51831,51833
51836,51836
51844,51857
51828,51846
51861,51873
51831,51847
51850,51874
51875,51846
51828,51876
51877,51850
51836,51826
51845,51854
51850,51871
51859,51847
51866,51878
51849,51850
51879,51880
51845,51826
51867,51857
51835,51835
51828,51881
51824,51835
51844,51882
51878,51883
51824,51857
51836,51872
51847,51848
51827,51884
51833,51885
51886,51887
51888,51836
51889,51890
51824,51857
51836,51854
51846,51859
51843,51854
51838,51857
51828,51836
51842,51835
51827,51891
51848,51892
51862,51893
51888,51894
51895,51896
51897,51837
51835,51835
51859,51825
51833,51898
51850,51835
51849,51899
51858,51900
51845,51826
51849,51884
51850,51857
51867,51868
51861,51901
51849,51856
51845,51902
51866,51835
51848,51825
51843,51903
51824,51835
51836,51837
51846,51838
51827,51904
51828,51876
51838,51882
51844,51856
51842,51857
51858,51837
51835,51869
51859,51826
51833,51905
51848,51847
51845,51902
51845,51845
51829,51900
51824,51826
51846,51859
51836,51906
51844,51904
51843,51858
51842,51873
51828,51907
51831,51840
51845,51895
51827,51845
51888,51894
51878,51857
51908,51857
51867,51909
51859,51857
51849,51910
51850,51847
51848,51825
51835,51857
51848,51857
51849,51850
51911,51891
51912,51857
51850,51835
51886,51913
51824,51825
51846,51860
51843,51837
51836,51845
51844,51914
51828,51915
51838,51845
51842,51873
51827,51826
51858,51857
51897,51850
51835,51825
51867,51826
51859,51847
51912,51825
51850,51828
51889,51853
51844,51856
51848,51826
51824,51825
51835,51857
51866,51828
51838,51892
51875,51852
51859,51860
51888,51916
51845,51902
51833,51886
51836,51835
51917,51902
51827,51839
51835,51869
51836,51836
51901,51918
51861,51854
51850,51919
51888,51894
51845,51826
51828,51841
51836,51845
51827,51917
51828,51880
51845,51835
51850,51919
51875,51842
51859,51826
51827,51828
51844,51826
51867,51830
51836,51854
51917,51826
51917,51837
51835,51835
51851,51852
51912,51826
51861,51826
51866,51830
51847,51847
51845,51826
51867,51826
51828,51881
51828,51907
51920,51836
51844,51857
51917,51837
51845,51902
51859,51825
51875,51921
51877,51850
51866,51857
51861,51922
51901,51923
51827,51904
51835,51845
51846,51838
51828,51852
51827,51884
51917,51850
51844,51904
51866,51835
51858,51900
51833,51924
51836,51845
51828,51846
51844,51845
51849,51850
51827,51850
51917,51826
51925,51926
51845,51835
51908,51826
51859,51826
51861,51844
51836,51906
51844,51856
51828,51927
51827,51826
51858,51837
51917,51850
51845,51854
51859,51860
51928,51907
51861,51878
51835,51826
51836,51837
51866,51929
51861,51901
51851,51842
51835,51825
51844,51914
51836,51845
51828,51852
51835,51845
51851,51930
51861,51878
51920,51854
51889,51931
51824,51825
51859,51847
51875,51852
51850,51932
51824,51826
51844,51904
51836,51837
51833,51933
51828,51865
51835,51835
51845,51845
51850,51934
51845,51902
51859,51825
51828,51880
51858,51857
51833,51935
51835,51825
51861,51919
51848,51826
51866,51826
51850,51919
51845,51835
51859,51825
51824,51857
51828,51927
51844,51856
51836,51835
51835,51869
51867,51914
51851,51936
51911,51845
51866,51873
51879,51876
51836,51854
51851,51937
51859,51847
51917,51826
51828,51855
51836,51826
51835,51826
51851,51936
51861,51938
51866,51925
51845,51854
51867,51836
51850,51932
51859,51857
51824,51835
51827,51845
51844,51857
51867,51900
51917,51902
51828,51865
51836,51826
51875,51921
51844,51882
51827,51850
51824,51825
51831,51840
51845,51826
51824,51835
51888,51939
51844,51845
51935,51868
51895,51940
51827,51891
51833,51941
51828,51915
51867,51942
51835,51857
51836,51906
51851,51919
51861,51903
51866,51857
51845,51845
51850,51871
51859,51860
51850,51934
51859,51847
51848,51825
51888,51939
51873,51908
51912,51826
51845,51895
51836,51845
51901,51943
51850,51835
51878,51857
51862,51863
51849,51856
51827,51839
51861,51903
51888,51916
51858,51900
51917,51850
51944,51852
51842,51873
51846,51838
51838,51826
51908,51857
51831,51853
51824,51825
51866,51835
51873,51825
51836,51826
51845,51872
51901,51850
51827,51845
51912,51847
51850,51826
51862,51893
51945,51857
51944,51865
51861,51946
51858,51857
51842,51826
51917,51902
51835,51826
51838,51836
51831,51832
51846,51847
51888,51836
51945,51826
51947,51836
51824,51826
51831,51832
51945,51826
51948,51857
51849,51910
51873,51825
51848,51857
51836,51835
51845,51902
51838,51835
51912,51826
51897,51949
51850,51857
51908,51826
51858,51857
51917,51826
51888,51950
51835,51869
51842,51873
51901,51951
51846,51847
51944,51880
51842,51835
51952,51828
51953,51854
51889,51840
51849,51850
51873,51826
51836,51836
51912,51825
51845,51826
51901,51954
51878,51955
51897,51850
51850,51847
51908,51869
51861,51901
51858,51900
51888,51836
51829,51900
51917,51826
51835,51857
51849,51826
51889,51890
51848,51826
51833,51924
51858,51837
51842,51856
51917,51850
51835,51826
51846,51860
51859,51825
51831,51853
51838,51904
51888,51956
51945,51826
51947,51850
51833,51957
51848,51824
51836,51837
51958,51826
51901,51959
51849,51856
51889,51833
51824,51835
51866,51878
51897,51902
51850,51857
51861,51903
51858,51900
51861,51960
51917,51837
51842,51882
51835,51835
51859,51847
51838,51839
51846,51847
51828,51880
51889,51961
51901,51962
51848,51963
51849,51850
51944,51846
51827,51828
51845,51854
51873,51826
51912,51857
51944,51919
51861,51873
51873,51871
51850,51828
51827,51850
51836,51906
51878,51964
51850,51847
51944,51927
51897,51826
51862,51864
51888,51950
51845,51902
51861,51965
51858,51857
51835,51825
51891,51850
51859,51860
51838,51825
51945,51835
51846,51860
51866,51929
51842,51835
51873,51826
51849,51910
51901,51850
51827,51891
51912,51845
51850,51825
51878,51966
51866,51857
51897,51854
51888,51967
51829,51968
51842,51845
51858,51900
51917,51826
51835,51857
51846,51859
51859,51826
51875,51969
51838,51855
51945,51835
51824,51826
51833,51905
51845,51845
51895,51940
51846,51838
51947,51826
51866,51826
51827,51832
51836,51835
51824,51825
51944,51970
51833,51870
51886,51971
51846,51860
51848,51972
51828,51907
51844,51857
51842,51826
51835,51869
51917,51902
51878,51825
51859,51857
51861,51845
51850,51826
51838,51826
51908,51826
51973,51974
51849,51856
51901,51850
51944,51876
51824,51835
51833,51957
51846,51838
51828,51865
51844,51904
51838,51836
51911,51824
51842,51845
51829,51857
51917,51850
51859,51825
51850,51847
51912,51825
51867,51845
51845,51881
51873,51825
51835,51857
51912,51857
51867,51826
51849,51910
51912,51826
51861,51826
51849,51826
51845,51854
51873,51826
51866,51925
51848,51826
51889,51911
51850,51828
51824,51826
51827,51917
51828,51841
51838,51835
51844,51882
51842,51856
51835,51825
51862,51863
51858,51900
51836,51826
51859,51826
51878,51826
51888,51916
51845,51835
51848,51840
51873,51845
51866,51830
51889,51911
51827,51824
51901,51975
51824,51857
51836,51854
51833,51898
51846,51847
51828,51846
51838,51828
51844,51845
51842,51882
51858,51857
51917,51826
51835,51835
51862,51893
51889,51931
51848,51976
51836,51906
51849,51826
51846,51859
51838,51904
51859,51857
51944,51865
51831,51840
51953,51900
51833,51977
51866,51860
51891,51850
51945,51857
51849,51850
51848,51850
51845,51854
51912,51825
51850,51835
51897,51845
51836,51836
51978,51979
51973,51912
51861,51826
51835,51835
51842,51857
51944,51915
51824,51835
51831,51847
51866,51828
51953,51830
51828,51881
51849,51826
51952,51900
51848,51857
51845,51835
51873,51845
51912,51847
51901,51980
51897,51826
51850,51828
51836,51854
51858,51857
51888,51956
51917,51902
51908,51869
51838,51839
51858,51900
51888,51967
51838,51981
51844,51826
51859,51860
51917,51902
51842,51857
51835,51826
51829,51830
51858,51857
51846,51859
51861,51982
51850,51826
51830,51881
51866,51873
51912,51847
51867,51914
51827,51917
51873,51825
51845,51826
51897,51845
51828,51927
51945,51857
51833,51957
51842,51845
51835,51825
51861,51854
51891,51850
51901,51983
51875,51901
51878,51984
51866,51914
51912,51871
51867,51873
51845,51835
51873,51871
51827,51872
51849,51850
51848,51985
51836,51845
51948,51835
51944,51986
51824,51857
51917,51850
51829,51826
51873,51871
51850,51932
51835,51857
51828,51846
51973,51883
51836,51854
51925,51842
51953,51830
51838,51904
51889,51931
51889,51961
51973,51849
51987,51845
51833,51886
51838,51882
51892,51845
51845,51830
51988,51892
51953,51830
51829,51836
51877,51989
51824,51825
51953,51902
51836,51837
51828,51880
51973,51984
51827,51884
51877,51850
51953,51826
51838,51857
51889,51833
51835,51872
51875,51935
51973,51990
51925,51991
51895,51940
51953,51992
51889,51867
51835,51826
51973,51993
51877,51994
51829,51830
51877,51995
51892,51986
51849,51836
51928,51919
51987,51854
51851,51936
51911,51996
51889,51961
51988,51857
51845,51830
51892,51826
51829,51836
51978,51850
51947,51900
51848,51847
51850,51847
51842,51835
51851,51852
51978,51860
51889,51867
51895,51997
51988,51835
51892,51998
51842,51856
51850,51828
51848,51857
51848,51999
51925,52000
51850,51825
51892,51852
51842,51845
51978,51900
51851,51842
51911,51824
51889,51840
51892,51857
51920,52001
51988,51845
51845,51881
51953,51902
51829,51836
51849,51835
51892,51825
51947,51901
51928,52002
51889,51853
51849,51860
51835,51845
51895,51997
51953,51826
51828,51880
51973,51984
51827,51917
51877,51902
51824,51835
52003,51842
51953,51854
51838,51825
51888,51939
51828,51876
51973,52004
51827,51845
52003,51842
51925,51865
51953,51878
51889,51840
51828,51852
51889,51961
51973,51883
52003,52005
51827,51872
51832,51846
51866,51826
51925,51926
51953,51992
51889,51853
51828,51865
51842,51882
51973,51849
51877,51850
51827,51826
51847,51835
52003,52005
51861,51830
51866,51828
51925,51855
51953,51900
51889,51840
51973,52002
51877,51902
51877,51902
51827,51839
52003,52005
51895,52006
51953,51830
51889,51867
51828,51841
51973,51984
51827,51826
51877,51900
51829,51900
52003,51842
52003,52005
51925,51852
51953,51850
51889,51961
51828,51881
51973,51993
51827,51872
52003,52005
51911,51904
51838,51981
51877,51850
51827,51891
51973,51990
51866,51835
51953,51900
51889,51890
51828,51927
51973,52007
51827,51850
51877,51850
52003,52005
51895,51896
51925,51936
51953,51878
51889,51911
51828,51907
51827,51904
51877,51850
51824,51825
52003,51842
51953,51902
51889,51931
51953,51854
51947,51857
51848,51825
51892,51998
51987,51826
51978,51857
51889,51840
51928,51881
51851,51919
51944,51880
51850,51825
51877,51850
51928,51880
51850,51847
51850,51835
51947,51868
51987,51850
51953,51992
51944,51927
51920,51836
51953,51900
51850,51828
51889,51833
51848,51847
51953,51912
51944,51970
51947,51828
51848,51857
51928,51846
51892,51825
51891,51935
51978,51857
51988,51858
51829,51836
51978,51850
51953,51850
51850,51835
51978,51860
51888,51894
51988,51881
51829,51836
51953,51992
51947,51900
51928,51883
51928,51936
51987,51837
51848,51825
51859,51911
51944,51876
52008,52009
51850,51828
51829,51836
51944,51852
51987,51865
51944,51986
51948,51857
51987,51826
51944,51927
51944,51865
51889,51931
51944,51970
51944,51880
51987,51994
51944,51865
51850,51835
51944,51852
51850,51857
51829,51836
51859,51860
51850,51847
51944,51865
51988,52010
51829,51836
51912,51847
51920,51881
51850,51857
51912,51825
51859,51847
51925,51994
51987,51826
51875,51901
51944,51852
51829,51836
51987,51850
51987,51850
51850,51826
51911,52011
51859,51825
51859,51847
51988,51860
51859,51857
51891,51865
51928,52002
51988,51872
51947,51826
51892,51872
51848,51934
51928,51865
51859,51826
51842,51856
51948,51836
51978,51850
51988,52012
51829,51836
51953,51900
51947,51900
51848,51986
51850,51857
51978,51900
51889,51890
51838,51873
51945,51892
51850,51825
51842,51882
51892,51825
51847,51856
51842,51826
51850,51828
51978,51857
51892,51826
51988,52013
51947,51828
51848,51828
51925,51852
51928,51881
51892,51857
51944,51915
51842,51845
51978,51857
51873,51826
51947,51826
51848,51828
51928,51936
51987,52014
51829,51836
51861,51938
51953,51854
51947,51828
51859,51825
51842,51857
51892,51998
51947,51836
51848,51826
51928,51880
51892,51856
51978,51850
51978,51909
51947,51868
51928,51907
51944,51986
51987,52015
51850,51828
51978,51900
51873,51825
51947,51826
51848,51871
51848,51828
51850,51857
51928,51852
51848,51828
51830,51987
51848,51986
51928,51846
51892,51857
51944,51876
51850,51825
51978,51860
51838,51835
51892,51825
51947,51901
51848,51934
51928,51883
51847,51914
51911,51891
51850,51847
51892,51826
51978,51838
51920,51826
51947,51857
51831,51847
52003,51842
51877,51850
51827,51845
51866,51828
51845,51854
51858,51837
51828,51846
51945,51826
51836,51906
51877,51850
51827,51845
51901,52016
51850,51871
51895,51997
51901,52017
51866,51873
51845,51826
51858,51857
51917,51938
51878,51871
51828,51876
52003,52005
51851,51919
52003,51842
51832,51852
51917,51938
51828,51880
51945,51857
51836,51836
51832,51880
51827,51850
51850,51934
51861,51854
51827,51839
51901,52018
51859,51872
51908,51826
51845,51835
51911,51917
51953,51826
51828,51927
51945,51872
51836,51837
51866,51929
51945,51857
51836,51837
51827,51917
51836,51826
51832,51865
51827,51826
52003,51842
51861,51938
51901,52019
51925,51865
51845,51835
51945,51826
51858,51900
51917,51938
51828,51876
51878,51966
51945,51835
51836,51906
51850,51934
51832,51880
51829,51826
51866,51830
51828,51855
51917,51938
51866,51857
51829,51830
52003,52005
51833,51886
51838,51828
51901,51850
51925,51855
51845,51845
51858,51900
51917,51854
51828,52020
51851,51842
51945,51825
51836,51845
51827,51891
52003,51842
51901,52021
51925,52022
51845,51902
51858,51837
51925,51936
51845,51902
51908,51857
51866,51826
51827,51828
51858,51900
51849,51856
51828,51855
51889,51867
51836,51854
51877,51850
51866,51873
51917,51902
51901,51923
51827,51891
51917,51830
51828,51907
51945,51835
51836,51837
51866,51826
51901,51918
51861,52012
51845,51902
51925,51846
51845,51854
51861,51824
51859,51857
51845,51858
51917,51837
51827,51904
51844,51826
51828,51915
51836,51835
51901,51975
51861,51919
51928,51846
51845,51835
51925,51852
51917,51830
51827,51845
51828,51841
51836,51826
51844,51882
51866,51830
51901,51850
51988,52010
51827,51828
51845,51826
51828,51852
51827,51826
51836,51845
51861,51901
52003,52005
51866,51857
51901,51850
51908,51869
51845,51881
51889,51840
51925,51919
51828,51881
51844,51856
51836,51835
51877,51850
51827,51904
51988,52023
52003,51842
51901,51850
51917,51903
51828,51915
51858,51857
51925,52000
51851,51865
51836,51854
51901,51850
51866,51873
52003,51842
51859,51847
51845,51858
51917,51938
51827,51839
51828,51865
51836,51826
51844,51914
51877,51850
51866,51830
51861,51922
51901,51975
52003,52005
51908,51869
51845,51895
51917,51826
51862,51863
51875,51865
51838,51855
51911,51917
51828,51855
51827,51904
51829,51900
51832,51855
52003,52005
51861,51861
51925,51994
51867,51873
51845,51826
51831,51847
51827,51828
52003,52005
51861,51845
51866,51929
51953,51902
51845,51854
51889,51890
51828,51881
51878,51986
51850,51934
51877,51850
51832,51846
52003,52005
51866,51873
51925,51880
51953,51903
51845,51830
51889,51931
51878,51999
52003,51842
51828,51846
51827,51839
51847,51857
52003,51842
51861,51878
51866,51857
51925,51919
51828,52020
51827,51884
52008,52024
51828,51846
51973,51993
51827,51891
51847,51914
51945,51872
52003,52005
51832,51880
51861,51902
51866,51830
51889,51911
51828,51927
51877,51902
51827,51839
51824,51825
51833,51886
51829,51826
52003,51842
51832,51865
51828,51841
51973,51999
51917,52025
51877,51902
51827,51917
51973,51990
51828,51915
51877,51850
51829,51857
52003,51842
51832,51919
51845,51835
51889,51867
51828,51907
51827,51850
51824,51826
52003,51842
51925,51846
51953,51850
51845,51826
51889,51931
51877,51902
52003,52005
51866,51828
51953,51830
51889,51890
51847,51825
51827,51828
51828,51915
51911,51891
52003,51842
51845,51854
51901,52026
51828,51881
51851,51936
51827,51904
51850,51932
52003,51842
51945,51825
51901,51850
51917,51938
51878,51874
51828,51907
51851,51865
51827,51826
51829,51857
51850,51919
51945,51857
51845,51895
51827,51884
51836,51854
51851,51852
51925,51880
51901,52027
52028,51900
51845,51845
51889,51911
51866,51826
51828,51927
51844,51857
51832,51852
51877,51850
51836,51854
51988,51830
52003,52005
51861,51902
51901,51850
51845,51826
51917,51903
51866,51835
51828,51865
51875,51846
52003,52005
52003,52005
51845,51845
51917,51830
51877,51850
51827,51850
52003,51842
51850,51919
51875,51880
51866,51826
51925,51995
51828,51880
51911,51839
51845,51835
51889,51840
51828,51841
51917,51938
51827,51891
51945,51835
52003,52005
51866,51835
51901,52029
51845,51902
51901,52030
52003,51842
51901,52031
51828,51852
51866,51899
51827,51845
51850,51871
52003,52005
51925,52000
51911,51904
51901,52032
51845,51854
51889,51853
51835,51825
51878,51984
51828,52020
51866,51830
51827,51917
51832,51881
51836,51837
51850,51871
51925,51842
51944,51846
51848,51968
51824,51857
51892,51826
51861,51873
51945,51857
51912,51826
51846,52033
51849,51856
51947,51836
51873,51825
51859,51847
51953,51902
51892,51996
51866,51929
51911,51824
51845,51881
51850,51826
51829,51925
51824,51835
51844,51904
51892,51825
51928,51912
51848,51847
51827,51828
51830,52034
51842,51860
51925,52022
51988,52023
51891,51865
51988,51845
51848,51968
51978,51900
51827,51904
51830,51856
51892,51872
51842,51857
51988,51881
51861,51826
51846,51875
51849,51835
51873,51856
51978,51857
51838,51828
51953,51992
51917,51835
51845,51830
51892,51872
51925,51880
51850,51835
51844,51857
51848,51826
51827,51845
51830,51878
51842,51826
51892,51850
51866,51860
51978,51850
51866,51914
51928,51865
51978,51909
51878,51852
51866,51835
51891,52035
51833,51914
51846,52033
51858,51900
51912,51892
51849,51850
51892,51825
51988,51836
51838,51904
51889,51840
51917,51837
51987,51901
51847,51835
51892,51826
51850,51847
51845,51902
51925,51855
51829,51830
51848,51826
51824,51857
51947,51837
51891,51852
51830,51881
51831,51853
51833,51919
51867,51836
51912,51825
51846,52033
51892,51872
51849,51856
51838,51825
51947,51850
51889,51890
51953,51826
52036,52037
51892,51872
51892,51825
51917,51858
51873,51857
51851,51852
51845,51845
51850,51835
51925,51936
51829,51826
51886,52038
51824,51825
51848,51828
51844,51882
51847,51856
51844,51826
51850,51825
51925,51994
51892,52039
51838,51845
51935,51881
51845,51902
51953,51850
51835,51835
51917,51850
51850,51825
51925,51855
51892,51842
51866,51925
51846,51875
51824,51826
51978,51860
51848,51828
51830,51826
51842,51873
51827,51845
51952,51845
51891,51880
51892,51826
51849,51826
51873,51825
51912,51892
51844,51857
51846,51875
51912,51847
51849,51856
51849,52040
51861,51903
51873,51825
51892,51825
51912,51826
51846,51875
51845,51830
51835,51826
51953,51826
51892,51826
51908,51869
51873,51871
51917,51902
51925,51907
51866,51878
51844,51904
51978,51900
51848,51968
51892,51882
51830,51904
51988,51835
51827,51891
51842,51882
51833,51901
51850,51857
51895,51997
51838,51839
51892,51882
51866,51828
51978,52041
51848,51828
51928,51842
51842,51845
51827,51873
51830,51910
51988,51857
51891,51846
51833,52042
51861,51854
51892,52043
51849,51826
51846,51875
51892,52044
51858,51857
51873,51826
51838,51836
51947,51868
51953,51830
51845,51826
51892,52045
51847,51848
51851,51842
51912,51857
51886,52046
51844,51845
51850,51828
51953,51854
51845,51854
51917,51901
51850,51847
51925,51846
51892,52039
51844,51882
51978,52047
51848,51826
51830,51850
51842,51835
51827,51904
51988,52048
51892,51825
51849,51856
51912,51845
51846,51875
51873,51871
51947,51900
51953,51992
51892,51850
51845,51835
51911,51891
51847,51826
51925,51936
52049,51835
51830,51919
51842,51845
51844,51845
51848,51857
51925,51880
51829,51900
51842,51882
51830,51883
51897,51850
51824,51857
51878,51899
51988,51901
51850,51828
51844,51904
51892,51825
51846,52050
51928,51880
51858,51900
51867,51914
51912,51857
51849,51826
51891,52051
51833,52052
51978,51857
51947,51900
51879,51919
51953,52053
51892,51986
51911,51904
51917,51836
51987,51837
51829,51968
51845,51830
51842,51826
51830,52034
51878,51874
51824,51826
51988,51850
51892,51857
51844,51882
51978,52041
51846,52054
51873,51826
51928,51937
51920,51854
51849,51850
51912,51845
51833,52055
51866,51830
51947,51850
51892,51999
51953,51900
51911,51917
51828,51855
51838,51882
51945,51826
51828,51876
51892,51955
51838,51845
51889,51931
51838,51835
51845,51845
51892,52056
51873,51825
51987,51826
51917,51902
51851,51919
51848,51828
51925,51919
51842,51882
51947,51857
51892,51955
51878,51874
51824,51826
51988,51827
51844,51857
51928,52002
51846,52057
51867,51900
51888,51950
51849,51884
51850,51826
51912,51892
51830,51987
51835,51857
51866,51826
51833,52058
51845,51881
51987,51835
51873,51857
51917,51835
51848,51828
51925,52000
51892,51842
51842,51856
51897,51854
51830,51881
51824,51825
51878,51984
51988,51925
51844,51826
51945,51857
51846,52033
51928,51846
51867,51836
51850,51847
51861,52047
51892,51825
51849,51856
51912,51845
51891,52059
51978,51900
51848,51850
51842,51856
51925,51926
51892,51996
51842,51835
51844,51826
51978,52010
51878,51986
51988,51860
51928,51936
51867,51909
51945,51872
51846,52033
51892,51872
51833,52060
51830,52061
51849,51826
51866,51860
51947,51836
51828,51865
51935,51836
51953,51854
51889,51890
51911,51904
52036,51836
51892,51826
51847,51847
51873,51871
51912,51857
51850,51826
51827,51839
51886,52062
51978,51860
51878,51865
51892,51996
51866,51925
51988,52010
51928,51907
51891,52035
51833,52063
51867,51914
51846,52033
51849,51884
51848,51825
51912,51826
51828,51860
51947,51828
51892,51872
51889,51931
51953,51850
51911,51917
51873,51826
51845,51845
51892,51996
51925,51994
51850,51825
51879,51927
51925,51842
51889,51911
51845,51854
51824,51825
51850,51857
51842,51857
51978,51909
51878,51984
51892,51826
51988,51826
51844,51856
51846,52064
51928,51881
51861,51903
51830,52061
51867,51826
51833,52065
51891,52051
51912,51825
51879,51865
51866,51857
51892,51872
51838,51855
51911,51891
51953,51830
51828,51880
51873,51825
51849,51899
51848,51899
51845,51826
51925,51852
51848,51968
51830,52066
51892,51825
51842,51873
51824,51835
51844,51914
51988,51914
51928,51883
51846,52067
51867,51925
51945,51872
51849,51910
51912,51847
51833,51827
51892,51872
51866,51873
51935,51868
51911,51996
51889,51853
51953,51878
51828,51927
51847,51825
51873,51871
51892,51850
51851,51936
51917,51850
51861,51873
51988,51845
51830,51836
52008,51836
51953,51854
51947,51850
51829,51824
51824,51826
51838,51904
51917,51925
51892,51826
51889,51890
51891,51852
51988,51925
51892,51857
51846,51875
51873,51871
51925,51926
51912,51845
52068,51840
51848,51968
51928,51937
51978,51909
51842,51856
51849,51836
51850,51835
51892,51825
51845,51902
51947,51857
51850,51847
51842,51836
52068,51840
51848,51826
51842,51845
51892,51825
51849,51826
51878,51876
51861,51854
51953,51878
51829,51857
51824,51857
51892,51836
51849,51835
51948,51857
51846,52055
51944,51865
51845,51881
51912,51826
51873,51826
51892,51998
51925,51855
51978,52010
52068,51911
51848,51955
51928,51881
51891,51846
51911,51904
51953,51830
51824,51826
51925,51865
51912,51826
52068,51911
51848,51968
51873,51825
51928,52002
51978,52041
51842,51835
51891,52020
51892,51825
51849,51856
51845,51826
51850,51826
51947,51826
51892,51826
51958,51826
51917,51835
51911,51835
51824,51835
51889,51853
51844,51857
51988,51826
51851,51865
51892,51998
51867,51857
51917,51850
51846,51875
51988,51844
51889,51840
51892,51850
51988,51850
51846,51875
51845,51881
51925,51919
51912,51892
51848,51828
51873,51857
51928,51883
51842,51873
51892,51850
51891,51880
51850,51857
51892,51857
51947,51828
51953,51854
51944,51880
51944,51915
51917,51836
51824,51825
51844,51845
51911,51844
51889,51931
51849,51856
51978,51909
51978,51830
51850,51857
51838,51825
51829,51900
51953,51902
51947,51836
51849,51836
51928,51907
51892,51955
51848,51871
52068,51961
51842,51882
51886,52069
51846,51944
51911,51839
51988,51824
51845,51854
51846,51955
51895,51896
51829,51968
51953,51900
51947,51857
51824,51825
51945,51835
51849,51835
51928,51852
51892,51984
52068,51840
51891,52020
51873,51857
51845,51902
51892,51826
51846,52065
51988,52010
51889,51833
51891,51865
51824,51835
51829,51826
51953,51992
51947,51826
51892,51857
51911,51850
51878,51927
51892,51836
51928,51846
51848,51968
52068,51931
51842,51826
51850,51825
51987,51826
51892,51998
51988,51836
51845,51826
51889,51867
51849,51826
51842,51860
51848,51919
51850,51826
51849,51826
51928,51865
51892,52070
52068,51931
51848,52071
51850,51847
51978,51826
51842,51857
51851,51937
51987,51850
51892,51927
51824,51835
51911,51917
51845,51902
51988,51881
51953,51878
51829,51836
51947,51836
51824,51857
51892,51865
51849,51856
51928,51880
51892,51876
51848,51899
51889,51853
51947,51868
51892,51955
51829,51830
51978,52041
51892,52070
51889,51890
51886,52072
51988,51872
51845,51854
51895,51940
51892,51826
51953,51850
51824,51826
51947,51828
51849,51856
51928,51919
52068,51911
51848,51932
51978,51892
51842,51882
51892,51825
51889,51931
51886,52073
51988,51860
51845,51826
51838,51826
51846,52071
51953,51826
51846,51875
51845,51854
52068,51853
51912,51847
51912,51845
52049,51836
51827,51884
51891,51872
51842,51856
51831,51840
51845,51854
51849,51826
51846,51875
51892,51825
51838,51855
51892,51826
51829,51824
51935,51826
51958,51900
51850,51826
51889,51867
51908,51857
51925,51842
51892,51996
51978,51850
51824,51826
51844,51857
51866,51826
51953,51878
51988,51850
51848,51826
51844,51882
51925,51852
51978,51824
51847,51847
51844,51904
51988,52023
51892,51826
51830,51828
51845,51902
51912,51847
51827,51826
51842,51873
51988,51925
51849,51856
51846,51875
51947,51857
51829,51925
51953,51826
51935,51850
51958,51914
51892,51996
51850,51835
51824,51825
51925,51919
51978,51857
51892,51825
51848,51828
51886,51900
51952,51942
51842,51857
51891,51936
51833,51860
51849,51835
51861,51826
51892,51996
51912,51892
51945,51826
51846,51875
51845,51881
51947,51826
51827,51917
51838,51981
51892,51857
51917,51836
51850,51847
51851,51827
51925,52000
51824,51857
51866,51914
51978,51909
51892,51825
51844,51826
51848,51828
51953,51902
51873,51826
51952,51850
51988,51835
51830,51914
51827,51839
51891,52020
51842,51882
51892,51850
51833,51824
51849,51836
51912,51825
51845,51826
51846,51875
51944,51880
51892,51857
51859,51911
51911,51839
51850,51828
51917,52074
51948,51914
51925,51865
51987,51824
51824,51835
51892,51826
51866,51857
51886,52075
51844,51845
51830,51860
51824,51826
51827,51828
51889,51853
51935,51854
51842,51860
51849,51826
51892,51825
51850,51828
51953,51902
51947,51836
51829,51968
52068,51931
51917,51901
51859,51860
51978,51860
51891,51880
51892,51826
51824,51835
51844,51904
51988,51827
51912,51857
51873,51826
51845,51881
51892,51857
51928,51852
51925,52022
51891,51865
51842,51835
51889,51911
51849,51836
51928,51936
51912,51825
51925,51936
51873,51825
51928,51842
51842,51857
51978,51850
51849,51836
51892,51872
51850,51857
52008,52076
51953,51830
51947,51900
51873,51871
51829,51857
51917,51914
51892,52077
51889,51833
51824,51857
51948,51835
51844,51857
51987,51835
51988,52023
51846,51875
51845,51854
51892,52078
51827,51839
51846,51875
51892,51850
51953,51878
51935,51837
51827,51873
51889,51911
51824,51825
51925,51926
51978,51900
51844,51882
51892,51826
51988,51830
51912,51857
51848,51828
51917,51925
51845,51830
51891,51852
51842,51826
51892,51825
51849,51972
51846,51875
51953,51850
51947,51828
51829,51900
51866,51929
51850,51826
51892,51826
51873,51857
51850,51847
51892,51825
51829,51826
51947,51868
51838,51882
51829,51830
52068,51911
51850,51835
51958,51854
51889,51961
51978,51857
51824,51857
51844,51845
51892,51857
51987,52079
51988,51836
51830,51836
51912,51845
51845,51902
51873,51856
51928,51919
51842,51845
51891,51872
51892,51850
51849,51856
51846,51875
52008,52080
51953,51992
51917,51826
51846,51860
51892,51825
51833,51897
51842,51845
51836,51854
51827,51824
51848,51826
51875,51865
51838,51835
51844,51904
51849,51850
51824,51825
51835,52002
51911,51891
51917,51850
51888,51836
51935,51837
51846,51852
51912,51847
51858,51900
51850,51828
51873,51871
51866,51878
51908,51869
51845,51902
51917,51902
51842,51857
51953,51878
51836,51835
51908,51826
51847,51847
51908,51857
51917,51850
51829,51900
51842,51857
51827,51832
51848,51932
51875,51880
52081,51931
51944,51927
51838,51825
51844,51944
51845,51872
51824,51835
51830,51919
51835,51826
51911,51839
51973,51856
51846,52082
51935,51906
51858,51857
51912,51845
51873,51826
51866,51830
51850,51847
51849,51826
51845,51826
51827,51826
51848,51899
51901,52083
51849,51826
51844,51882
51824,51835
51835,51986
51911,51996
51947,51836
51838,51826
51935,51826
51846,51880
51888,51967
51848,51919
51891,51850
51873,51825
51850,51835
51912,51857
51866,51914
51908,51826
51944,51876
51845,51835
51917,51902
51842,51835
51878,51825
51836,51826
51858,51857
51952,51826
51827,51872
51917,51850
51875,51842
51901,51850
51838,51857
51849,51856
51844,51857
51824,51857
51945,51857
51888,51894
51835,51883
51911,51904
51944,51880
51842,51856
51953,51850
51846,51848
51891,51850
51858,51837
51912,51825
51873,51857
51978,51857
51850,51828
51866,51899
51847,51835
51908,51857
51845,51826
51935,51836
51836,51837
51912,51825
51850,51826
51847,51825
51917,51854
51892,51825
51842,51856
51829,51968
51827,51904
51944,51846
51897,51902
51848,51927
51988,51901
51838,51839
51908,51857
51901,51850
51892,51850
51844,51915
51824,51825
51867,51857
51849,51826
51888,51939
51911,51917
51858,51837
51948,51836
51866,51929
51846,52084
51830,51881
51912,51892
51886,52085
51845,51854
51944,51852
51848,51968
51988,52048
51875,51901
51838,51836
51901,52086
51844,51986
51892,51996
51830,51919
51824,51826
51849,51850
51978,51900
51888,51956
51833,52087
51911,51996
51858,51900
51889,51867
51892,51872
51935,51881
51846,51984
51912,51857
51920,52001
51850,51825
51873,51845
51866,51925
51935,51830
51850,51835
51891,51850
51908,51826
51917,51850
51829,51826
51842,51835
51827,51845
51944,51986
51988,51845
51835,51826
51848,51986
51831,51840
51875,51919
51851,51842
51838,51845
51824,51826
51844,51826
51849,51856
51830,52061
51888,51950
51879,52088
51953,51850
51866,51828
51846,51999
51935,51850
51858,51857
51859,51860
51873,51857
51891,51850
51850,51857
51873,51825
51845,51835
51836,51836
51908,51869
51917,51826
51829,51830
51842,51882
51827,51891
51835,51857
51944,51865
51988,51872
51848,51852
51838,51857
51844,51871
51830,52061
51824,51857
51849,51850
51888,51916
51911,51824
51833,52089
51858,51900
51866,51824
51846,51872
51935,51881
51912,51847
51827,51904
51901,52090
51848,51857
51849,51910
51891,51850
51861,51873
51835,51825
51912,51826
51858,51857
51873,51871
51842,51826
51829,51826
51917,51902
51908,51857
51850,51825
51836,51845
51988,51850
51897,51850
51845,51826
51848,51847
51866,51824
51849,51826
51944,51876
51945,51892
51828,51852
51831,51832
51953,51992
51833,51899
51978,51836
51824,51857
51846,51847
51838,51825
51835,51857
51891,51850
51912,51857
51861,52091
51873,51845
51908,51857
51858,51900
51842,51860
51917,51826
51850,51847
51978,51900
51901,51850
51878,51826
51897,51836
51847,51856
51866,51828
51848,51826
51849,51856
51944,51919
51831,51833
51958,51836
51945,51857
51844,51857
51875,51865
51845,51845
51838,51855
51846,51860
51947,51826
51861,51854
51888,52092
51842,51856
51829,51857
51836,51906
51917,51850
51873,51825
51858,51900
51850,51828
51978,51857
51912,51857
51835,51856
51928,51883
51848,51826
51849,51856
51958,51925
51945,51835
51973,51846
51831,51833
51953,51902
51866,51826
51828,51855
51859,51826
51920,51826
51845,51845
51901,52093
51891,51850
51875,51919
51901,52094
51844,51856
51891,51850
51861,51826
51835,51869
51836,51854
51935,51873
51888,51894
51842,51882
51917,51826
51877,51850
51873,51826
51858,51857
51912,51845
51850,51857
51978,51826
51845,51854
51848,51825
51849,51910
51866,51929
51944,51927
51831,51853
51824,51825
51846,51859
51838,51857
51836,51835
51827,51839
51846,51860
51838,51828
51824,51825
51945,51835
51833,52095
51844,51845
51911,51996
51835,51874
51838,51855
51846,51860
51858,51900
51935,51854
51873,51871
51849,51850
51888,51939
51850,51825
51866,51878
51908,51869
51847,51856
51917,51837
51842,51882
51978,51824
51845,51835
51897,51854
51944,51986
51952,51909
51912,51825
51836,51837
51861,51826
51848,51825
51830,51883
51824,51826
51945,51826
51844,51904
51835,51899
51911,51824
51838,51904
51846,51859
51858,51900
51935,51830
51873,51826
51901,52096
51912,51845
51866,51835
51908,51825
51847,51826
51944,51919
51845,51845
51917,51826
51842,51826
51978,51860
51836,51906
51895,51997
51928,51937
51850,51857
51875,51936
51831,51832
51848,51847
51875,51855
51835,51835
51846,51859
51858,51837
51861,52025
51912,51845
51908,51826
51917,51850
51842,51860
51850,51826
51851,51937
51947,51900
51845,51902
51944,51880
51847,51826
51866,51857
51848,51968
51831,51840
51849,51850
51958,51858
51889,51853
51824,51826
51844,51914
51911,51839
51978,51892
51911,51904
51838,51981
51836,51826
51861,52012
51849,51826
51844,51882
51835,51826
51838,51882
51846,51859
51886,52097
51858,51857
51912,51847
51850,51847
51935,51830
51908,51869
51917,51902
51842,51873
51866,51925
51851,51919
51978,51979
51944,51852
51952,51868
51831,51853
51848,51826
51849,51856
51945,51826
51844,51826
51824,51835
51875,51845
51978,51860
51842,51826
51835,51869
51848,51919
51925,51994
51842,51856
51830,52061
51901,52098
51987,51854
51829,51830
51878,51825
51988,52023
51824,51826
51844,51986
51952,51836
51849,51850
51846,52099
51867,51909
51888,51916
51833,52100
51912,51847
51858,51900
51945,51826
51891,51850
51978,52047
51850,51835
51911,51917
51928,51880
51892,52101
51917,51902
51892,51905
51988,51836
51824,51857
51844,51915
51849,51856
51928,51919
51892,52101
51846,52099
51859,51825
51888,51967
51833,51891
51912,51892
51835,51825
51858,51837
51891,52035
51935,51906
51889,51840
51911,51844
51908,51869
51866,51857
51947,51850
51845,51826
51920,51850
51838,51828
51873,51857
51850,51847
51878,51826
51947,51857
51953,51854
51891,51850
51953,51830
51850,51825
51892,51870
51845,51902
51873,51825
51866,51835
51838,51904
51917,51836
51882,51845
51847,51848
51978,51857
51835,51825
51842,51882
51827,51917
51892,51881
51829,51968
51987,51835
51830,51919
51901,51850
51844,51852
51824,51825
52081,51853
51849,51884
51848,51927
51866,51914
51908,51825
51935,51906
51845,51852
51873,51826
51838,51826
51835,51857
51917,52074
51882,51833
51847,51857
51851,51937
51892,51870
51848,51865
51842,51826
51911,51996
51829,51900
51830,51987
51988,51881
51844,51836
51824,51825
51892,51905
51849,51826
51867,51942
51846,52102
51888,51836
51912,51825
51858,51857
51987,51837
51987,51850
51829,51857
51842,51845
51858,51857
51892,51826
51879,51841
51978,52010
51935,51837
51947,51901
51953,51826
51845,51881
51835,51869
51873,51871
51847,51826
51888,51939
51917,51826
51952,51948
51836,51826
51925,52022
51848,51874
51842,51857
51987,51845
51830,52034
51824,51857
51988,51857
51878,51999
51844,51871
51892,51825
51892,51872
51912,51847
51867,51830
51866,51824
51879,51846
51935,52103
51835,51835
51947,51826
51953,51903
51911,51996
51838,51857
51845,51902
51892,52056
51987,51826
51891,52059
51917,51925
51848,51871
51925,51865
51842,51873
51830,51883
51892,51859
51824,51835
51878,51999
51844,51845
51928,51865
51849,51850
51850,51828
51851,51865
51945,51835
51928,51842
51849,51856
51831,51832
51892,51870
51849,51826
51846,52104
51912,51845
51867,51868
51861,51903
51888,51956
51858,51900
51850,51857
51833,51891
51844,51881
51908,51826
51891,52051
51911,51891
51978,51824
51953,51878
51892,52101
51845,51835
51838,51981
51835,51856
51917,51826
51848,51899
51892,51905
51935,51873
51824,51835
51878,51955
51830,51881
51846,52099
51850,51825
51912,51826
51891,52051
51861,51854
51867,51845
51858,51857
51833,51891
51978,51850
51935,51830
51947,51855
51953,51902
51911,51839
51892,51870
51879,51915
51838,51839
51845,51854
51835,51826
51847,51914
51917,51925
51892,51905
51848,51986
51925,51846
51842,51835
51987,51835
51867,51857
51892,51882
51846,52102
51888,51956
51824,51835
51867,51909
51888,51836
51945,51835
51858,51857
51833,51872
51935,51826
51911,51844
51889,51911
51912,51847
51920,51850
51846,52071
51850,51828
51873,51825
51978,52041
51845,52105
51886,52106
51908,51825
51835,51856
51917,51903
51925,51989
51827,51828
51842,51845
51829,51914
51892,51825
51838,51828
51859,51857
51892,52107
51947,51828
51912,51857
51892,51850
51920,51854
51850,51835
51978,51824
51873,51826
51845,52088
51908,51826
51838,51845
51835,51835
51849,51850
51944,51852
51848,51825
51827,51850
51892,51857
51842,51835
51829,51826
51987,51845
51875,51852
51988,51860
51901,52108
51844,51927
51830,51919
51917,51826
51897,51845
51944,51876
51892,51857
51838,51835
51944,51986
51848,51968
51987,51901
51892,51996
51875,51852
51844,51880
51830,51883
51824,51857
51849,51856
51866,51873
51829,51857
51846,52109
51833,52110
51892,51826
51911,51891
51858,51857
51935,51868
51912,51845
51920,51826
51850,51857
51873,51871
51978,52010
51845,51845
51888,51950
51842,51857
51827,51917
51917,52079
51988,51835
51987,51837
51901,51850
51844,51876
51830,51881
51866,51826
51824,51825
51867,51942
51849,51884
51888,51939
51846,51955
51833,51977
51935,51837
51911,51839
51858,51900
51912,51826
51920,52001
51850,51847
51873,51857
51978,51836
51845,51902
51892,51826
51908,51857
51847,51914
51835,51825
51889,51961
51917,51903
51911,51904
51935,51836
51844,51865
51824,51857
51849,51910
51846,52102
51888,51967
51867,51873
51892,51872
51945,51835
51833,52111
51858,51857
51912,51826
51830,51883
51935,51854
51953,51992
51891,52112
51850,51857
51944,51927
51978,51860
51845,51846
51873,51826
51838,51825
51892,51845
51908,51826
51847,51848
51911,51839
51835,51826
51901,52113
51878,51892
51945,51857
51833,51905
51858,51837
51912,51857
51935,52103
51911,51904
51944,51846
51891,52114
51889,51833
51978,51900
51850,51828
51988,51830
51845,51880
51873,51857
51838,51882
51908,51857
51917,51850
51882,51869
51835,51869
51848,51850
51842,51856
51827,51891
51987,51826
51892,51826
51892,52115
51917,51835
51848,51871
51842,51826
51847,51857
51838,51981
51835,51856
51892,51869
51944,51919
51917,51914
51848,51826
51827,51972
51842,51873
51829,51824
51875,51919
51908,51869
51987,51850
51901,52116
51844,51881
51830,52061
51892,51825
51849,51826
51846,52117
51824,51826
51867,51836
51888,51916
51945,51857
51858,51837
52008,52118
51845,51865
51873,51871
51978,51850
51827,51873
51829,51925
51875,51865
51987,51854
51878,52056
51901,52119
51830,51987
51892,51835
51844,51970
51866,51860
51824,51835
51849,51856
51846,52102
51888,51894
51867,51925
51833,52120
51945,51826
51858,51900
51935,51850
51911,51824
51892,51996
51889,51867
51912,51892
51920,51836
51850,51826
51833,52121
51829,51836
51842,51826
51944,51927
52122,52123
52124,52125
52122,52123
52126,52127
52128,52129
52130,52131
52132,52133
52134,52135
52136,52137
52132,52138
52139,52140
52141,52142
52136,52143
52144,52145
52146,52147
52135,52148
52136,52137
52149,52150
52151,52152
52144,52145
52144,52153
52154,52155
52135,52156
52150,52157
52149,52141
52158,52159
52160,52161
52136,52162
52163,52164
52163,52164
52136,52165
52166,52167
52168,52151
52169,52165
52165,52169
52170,52171
52165,52136
52151,52172
52129,52173
52174,52175
52163,52176
52177,52175
52146,52147
52159,52158
52158,52159
52178,52179
52180,52181
52177,52175
52165,52182
52183,52184
52142,52141
52185,52165
52160,52186
52154,52187
52150,52157
52154,52155
52154,52188
52189,52190
52189,52191
52165,52189
52141,52142
52191,52189
52192,52125
52193,52194
52195,52196
52195,52197
52126,52198
52194,52193
52165,52189
52199,52200
52201,52151
52200,52199
52158,52159
52202,52175
52126,52127
52203,52204
52205,52206
52150,52207
52189,52191
52178,52208
52193,52194
52209,52175
52144,52153
52163,52176
52210,52211
52212,52189
52150,52213
52140,52214
52215,52151
52216,52154
52165,52129
52151,52152
52165,52185
52185,52217
52185,52217
52152,52151
52144,52153
52218,52219
52220,52219
52221,52222
52185,52217
52126,52223
52160,52224
52219,52218
52219,52225
52222,52221
52219,52226
52147,52146
52227,52228
52160,52229
52165,52160
52135,52156
52131,52130
52131,52130
52123,52122
52230,52125
52231,52125
52232,52125
52230,52125
52215,52233
52141,52142
52215,52234
52165,52123
52214,52140
52235,52132
52147,52146
52180,52181
52236,52150
52183,52184
52220,52219
52136,52237
52163,52238
52181,52239
52181,52240
52136,52137
52241,52242
52132,52243
52165,52244
52245,52175
52132,52133
52232,52125
52245,52175
52149,52246
52247,52125
52248,52215
52136,52137
52163,52238
52144,52215
52165,52136
52163,52249
52215,52250
52137,52136
52251,52252
52126,52253
52165,52189
52138,52132
52137,52136
52182,52254
52158,52159
52141,52255
52256,52257
52258,52259
52260,52125
52259,52258
52141,52142
52215,52233
52215,52248
52132,52261
52247,52125
52231,52125
52158,52159
52129,52262
52165,52163
52214,52214
52263,52132
52181,52180
52165,52214
52180,52181
52209,52175
52144,52215
52128,52264
52265,52167
52266,52150
52251,52267
52182,52254
52268,52154
52130,52131
52182,52165
52182,52165
52269,52259
52259,52269
52140,52270
52259,52269
52163,52176
52216,52154
52271,52130
52251,52165
52272,52273
52180,52181
52129,52262
52181,52180
52274,52275
52150,52266
52276,52246
52147,52146
52277,52135
52215,52278
52279,52280
52150,52281
52279,52244
52181,52180
52186,52282
52193,52194
52194,52193
52151,52152
52150,52236
52152,52151
52283,52150
52194,52193
52150,52284
52285,52144
52282,52186
52137,52136
52127,52126
52174,52175
52150,52286
52215,52287
52138,52132
52151,52215
52151,52288
52175,52202
52144,52153
52289,52144
52144,52290
52144,52290
52144,52290
52144,52144
52291,52266
52149,52144
52288,52151
52144,52144
52151,52292
52293,52151
52151,52294
52295,52266
52296,52189
52135,52165
52151,52297
52214,52214
52298,52135
52151,52299
52144,52144
52184,52183
52144,52215
52144,52215
52144,52215
52300,52219
52301,52154
52144,52302
52144,52303
52183,52184
52184,52183
52132,52304
52132,52304
52132,52304
52144,52290
52163,52305
52144,52306
52165,52307
52144,52153
52163,52305
52163,52308
52309,52150
52147,52310
52147,52146
52146,52147
52147,52146
52311,52147
52151,52312
52313,52189
52314,52315
52151,52316
52292,52151
52312,52151
52312,52151
52317,52200
52183,52318
52183,52184
52149,52144
52154,52319
52154,52188
52189,52173
52136,52162
52136,52162
52136,52162
52136,52162
52136,52162
52135,52165
52162,52136
52136,52162
52162,52136
52136,52162
52136,52137
52188,52154
52137,52136
52320,52321
52322,52279
52154,52188
52165,52135
52154,52188
52322,52279
52323,52136
52150,52266
52175,52209
52154,52188
52324,52135
52189,52212
52189,52212
52156,52135
52137,52136
52266,52295
52165,52135
52325,52135
52326,52327
52251,52327
52212,52189
52156,52135
52135,52156
52165,52214
52135,52277
52317,52200
52317,52200
52212,52189
52149,52200
52200,52200
52149,52200
52328,52144
52154,52187
52144,52328
52329,52154
52251,52252
52149,52144
52330,52331
52266,52150
52142,52141
52183,52332
52144,52215
52183,52184
52135,52333
52307,52334
52335,52327
52251,52165
52150,52266
52135,52333
52333,52135
52183,52336
52184,52183
52183,52336
52183,52336
52337,52175
52307,52165
52321,52338
52259,52150
52339,52286
52259,52269
52259,52340
52341,52342
52336,52183
52135,52148
52135,52343
52333,52135
52266,52150
52135,52343
52184,52183
52183,52318
52184,52183
52299,52151
52151,52299
52175,52337
52151,52299
52151,52299
52150,52269
52147,52344
52147,52345
52147,52345
52147,52165
52151,52299
52149,52151
52151,52297
52149,52151
52346,52132
52346,52132
52132,52346
52273,52272
52132,52304
52288,52151
52199,52200
52132,52304
52149,52150
52288,52151
52183,52332
52269,52150
52149,52150
52154,52319
52154,52155
52215,52144
52347,52266
52165,52147
52147,52310
52144,52215
52125,52348
52144,52302
52150,52349
52327,52327
52247,52125
52125,52350
52150,52266
52231,52125
52231,52125
52232,52125
52150,52351
52230,52125
52230,52125
52150,52269
52352,52125
52125,52353
52150,52351
52150,52269
52266,52354
52266,52354
52147,52310
52351,52150
52354,52266
52266,52150
52205,52355
52149,52144
52215,52356
52357,52205
52277,52135
52154,52155
52277,52135
52321,52338
52321,52338
52351,52150
52149,52150
52212,52189
52144,52303
52149,52144
52144,52144
52149,52144
52266,52354
52266,52358
52165,52314
52266,52150
52165,52182
52182,52359
52182,52359
52266,52349
52359,52182
52266,52358
52123,52173
52126,52360
52361,52123
52163,52176
52251,52165
52272,52273
52131,52130
52131,52130
52163,52176
52163,52164
52163,52164
52136,52165
52166,52167
52168,52151
52169,52165
52170,52171
52151,52172
52129,52173
52174,52175
52163,52176
52177,52175
52146,52147
52159,52158
52158,52159
52178,52179
52177,52175
52142,52141
52185,52165
52259,52269
52160,52186
52140,52270
52269,52259
52194,52193
52150,52236
52283,52150
52194,52193
52150,52284
52282,52186
52137,52136
52127,52126
52174,52175
52150,52286
52215,52287
52274,52275
52138,52132
52214,52214
52263,52132
52209,52175
52144,52215
52265,52167
52266,52150
52251,52267
52182,52254
52268,52154
52130,52131
52182,52165
52182,52165
52259,52269
52193,52194
52160,52161
52141,52142
52185,52217
52126,52223
52160,52224
52219,52218
52219,52225
52222,52221
52219,52226
52147,52146
52227,52228
52160,52229
52212,52189
52210,52211
52144,52153
52189,52190
52189,52191
52141,52142
52191,52189
52193,52194
52195,52196
52195,52197
52126,52198
52194,52193
52199,52200
52201,52151
52200,52199
52221,52222
52158,52159
52220,52219
52144,52153
52124,52125
52126,52127
52132,52133
52134,52135
52136,52137
52132,52138
52139,52140
52136,52143
52144,52145
52146,52147
52135,52148
52136,52137
52144,52145
52144,52153
52154,52155
52135,52156
52150,52157
52154,52187
52150,52157
52154,52155
52150,52213
52140,52214
52215,52151
52185,52217
52185,52217
52218,52219
52158,52159
52186,52282
52150,52281
52150,52362
52163,52363
52163,52363
52150,52349
52213,52150
52242,52241
52241,52242
52215,52364
52150,52362
52365,52244
52126,52366
52244,52279
52244,52365
52367,52368
52241,52242
52241,52242
52369,52282
52215,52144
52370,52264
52144,52215
52368,52367
52266,52354
52246,52371
52184,52183
52321,52372
52183,52318
52210,52373
52183,52318
52318,52183
51987,51859
52374,52375
52219,52376
52144,52144
52219,52377
52241,52242
52241,52241
52215,52234
52378,52189
52286,52150
52286,52301
52379,52144
52380,52175
52215,52285
52219,52300
52175,52174
52150,52286
52381,52132
52382,52126
52150,52351
52126,52382
52150,52362
52318,52183
52175,52209
52380,52175
52142,52141
52279,52244
52372,52321
52210,52383
52132,52261
52215,52233
52141,52142
52215,52234
52214,52140
52235,52132
52147,52146
52236,52150
52183,52184
52220,52219
52136,52237
52136,52137
52241,52242
52132,52243
52245,52175
52132,52133
52245,52175
52129,52262
52129,52262
52150,52266
52276,52246
52147,52146
52277,52135
52215,52278
52279,52280
52215,52248
52384,52171
52215,52233
52259,52258
52210,52385
52123,52386
52123,52387
52367,52368
52213,52150
52141,52142
52361,52123
52126,52360
52123,52173
52142,52141
52248,52215
52136,52137
52163,52238
52144,52215
52163,52249
52215,52250
52137,52136
52251,52252
52126,52253
52138,52132
52137,52136
52182,52254
52158,52159
52141,52255
52258,52259
52141,52142
52182,52165
52202,52175
52203,52204
52144,52215
52144,52215
52144,52215
52301,52154
52183,52184
52324,52135
52156,52135
52266,52295
52325,52135
52326,52327
52251,52327
52212,52189
52144,52285
52285,52144
52165,52330
52374,52375
52219,52376
52149,52144
52144,52144
52219,52377
52241,52242
52144,52285
52215,52234
52378,52189
52286,52150
52184,52183
52286,52301
52144,52144
52298,52135
52314,52315
52151,52316
52292,52151
52312,52151
52312,52151
52144,52303
52317,52200
52144,52302
52144,52153
52289,52144
52144,52290
52144,52290
52144,52290
52144,52144
52291,52266
52288,52151
52144,52144
52151,52292
52293,52151
52151,52294
52295,52266
52296,52189
52135,52165
52151,52297
52214,52214
52151,52299
52313,52189
52379,52144
52215,52285
52244,52365
52367,52368
52241,52242
52241,52242
52369,52282
52215,52144
52370,52264
52144,52215
52368,52367
52266,52354
52246,52371
52184,52183
52321,52372
52210,52373
52372,52321
52384,52171
52210,52383
52210,52385
52123,52386
52123,52387
52367,52368
52140,52388
52213,52150
52294,52151
52141,52142
52244,52279
52380,52175
52126,52366
52150,52362
52219,52300
52175,52174
52150,52286
52381,52132
52152,52151
52382,52126
52150,52351
52126,52382
52150,52362
52318,52183
52175,52209
52380,52175
52318,52183
52142,52141
52389,52219
52183,52318
52183,52318
52150,52362
52163,52363
52163,52363
52150,52349
52213,52150
52242,52241
52241,52242
52215,52364
52365,52244
52126,52127
52151,52312
52147,52146
52183,52332
52269,52150
52183,52318
52135,52343
52183,52184
52135,52333
52307,52334
52335,52327
52251,52165
52150,52266
52135,52333
52333,52135
52183,52336
52183,52336
52183,52336
52337,52175
52307,52165
52321,52338
52259,52150
52259,52269
52259,52340
52341,52342
52336,52183
52135,52148
52135,52343
52288,52151
52333,52135
52132,52304
52288,52151
52205,52206
52150,52207
52189,52191
52178,52208
52193,52194
52209,52175
52158,52159
52151,52215
52151,52288
52175,52202
52299,52151
52151,52299
52175,52337
52151,52299
52151,52299
52150,52269
52147,52344
52147,52345
52147,52345
52147,52165
52151,52299
52151,52297
52132,52346
52273,52272
52132,52304
52199,52200
52147,52146
52266,52150
52154,52155
52125,52350
52150,52266
52150,52351
52150,52269
52125,52353
52150,52351
52150,52269
52266,52354
52266,52354
52144,52215
52183,52332
52183,52318
52183,52184
52184,52183
52132,52304
52132,52304
52132,52304
52144,52290
52163,52305
52144,52306
52144,52153
52163,52305
52163,52308
52309,52150
52147,52310
52327,52327
52351,52150
52150,52349
52125,52348
52205,52355
52357,52205
52277,52135
52154,52155
52277,52135
52321,52338
52321,52338
52212,52189
52144,52303
52144,52144
52266,52354
52266,52358
52266,52150
52182,52359
52182,52359
52266,52349
52359,52182
52266,52150
52266,52358
52354,52266
52147,52310
52215,52144
52347,52266
52147,52310
52144,52215
52144,52302
52215,52390
52241,52241
52391,52330
52328,52144
52144,52328
52329,52154
52149,52144
52154,52188
52154,52319
52154,52188
52162,52136
52136,52162
52188,52154
52154,52188
52149,52200
52165,52135
52323,52136
52165,52163
52165,52189
52392,52169
52169,52392
52393,52169
52392,52169
52169,52392
52169,52393
52392,52169
52165,52215
52154,52188
52149,52200
52165,52214
52165,52135
52154,52319
52149,52144
52215,52356
52351,52150
52149,52150
52149,52144
52149,52144
52165,52314
52165,52182
52165,52147
52247,52125
52231,52125
52231,52125
52232,52125
52230,52125
52230,52125
52352,52125
52149,52150
52165,52307
52146,52147
52311,52147
52300,52219
52149,52144
52149,52144
52137,52136
52122,52123
52122,52123
52122,52123
52123,52122
52136,52137
52300,52219
52136,52394
52219,52300
52300,52219
52219,52300
52219,52300
52300,52219
52219,52300
52300,52219
52219,52300
52165,52307
52149,52219
52165,52136
52395,52160
52165,52126
52231,52125
52396,52125
52163,52397
52149,52219
52398,52256
52165,52259
52140,52388
52399,52163
52149,52241
52219,52300
52184,52183
52137,52136
52300,52219
52122,52123
52123,52122
52122,52123
52301,52279
52219,52300
52219,52300
52123,52122
52300,52219
52219,52300
52122,52123
52300,52219
52123,52122
52219,52300
52300,52219
52219,52300
52300,52219
52219,52300
52300,52219
52219,52300
52300,52219
52219,52300
52300,52219
52219,52300
52300,52219
52300,52219
52165,52205
52339,52286
52184,52183
52184,52183
52268,52222
52400,52222
52143,52136
52184,52183
52141,52142
52126,52127
52222,52268
52264,52401
52140,52270
52175,52402
52175,52209
52194,52193
52144,52285
52285,52144
52165,52330
52149,52144
52144,52285
52152,52151
52389,52219
52140,52388
52294,52151
52165,52136
52165,52189
52256,52257
52260,52125
52259,52403
52247,52125
52259,52404
52138,52132
52268,52222
52405,52167
52307,52406
52194,52193
52307,52406
52307,52407
52205,52173
52408,52163
52409,52150
52259,52410
52259,52173
52193,52194
52286,52411
52412,52222
52258,52259
52259,52173
52259,52258
52194,52193
52286,52411
52138,52132
52194,52193
52205,52413
52194,52193
52163,52399
52222,52412
52259,52258
52165,52215
52247,52125
52149,52246
52183,52184
52136,52162
52122,52123
52122,52123
52128,52129
52130,52131
52149,52141
52149,52150
52151,52152
52154,52188
52216,52154
52165,52129
52151,52152
52165,52185
52152,52151
52165,52160
52135,52156
52165,52189
52192,52125
52165,52189
52149,52151
52149,52151
52346,52132
52346,52132
52149,52150
52165,52182
52231,52125
52180,52181
52165,52169
52232,52125
52230,52125
52231,52125
52232,52125
52230,52125
52165,52123
52180,52181
52163,52238
52181,52239
52181,52240
52165,52244
52165,52163
52181,52180
52151,52152
52152,52151
52285,52144
52181,52180
52180,52181
52181,52180
52165,52214
52180,52181
52128,52264
52216,52154
52271,52130
52123,52122
52165,52136
52165,52136
52136,52137
52008,52009
51911,51824
51987,52047
51849,51835
51925,51880
51878,51852
51829,51836
51944,51852
51849,51835
51875,51842
51925,51842
51829,51857
51944,51865
51849,51826
51944,51876
51987,51880
51849,51836
51829,51900
51901,52414
51944,51986
51912,51892
51849,51856
51875,51855
51829,51836
51944,51880
51849,51856
51944,51927
51944,51915
51829,51857
51849,51856
51878,51876
51829,51900
51944,51852
51953,51992
51875,51865
51849,51856
51925,51855
51944,51865
51911,51996
51875,51846
51849,51856
51944,51970
51889,51911
51849,51836
51944,51927
51901,52415
51911,51891
51849,51826
51829,51826
51944,51880
51987,51842
52003,51842
51849,51836
51829,51836
51944,51876
51925,51880
51849,51826
51849,51835
51829,51900
51829,51826
51878,51865
51849,51835
51944,51927
51849,51826
51944,51986
51849,51999
51944,51880
51987,51850
51849,51912
51944,51852
51849,51955
51944,51865
51849,51824
51850,51825
51944,51876
51953,51900
51944,51970
51987,52416
51851,51937
51850,51825
51944,51986
51944,51970
52215,52417
51944,51876
51944,52418
51875,51880
51849,51856
51849,51848
51944,51852
51849,51826
51850,51857
51829,51836
51831,51832
51944,51880
51849,51990
51829,51857
51944,51865
51912,51857
51849,51879
51944,51986
51849,51849
51875,51880
51829,51900
51944,51970
51849,51993
51850,51828
51944,51927
51849,51899
51944,51915
51849,51859
51875,51846
51849,51984
51944,51876
51944,51850
52406,52307
51831,51853
51944,51986
51849,51826
51925,51919
51829,51900
51828,51881
51944,51986
51849,51836
51861,51873
52008,51836
51877,51989
51935,51868
51944,51915
51849,51856
51908,51857
51925,51926
51829,51857
52008,52009
51953,51902
51935,52103
51849,51835
51944,51876
51925,51846
51829,51857
52008,52118
51935,51850
51875,51901
51944,51880
51944,51970
51901,52419
51925,52022
51886,52420
51935,51881
51944,51915
51849,51836
51925,51855
51917,52074
52008,52009
51953,51992
51935,51826
51944,52418
51849,51826
51861,52421
51925,51936
51829,51826
51917,51826
52003,52005
51935,51830
51944,51852
51849,51835
51908,51825
51925,51842
51886,52422
51935,51854
51944,51865
51849,51856
51829,51872
51901,52423
51925,51852
52008,51836
51829,51900
52008,51836
51935,51830
52003,52005
51849,51856
51944,51986
51925,51936
52008,52080
51935,51826
51849,51836
51944,51881
51829,51900
51987,51848
51849,51826
51944,51927
51829,51857
51849,51836
51944,51970
51829,51826
51849,51856
51944,52418
51935,52103
51849,51836
51925,52000
51829,51836
51925,51989
51829,51836
51944,51852
51875,51919
51953,51850
51935,51854
51849,51836
51944,51876
51925,51994
51829,51826
51838,51836
51901,52424
51935,51836
51875,51936
51849,51826
51944,51865
51925,51842
51901,51850
52008,52118
51935,51881
51838,51839
51849,51856
51944,51880
51908,51869
51925,51865
52008,52118
51877,51850
51953,51830
51935,51868
51849,51835
52307,52425
52008,51836
52194,52193
52160,52426
52136,52165
52307,52407
52165,52136
52160,52427
52150,52213
52428,52256
52395,52160
52160,52426
52429,52215
52246,52430
52126,52165
52165,52126
52246,52430
52231,52125
52256,52431
52256,52432
52215,52429
52433,52434
52433,52435
52433,52434
52436,52150
52436,52150
52437,52438
52246,52430
52439,52440
52441,52279
52136,52442
52150,52213
52300,52219
52219,52300
52175,52443
52442,52136
52203,52444
52136,52442
52141,52142
52189,52445
52426,52160
52184,52183
52165,52307
52160,52426
52446,52307
52433,52434
52215,52447
52150,52448
52142,52141
52209,52175
52219,52449
52171,52450
52384,52171
52391,52330
52132,52304
52132,52304
52149,52219
52219,52157
52219,52300
52246,52451
52407,52307
52342,52452
52163,52308
52215,52278
52222,52453
52307,52334
52307,52446
52307,52446
52163,52397
52213,52150
52215,52173
52139,52140
52193,52194
52454,52321
52246,52276
52246,52455
52194,52193
52246,52456
52307,52425
52406,52307
52268,52222
52398,52256
52405,52167
52307,52406
52194,52193
52307,52406
52268,52222
52307,52407
52405,52167
52391,52330
52396,52125
52433,52457
52433,52434
52407,52307
52458,52178
52331,52330
52163,52185
52163,52397
52183,52318
52263,52440
52441,52279
52440,52439
52214,52459
52142,52141
52460,52175
52149,52219
52175,52209
52263,52161
52161,52461
52161,52282
52175,52402
52163,52176
52185,52165
52160,52427
52209,52175
52163,52397
52307,52407
52300,52219
52167,52405
52215,52151
52215,52462
52463,52160
52405,52167
52434,52433
52122,52123
52437,52438
52464,52160
52160,52229
52433,52434
52122,52123
52330,52465
52466,52160
52122,52123
52205,52173
52276,52246
52161,52160
52205,52467
52405,52167
52468,52330
52160,52229
52123,52122
52122,52123
52397,52163
52163,52397
52165,52215
52163,52308
52392,52169
52169,52392
52144,52302
52163,52173
52246,52456
52165,52163
52165,52189
52405,52167
52203,52469
52324,52195
52135,52165
52169,52392
52175,52209
52215,52462
52215,52173
52129,52173
52182,52359
52175,52209
52359,52182
52154,52268
52154,52470
52392,52169
52471,52154
52169,52392
52393,52169
52268,52154
52392,52169
52169,52393
52219,52300
52123,52122
52409,52150
52307,52165
52205,52467
52205,52173
52300,52219
52219,52300
52300,52219
52219,52300
52472,52330
52300,52219
52300,52219
52136,52442
52141,52142
52219,52300
52300,52219
52165,52205
52137,52136
52219,52300
52136,52137
52300,52219
52183,52318
52215,52278
52136,52394
52219,52300
52300,52219
52219,52300
52307,52165
52473,52440
52437,52438
52214,52136
52122,52123
52183,52184
52301,52279
52318,52183
52183,52318
52219,52300
52219,52300
52123,52122
52300,52219
52219,52300
52122,52123
52300,52219
52123,52122
52219,52300
52203,52474
52182,52359
52215,52475
52300,52219
52219,52300
52300,52219
52219,52300
52300,52219
52397,52163
52205,52467
52219,52300
52307,52446
52205,52173
52467,52205
52215,52429
52160,52426
52446,52307
52433,52434
52215,52447
52150,52448
52142,52141
52209,52175
52219,52449
52171,52450
52384,52171
52391,52330
52184,52183
52132,52304
52150,52213
52219,52157
52136,52442
52439,52440
52160,52426
52136,52165
52307,52407
52160,52427
52150,52213
52428,52256
52160,52426
52132,52304
52426,52160
52141,52142
52136,52442
52318,52183
52183,52318
52203,52474
52182,52359
52215,52475
52397,52163
52205,52467
52214,52136
52307,52446
52437,52438
52307,52165
52307,52165
52205,52467
52205,52173
52472,52330
52136,52442
52141,52142
52219,52300
52467,52205
52183,52318
52215,52278
52167,52405
52175,52443
52442,52136
52203,52444
52429,52215
52246,52430
52126,52165
52246,52430
52161,52282
52175,52402
52163,52176
52185,52165
52160,52427
52209,52175
52391,52330
52163,52397
52405,52167
52268,52222
52342,52452
52163,52308
52215,52278
52222,52453
52307,52334
52307,52446
52307,52446
52163,52397
52213,52150
52215,52173
52139,52140
52193,52194
52408,52163
52454,52321
52246,52276
52161,52461
52183,52184
52263,52161
52460,52175
52256,52431
52256,52432
52433,52434
52433,52435
52433,52434
52436,52150
52436,52150
52437,52438
52246,52430
52441,52279
52246,52451
52307,52407
52407,52307
52433,52457
52433,52434
52407,52307
52458,52178
52331,52330
52163,52185
52183,52318
52263,52440
52441,52279
52440,52439
52214,52459
52142,52141
52175,52209
52409,52150
52189,52445
52163,52308
52136,52137
52143,52136
52184,52183
52141,52142
52126,52127
52222,52268
52264,52401
52140,52270
52175,52402
52175,52209
52194,52193
52156,52135
52135,52156
52135,52277
52317,52200
52317,52200
52212,52189
52200,52200
52154,52187
52251,52252
52330,52331
52189,52212
52266,52150
52189,52212
52189,52173
52246,52455
52473,52440
52165,52215
52149,52241
52409,52150
52259,52410
52259,52173
52193,52194
52286,52411
52412,52222
52258,52259
52259,52173
52165,52259
52259,52258
52194,52193
52286,52411
52136,52162
52138,52132
52140,52388
52205,52413
52194,52193
52163,52399
52222,52412
52138,52132
52399,52163
52259,52258
52259,52404
52259,52403
52268,52222
52400,52222
52194,52193
52136,52162
52165,52136
52136,52162
52175,52209
52359,52182
52154,52268
52154,52470
52471,52154
52268,52154
52215,52151
52215,52462
52463,52160
52405,52167
52437,52438
52464,52160
52160,52229
52433,52434
52330,52465
52466,52160
52205,52173
52276,52246
52161,52160
52205,52467
52405,52167
52468,52330
52136,52162
52160,52229
52397,52163
52182,52359
52129,52173
52434,52433
52215,52173
52135,52165
52162,52136
52163,52397
52136,52162
52136,52137
52137,52136
52320,52321
52322,52279
52150,52266
52175,52209
52182,52165
52215,52390
52322,52279
52215,52417
52215,52462
52136,52162
52169,52392
52135,52165
52324,52195
52203,52469
52175,52209
52163,52173
52144,52302
52391,52330
52405,52167
