54228,54229
54230,54231
54232,54233
54234,54235
54236,54237
54238,54239
54240,54241
54242,54243
54244,54245
54246,54247
54248,54249
54250,54251
54252,54253
54254,54249
54255,54246
54256,54257
54232,54234
54258,54259
54242,54249
54250,54260
54261,54241
54255,54252
54262,54263
54232,54264
54254,54265
54262,54266
54267,54268
54255,54246
54252,54249
54234,54269
54238,54270
54240,54231
54256,54258
54246,54249
54271,54272
54254,54273
54250,54274
54228,54275
54252,54231
54228,54276
54230,54252
54252,54249
54277,54278
54279,54280
54256,54281
54240,54231
54234,54282
54246,54243
54271,54283
54284,54249
54232,54233
54254,54285
54255,54246
54252,54241
54250,54255
54242,54236
54262,54266
54228,54260
54254,54286
54232,54233
54255,54252
54250,54262
54277,54287
54240,54241
54234,54252
54244,54230
54246,54249
54250,54288
54255,54252
54242,54235
54228,54289
54232,54236
54262,54263
54228,54290
54252,54252
54238,54291
54240,54249
54234,54245
54244,54243
54246,54243
54254,54230
54256,54252
54246,54249
54246,54243
54254,54240
54255,54252
54252,54231
54250,54251
54232,54292
54258,54293
54262,54294
54275,54261
54234,54295
54228,54296
54236,54297
54238,54268
54240,54286
54256,54246
54298,54299
54242,54252
54254,54286
54242,54300
54255,54246
54256,54234
54238,54301
54228,54302
54236,54303
54277,54304
54234,54243
54240,54249
54256,54286
54242,54249
54254,54285
54255,54252
54250,54305
54232,54264
54262,54306
54234,54234
54246,54243
54228,54289
54230,54234
54236,54230
54240,54307
54250,54255
54261,54307
54232,54292
54236,54308
54246,54249
54238,54230
54240,54309
54256,54286
54242,54230
54255,54252
54254,54230
54250,54309
54232,54292
54262,54310
54252,54252
54228,54229
54234,54286
54277,54260
54279,54238
54238,54311
54277,54312
54258,54234
54234,54252
54228,54313
54252,54241
54258,54268
54275,54261
54234,54314
54228,54260
54246,54243
54238,54273
54240,54240
54240,54252
54256,54315
54298,54289
54242,54316
54255,54246
54254,54249
54250,54317
54232,54264
54252,54231
54262,54306
54318,54241
54256,54319
54254,54252
54234,54286
54284,54295
54240,54249
54246,54243
54255,54246
54320,54241
54275,54249
54262,54306
54252,54252
54279,54274
54321,54322
54234,54243
54228,54229
54240,54240
54232,54323
54246,54249
54255,54246
54261,54249
54228,54302
54262,54263
54234,54252
54252,54241
54255,54252
54261,54307
54254,54246
54262,54266
54275,54261
54252,54253
54321,54278
54234,54286
54228,54260
54240,54231
54232,54324
54246,54243
54255,54252
54261,54309
54254,54286
54262,54310
54258,54268
54321,54325
54326,54327
54252,54249
54321,54328
54275,54249
54326,54327
54230,54234
54329,54281
54252,54231
54321,54274
54262,54310
54234,54282
54228,54296
54240,54274
54232,54330
54246,54290
54255,54246
54254,54285
54275,54261
54258,54285
54252,54253
54254,54246
54255,54252
54267,54249
54246,54243
54279,54331
54234,54314
54228,54289
54240,54252
54232,54332
54246,54249
54255,54252
54254,54230
54232,54299
54320,54246
54252,54231
54321,54251
54262,54263
54234,54245
54271,54272
54228,54290
54240,54241
54232,54333
54334,54274
54240,54252
54246,54249
54240,54309
54252,54252
54234,54234
54321,54302
54277,54302
54244,54295
54240,54240
54246,54243
54232,54299
54255,54252
54262,54306
54254,54285
54320,54249
54252,54249
54256,54234
54234,54295
54240,54307
54277,54304
54228,54296
54248,54243
54254,54286
54255,54252
54244,54286
54246,54249
54284,54241
54232,54236
54255,54246
54250,54278
54262,54310
54254,54246
54228,54302
54230,54286
54252,54253
54240,54309
54234,54243
54321,54312
54277,54312
54246,54249
54232,54236
54242,54234
54246,54249
54298,54302
54232,54299
54255,54246
54262,54266
54258,54316
54252,54231
54321,54262
54228,54313
54234,54234
54240,54307
54246,54249
54261,54241
54262,54263
54254,54230
54258,54249
54252,54241
54321,54260
54228,54278
54234,54295
54261,54231
54246,54243
54248,54295
54244,54321
54262,54306
54261,54249
54254,54249
54252,54240
54228,54278
54234,54249
54240,54274
54244,54246
54248,54246
54246,54243
54255,54246
54262,54310
54254,54252
54258,54285
54252,54253
54228,54313
54234,54290
54240,54286
54232,54335
54246,54249
54321,54312
54267,54243
54242,54247
54275,54261
54232,54336
54255,54252
54337,54275
54252,54241
54236,54230
54283,54246
54262,54263
54246,54243
54228,54289
54230,54241
54337,54281
54234,54243
54299,54302
54329,54338
54256,54315
54256,54281
54300,54321
54300,54249
54234,54286
54300,54241
54234,54245
54299,54260
54256,54234
54242,54249
54275,54339
54232,54258
54321,54278
54284,54246
54252,54249
54340,54341
54246,54249
54236,54230
54277,54287
54262,54306
54228,54290
54230,54234
54299,54262
54242,54316
54275,54261
54321,54342
54255,54246
54337,54231
54340,54343
54252,54253
54236,54230
54250,54309
54262,54266
54246,54249
54228,54229
54230,54255
54320,54234
54334,54283
54337,54241
54234,54243
54299,54262
54238,54249
54256,54246
54258,54293
54232,54238
54309,54249
54275,54339
54337,54281
54258,54241
54255,54246
54252,54231
54236,54344
54280,54293
54283,54246
54337,54345
54230,54249
54262,54310
54230,54309
54334,54346
54301,54302
54234,54314
54299,54278
54256,54252
54337,54249
54242,54300
54246,54243
54280,54273
54334,54274
54228,54313
54277,54312
54262,54266
54230,54252
54238,54230
54299,54302
54329,54281
54275,54261
54256,54234
54242,54321
54258,54268
54255,54246
54232,54246
54321,54283
54284,54295
54261,54241
54248,54243
54236,54230
54300,54307
54337,54281
54234,54314
54280,54259
54244,54245
54230,54309
54262,54310
54240,54307
54299,54278
54329,54281
54337,54258
54275,54339
54242,54316
54256,54314
54232,54249
54321,54331
54284,54246
54248,54295
54261,54307
54236,54347
54252,54231
54246,54249
54340,54341
54252,54252
54279,54302
54277,54260
54262,54310
54230,54241
54300,54247
54234,54252
54299,54278
54256,54246
54242,54316
54275,54339
54232,54236
54321,54251
54261,54309
54284,54234
54248,54249
54246,54249
54252,54253
54340,54341
54228,54260
54280,54286
54236,54230
54340,54348
54246,54243
54280,54231
54234,54295
54283,54249
54277,54278
54262,54267
54230,54255
54300,54246
54262,54263
54299,54302
54256,54252
54242,54230
54255,54252
54275,54261
54232,54228
54337,54275
54252,54231
54246,54243
54329,54314
54262,54266
54232,54264
54275,54339
54250,54278
54262,54310
54246,54349
54234,54269
54228,54296
54236,54230
54299,54260
54240,54309
54256,54246
54275,54261
54242,54247
54255,54252
54261,54309
54232,54234
54258,54249
54252,54253
54250,54283
54252,54252
54262,54266
54232,54264
54242,54321
54228,54313
54299,54278
54240,54240
54256,54257
54242,54230
54275,54261
54255,54246
54232,54264
54252,54241
54250,54260
54262,54306
54246,54249
54234,54295
54236,54350
54299,54302
54240,54249
54256,54280
54255,54246
54234,54282
54228,54351
54236,54230
54252,54241
54232,54264
54250,54274
54258,54316
54262,54310
54275,54261
54234,54245
54228,54290
54236,54352
54238,54279
54256,54281
54244,54236
54242,54230
54255,54246
54250,54309
54232,54234
54258,54234
54255,54246
54254,54246
54242,54316
54280,54249
54238,54259
54240,54241
54256,54234
54275,54261
54242,54236
54255,54252
54261,54231
54258,54293
54236,54353
54252,54249
54250,54302
54262,54263
54234,54290
54228,54278
54236,54230
54334,54288
54238,54249
54256,54315
54232,54292
54321,54331
54230,54283
54262,54263
54262,54266
54246,54243
54277,54278
54228,54260
54279,54274
54299,54278
54242,54249
54232,54292
54275,54339
54255,54246
54258,54285
54234,54249
54250,54255
54267,54245
54236,54354
54262,54310
54246,54249
54250,54251
54228,54278
54236,54230
54255,54252
54255,54252
54340,54341
54236,54355
54250,54288
54262,54306
54246,54247
54230,54249
54228,54302
54334,54260
54234,54245
54299,54260
54337,54240
54256,54286
54242,54230
54232,54356
54275,54261
54258,54241
54252,54249
54279,54305
54334,54346
54299,54302
54250,54288
54340,54348
54262,54263
54246,54243
54228,54276
54236,54230
54299,54260
54334,54278
54256,54319
54280,54234
54242,54249
54275,54339
54357,54249
54255,54252
54234,54252
54250,54262
54340,54343
54234,54286
54258,54259
54255,54252
54275,54261
54329,54249
54242,54236
54232,54234
54275,54339
54357,54294
54255,54246
54234,54234
54250,54317
54246,54243
54236,54355
54246,54249
54277,54304
54299,54262
54329,54230
54256,54249
54280,54312
54232,54234
54242,54321
54262,54306
54234,54249
54358,54359
54228,54276
54360,54359
54361,54362
54362,54362
54361,54362
54363,54364
54365,54366
54365,54367
54368,54369
54370,54371
54364,54363
54372,54373
54374,54375
54376,54377
54376,54377
54376,54377
54376,54378
54359,54379
54364,54363
54375,54374
54380,54362
54381,54382
54383,54384
54383,54383
54383,54385
54372,54373
54386,54387
54374,54388
54374,54389
54374,54390
54391,54392
54361,54393
54394,54395
54396,54397
54398,54396
54391,54392
54396,54399
54364,54363
54398,54396
54391,54392
54383,54384
54376,54376
54375,54374
54387,54400
54401,54362
54387,54400
54402,54403
54404,54405
54406,54403
54407,54408
54387,54400
54359,54387
54387,54400
54387,54409
54408,54407
54410,54411
54411,54410
54412,54413
54414,54415
54405,54404
54405,54404
54359,54376
54416,54417
54403,54402
54373,54418
54368,54369
54419,54365
54368,54369
54420,54362
54420,54362
54420,54362
54421,54422
54423,54376
54424,54425
54359,54358
54359,54379
54370,54420
54370,54374
54426,54427
54426,54427
54402,54403
54403,54402
54383,54383
54417,54428
54383,54384
54421,54422
54429,54362
54430,54376
54376,54431
54432,54415
54393,54433
54434,54435
54436,54437
54383,54438
54383,54383
54383,54383
54439,54383
54363,54364
54363,54364
54363,54364
54440,54441
54361,54440
54442,54443
54440,54444
54394,54395
54445,54446
54447,54445
54393,54448
54449,54404
54450,54415
54451,54442
54452,54453
54448,54393
54393,54448
54448,54393
54454,54445
54393,54448
54376,54431
54448,54393
54359,54379
54393,54448
54446,54445
54393,54448
54445,54446
54361,54440
54441,54440
54421,54422
54455,54403
54361,54393
54393,54456
54381,54382
54420,54359
54359,54420
54420,54359
54359,54420
54364,54363
54373,54418
54382,54381
54381,54382
54437,54442
54437,54442
54364,54363
54383,54384
54383,54383
54457,54365
54458,54365
54398,54396
54396,54399
54392,54459
54420,54460
54383,54461
54462,54463
54437,54464
54381,54465
54465,54381
54466,54467
54468,54469
54437,54470
54381,54382
54471,54365
54368,54369
54373,54372
54381,54382
54398,54396
54472,54381
54382,54381
54466,54467
54415,54473
54469,54359
54415,54432
54474,54371
54415,54475
54413,54476
54415,54475
54475,54415
54477,54403
54381,54478
54404,54449
54415,54359
54381,54479
54407,54408
54480,54481
54482,54421
54359,54415
54483,54393
54484,54469
54469,54484
54474,54485
54486,54426
54386,54387
54420,54487
54448,54393
54393,54448
54392,54488
54407,54408
54489,54469
54490,54381
54371,54485
54415,54414
54474,54371
54474,54491
54474,54492
54474,54493
54474,54371
54474,54491
54420,54487
54474,54492
54474,54492
54494,54442
54362,54401
54403,54495
54462,54496
54376,54497
54440,54498
54371,54474
54437,54499
54426,54500
54437,54501
54502,54503
54500,54426
54504,54426
54393,54505
54387,54506
54359,54360
54405,54404
54507,54371
54363,54508
54363,54509
54277,54260
54442,54451
54510,54511
54387,54506
54387,54506
54496,54462
54469,54512
54359,54513
54442,54494
54514,54515
54514,54516
54517,54518
54480,54481
54519,54403
54520,54521
54522,54411
54523,54524
54386,54387
54361,54525
54359,54417
54526,54437
54363,54364
54527,54425
54480,54528
54434,54529
54393,54448
54387,54386
54469,54530
54469,54359
54373,54418
54382,54381
54421,54422
54373,54372
54462,54403
54462,54403
54428,54417
54417,54428
54359,54469
54381,54382
54531,54365
54397,54396
54396,54399
54532,54533
54396,54397
54449,54404
54395,54534
54415,54475
54480,54481
54415,54432
54474,54371
54475,54415
54382,54381
54382,54381
54413,54440
54413,54440
54392,54488
54484,54469
54387,54535
54426,54528
54381,54382
54536,54417
54397,54396
54499,54437
54537,54365
54480,54481
54415,54538
54359,54539
54540,54541
54413,54542
54393,54448
54415,54359
54392,54488
54415,54359
54359,54415
54359,54513
54448,54393
54407,54408
54393,54448
54403,54543
54387,54409
54544,54403
54545,54469
54546,54547
54469,54548
54371,54485
54387,54386
54448,54393
54469,54484
54372,54373
54381,54382
54405,54404
54405,54404
54382,54381
54448,54393
54489,54469
54403,54549
54393,54448
54448,54393
54474,54485
54393,54448
54393,54448
54469,54359
54448,54393
54393,54448
54484,54469
54415,54528
54550,54551
54442,54451
54392,54488
54395,54394
54448,54393
54448,54393
54246,54243
54326,54552
54228,54260
54321,54262
54254,54235
54252,54253
54234,54235
54357,54230
54262,54310
54232,54553
54246,54249
54240,54241
54228,54296
54321,54312
54258,54293
54252,54252
54357,54259
54232,54554
54234,54252
54277,54312
54234,54252
54357,54307
54262,54263
54277,54287
54246,54249
54240,54252
54228,54276
54254,54246
54321,54342
54252,54231
54234,54269
54357,54259
54262,54266
54246,54290
54228,54296
54254,54300
54252,54249
54284,54247
54357,54279
54262,54306
54242,54336
54246,54249
54254,54230
54286,54260
54228,54278
54252,54231
54234,54249
54232,54554
54246,54249
54261,54290
54277,54260
54321,54260
54254,54249
54286,54302
54228,54290
54252,54252
54234,54286
54357,54342
54246,54290
54236,54555
54277,54302
54242,54294
54246,54290
54277,54278
54254,54252
54321,54230
54228,54302
54286,54289
54252,54240
54234,54295
54262,54263
54234,54249
54246,54243
54321,54328
54254,54285
54286,54556
54228,54289
54258,54241
54252,54249
54234,54290
54261,54240
54277,54260
54236,54557
54252,54241
54254,54234
54228,54260
54246,54290
54232,54553
54254,54230
54255,54252
54240,54252
54252,54241
54321,54283
54279,54288
54262,54266
54234,54290
54357,54259
54228,54229
54246,54290
54240,54240
54254,54249
54252,54253
54277,54287
54321,54325
54234,54269
54244,54230
54240,54309
54298,54320
54246,54243
54255,54246
54254,54249
54252,54249
54279,54558
54258,54259
54262,54306
54234,54290
54228,54290
54246,54249
54240,54231
54254,54252
54255,54252
54252,54252
54279,54559
54262,54306
54262,54310
54234,54243
54277,54302
54240,54241
54254,54285
54252,54241
54234,54314
54262,54263
54277,54238
54232,54554
54246,54235
54228,54289
54254,54265
54252,54252
54234,54286
54357,54294
54262,54341
54277,54304
54246,54243
54228,54313
54246,54243
54228,54278
54277,54278
54357,54258
54242,54240
54246,54560
54267,54236
54240,54249
54254,54286
54329,54249
54321,54251
54252,54249
54321,54331
54234,54295
54246,54249
54228,54302
54240,54307
54334,54305
54256,54258
54321,54302
54252,54231
54234,54245
54277,54260
54262,54266
54277,54312
54254,54285
54393,54561
54371,54562
54539,54359
54371,54562
54562,54371
54422,54421
54359,54539
54440,54563
54404,54405
54445,54454
54437,54499
54434,54564
54374,54565
54422,54421
54374,54388
54374,54388
54374,54388
54539,54566
54567,54404
54359,54469
54462,54496
54453,54452
54452,54453
54394,54395
54499,54437
54551,54568
54569,54570
54569,54571
54426,54427
54447,54445
54360,54572
54442,54573
54413,54574
54413,54575
54373,54372
54447,54445
54575,54413
54428,54417
54576,54417
54453,54452
54387,54400
54387,54409
54437,54577
54395,54394
54403,54549
54448,54393
54403,54549
54381,54578
54511,54528
54359,54511
54579,54403
54395,54394
54569,54580
54393,54448
54448,54393
54381,54382
54394,54395
54393,54448
54458,54365
54393,54448
54581,54437
54394,54395
54448,54393
54446,54445
54405,54404
54404,54405
54393,54448
54393,54448
54358,54582
54448,54393
54437,54583
54453,54452
54437,54583
54442,54573
54437,54583
54584,54569
54403,54579
54437,54442
54437,54442
54404,54405
54393,54448
54580,54569
54321,54278
54581,54437
54539,54585
54370,54551
54381,54382
54443,54442
54358,54586
54396,54399
54582,54417
54426,54587
54437,54359
54440,54444
54417,54469
54381,54382
54379,54588
54381,54479
54379,54528
54379,54589
54364,54363
54517,54590
54443,54442
54517,54591
54551,54592
54551,54593
54286,54276
54228,54229
54252,54241
54234,54245
54357,54228
54499,54437
54440,54498
54551,54592
54594,54594
54595,54381
54381,54478
54381,54596
54359,54469
54359,54376
54417,54469
54597,54421
54442,54598
54437,54499
54599,54404
54358,54600
54381,54601
54358,54359
54358,54359
54442,54443
54595,54381
54449,54404
54370,54358
54602,54569
54561,54393
54361,54546
54442,54443
54442,54573
54442,54443
54580,54569
54442,54573
54442,54573
54483,54393
54402,54403
54547,54546
54442,54443
54603,54442
54361,54393
54403,54495
54358,54604
54373,54418
54605,54551
54373,54372
54563,54440
54606,54365
54363,54364
54359,54437
54607,54569
54569,54607
54449,54404
54608,54417
54361,54393
54607,54569
54393,54456
54451,54442
54361,54434
54451,54442
54300,54295
54236,54609
54246,54249
54337,54231
54300,54241
54262,54263
54242,54249
54238,54268
54610,54611
54295,54318
54318,54241
54258,54268
54234,54245
54236,54612
54255,54246
54320,54231
54279,54247
54613,54614
54294,54249
54277,54302
54244,54243
54280,54241
54252,54241
54337,54249
54267,54295
54283,54252
54230,54309
54326,54327
54320,54615
54337,54231
54246,54243
54246,54249
54230,54249
54337,54246
54283,54249
54616,54258
54320,54285
54300,54247
54258,54316
54238,54249
54262,54306
54242,54300
54337,54230
54240,54231
54610,54256
54283,54241
54318,54231
54234,54267
54279,54261
54357,54259
54275,54261
54294,54241
54613,54295
54337,54249
54244,54246
54280,54246
54267,54243
54252,54253
54326,54617
54255,54246
54262,54266
54242,54252
54300,54295
54275,54261
54613,54618
54234,54232
54337,54240
54294,54231
54280,54312
54283,54252
54252,54241
54267,54295
54320,54619
54230,54231
54246,54620
54255,54246
54299,54278
54242,54230
54610,54233
54300,54234
54240,54307
54357,54258
54236,54621
54279,54249
54255,54246
54613,54236
54277,54260
54294,54252
54234,54267
54262,54340
54236,54622
54279,54252
54357,54294
54610,54357
54238,54623
54337,54246
54240,54252
54318,54253
54255,54246
54279,54230
54236,54624
54613,54336
54294,54253
54277,54304
54234,54240
54337,54231
54280,54259
54252,54231
54267,54243
54283,54268
54326,54552
54320,54249
54337,54249
54246,54252
54230,54241
54262,54310
54242,54294
54300,54307
54610,54611
54337,54246
54267,54625
54280,54293
54230,54234
54280,54273
54262,54266
54610,54626
54627,54249
54277,54304
54294,54231
54318,54241
54279,54302
54357,54301
54337,54281
54613,54628
54252,54249
54248,54234
54242,54321
54230,54252
54246,54243
54280,54629
54326,54274
54283,54268
54337,54281
54320,54285
54258,54234
54300,54249
54234,54245
54299,54262
54240,54309
54255,54246
54267,54260
54242,54630
54337,54275
54300,54307
54443,54442
54381,54382
54443,54442
54551,54592
54437,54499
54551,54593
54442,54598
54597,54421
54417,54469
54381,54596
54381,54478
54595,54381
54299,54278
54594,54594
54499,54437
54246,54234
54267,54302
54326,54274
54280,54286
54631,54626
54337,54275
54283,54285
54255,54246
54320,54249
54234,54232
54258,54249
54551,54592
54262,54310
54610,54632
54337,54275
54613,54236
54252,54249
54246,54247
54337,54633
54267,54310
54230,54286
54326,54617
54283,54285
54320,54615
54258,54241
54337,54253
54234,54632
54248,54295
54300,54321
54242,54316
54610,54233
54295,54336
54255,54246
54277,54302
54279,54274
54357,54294
54337,54241
54294,54252
54275,54339
54613,54236
54246,54234
54262,54263
54634,54319
54357,54258
54294,54231
54277,54260
54294,54253
54357,54286
54613,54295
54248,54249
54337,54281
54252,54252
54246,54620
54230,54283
54280,54231
54267,54278
54326,54552
54283,54252
54320,54231
54337,54281
54300,54316
54258,54259
54299,54260
54234,54240
54238,54259
54262,54306
54242,54635
54610,54626
54295,54636
54255,54246
54337,54637
54277,54287
54252,54231
54358,54586
54283,54249
54326,54274
54337,54638
54357,54639
54236,54640
54258,54234
54279,54249
54248,54243
54337,54246
54255,54246
54283,54252
54294,54231
54277,54260
54300,54234
54299,54278
54309,54285
54641,54629
54337,54240
54242,54247
54234,54238
54326,54617
54262,54263
54267,54642
54295,54643
54299,54262
54252,54231
54357,54294
54236,54644
54320,54231
54337,54246
54295,54636
54262,54310
54242,54234
54262,54266
54267,54243
54230,54231
54337,54246
54228,54302
54299,54278
54240,54286
54300,54294
54236,54645
54258,54285
54634,54261
54267,54268
54613,54336
54337,54246
54244,54230
54255,54246
54283,54249
54294,54241
54277,54304
54616,54314
54337,54240
54326,54646
54242,54300
54234,54245
54252,54241
54248,54314
54279,54230
54258,54249
54613,54282
54262,54263
54228,54278
54256,54252
54326,54327
54234,54305
54240,54309
54299,54302
54337,54286
54236,54647
54279,54245
54252,54253
54634,54274
54242,54252
54258,54293
54613,54295
54631,54648
54255,54246
54283,54249
54337,54253
54294,54253
54277,54287
54320,54337
54309,54249
54300,54307
54242,54249
54262,54306
54295,54649
54641,54262
54337,54246
54300,54247
54255,54246
54283,54241
54294,54253
54337,54240
54300,54316
54277,54312
54320,54249
54242,54316
54262,54266
54267,54249
54256,54246
54234,54295
54337,54252
54299,54260
54295,54650
54236,54651
54279,54295
54258,54259
54248,54246
54337,54230
54255,54246
54284,54247
54283,54285
54294,54249
54309,54241
54277,54302
54320,54615
54234,54267
54267,54294
54252,54249
54320,54615
54246,54234
54357,54258
54236,54652
54337,54246
54610,54632
54634,54653
54279,54245
54613,54234
54255,54246
54294,54249
54280,54337
54337,54281
54300,54249
54283,54241
54320,54619
54267,54295
54326,54274
54252,54253
54230,54286
54262,54310
54295,54643
54299,54262
54627,54241
54337,54246
54300,54316
54357,54294
54234,54232
54246,54252
54627,54252
54299,54302
54252,54252
54320,54241
54230,54309
54262,54266
54242,54234
54295,54654
54300,54319
54246,54249
54357,54259
54236,54655
54275,54339
54279,54246
54295,54656
54613,54249
54277,54287
54294,54252
54280,54234
54283,54285
54234,54238
54326,54327
54252,54249
54320,54337
54267,54294
54230,54241
54242,54258
54262,54263
54255,54246
54279,54295
54613,54243
54337,54240
54252,54252
54337,54281
54234,54326
54242,54243
54262,54306
54230,54249
54295,54656
54261,54240
54240,54249
54299,54302
54300,54300
54258,54241
54267,54295
54337,54246
54236,54657
54634,54285
54279,54252
54613,54295
54248,54230
54244,54245
54255,54246
54283,54285
54337,54240
54277,54278
54294,54252
54280,54629
54357,54639
54320,54241
54283,54241
54280,54293
54255,54246
54294,54231
54277,54278
54280,54273
54283,54268
54234,54240
54320,54285
54337,54246
54267,54243
54326,54617
54252,54253
54230,54252
54262,54306
54295,54336
54299,54260
54337,54240
54300,54258
54357,54259
54236,54658
54275,54261
54279,54246
54246,54243
54613,54326
54337,54246
54255,54246
54277,54312
54294,54253
54326,54274
54267,54268
54396,54399
54426,54587
54407,54408
54381,54479
54415,54359
54404,54449
54381,54478
54477,54403
54413,54476
54415,54475
54474,54371
54474,54485
54386,54387
54494,54442
54480,54481
54420,54487
54474,54492
54420,54487
54474,54491
54474,54371
54474,54493
54474,54492
54474,54491
54474,54371
54371,54485
54490,54381
54489,54469
54407,54408
54474,54492
54392,54488
54482,54421
54484,54469
54504,54426
54502,54503
54437,54499
54371,54474
54376,54497
54442,54451
54510,54511
54387,54506
54387,54506
54527,54425
54363,54364
54386,54387
54483,54393
54523,54524
54480,54528
54520,54521
54480,54481
54517,54518
54514,54516
54514,54515
54442,54494
54469,54512
54403,54495
54362,54401
54486,54426
54469,54484
54522,54411
54519,54403
54474,54485
54387,54386
54397,54396
54381,54382
54417,54428
54428,54417
54462,54403
54462,54403
54373,54372
54421,54422
54382,54381
54373,54418
54469,54359
54469,54530
54396,54399
54449,54404
54480,54481
54499,54437
54397,54396
54536,54417
54381,54382
54426,54528
54387,54535
54484,54469
54392,54488
54413,54440
54413,54440
54382,54381
54480,54481
54532,54533
54396,54397
54395,54534
54387,54386
54371,54485
54469,54548
54546,54547
54545,54469
54544,54403
54387,54409
54403,54543
54407,54408
54415,54359
54392,54488
54415,54359
54469,54484
54372,54373
54381,54382
54442,54451
54550,54551
54415,54528
54469,54359
54392,54488
54403,54549
54489,54469
54382,54381
54405,54404
54405,54404
54413,54542
54540,54541
54393,54505
54382,54381
54387,54506
54507,54371
54242,54249
54252,54253
54279,54314
54337,54281
54610,54632
54230,54283
54357,54659
54246,54252
54248,54234
54267,54268
54255,54252
54280,54231
54236,54660
54299,54262
54337,54275
54283,54268
54300,54319
54329,54249
54294,54241
54258,54316
54262,54310
54240,54286
54337,54281
54309,54320
54238,54268
54236,54661
54326,54552
54242,54234
54238,54301
54616,54294
54258,54285
54320,54241
54262,54280
54240,54231
54236,54655
54610,54256
54238,54273
54242,54300
54337,54281
54252,54252
54279,54305
54230,54241
54262,54263
54337,54258
54326,54327
54255,54252
54280,54249
54299,54260
54294,54253
54283,54246
54300,54247
54234,54662
54258,54249
54320,54241
54286,54278
54337,54275
54267,54249
54627,54252
54279,54238
54318,54253
54613,54236
54337,54275
54267,54560
54326,54617
54280,54252
54283,54249
54255,54246
54300,54241
54299,54260
54234,54245
54337,54281
54258,54293
54230,54252
54240,54241
54309,54316
54242,54294
54294,54252
54236,54663
54357,54626
54337,54281
54230,54309
54613,54664
54244,54286
54252,54231
54363,54509
54363,54508
54262,54266
54246,54252
54357,54665
54279,54558
54610,54665
54252,54252
54230,54234
54357,54232
54246,54249
54337,54258
54613,54628
54248,54295
54244,54240
54267,54341
54280,54249
54299,54302
54255,54246
54283,54249
54300,54295
54337,54275
54320,54619
54258,54285
54234,54269
54294,54253
54262,54306
54236,54666
54242,54243
54238,54279
54337,54281
54252,54241
54610,54357
54405,54404
54582,54417
54475,54415
54415,54432
54405,54404
54446,54445
54387,54409
54387,54400
54453,54452
54567,54404
54374,54388
54374,54388
54374,54388
54422,54421
54374,54565
54434,54564
54404,54405
54437,54499
54404,54405
54440,54563
54422,54421
54562,54371
54371,54562
54539,54359
54371,54562
54393,54561
54539,54566
54576,54417
54428,54417
54575,54413
54445,54454
54447,54445
54358,54582
54437,54583
54393,54448
54446,54445
54376,54431
54454,54445
54452,54453
54451,54442
54450,54415
54449,54404
54447,54445
54434,54529
54381,54382
54569,54580
54437,54583
54579,54403
54381,54578
54403,54549
54437,54577
54581,54437
54404,54405
54437,54442
54437,54442
54403,54579
54584,54569
54437,54583
54442,54573
54580,54569
54511,54528
54373,54372
54413,54575
54413,54574
54451,54442
54393,54456
54608,54417
54449,54404
54451,54442
54363,54364
54563,54440
54373,54372
54605,54551
54373,54418
54358,54604
54403,54495
54603,54442
54381,54601
54599,54404
54517,54591
54517,54590
54364,54363
54379,54589
54379,54528
54381,54479
54379,54588
54381,54382
54417,54469
54440,54444
54437,54359
54358,54600
54442,54443
54547,54546
54358,54359
54442,54573
54360,54572
54447,54445
54426,54427
54569,54571
54569,54570
54551,54568
54499,54437
54452,54453
54453,54452
54453,54452
54581,54437
54539,54585
54402,54403
54483,54393
54442,54573
54442,54573
54442,54443
54442,54573
54442,54443
54561,54393
54602,54569
54358,54359
54449,54404
54595,54381
54442,54443
54358,54359
54445,54446
54474,54371
54445,54446
54421,54422
54420,54362
54368,54369
54368,54369
54373,54418
54375,54374
54376,54376
54375,54374
54376,54378
54376,54377
54376,54377
54376,54377
54374,54375
54420,54362
54372,54373
54368,54369
54365,54367
54365,54366
54363,54364
54362,54362
54360,54359
54364,54363
54380,54362
54391,54392
54381,54382
54364,54363
54396,54399
54364,54363
54391,54392
54420,54362
54423,54376
54415,54432
54469,54359
54415,54473
54468,54469
54405,54404
54412,54413
54411,54410
54410,54411
54408,54407
54387,54409
54250,54283
54387,54400
54421,54422
54407,54408
54404,54405
54402,54403
54387,54400
54387,54400
54405,54404
54416,54417
54403,54402
54403,54402
54402,54403
54426,54427
54426,54427
54424,54425
54406,54403
54396,54397
54391,54392
54374,54390
54466,54467
54465,54381
54381,54465
54437,54464
54462,54463
54383,54461
54420,54460
54392,54459
54421,54422
54441,54440
54440,54444
54440,54441
54437,54470
54363,54364
54363,54364
54439,54383
54383,54383
54383,54383
54383,54438
54436,54437
54434,54435
54393,54433
54432,54415
54376,54431
54430,54376
54429,54362
54363,54364
54466,54467
54381,54382
54368,54369
54374,54389
54374,54388
54383,54385
54383,54383
54383,54384
54383,54384
54383,54383
54383,54384
54383,54383
54383,54384
54364,54363
54437,54442
54437,54442
54381,54382
54382,54381
54373,54418
54364,54363
54420,54359
54420,54359
54381,54382
54393,54456
54455,54403
54396,54399
54382,54381
54472,54381
54381,54382
54373,54372
54442,54443
54234,54302
54337,54241
54256,54314
54230,54286
54337,54286
54295,54336
54320,54249
54242,54294
54299,54302
54627,54241
54295,54667
54242,54252
54299,54262
54230,54241
54320,54231
54256,54252
54242,54230
54357,54279
54230,54252
54280,54234
54295,54318
54242,54234
54230,54249
54613,54249
54242,54243
54230,54309
54668,54669
54242,54288
54230,54252
54228,54289
54337,54249
54242,54240
54357,54249
54361,54393
54569,54607
54607,54569
54606,54365
54370,54551
54359,54376
54359,54469
54440,54498
54337,54252
54627,54252
54357,54301
54329,54670
54261,54231
54295,54329
54320,54231
54242,54230
54337,54231
54258,54285
54230,54231
54329,54230
54337,54240
54320,54249
54242,54252
54256,54281
54230,54249
54627,54252
54337,54253
54295,54326
54668,54249
54242,54252
54230,54241
54230,54231
54230,54309
54240,54252
54230,54249
54240,54309
54230,54309
54671,54278
54240,54231
54230,54241
54240,54249
54238,54230
54240,54241
54230,54252
54240,54252
54230,54231
54240,54241
54238,54259
54230,54249
54238,54273
54240,54249
54238,54279
54240,54307
54238,54301
54238,54230
54240,54309
54672,54319
54230,54252
54230,54241
54672,54673
54230,54231
54242,54249
54230,54286
54275,54252
54242,54230
54230,54309
54242,54674
54675,54676
54230,54249
54230,54241
54675,54246
54242,54252
54230,54286
54357,54273
54672,54677
54230,54252
54678,54679
54672,54680
54309,54337
54242,54230
54678,54681
54672,54682
54283,54252
54230,54309
54242,54275
54230,54249
54683,54258
54607,54569
54238,54273
54361,54434
54370,54358
54393,54448
54393,54448
54448,54393
54359,54513
54359,54415
54393,54448
54448,54393
54484,54469
54393,54448
54448,54393
54393,54448
54393,54448
54448,54393
54448,54393
54448,54393
54359,54539
54531,54365
54359,54469
54415,54475
54415,54538
54537,54365
54414,54415
54359,54387
54401,54362
54370,54374
54370,54420
54393,54448
54359,54379
54393,54448
54415,54475
54299,54260
54357,54259
54295,54318
54320,54639
54242,54280
54228,54290
54230,54309
54337,54231
54295,54246
54320,54337
54242,54235
54258,54268
54415,54414
54230,54252
54500,54426
54437,54501
54426,54500
54440,54498
54526,54437
54359,54417
54361,54525
54359,54513
54496,54462
54462,54496
54359,54415
54475,54415
54359,54360
54359,54358
54419,54365
54359,54376
54448,54393
54448,54393
54458,54365
54393,54448
54394,54395
54448,54393
54393,54448
54395,54394
54359,54511
54448,54393
54403,54549
54395,54394
54395,54394
54393,54448
54448,54393
54393,54448
54448,54393
54393,54448
54393,54448
54359,54539
54359,54469
54462,54496
54394,54395
54359,54437
54580,54569
54361,54546
54394,54395
54393,54448
54448,54393
54393,54448
54359,54379
54370,54371
54361,54362
54361,54362
54398,54396
54398,54396
54394,54395
54361,54393
54386,54387
54372,54373
54417,54428
54359,54420
54359,54420
54361,54393
54457,54365
54458,54365
54398,54396
54398,54396
54471,54365
54361,54440
54361,54440
54394,54395
54393,54448
54359,54379
54448,54393
54393,54448
54448,54393
54361,54393
54230,54241
54240,54286
54238,54268
54228,54302
54240,54231
54238,54230
54683,54319
54357,54286
54228,54276
54277,54312
54255,54241
54238,54684
54279,54249
54236,54685
54228,54229
54240,54252
54238,54230
54279,54252
54228,54296
54357,54286
54613,54249
54238,54246
54242,54618
54279,54243
54228,54313
54613,54295
54238,54246
54340,54240
54240,54249
54240,54309
54279,54230
54238,54684
54240,54241
54279,54230
54236,54686
54228,54309
54613,54295
54238,54684
54240,54252
54255,54309
54683,54240
54279,54295
54228,54278
54238,54684
54613,54247
54228,54278
54240,54249
54236,54687
54228,54260
54238,54230
54240,54231
54228,54290
54238,54246
54240,54249
54256,54295
54613,54247
54279,54245
54228,54260
54238,54246
54279,54252
54228,54289
54230,54231
54340,54246
54238,54246
54320,54230
54280,54312
54279,54688
54228,54260
54261,54307
54277,54260
54242,54243
54240,54231
54279,54314
54228,54278
54261,54231
54340,54240
54631,54232
54329,54230
54279,54236
54228,54290
54256,54234
54613,54295
54261,54307
54232,54236
54340,54230
54277,54262
54240,54241
54228,54302
54261,54241
54277,54274
54277,54278
54279,54689
54228,54289
54279,54245
54228,54309
54261,54309
54238,54246
54242,54235
54240,54309
54228,54313
54256,54319
54238,54230
54340,54252
54672,54690
54329,54247
54279,54294
54228,54229
54277,54312
54238,54684
54279,54691
54228,54276
54277,54238
54340,54240
54238,54230
54242,54258
54240,54252
54228,54296
54613,54249
54277,54312
54340,54246
54242,54692
54230,54286
54277,54304
54238,54246
54240,54231
54238,54623
54240,54252
54357,54230
54238,54249
54240,54249
54242,54249
54357,54294
54238,54273
54261,54249
54240,54231
54238,54259
54238,54268
54357,54259
54238,54301
54240,54307
54240,54309
54238,54230
54631,54256
54240,54241
54238,54279
54238,54268
54240,54241
54238,54259
54238,54279
54240,54286
54240,54252
54238,54249
54240,54249
54240,54241
54240,54231
54242,54230
54238,54279
54261,54241
54240,54309
54238,54259
54238,54301
54240,54307
54238,54240
54240,54241
54238,54623
54240,54249
54238,54259
54238,54230
54240,54252
54238,54268
54261,54309
54240,54231
54238,54279
54230,54241
54240,54309
54238,54301
54261,54307
54240,54307
54238,54273
54230,54309
54230,54286
54238,54273
54238,54301
54238,54249
54238,54246
54240,54252
54242,54252
54232,54246
54238,54684
54240,54231
54683,54249
54238,54230
54242,54230
54238,54246
54240,54241
54236,54693
54238,54246
54238,54230
54236,54694
54238,54684
54256,54315
54277,54287
54357,54268
54683,54258
54279,54247
54242,54252
54236,54695
54240,54241
54238,54230
54228,54313
54240,54309
54232,54285
54236,54696
54238,54246
54240,54307
54242,54234
54238,54268
54240,54309
54238,54273
54240,54231
54236,54697
54240,54252
54230,54252
54238,54279
54240,54249
54238,54230
54240,54558
54238,54259
54240,54698
54236,54699
54238,54240
54261,54241
54240,54309
54238,54301
54275,54234
54238,54246
54240,54307
54631,54648
54230,54249
54238,54684
54240,54249
54613,54234
54261,54231
54256,54249
54320,54241
54256,54315
54261,54249
54299,54302
54230,54309
54357,54273
54613,54249
54279,54295
54337,54278
54234,54314
54258,54249
54634,54258
54283,54249
54337,54286
54320,54249
54262,54310
54277,54287
54242,54249
54616,54246
54294,54231
54641,54339
54300,54234
54295,54318
54337,54229
54261,54309
54357,54258
54230,54252
54337,54698
54279,54245
54641,54339
54295,54246
54252,54252
54337,54241
54295,54318
54320,54241
54277,54260
54300,54241
54262,54266
54242,54247
54294,54231
54641,54230
54337,54249
54318,54231
54294,54252
54357,54639
54613,54258
54337,54231
54234,54700
54248,54290
54258,54285
54283,54252
54337,54240
54320,54285
54262,54306
54300,54321
54277,54312
54242,54300
54279,54249
54234,54245
54248,54249
54634,54294
54337,54249
54641,54230
54299,54302
54261,54249
54295,54701
54357,54259
54337,54286
54613,54618
54230,54249
54279,54252
54283,54246
54280,54249
54294,54241
54634,54249
54234,54326
54337,54231
54320,54337
54262,54306
54242,54247
54294,54253
54277,54278
54641,54339
54337,54240
54299,54262
54357,54639
54295,54667
54258,54293
54242,54300
54277,54260
54262,54340
54337,54341
54283,54241
54258,54241
54320,54337
54262,54263
54277,54302
54242,54230
54294,54253
54337,54231
54228,54276
54641,54230
54240,54307
54256,54281
54299,54278
54295,54336
54337,54240
54261,54307
54613,54294
54230,54252
54279,54230
54234,54240
54283,54285
54634,54316
54248,54243
54258,54234
54337,54246
54320,54231
54283,54241
54275,54307
54258,54259
54275,54702
54252,54231
54357,54258
54337,54231
54258,54268
54295,54636
54283,54268
54255,54703
54320,54249
54294,54252
54337,54249
54300,54295
54242,54316
54634,54302
54641,54701
54256,54315
54240,54249
54627,54241
54236,54704
54337,54286
54299,54260
54279,54252
54234,54314
54634,54262
54275,54261
54258,54249
54252,54249
54262,54310
54337,54240
54275,54339
54279,54245
54234,54234
54230,54231
54236,54705
54275,54339
54279,54249
54252,54241
54357,54259
54337,54249
54258,54293
54613,54326
54295,54318
54248,54290
54234,54240
54283,54252
54255,54246
54337,54231
54277,54304
54320,54231
54309,54309
54300,54319
54242,54230
54262,54310
54627,54337
54337,54240
54236,54706
54299,54278
54294,54231
54283,54268
54295,54318
54280,54286
54230,54249
54240,54252
54234,54326
54357,54258
54613,54234
54248,54247
54634,54260
54258,54241
54337,54286
54283,54249
54295,54701
54320,54615
54337,54249
54300,54249
54242,54249
54262,54306
54337,54231
54294,54253
54261,54241
54318,54249
54256,54319
54337,54252
54230,54241
54613,54236
54357,54259
54279,54230
54641,54275
54256,54321
54228,54289
54262,54263
54277,54302
54320,54241
54294,54241
54300,54246
54641,54698
54242,54230
54262,54266
54255,54246
54256,54312
54318,54249
54337,54249
54230,54286
54299,54262
54234,54700
54613,54243
54634,54278
54337,54231
54258,54234
54283,54285
54295,54336
54320,54230
54277,54278
54337,54286
54300,54236
54641,54707
54294,54252
54242,54252
54234,54245
54242,54243
54261,54241
54230,54309
54337,54246
54228,54302
54641,54230
54300,54295
54256,54234
54337,54230
54295,54236
54230,54231
54337,54252
54283,54241
54320,54619
54242,54243
54262,54310
54262,54306
54294,54252
54337,54240
54256,54249
54641,54339
54627,54249
54337,54286
54295,54708
54230,54286
54337,54249
54320,54241
54242,54258
54262,54261
54258,54241
54258,54249
54242,54249
54320,54285
54641,54339
54256,54295
54240,54231
54357,54279
54613,54249
54295,54318
54337,54253
54283,54285
54230,54241
54320,54249
54258,54234
54337,54249
54258,54316
54242,54300
54300,54241
54641,54339
54294,54231
54256,54252
54337,54241
54357,54273
54613,54295
54295,54336
54284,54241
54337,54231
54283,54285
54230,54309
54262,54263
54337,54253
54641,54339
54357,54259
54613,54234
54295,54277
54230,54241
54320,54619
54242,54249
54616,54234
54337,54252
54256,54315
54357,54273
54337,54240
54295,54667
54337,54253
54337,54286
54230,54231
54242,54252
54228,54229
54256,54234
54337,54241
54357,54246
54295,54336
54309,54231
54242,54249
54337,54249
54258,54293
54230,54286
54240,54307
54248,54314
54255,54709
54256,54295
54337,54240
54337,54231
54295,54259
54230,54286
54320,54230
54337,54241
54242,54252
54262,54234
54258,54234
54256,54319
54337,54249
54357,54258
54295,54710
54230,54249
54320,54231
54242,54230
54262,54351
54337,54286
54256,54249
54277,54260
54357,54301
54284,54247
54230,54309
54320,54246
54242,54230
54258,54259
54616,54315
54228,54276
54228,54296
54279,54246
54242,54294
54258,54249
54261,54231
54230,54241
54283,54234
54258,54293
54337,54240
54234,54314
54320,54249
54634,54286
54262,54310
54242,54711
54294,54249
54277,54312
54295,54667
54337,54231
54357,54230
54337,54286
54295,54246
54261,54309
54230,54286
54283,54249
54234,54326
54258,54268
54248,54230
54337,54246
54320,54285
54262,54267
54641,54339
54242,54240
54337,54249
54337,54286
54337,54249
54283,54268
54248,54234
54634,54243
54258,54268
54234,54267
54320,54615
54337,54252
54262,54263
54242,54316
54294,54252
54277,54304
54641,54230
54641,54339
54295,54336
54230,54249
54337,54231
54283,54293
54248,54314
54258,54259
54634,54282
54234,54240
54320,54241
54262,54266
54242,54252
54294,54231
54337,54240
54294,54253
54634,54259
54277,54287
54294,54231
54641,54339
54277,54278
54299,54260
54337,54286
54357,54286
54295,54307
54230,54309
54283,54268
54337,54231
54258,54241
54320,54231
54337,54253
54234,54245
54242,54316
54294,54241
54641,54230
54337,54241
54240,54241
54357,54294
54337,54252
54295,54235
54230,54249
54283,54252
54320,54337
54337,54230
54262,54613
54242,54248
54248,54290
54262,54340
54641,54339
54337,54252
54613,54247
54295,54701
54261,54307
54230,54231
54283,54241
54234,54295
54258,54259
54248,54295
54320,54231
54309,54252
54337,54249
54262,54341
54242,54234
54294,54252
54641,54230
54277,54302
54295,54249
54261,54249
54230,54252
54337,54240
54283,54246
54258,54316
54320,54639
54309,54316
54234,54700
54262,54266
54337,54258
54387,54400
54300,54234
54337,54281
54712,54241
54248,54246
54279,54262
54280,54312
54234,54245
54232,54236
54261,54231
54255,54246
54252,54252
54337,54281
54357,54626
54230,54255
54610,54632
54267,54713
54634,54249
54283,54246
54641,54714
54262,54310
54250,54274
54334,54305
54284,54247
54299,54262
54236,54715
54712,54241
54248,54234
54261,54241
54279,54342
54280,54293
54234,54249
54255,54246
54286,54716
54277,54278
54334,54260
54230,54234
54267,54249
54634,54243
54337,54275
54250,54302
54641,54717
54300,54241
54262,54263
54242,54321
54329,54314
54258,54268
54242,54247
54329,54338
54300,54249
54258,54259
54641,54717
54262,54306
54337,54281
54242,54230
54250,54278
54300,54234
54329,54230
54301,54278
54236,54230
54258,54285
54299,54260
54238,54301
54284,54246
54248,54290
54337,54275
54279,54304
54234,54252
54261,54309
54280,54259
54286,54309
54318,54253
54634,54286
54252,54253
54283,54293
54267,54245
54301,54302
54236,54718
54299,54302
54284,54234
54238,54259
54252,54241
54337,54275
54248,54249
54712,54249
54279,54260
54234,54295
54261,54241
54280,54337
54286,54309
54318,54253
54337,54275
54357,54233
54230,54234
54616,54698
54277,54287
54255,54252
54610,54233
54238,54279
54299,54278
54337,54275
54230,54255
54232,54620
54275,54339
54250,54260
54262,54267
54634,54236
54267,54243
54242,54300
54300,54319
54641,54717
54283,54249
54610,54626
54258,54293
54236,54230
54329,54348
54284,54246
54299,54262
54252,54253
54712,54319
54234,54300
54280,54252
54261,54307
54261,54309
54280,54273
54255,54246
54309,54309
54232,54613
54277,54302
54250,54305
54275,54261
54262,54280
54242,54316
54634,54258
54267,54295
54641,54275
54300,54295
54294,54229
54610,54626
54329,54341
54236,54230
54258,54241
54284,54241
54299,54278
54252,54252
54248,54314
54712,54319
54234,54282
54334,54260
54279,54340
54232,54228
54279,54280
54232,54320
54255,54252
54326,54552
54286,54309
54334,54274
54230,54252
54277,54304
54275,54261
54634,54321
54250,54255
54267,54236
54300,54246
54641,54275
54242,54316
54262,54306
54258,54268
54329,54230
54284,54249
54236,54719
54357,54659
54261,54249
54255,54252
54280,54629
54234,54243
54230,54286
54326,54617
54286,54309
54275,54339
54262,54266
54634,54316
54250,54251
54267,54236
54283,54241
54641,54341
54258,54234
54242,54249
54329,54249
54236,54720
54610,54357
54337,54258
54284,54247
54252,54249
54299,54302
54248,54290
54712,54249
54337,54281
54279,54331
54337,54281
54255,54252
54246,54252
54236,54721
54321,54722
54232,54249
54261,54231
54252,54249
54300,54234
54280,54252
54340,54348
54284,54234
54357,54268
54318,54253
54230,54241
54234,54234
54283,54252
54262,54310
54610,54626
54255,54246
54299,54262
54329,54249
54279,54288
54256,54249
54329,54249
54234,54269
54236,54245
54321,54260
54232,54618
54300,54316
54261,54241
54252,54231
54279,54261
54340,54341
54280,54231
54357,54279
54631,54357
54318,54241
54234,54314
54230,54252
54616,54249
54634,54286
54262,54266
54242,54247
54326,54274
54255,54252
54299,54302
54258,54316
54242,54300
54238,54273
54256,54286
54284,54249
54248,54230
54236,54230
54232,54620
54321,54325
54261,54309
54246,54243
54340,54341
54279,54331
54252,54241
54240,54286
54280,54273
54298,54276
54334,54283
54616,54258
54277,54260
54300,54319
54230,54283
54283,54241
54262,54263
54299,54260
54256,54242
54246,54234
54337,54281
54255,54246
54284,54246
54248,54290
54236,54230
54232,54281
54321,54342
54246,54249
54261,54249
54280,54293
54357,54301
54240,54252
54300,54249
54279,54278
54252,54249
54318,54241
54250,54260
54230,54286
54234,54249
54262,54306
54299,54278
54329,54314
54258,54259
54242,54230
54248,54243
54284,54247
54256,54281
54318,54231
54334,54278
54230,54249
54616,54230
54337,54258
54267,54268
54634,54282
54326,54617
54275,54339
54283,54252
54255,54246
54262,54310
54242,54300
54610,54632
54250,54317
54258,54293
54236,54715
54329,54314
54320,54231
54299,54260
54256,54234
54286,54320
54300,54307
54280,54249
54261,54307
54616,54230
54267,54243
54275,54261
54283,54241
54634,54235
54610,54665
54262,54263
54242,54236
54250,54262
54236,54245
54258,54249
54301,54278
54300,54316
54329,54249
54299,54278
54248,54295
54284,54241
54279,54314
54321,54262
54232,54228
54340,54723
54234,54243
54230,54231
54248,54314
54279,54312
54284,54241
54248,54230
54232,54307
54261,54249
54280,54259
54279,54724
54340,54348
54234,54286
54357,54230
54286,54320
54230,54309
54616,54281
54283,54246
54262,54263
54242,54236
54255,54252
54275,54261
54258,54241
54299,54302
54329,54314
54295,54725
54256,54319
54284,54249
54236,54230
54300,54321
54309,54231
54321,54328
54232,54620
54261,54240
54340,54726
54280,54249
54286,54320
54234,54249
54357,54259
54230,54283
54616,54246
54283,54268
54641,54275
54255,54246
54262,54266
54242,54234
54610,54357
54275,54339
54258,54234
54329,54230
54299,54262
54246,54252
54280,54286
54230,54241
54261,54231
54258,54293
54299,54260
54255,54252
54238,54623
54248,54243
54230,54283
54252,54241
54326,54274
54275,54339
54320,54249
54250,54251
54280,54259
54277,54278
54279,54304
54309,54309
54246,54249
54242,54321
54232,54242
54318,54249
54236,54727
54300,54295
54616,54315
54634,54700
54267,54294
54238,54230
54283,54241
54230,54234
54301,54302
54252,54252
54326,54552
54250,54262
54318,54241
54300,54300
54280,54286
54279,54240
54242,54236
54246,54252
54232,54249
54262,54310
54236,54728
54294,54252
54234,54243
54610,54729
54283,54268
54329,54670
54262,54263
54234,54252
54294,54241
54641,54341
54234,54290
54236,54730
54641,54717
54294,54231
54610,54665
54329,54558
54283,54249
54267,54295
54634,54341
54258,54293
54320,54639
54299,54260
54712,54319
54255,54246
54238,54279
54230,54241
54326,54327
54731,54252
54275,54261
54252,54231
54277,54260
54318,54231
54299,54302
54286,54309
54246,54243
54610,54233
54283,54249
54329,54674
54267,54282
54616,54281
54634,54610
54712,54241
54258,54259
54320,54258
54299,54262
54255,54246
54238,54268
54230,54255
54326,54617
54275,54261
54252,54249
54277,54287
54280,54249
54250,54302
54279,54261
54300,54316
54232,54236
54255,54246
54258,54249
54320,54258
54258,54259
54299,54278
54318,54249
54230,54231
54238,54259
54252,54240
54326,54552
54300,54247
54234,54249
54280,54312
54279,54724
54242,54230
54309,54252
54246,54249
54236,54660
54267,54243
54641,54325
54616,54230
54283,54252
54329,54319
54255,54246
54320,54639
54320,54231
54255,54246
54329,54670
54267,54268
54280,54273
54228,54229
54300,54319
54326,54274
54252,54241
54238,54246
54318,54253
54299,54260
54258,54268
54255,54246
54320,54258
54283,54268
54242,54252
54236,54732
54246,54252
54294,54249
54309,54249
54232,54618
54641,54278
54616,54319
54283,54246
54280,54293
54258,54241
54318,54231
54230,54309
54318,54253
54252,54253
54275,54339
54337,54275
54280,54231
54300,54236
54279,54258
54234,54286
54242,54316
54246,54243
54232,54252
54262,54263
54236,54733
54294,54231
54267,54236
54284,54241
54610,54632
54283,54314
54616,54281
54634,54560
54238,54249
54299,54302
54299,54278
54320,54639
54230,54234
54252,54252
54326,54617
54280,54252
54300,54307
54279,54260
54309,54241
54234,54245
54242,54249
54246,54247
54232,54620
54340,54723
54236,54734
54294,54253
54267,54249
54641,54275
54610,54735
54634,54300
54283,54241
54329,54241
54255,54252
54258,54285
54250,54255
54279,54274
54300,54307
54242,54236
54286,54716
54275,54261
54300,54249
54262,54266
54634,54294
54267,54245
54641,54341
54283,54293
54236,54736
54284,54319
54294,54252
54258,54316
54712,54247
54610,54256
54252,54249
54299,54302
54234,54286
54326,54552
54255,54246
54280,54234
54250,54274
54230,54249
54277,54312
54280,54231
54340,54615
54246,54249
54300,54321
54275,54261
54262,54263
54641,54717
54329,54302
54267,54282
54283,54268
54294,54231
54236,54737
54258,54241
54610,54632
54284,54246
54712,54241
54252,54241
54234,54252
54299,54262
54238,54259
54255,54246
54230,54309
54279,54288
54242,54230
54279,54238
54277,54304
54300,54275
54275,54261
54242,54321
54262,54310
54634,54319
54267,54268
54641,54275
54329,54235
54294,54241
54258,54249
54712,54249
54610,54233
54236,54738
54284,54295
54299,54260
54252,54231
54248,54246
54357,54665
54320,54258
54234,54295
54255,54246
54250,54302
54250,54317
54232,54307
54280,54241
54275,54339
54300,54319
54242,54249
54262,54306
54329,54314
54641,54717
54267,54249
54283,54252
54294,54249
54236,54739
54258,54259
54712,54241
54610,54665
54284,54249
54252,54241
54299,54260
54248,54249
54357,54232
54255,54246
54234,54245
54230,54231
54326,54274
54329,54338
54250,54309
54280,54273
54246,54252
54252,54252
54641,54275
54262,54306
54329,54278
54234,54282
54283,54241
54634,54653
54294,54249
54267,54243
54236,54740
54610,54357
54255,54252
54258,54285
54712,54249
54238,54230
54299,54302
54320,54337
54230,54231
54280,54234
54250,54262
54242,54247
54275,54261
54300,54241
54275,54339
54246,54234
54242,54234
54234,54295
54236,54741
54641,54341
54262,54266
54329,54262
54294,54252
54610,54626
54283,54268
54634,54742
54267,54268
54258,54249
54320,54249
54299,54262
54712,54247
54238,54273
54248,54230
54230,54286
54250,54278
54280,54241
54279,54278
54279,54302
54279,54342
54242,54243
54242,54300
54246,54243
54300,54234
54641,54275
54262,54280
54329,54320
54634,54259
54267,54236
54283,54246
54234,54290
54294,54241
54236,54743
54252,54231
54610,54357
54258,54234
54712,54319
54299,54278
54320,54639
54255,54246
54230,54252
54731,54252
54279,54262
54309,54241
54250,54283
54280,54246
54246,54249
54300,54246
54318,54241
54641,54717
54262,54310
54252,54253
54329,54744
54284,54249
54234,54300
54634,54285
54294,54253
54267,54249
54236,54745
54283,54293
54610,54611
54255,54246
54258,54268
54238,54301
54299,54278
54320,54231
54230,54249
54275,54339
54255,54252
54258,54316
54256,54249
54230,54286
54262,54306
54252,54249
54318,54241
54329,54249
54616,54315
54337,54258
54258,54241
54283,54249
54320,54249
54299,54260
54238,54273
54267,54282
54234,54286
54326,54274
54275,54261
54337,54281
54300,54295
54255,54246
54236,54660
54337,54275
54279,54304
54294,54252
54262,54310
54252,54249
54318,54253
54337,54258
54329,54230
54258,54259
54616,54249
54320,54285
54283,54314
54246,54249
54298,54290
54238,54265
54337,54281
54234,54238
54267,54249
54300,54241
54275,54261
54255,54246
54246,54243
54280,54252
54299,54302
54230,54241
54280,54286
54294,54231
54230,54309
54318,54231
54329,54249
54610,54729
54616,54246
54634,54235
54252,54231
54283,54246
54320,54229
54258,54316
54299,54262
54238,54301
54337,54281
54326,54552
54234,54262
54300,54246
54258,54249
54267,54349
54280,54246
54262,54266
54232,54746
54340,54230
54236,54660
54236,54655
54232,54228
54262,54306
54230,54283
54318,54241
54252,54253
54283,54241
54258,54234
54320,54278
54279,54724
54299,54278
54234,54747
54267,54242
54326,54617
54300,54249
54255,54246
54280,54629
54279,54278
54246,54243
54294,54253
54238,54279
54641,54242
54627,54241
54236,54655
54337,54275
54294,54252
54267,54249
54244,54249
54255,54246
54280,54259
54236,54732
54279,54288
54337,54258
54242,54310
54277,54278
54252,54241
54641,54341
54230,54231
54262,54266
54610,54611
54318,54231
54616,54234
54320,54337
54299,54262
54300,54321
54234,54278
54283,54293
54298,54260
54299,54278
54326,54552
54294,54231
54267,54268
54244,54295
54255,54246
54280,54312
54337,54275
54337,54258
54230,54249
54279,54260
54252,54253
54242,54349
54641,54717
54337,54281
54238,54249
54262,54263
54610,54233
54320,54231
54228,54290
54300,54321
54283,54252
54299,54302
54610,54748
54634,54749
54320,54619
54283,54285
54299,54262
54337,54281
54234,54560
54238,54230
54300,54316
54258,54293
54244,54316
54267,54268
54275,54261
54255,54246
54280,54241
54337,54275
54294,54249
54279,54342
54277,54312
54232,54281
54326,54274
54279,54262
54286,54750
54318,54231
54234,54260
54238,54623
54255,54246
54275,54339
54267,54247
54326,54617
54294,54249
54337,54281
54280,54293
54616,54258
54246,54234
54236,54732
54242,54235
54627,54249
54641,54276
54252,54231
54230,54286
54340,54252
54337,54275
54262,54280
54279,54331
54246,54234
54279,54314
54236,54732
54279,54240
54252,54253
54280,54241
54340,54348
54337,54281
54250,54305
54334,54288
54300,54241
54277,54304
54240,54231
54230,54231
54262,54266
54299,54260
54238,54268
54275,54339
54256,54281
54258,54234
54255,54246
54232,54307
54321,54274
54284,54241
54248,54234
54261,54249
54236,54230
54252,54252
54280,54286
54230,54249
54329,54230
54294,54241
54261,54231
54236,54230
54242,54249
54232,54281
54232,54307
54309,54231
54284,54247
54242,54321
54284,54234
54248,54314
54232,54618
54236,54751
54261,54307
54357,54258
54280,54629
54340,54348
54240,54252
54286,54309
54246,54243
54329,54230
54256,54315
54258,54285
54234,54234
54248,54246
54275,54261
54299,54262
54255,54252
54262,54306
54283,54293
54230,54286
54300,54236
54277,54287
54337,54275
