60140,60141
60142,60143
60144,60145
60146,60147
60140,60144
60148,60149
60150,60151
60150,60152
60153,60154
60142,60155
60156,60157
60144,60158
60159,60160
60144,60154
60161,60162
60163,60164
60140,60165
60166,60167
60140,60168
60169,60170
60158,60143
60169,60171
60163,60172
60148,60149
60161,60173
60169,60171
60163,60164
60140,60174
60169,60170
60163,60166
60140,60156
60163,60166
60140,60175
60146,60176
60140,60177
60150,60178
60150,60160
60140,60146
60179,60176
60158,60176
60159,60180
60181,60176
60140,60149
60182,60183
60153,60155
60184,60185
60186,60177
60187,60188
60170,60182
60169,60189
60158,60190
60191,60192
60169,60193
60158,60155
60153,60194
60166,60195
60146,60176
60158,60176
60140,60174
60140,60186
60158,60143
60196,60178
60153,60197
60149,60176
60140,60144
60169,60170
60144,60198
60140,60163
60163,60164
60158,60143
60140,60156
60144,60199
60163,60200
60161,60173
60201,60202
60184,60203
60169,60204
60205,60147
60201,60164
60140,60206
60163,60207
60169,60204
60163,60176
60169,60189
60156,60157
60163,60208
60201,60157
60140,60209
60166,60210
60169,60211
60140,60177
60166,60212
60144,60158
60140,60148
60169,60189
60169,60204
60150,60213
60169,60211
60140,60144
60169,60189
60163,60154
60201,60164
60201,60149
60166,60169
60163,60214
60156,60176
60201,60158
60198,60215
60169,60170
60163,60216
60169,60189
60148,60149
60140,60170
60169,60217
60148,60149
60140,60209
60169,60218
60143,60143
60163,60219
60179,60220
60169,60221
60170,60176
60163,60164
60148,60220
60140,60146
60148,60220
60140,60149
60198,60143
60201,60149
60163,60219
60169,60204
60163,60222
60201,60166
60140,60165
60163,60219
60201,60158
60140,60158
60169,60223
60163,60224
60225,60161
60201,60226
60169,60227
60148,60220
60140,60141
60201,60202
60146,60155
60143,60228
60158,60176
60159,60229
60149,60155
60181,60154
60140,60186
60230,60159
60140,60165
60144,60207
60146,60231
60232,60233
60141,60149
60149,60192
60140,60149
60166,60234
60141,60198
60235,60158
60179,60149
60181,60155
60140,60144
60179,60155
60186,60177
60140,60175
60187,60188
60159,60229
60181,60176
60236,60197
60140,60141
60169,60205
60159,60237
60179,60149
60153,60154
60159,60160
60181,60157
60179,60220
60149,60170
60141,60238
60140,60148
60163,60164
60141,60239
60240,60232
60163,60166
60182,60213
60235,60198
60241,60216
60141,60209
60140,60156
60240,60203
60141,60149
60240,60242
60235,60155
60232,60230
60235,60220
60205,60197
60240,60213
60140,60209
60205,60176
60141,60238
60141,60197
60150,60213
60240,60178
60232,60144
60141,60176
60141,60243
60140,60146
60182,60244
60141,60149
60166,60245
60141,60197
60140,60158
60141,60198
60230,60198
60240,60160
60140,60209
60159,60237
60181,60194
60140,60165
60187,60154
60140,60165
60142,60147
60143,60155
60187,60158
60140,60170
60170,60188
60186,60246
60169,60189
60198,60176
60216,60247
60191,60189
60181,60155
60186,60248
60143,60154
60186,60249
60169,60205
60140,60141
60144,60242
60140,60168
60158,60155
60166,60250
60158,60190
60140,60148
60158,60143
60170,60190
60158,60176
60143,60168
60187,60157
60140,60158
60142,60190
60140,60168
60181,60154
60216,60163
60187,60215
60158,60155
60191,60251
60144,60149
60140,60170
60181,60157
60181,60154
60169,60205
60191,60252
60140,60149
60230,60190
60186,60253
60140,60146
60187,60155
60181,60176
60140,60148
60159,60254
60181,60155
60236,60154
60159,60178
60140,60158
60181,60186
60181,60157
60140,60209
60153,60159
60158,60143
60143,60176
60140,60186
60156,60176
60216,60255
60166,60256
60140,60177
60181,60214
60169,60211
60158,60190
60187,60198
60140,60168
60187,60220
60166,60195
60142,60149
60169,60204
60257,60258
60259,60260
60261,60262
60263,60264
60265,60266
60264,60267
60257,60268
60265,60269
60257,60270
60262,60261
60257,60258
60257,60271
60262,60261
60271,60257
60271,60257
60272,60266
60257,60270
60267,60264
60273,60260
60274,60275
60261,60262
60276,60260
60277,60278
60279,60280
60281,60282
60281,60283
60284,60285
60286,60261
60287,60288
60287,60288
60287,60289
60261,60290
60271,60257
60291,60292
60293,60278
60281,60283
60292,60266
60287,60289
60287,60294
60278,60295
60296,60297
60272,60266
60272,60298
60264,60267
60299,60300
60301,60302
60301,60301
60301,60303
60303,60301
60260,60304
60274,60305
60264,60306
60281,60307
60278,60308
60281,60307
60309,60310
60310,60311
60308,60278
60312,60260
60313,60313
60313,60314
60313,60315
60278,60277
60278,60316
60278,60317
60318,60319
60320,60321
60281,60322
60323,60324
60281,60307
60292,60266
60325,60261
60326,60327
60260,60328
60328,60260
60274,60305
60274,60305
60260,60329
60330,60260
60296,60297
60274,60305
60265,60266
60331,60284
60281,60332
60276,60260
60333,60334
60334,60333
60335,60336
60337,60266
60338,60339
60260,60273
60278,60308
60340,60274
60260,60330
60341,60342
60260,60343
60310,60344
60310,60311
60338,60345
60281,60346
60347,60348
60279,60280
60301,60301
60301,60349
60350,60274
60278,60266
60278,60308
60313,60314
60281,60351
60284,60352
60260,60276
60353,60260
60261,60325
60270,60257
60336,60327
60257,60354
60336,60355
60336,60356
60328,60260
60336,60355
60357,60358
60279,60266
60359,60360
60279,60280
60361,60362
60260,60273
60260,60328
60260,60363
60278,60293
60278,60364
60286,60261
60365,60296
60314,60313
60292,60366
60257,60266
60260,60276
60278,60367
60257,60368
60277,60278
60257,60369
60278,60277
60274,60370
60362,60361
60261,60286
60261,60286
60261,60262
60163,60371
60299,60300
60281,60307
60323,60372
60308,60278
60373,60374
60278,60308
60308,60278
60375,60376
60287,60377
60359,60378
60379,60338
60305,60274
60338,60373
60375,60376
60380,60333
60373,60381
60278,60295
60382,60257
60287,60383
60384,60265
60376,60375
60385,60260
60328,60260
60386,60387
60388,60357
60389,60338
60265,60390
60387,60386
60287,60294
60323,60391
60392,60393
60261,60394
60374,60373
60395,60257
60347,60266
60272,60266
60376,60375
60284,60396
60274,60305
60144,60242
60163,60159
60169,60189
60140,60209
60166,60169
60140,60170
60166,60250
60140,60165
60140,60174
60166,60234
60169,60189
60163,60198
60140,60397
60169,60211
60148,60149
60140,60141
60163,60398
60140,60177
60373,60374
60278,60399
60278,60399
60278,60399
60326,60327
60278,60399
60278,60399
60326,60327
60278,60327
60278,60266
60278,60400
60378,60359
60401,60260
60402,60403
60166,60167
60323,60372
60404,60357
60333,60405
60333,60405
60335,60336
60265,60269
60265,60406
60272,60407
60272,60408
60260,60273
60278,60409
60410,60411
60261,60412
60261,60412
60261,60412
60261,60412
60413,60281
60260,60414
60305,60274
60278,60400
60403,60402
60403,60402
60303,60301
60264,60292
60282,60281
60264,60292
60318,60319
60307,60281
60265,60269
60323,60324
60303,60301
60262,60261
60415,60260
60401,60260
60320,60416
60287,60294
60320,60417
60277,60278
60279,60266
60265,60266
60265,60306
60381,60373
60341,60418
60386,60419
60420,60421
60337,60266
60374,60373
60357,60358
60357,60404
60357,60388
60333,60422
60333,60423
60333,60424
60425,60426
60374,60373
60333,60423
60425,60426
60281,60427
60328,60260
60373,60374
60290,60261
60428,60410
60429,60430
60279,60431
60279,60432
60320,60327
60433,60341
60410,60428
60428,60410
60416,60416
60420,60434
60420,60434
60373,60374
60373,60374
60373,60374
60374,60373
60278,60399
60278,60409
60327,60347
60287,60383
60382,60257
60287,60377
60359,60360
60359,60435
60323,60372
60435,60359
60384,60265
60308,60278
60436,60410
60373,60374
60410,60437
60278,60308
60308,60278
60375,60376
60359,60378
60410,60436
60278,60295
60347,60266
60374,60373
60333,60405
60404,60357
60376,60375
60376,60375
60376,60375
60385,60260
60328,60260
60395,60257
60386,60387
60389,60338
60265,60390
60387,60386
60287,60294
60323,60391
60392,60393
60261,60394
60388,60357
60375,60376
60379,60338
60338,60373
60327,60438
60278,60400
60378,60359
60401,60260
60278,60409
60305,60274
60323,60439
60278,60266
60278,60316
60324,60323
60326,60440
60327,60278
60296,60297
60441,60323
60365,60296
60365,60296
60323,60324
60305,60274
60278,60327
60326,60327
60375,60376
60380,60333
60373,60381
60272,60266
60284,60396
60323,60372
60274,60305
60327,60278
60373,60374
60327,60326
60278,60399
60278,60399
60278,60399
60326,60327
60278,60399
60278,60399
60278,60399
60333,60405
60333,60423
60374,60373
60261,60412
60261,60412
60313,60442
60261,60412
60413,60281
60260,60414
60277,60278
60442,60313
60279,60266
60265,60266
60265,60306
60290,60261
60428,60410
60429,60430
60284,60443
60279,60431
60279,60444
60279,60432
60261,60412
60305,60274
60403,60402
60403,60402
60403,60402
60278,60400
60278,60409
60335,60336
60327,60281
60313,60442
60265,60269
60272,60407
60272,60408
60260,60273
60327,60264
60402,60403
60410,60411
60327,60265
60265,60406
60445,60410
60320,60327
60433,60341
60341,60418
60386,60419
60420,60421
60327,60438
60446,60438
60337,60266
60376,60375
60381,60373
60374,60373
60357,60358
60357,60404
60357,60388
60333,60422
60333,60423
60333,60424
60425,60426
60447,60284
60425,60426
60328,60260
60374,60373
60410,60428
60410,60445
60428,60410
60448,60347
60410,60445
60410,60445
60449,60274
60450,60416
60416,60416
60450,60416
60420,60434
60420,60434
60447,60284
60373,60374
60373,60374
60373,60374
60373,60374
60323,60451
60373,60338
60425,60452
60441,60323
60453,60261
60425,60454
60274,60272
60338,60373
60425,60452
60310,60309
60410,60437
60441,60261
60437,60410
60425,60452
60453,60261
60453,60261
60403,60455
60338,60379
60284,60285
60313,60456
60338,60457
60261,60261
60305,60274
60305,60274
60458,60347
60301,60459
60459,60301
60409,60278
60436,60410
60274,60305
60410,60436
60261,60261
60460,60301
60301,60459
60461,60462
60279,60444
60261,60463
60261,60464
60279,60465
60261,60464
60301,60459
60466,60264
60313,60467
60338,60379
60362,60468
60260,60469
60260,60276
60301,60460
60362,60470
60260,60276
60455,60403
60357,60471
60260,60276
60260,60276
60260,60276
60455,60403
60260,60328
60284,60472
60284,60472
60327,60337
60276,60260
60403,60473
60403,60473
60403,60474
60442,60313
60338,60475
60338,60476
60260,60276
60281,60434
60260,60328
60442,60313
60338,60475
60338,60476
60281,60477
60403,60474
60281,60283
60281,60478
60338,60373
60373,60338
60479,60480
60362,60481
60274,60272
60320,60417
60465,60279
60437,60410
60260,60328
60410,60482
60260,60328
60278,60483
60375,60376
60376,60375
60376,60375
60260,60328
60278,60483
60265,60484
60373,60374
60265,60485
60327,60265
60381,60373
60486,60265
60402,60403
60375,60376
60358,60357
60323,60372
60461,60461
60323,60372
60425,60487
60425,60488
60425,60489
60425,60489
60287,60294
60425,60490
60410,60491
60447,60284
60327,60301
60492,60410
60278,60308
60483,60278
60278,60266
60278,60483
60410,60492
60410,60492
60403,60402
60323,60493
60403,60474
60333,60494
60333,60494
60392,60393
60392,60393
60403,60495
60278,60316
60284,60496
60403,60495
60402,60403
60403,60402
60392,60497
60436,60410
60403,60402
60392,60498
60392,60498
60392,60498
60425,60444
60403,60402
60386,60327
60403,60402
60403,60474
60403,60474
60474,60403
60403,60402
60499,60416
60260,60328
60260,60328
60500,60327
60327,60500
60327,60500
60438,60501
60278,60483
60410,60502
60410,60411
60333,60503
60264,60504
60327,60386
60379,60338
60287,60294
60320,60416
60327,60320
60441,60261
60410,60437
60437,60410
60338,60379
60338,60475
60338,60476
60301,60460
60460,60301
60327,60337
60447,60284
60450,60505
60378,60359
60506,60296
60327,60292
60338,60379
60450,60505
60327,60284
60450,60403
60410,60436
60459,60301
60410,60491
60410,60482
60375,60376
60376,60375
60376,60375
60375,60376
60327,60265
60436,60410
60402,60403
60327,60500
60327,60386
60278,60316
60436,60410
60437,60410
60458,60347
60301,60459
60327,60500
60327,60430
60447,60284
60305,60274
60429,60430
60430,60429
60278,60266
60359,60507
60278,60308
60278,60308
60429,60430
60350,60274
60260,60273
60338,60339
60274,60305
60328,60260
60274,60305
60274,60305
60260,60329
60330,60260
60430,60429
60430,60429
60327,60257
60301,60349
60327,60347
60340,60274
60260,60330
60341,60342
60260,60343
60310,60344
60327,60310
60310,60311
60338,60345
60327,60278
60450,60338
60292,60327
60281,60346
60429,60430
60347,60348
60279,60280
60301,60301
60410,60492
60508,60359
60483,60278
60327,60301
60327,60272
60444,60279
60327,60265
60327,60265
60327,60264
60327,60320
60327,60301
60359,60508
60327,60313
60375,60376
60327,60279
60509,60410
60410,60509
60327,60292
60447,60284
60510,60292
60327,60301
60511,60281
60327,60301
60279,60280
60327,60310
60327,60278
60450,60338
60292,60327
60429,60430
60327,60257
60430,60429
60327,60279
60429,60430
60359,60507
60429,60430
60430,60429
60508,60359
60327,60265
60327,60337
60447,60284
60430,60429
60327,60320
60403,60402
60327,60281
60375,60376
60376,60375
60359,60360
60359,60435
60435,60359
60410,60436
60436,60410
60447,60284
60410,60437
60327,60278
60327,60438
60327,60278
60441,60323
60441,60323
60447,60284
60410,60492
60327,60326
60376,60375
60446,60438
60327,60438
60327,60264
60402,60403
60327,60265
60313,60442
60442,60313
60313,60442
60279,60444
60284,60443
60445,60410
60410,60445
60448,60347
60410,60445
60410,60445
60449,60274
60450,60416
60450,60416
60447,60284
60492,60410
60156,60220
60296,60297
60265,60266
60308,60278
60312,60260
60313,60313
60327,60313
60313,60314
60313,60315
60278,60277
60310,60311
60278,60316
60318,60319
60327,60301
60320,60321
60281,60322
60323,60324
60281,60307
60281,60307
60278,60317
60278,60308
60309,60310
60292,60266
60259,60260
60261,60262
60263,60264
60265,60266
60264,60267
60265,60269
60271,60257
60292,60266
60257,60270
60262,60261
60257,60258
60257,60271
60262,60261
60271,60257
60291,60292
60281,60283
60327,60301
60281,60307
60264,60267
60287,60289
60303,60301
60264,60292
60282,60281
60264,60292
60318,60319
60327,60292
60307,60281
60281,60307
60265,60269
60303,60301
60262,60261
60415,60260
60401,60260
60447,60284
60510,60292
60511,60281
60323,60324
60281,60427
60299,60300
60260,60363
60287,60294
60278,60295
60375,60376
60296,60297
60272,60266
60272,60298
60299,60300
60264,60306
60327,60279
60301,60302
60301,60301
60509,60410
60301,60303
60303,60301
60410,60509
60260,60304
60274,60305
60327,60320
60327,60265
60257,60258
60272,60266
60257,60368
60277,60278
60257,60369
60278,60277
60279,60280
60274,60370
60362,60361
60278,60367
60261,60286
60278,60364
60261,60262
60278,60293
60327,60279
60327,60301
60260,60328
60353,60260
60261,60286
60261,60325
60447,60284
60257,60266
60337,60266
60327,60337
60331,60284
60281,60332
60276,60260
60333,60334
60334,60333
60260,60276
60335,60336
60281,60351
60284,60352
60260,60276
60286,60261
60365,60296
60314,60313
60292,60366
60313,60314
60270,60257
60336,60327
60257,60354
60279,60280
60281,60282
60281,60283
60284,60285
60286,60261
60287,60288
60287,60288
60277,60278
60287,60289
60444,60279
60327,60265
60327,60265
60271,60257
60327,60264
60267,60264
60257,60270
60261,60290
60276,60260
60261,60262
60274,60275
60336,60355
60336,60356
60328,60260
60336,60355
60359,60508
60357,60358
60279,60266
60359,60360
60279,60280
60361,60362
60260,60273
60260,60328
60327,60272
60326,60327
60325,60261
60293,60278
60273,60260
60257,60268
60140,60177
60375,60376
60166,60212
60323,60512
60328,60260
60402,60403
60513,60260
60447,60284
60284,60472
60278,60514
60284,60515
60327,60284
60466,60264
60313,60467
60442,60313
60338,60476
60260,60276
60281,60434
60260,60328
60442,60313
60281,60477
60403,60474
60281,60283
60281,60478
60338,60373
60373,60338
60323,60516
60323,60517
60260,60415
60450,60505
60505,60518
60281,60434
60505,60519
60505,60520
60450,60505
60505,60521
60505,60521
60416,60416
60274,60272
60416,60416
60519,60505
60479,60480
60347,60266
60292,60313
60338,60379
60403,60473
60272,60274
60296,60327
60327,60292
60506,60296
60496,60284
60496,60284
60347,60266
60378,60359
60260,60276
60362,60481
60403,60474
60403,60473
60347,60266
60496,60284
60496,60284
60296,60327
60272,60274
60403,60473
60292,60313
60260,60276
60347,60266
60519,60505
60416,60416
60260,60415
60274,60272
60505,60521
60505,60521
60505,60520
60505,60519
60281,60434
60505,60518
60520,60505
60466,60264
60505,60521
60522,60347
60284,60523
60416,60416
60520,60505
60323,60517
60323,60512
60403,60473
60357,60471
60362,60468
60260,60469
60260,60276
60362,60470
60260,60276
60455,60403
60260,60276
60276,60260
60260,60276
60323,60516
60260,60276
60260,60328
60284,60472
60284,60472
60402,60403
60375,60376
60284,60515
60278,60514
60284,60472
60513,60260
60402,60403
60328,60260
60455,60403
60265,60266
60466,60264
60450,60403
60409,60278
60274,60272
60465,60279
60379,60338
60392,60498
60392,60498
60392,60498
60403,60402
60392,60497
60403,60402
60425,60444
60402,60403
60284,60496
60403,60495
60392,60393
60392,60393
60333,60494
60333,60494
60403,60495
60403,60402
60386,60327
60403,60402
60264,60504
60274,60305
60301,60459
60301,60459
60461,60462
60524,60176
60261,60261
60313,60456
60284,60285
60338,60379
60403,60455
60453,60261
60453,60261
60425,60452
60338,60457
60310,60309
60333,60503
60425,60452
60274,60272
60425,60454
60453,60261
60305,60274
60261,60261
60305,60274
60261,60464
60279,60465
60261,60464
60261,60463
60279,60444
60338,60373
60410,60411
60410,60502
60278,60483
60425,60490
60287,60294
60425,60489
60425,60489
60425,60488
60425,60487
60323,60372
60425,60452
60373,60338
60323,60451
60365,60296
60278,60308
60365,60296
60326,60440
60324,60323
60323,60324
60278,60316
60323,60439
60318,60319
60265,60266
60284,60523
60447,60284
60327,60430
60522,60347
60296,60297
60505,60521
60278,60266
60461,60461
60438,60501
60500,60327
60260,60328
60260,60328
60499,60416
60403,60402
60474,60403
60403,60474
60403,60474
60403,60474
60323,60493
60278,60483
60403,60402
60486,60265
60381,60373
60265,60485
60373,60374
60265,60484
60278,60483
60278,60483
60260,60328
60260,60328
60260,60328
60323,60372
60358,60357
60318,60319
60338,60475
60150,60151
60158,60176
60158,60155
60141,60164
60158,60143
60141,60154
60158,60190
60158,60155
60141,60525
60158,60176
60141,60154
60158,60190
60141,60164
60158,60143
60158,60143
60141,60154
60141,60525
60158,60155
60141,60164
60158,60176
60158,60176
60158,60190
60158,60155
60156,60176
60141,60525
60158,60143
60141,60177
60141,60164
60141,60164
60158,60155
60141,60154
60158,60143
60141,60164
60158,60190
60141,60525
60141,60154
60158,60155
60158,60176
60158,60143
60141,60525
60158,60176
60141,60164
60141,60229
60158,60190
60158,60143
60141,60180
60158,60155
60141,60154
60158,60176
60141,60525
60158,60143
60158,60190
60158,60176
60141,60525
60141,60154
60158,60176
60150,60526
60158,60155
60158,60143
60153,60176
60169,60189
60140,60170
60156,60157
60158,60176
60140,60141
60166,60527
60158,60190
60186,60528
60140,60175
60158,60155
60150,60213
60140,60174
60158,60143
60140,60144
60158,60155
60158,60143
60140,60209
60170,60529
60140,60165
60153,60155
60158,60190
60230,60155
60158,60155
60150,60178
60141,60164
60169,60211
60156,60176
60141,60525
60158,60143
60156,60220
60140,60168
60141,60164
60140,60158
60141,60154
60150,60152
60169,60193
60158,60176
60141,60525
60191,60192
60158,60190
60141,60154
60158,60143
60143,60155
60141,60164
60158,60155
60153,60154
60141,60154
60158,60190
60141,60525
60158,60176
60141,60197
60191,60193
60140,60156
60141,60238
60205,60230
60140,60168
60141,60243
60141,60238
60140,60174
60141,60198
60140,60177
60141,60197
60141,60243
60153,60155
60240,60530
60150,60178
60153,60176
60141,60238
60141,60194
60140,60175
60141,60243
60205,60153
60141,60197
60140,60165
60141,60198
60141,60197
60170,60159
60141,60197
60235,60198
60140,60168
60150,60526
60235,60176
60140,60149
60150,60152
60191,60192
60141,60243
60182,60531
60141,60238
60150,60160
60166,60169
60232,60144
60141,60198
60140,60148
60232,60233
60141,60243
60140,60170
60166,60167
60150,60151
60232,60532
60141,60198
60141,60238
60170,60197
60140,60146
60140,60158
60141,60533
60141,60158
60141,60144
60141,60176
60140,60149
60158,60143
60141,60229
60141,60154
60158,60155
60141,60525
60158,60176
60158,60155
60158,60176
60140,60156
60141,60164
60163,60164
60232,60534
60158,60143
60141,60154
60158,60143
60158,60176
60140,60177
60141,60525
60158,60155
60141,60144
60140,60148
60141,60158
60141,60176
60141,60197
60191,60252
60141,60535
60156,60220
60216,60236
60141,60194
60216,60536
60153,60197
60141,60209
60191,60251
60205,60197
60141,60533
60141,60243
60141,60238
60186,60177
60216,60202
60141,60242
60140,60209
60141,60243
60141,60398
60141,60238
60141,60194
60141,60197
60191,60161
60216,60148
60153,60529
60140,60175
