73545,73546
73547,73548
73549,73550
73550,73549
73551,73552
73553,73554
73555,73556
73552,73551
73557,73558
73559,73560
73556,73555
73561,73555
73547,73548
73562,73563
73547,73548
73561,73564
73547,73548
73549,73565
73564,73566
73567,73568
73569,73562
73569,73570
73569,73571
73572,73553
73553,73573
73553,73573
73547,73548
73547,73548
73553,73574
73574,73553
73575,73576
73553,73573
73553,73573
73577,73546
73578,73579
73580,73567
73560,73581
73560,73582
73583,73584
73585,73585
73546,73586
73587,73588
73560,73581
73581,73560
73564,73589
73546,73562
73558,73590
73562,73583
73591,73592
73593,73558
73581,73560
73567,73580
73563,73594
73578,73595
73560,73581
73584,73583
73581,73560
73560,73559
73558,73557
73561,73596
73563,73562
73560,73559
73569,73597
73578,73598
73578,73599
73578,73600
73581,73560
73578,73601
73569,73597
73602,73603
73604,73605
73558,73606
73607,73608
73607,73609
73607,73608
73610,73591
73611,73560
73591,73610
73560,73611
73591,73610
73611,73560
73608,73607
73607,73608
73612,73613
73614,73615
73616,73617
73562,73578
73587,73618
73619,73607
73578,73620
73578,73579
73578,73621
73622,73623
73565,73549
73624,73625
73607,73619
73607,73608
73607,73608
73607,73619
73608,73607
73617,73616
73562,73626
73626,73620
73607,73627
73607,73608
73626,73628
73583,73584
73607,73609
73603,73602
73608,73607
73560,73559
73607,73621
73560,73559
73561,73555
73560,73559
73609,73607
73622,73629
73613,73630
73607,73609
73578,73631
73607,73608
73631,73578
73562,73558
73560,73559
73562,73583
73583,73620
73583,73617
73583,73617
73583,73632
73583,73632
73562,73563
73578,73633
73634,73583
73587,73635
73624,73636
73637,73567
73624,73638
73638,73624
73563,73562
73639,73617
73562,73617
73551,73552
73551,73640
73551,73552
73557,73558
73633,73578
73624,73641
73578,73642
73559,73560
73624,73643
73621,73578
73578,73621
73578,73621
73607,73609
73562,73578
73607,73627
73622,73617
73628,73626
73622,73617
73617,73583
73638,73624
73644,73560
73624,73645
73615,73562
73646,73546
73562,73546
73641,73624
73624,73641
73631,73578
73647,73648
73617,73616
73547,73649
73553,73573
73562,73604
73604,73650
73604,73562
73604,73651
73546,73652
73571,73569
73653,73585
73652,73546
73569,73570
73652,73546
73569,73654
73652,73546
73569,73571
73553,73655
73562,73569
73562,73578
73560,73559
73604,73656
73549,73565
73560,73657
73611,73560
73658,73585
73622,73659
73585,73660
73596,73661
73582,73560
73578,73662
73587,73663
73664,73562
73585,73658
73664,73665
73663,73587
73664,73665
73585,73660
73585,73660
73578,73620
73664,73665
73591,73592
73596,73566
73561,73596
73596,73666
73667,73587
73596,73668
73648,73669
73588,73587
73591,73610
73596,73661
73652,73546
73664,73665
73656,73604
73670,73615
73671,73626
73672,73673
73567,73568
73622,73674
73637,73567
73675,73626
73602,73676
73578,73677
73562,73617
73648,73678
73617,73562
73583,73620
73578,73679
73578,73680
73629,73622
73553,73574
73681,73602
73682,73626
73613,73612
73553,73573
73616,73617
73648,73669
73622,73683
73684,73685
73553,73573
73686,73558
73637,73567
73622,73687
73569,73562
73578,73601
73601,73578
73587,73588
73569,73570
73578,73599
73569,73571
73578,73601
73588,73587
73564,73589
73553,73572
73555,73688
73689,73690
73555,73688
73691,73673
73692,73602
73692,73602
73622,73693
73569,73571
73569,73570
73561,73564
73694,73695
73622,73659
73559,73560
73696,73624
73697,73698
73697,73698
73607,73699
73562,73607
73584,73583
73562,73569
73622,73617
73700,73587
73698,73697
73701,73587
73702,73560
73703,73648
73624,73636
73648,73703
73636,73624
73648,73703
73551,73552
73648,73703
73648,73703
73562,73648
73557,73558
73648,73678
73704,73555
73705,73575
73607,73706
73574,73553
73707,73708
73555,73709
73560,73710
73583,73617
73560,73711
73560,73710
73562,73569
73560,73559
73697,73698
73562,73558
73558,73557
73558,73562
73712,73707
73562,73569
73556,73555
73626,73713
73626,73713
73714,73626
73715,73716
73562,73613
73558,73562
73648,73703
73648,73678
73648,73703
73717,73591
73718,73624
73719,73591
73720,73591
73721,73591
73717,73591
73722,73591
73624,73718
73596,73723
73721,73591
73717,73591
73724,73591
73562,73602
73725,73591
73562,73602
73726,73591
73726,73591
73713,73626
73718,73624
73602,73681
73636,73624
73602,73603
73727,73591
73725,73591
73636,73624
73624,73636
73648,73647
73596,73728
73596,73729
73648,73647
73624,73636
73730,73587
73607,73731
73553,73573
73574,73553
73607,73732
73624,73733
73607,73734
73574,73553
73735,73567
73697,73736
73624,73643
73624,73718
73718,73624
73624,73718
73718,73624
73731,73607
73562,73591
73721,73591
73737,73707
73602,73603
73607,73706
73706,73738
73739,73740
73741,73742
73743,73744
73694,73740
73741,73745
73746,73747
73743,73748
73739,73749
73694,73750
73741,73751
73743,73752
73743,73753
73694,73754
73755,73756
73741,73757
73746,73758
73743,73759
73694,73760
73741,73761
73746,73747
73762,73763
73755,73763
73739,73764
73746,73763
73694,73765
73694,73766
73741,73761
73694,73767
73694,73768
73769,73751
73694,73770
73769,73742
73741,73746
73771,73772
73694,73756
73743,73748
73743,73759
73741,73745
73743,73744
73769,73761
73743,73753
73769,73742
73694,73763
73743,73750
73748,73756
73694,73754
73741,73746
73746,73763
73694,73760
73769,73761
73755,73763
73741,73746
73743,73745
73773,73774
73694,73756
73739,73747
73746,73775
73776,73777
73694,73767
73739,73764
73746,73763
73776,73778
73776,73779
73743,73780
73781,73782
73607,73706
73783,73784
73622,73620
73707,73712
73622,73659
73596,73785
73622,73659
73781,73782
73585,73585
73694,73768
73746,73747
73739,73749
73694,73765
73746,73760
73743,73780
73739,73786
73755,73695
73741,73757
73746,73747
73776,73787
73743,73780
73739,73763
73694,73695
73755,73756
73746,73763
73694,73763
73746,73758
73743,73745
73694,73770
73755,73788
73746,73760
73743,73777
73694,73766
73739,73789
73746,73758
73743,73748
73706,73607
73549,73790
73602,73603
73596,73723
73558,73557
73626,73713
73626,73713
73607,73706
73558,73791
73562,73578
73607,73706
73607,73706
73551,73552
73706,73607
73557,73558
73551,73552
73648,73647
73607,73706
73607,73706
73664,73665
73551,73552
73647,73648
73664,73665
73585,73585
73585,73660
73585,73653
73607,73706
73792,73664
73636,73624
73607,73732
73596,73723
73596,73723
73624,73636
73713,73626
73723,73596
73596,73723
73723,73596
73596,73723
73596,73723
73613,73620
73607,73793
73583,73634
73624,73794
73558,73795
73560,73559
73718,73624
73559,73560
73578,73621
73626,73713
73643,73624
73557,73558
73559,73560
73557,73558
73664,73665
73664,73792
73585,73658
73553,73796
73575,73797
73575,73798
73799,73587
73553,73574
73561,73690
73555,73556
73556,73555
73556,73555
73549,73550
73575,73797
73555,73556
73553,73800
73562,73583
73584,73583
73596,73728
73575,73801
73596,73802
73800,73553
73562,73591
73553,73572
73803,73564
73804,73553
73805,73575
73578,73806
73546,73545
73807,73626
73562,73626
73562,73578
73602,73808
73626,73620
73626,73620
73626,73807
73602,73809
73602,73810
73602,73811
73602,73681
73578,73620
73808,73602
73626,73812
73575,73813
73553,73573
73553,73574
73553,73573
73553,73554
73546,73545
73583,73584
73553,73573
73545,73546
73624,73718
73607,73814
73596,73723
73723,73596
73815,73607
73601,73578
73816,73626
73817,73818
73819,73626
73602,73820
73821,73706
73553,73573
73624,73696
73585,73658
73558,73557
73624,73718
73607,73608
73553,73655
73696,73624
73628,73626
73793,73607
73817,73818
73624,73696
73562,73648
73648,73678
73703,73648
73602,73681
73607,73608
73596,73723
73817,73818
73822,73591
73591,73620
73602,73820
73723,73596
73596,73723
73602,73681
73723,73596
73596,73723
73681,73602
73723,73596
73602,73681
73562,73602
73783,73784
73602,73562
73622,73617
73583,73639
73602,73823
73602,73824
73818,73817
73818,73817
73624,73638
73562,73818
73596,73723
73562,73626
73562,73604
73626,73628
73559,73560
73825,73602
73585,73826
73607,73619
73596,73723
73604,73827
73585,73828
73607,73619
73585,73826
73587,73829
73829,73587
73574,73553
73596,73723
73596,73723
73830,73613
73830,73831
73723,73596
73567,73580
73826,73585
73596,73723
73624,73718
73723,73596
73596,73723
73562,73569
73664,73792
73692,73602
73604,73562
73696,73624
73817,73818
73562,73569
73628,73626
73553,73574
73553,73574
73648,73703
73555,73832
73604,73656
73553,73573
73553,73572
73604,73605
73626,73628
73560,73559
73553,73574
73553,73833
73553,73833
73553,73574
73562,73664
73834,73664
73817,73818
73602,73681
73559,73560
73551,73835
73694,73788
73562,73558
73596,73723
73723,73596
73596,73723
73723,73596
73596,73723
73718,73624
73723,73596
73726,73591
73562,73602
73725,73591
73562,73602
73727,73591
73724,73591
73721,73591
73726,73591
73562,73602
73596,73723
73562,73818
73825,73602
73562,73569
73692,73602
73562,73664
73626,73628
73648,73703
73628,73626
73562,73569
73626,73628
73562,73604
73562,73626
73703,73648
73562,73648
73817,73818
73596,73723
73624,73718
73722,73591
73717,73591
73721,73591
73562,73648
73636,73624
73624,73636
73701,73587
73700,73587
73562,73569
73562,73607
73697,73698
73697,73698
73698,73697
73697,73698
73562,73613
73562,73569
73562,73558
73562,73569
73648,73703
73596,73723
73648,73647
73624,73733
73720,73591
73719,73591
73718,73624
73717,73591
73717,73591
73725,73591
73624,73636
73721,73591
73562,73591
73718,73624
73624,73718
73718,73624
73624,73718
73624,73643
73735,73567
73730,73587
73555,73709
73585,73826
73596,73723
73663,73587
73587,73663
73562,73583
73602,73603
73587,73588
73578,73601
73561,73596
73561,73596
73562,73563
73561,73564
73561,73564
73562,73591
73596,73802
73562,73583
73561,73555
73588,73587
73562,73604
73562,73569
73562,73578
73561,73555
73603,73602
73562,73626
73553,73574
73562,73617
73637,73567
73692,73602
73692,73602
73555,73688
73555,73688
73588,73587
73587,73588
73637,73567
73562,73578
73555,73556
73556,73555
73556,73555
73555,73556
73596,73723
73723,73596
73596,73723
73723,73596
73624,73636
73596,73723
73596,73723
73596,73723
73723,73596
73723,73596
73624,73718
73596,73723
73723,73596
73830,73831
73830,73613
73596,73723
73596,73723
73583,73634
73643,73624
73561,73690
73799,73587
73578,73806
73808,73602
73602,73811
73602,73810
73602,73809
73626,73807
73602,73808
73562,73578
73562,73626
73807,73626
73648,73647
73562,73578
73636,73624
73718,73624
73622,73623
73769,73751
73836,73837
73769,73838
73839,73779
73840,73742
73769,73841
73840,73745
73769,73842
73840,73843
73840,73844
73769,73838
73839,73845
73840,73846
73847,73848
73769,73841
73840,73777
73849,73763
73769,73842
73840,73850
73769,73838
73769,73742
73840,73751
73756,73786
73840,73845
73756,73747
73760,73763
73769,73751
73840,73742
73769,73742
73840,73779
73769,73761
73769,73842
73840,73751
73769,73744
73840,73845
73745,73750
73769,73744
73839,73851
73840,73761
73769,73842
73836,73852
73769,73742
73756,73763
73743,73759
73769,73744
73853,73751
73750,73740
73769,73744
73805,73575
73575,73797
73553,73796
73575,73797
73575,73798
73553,73574
73756,73854
73760,73855
73839,73750
73760,73754
73853,73745
73856,73857
73745,73858
73769,73842
73853,73859
73745,73860
73769,73744
73840,73777
73853,73861
73769,73742
73745,73750
73743,73744
73769,73842
73756,73774
73750,73747
73769,73838
73756,73747
73756,73854
73774,73764
73840,73761
73760,73763
73769,73751
73756,73764
73836,73747
73853,73862
73756,73854
73739,73749
73756,73763
73774,73739
73853,73761
73745,73771
73760,73760
73769,73761
73769,73761
73769,73742
73760,73758
73840,73779
73745,73863
73760,73768
73769,73761
73756,73764
73760,73754
73769,73742
73756,73763
73774,73747
73745,73864
73760,73765
73769,73751
73756,73747
73853,73865
73774,73774
73866,73867
73756,73774
73774,73764
73853,73742
73760,73855
73769,73751
73756,73868
73856,73857
73760,73758
73769,73742
73756,73764
73774,73786
73760,73765
73769,73761
73756,73763
73774,73869
73856,73870
73760,73768
73769,73751
73756,73774
73856,73871
73769,73761
73774,73869
73760,73758
73769,73742
73756,73774
73774,73770
73853,73845
73750,73760
73760,73768
73769,73751
73756,73854
73853,73872
73760,73765
73769,73742
73756,73764
73760,73763
73769,73751
73756,73747
73769,73761
73578,73631
73631,73578
73624,73643
73585,73658
73624,73696
73553,73573
73821,73706
73602,73820
73819,73626
73624,73718
73816,73626
73815,73607
73558,73557
73602,73681
73817,73818
73818,73817
73818,73817
73601,73578
73602,73681
73607,73608
73553,73655
73553,73573
73604,73656
73555,73832
73553,73574
73553,73574
73817,73818
73696,73624
73604,73562
73607,73608
73648,73678
73624,73696
73817,73818
73793,73607
73628,73626
73696,73624
73602,73824
73602,73823
73583,73639
73622,73617
73607,73734
73607,73732
73574,73553
73553,73573
73607,73731
73624,73636
73596,73729
73596,73728
73648,73647
73648,73678
73648,73703
73648,73678
73648,73703
73648,73703
73551,73552
73574,73553
73553,73572
73697,73736
73636,73624
73602,73562
73783,73784
73681,73602
73602,73681
73602,73820
73591,73620
73822,73591
73607,73814
73602,73603
73602,73603
73602,73603
73636,73624
73602,73681
73713,73626
73596,73723
73731,73607
73648,73703
73604,73605
73553,73574
73664,73665
73647,73648
73551,73552
73664,73665
73607,73706
73607,73706
73585,73585
73607,73706
73706,73607
73551,73552
73607,73706
73607,73706
73558,73791
73607,73706
73551,73552
73585,73660
73585,73653
73792,73664
73583,73584
73546,73545
73553,73554
73553,73573
73553,73574
73553,73573
73575,73813
73626,73812
73578,73620
73602,73681
73626,73620
73626,73620
73585,73658
73664,73792
73664,73665
73626,73713
73626,73713
73558,73557
73557,73558
73587,73829
73607,73619
73585,73828
73604,73827
73607,73619
73585,73826
73559,73560
73829,73587
73664,73792
73602,73681
73817,73818
73834,73664
73553,73574
73553,73833
73553,73833
73574,73553
73560,73559
73596,73723
73826,73585
73607,73793
73607,73732
73559,73560
73557,73558
73626,73713
73578,73621
73559,73560
73560,73559
73558,73795
73624,73794
73557,73558
73613,73620
73713,73626
73624,73718
73559,73560
73567,73580
73648,73703
73703,73648
73702,73560
73765,73869
73756,73764
73769,73761
73760,73844
73774,73764
73756,73774
73769,73751
73769,73751
73756,73763
73769,73761
73839,73842
73774,73739
73840,73745
73769,73742
73760,73855
73756,73747
73760,73855
73774,73747
73873,73788
73774,73774
73739,73740
73847,73773
73756,73747
73769,73751
73760,73763
73755,73695
73873,73874
73839,73875
73765,73876
73756,73854
73769,73742
73760,73866
73836,73770
73760,73758
73756,73747
73774,73877
73769,73761
73745,73748
73769,73761
73760,73878
73756,73774
73760,73855
73562,73617
73624,73638
73637,73567
73624,73636
73634,73583
73562,73563
73562,73583
73546,73545
73562,73546
73562,73578
73836,73879
73760,73765
73756,73854
73745,73880
73760,73765
73756,73854
73836,73881
73769,73751
73774,73763
73745,73882
73769,73742
73760,73768
73756,73774
73774,73770
73745,73883
73769,73742
73760,73754
73756,73786
73853,73761
73760,73763
73769,73761
73756,73763
73836,73763
73560,73711
73583,73617
73560,73710
73707,73708
73574,73553
73607,73706
73737,73707
73607,73706
73706,73607
73706,73738
73585,73585
73781,73782
73622,73659
73596,73785
73622,73659
73560,73710
73707,73712
73560,73559
73558,73557
73557,73558
73622,73617
73584,73583
73607,73699
73696,73624
73559,73560
73704,73555
73705,73575
73715,73716
73714,73626
73626,73713
73626,73713
73556,73555
73712,73707
73558,73562
73558,73562
73549,73550
73622,73620
73607,73706
73884,73695
73756,73786
73745,73864
73769,73742
73765,73869
73745,73858
73760,73760
73873,73747
73774,73789
73847,73773
73756,73764
73745,73788
73769,73742
73760,73754
73873,73878
73774,73869
73783,73784
73760,73768
73756,73774
73781,73782
73741,73742
73777,73761
73839,73776
73756,73774
73745,73883
73760,73754
73836,73788
73756,73786
73760,73758
73774,73763
73760,73758
73774,73789
73756,73747
73769,73751
73769,73761
73804,73553
73553,73800
73584,73583
73866,73885
73756,73774
73866,73886
73756,73786
73887,73852
73756,73764
73777,73742
73777,73844
73750,73770
73756,73764
73777,73751
73745,73858
73866,73888
73847,73848
73866,73889
73866,73890
73745,73750
73777,73751
73853,73751
73760,73754
73756,73747
73891,73866
73777,73843
73745,73882
73866,73892
73760,73855
73756,73854
73777,73850
73873,73763
73866,73893
73891,73747
73760,73768
73756,73763
73756,73774
73777,73843
73891,73758
73774,73774
73891,73852
73774,73789
73894,73842
73866,73895
73756,73747
73891,73788
73866,73895
73776,73751
73745,73860
73866,73896
73756,73774
73891,73763
73750,73770
73866,73895
73756,73763
73756,73764
73866,73897
73866,73898
73891,73770
73756,73854
73777,73761
73891,73855
73887,73747
73866,73899
73750,73760
73891,73866
73866,73900
73774,73763
73839,73851
73756,73763
73891,73775
73866,73901
73756,73747
73777,73850
73774,73739
73891,73747
73776,73777
73891,73758
73756,73774
73748,73765
73756,73747
73774,73747
73750,73740
73756,73747
73750,73763
73748,73756
73745,73863
73748,73763
73836,73747
73760,73768
73756,73763
73836,73837
73836,73902
73774,73739
73748,73766
73847,73773
73760,73765
73756,73774
73873,73763
73748,73756
73760,73852
73756,73854
73873,73874
73748,73766
73756,73786
73873,73903
73756,73764
73856,73862
73873,73788
73748,73852
73756,73854
73760,73754
73774,73774
73756,73774
73777,73843
73760,73758
73756,73774
73891,73760
73760,73763
73756,73854
73891,73765
73836,73904
73894,73841
73847,73773
73756,73786
73777,73751
73866,73905
73760,73852
73894,73842
73756,73764
73777,73742
73777,73761
73891,73775
73866,73906
73866,73907
73748,73765
73774,73877
73894,73908
73756,73854
73777,73851
73694,73770
73756,73747
73777,73850
73745,73748
73777,73843
73760,73765
73891,73788
73777,73761
73745,73771
73760,73855
73553,73573
73894,73841
73847,73848
73891,73760
73853,73745
73891,73902
73847,73848
73891,73760
73891,73770
73853,73872
73891,73902
73891,73756
73853,73862
73891,73747
73853,73742
73891,73775
73853,73859
73891,73763
73891,73775
73776,73742
73853,73777
73891,73788
73758,73764
73891,73775
73758,73909
73891,73763
73758,73760
73891,73770
73758,73786
73891,73747
73758,73763
73891,73855
73891,73763
73756,73763
73891,73747
73891,73788
73891,73788
73853,73845
73891,73902
73891,73855
73771,73910
73741,73742
73741,73757
73741,73761
73741,73746
73771,73742
73694,73768
73743,73753
73741,73745
73891,73750
73741,73751
73771,73757
73741,73751
73694,73767
73741,73757
73741,73761
73758,73747
73741,73751
73741,73746
73891,73763
73839,73779
73891,73775
73891,73770
73891,73747
73891,73879
73891,73760
73853,73861
73856,73862
73746,73758
73739,73763
73847,73773
73694,73754
73743,73759
73741,73745
73891,73756
73739,73747
73891,73760
73758,73749
73756,73854
73894,73842
73756,73764
73745,73883
73746,73775
73756,73854
73788,73747
73746,73760
73756,73763
73839,73845
73756,73764
73894,73842
73891,73763
73911,73742
73891,73788
73756,73774
73894,73744
73866,73896
73866,73896
73756,73854
73891,73765
73866,73912
73756,73786
73891,73775
73884,73879
73856,73913
73750,73740
73866,73896
73756,73763
73839,73779
73866,73895
73756,73747
73891,73852
73847,73773
73891,73747
73756,73747
73911,73745
73758,73786
73891,73758
73758,73763
73758,73760
73758,73749
73891,73747
73758,73786
73891,73765
73758,73764
73891,73750
73758,73747
73891,73852
73839,73851
73773,73881
73891,73765
73891,73852
73773,73763
73758,73764
73891,73763
73891,73770
73911,73845
73847,73773
73756,73774
73891,73765
73911,73761
73839,73776
73891,73760
73758,73763
73891,73770
73758,73749
73891,73879
73839,73750
73847,73848
73756,73764
73756,73747
73839,73750
73748,73763
73911,73778
73658,73585
73604,73650
73604,73562
73604,73651
73546,73652
73571,73569
73622,73659
73653,73585
73569,73570
73652,73546
73569,73654
73652,73546
73569,73571
73553,73655
73652,73546
73585,73660
73596,73661
73596,73661
73664,73562
73585,73658
73664,73665
73664,73665
73585,73660
73585,73660
73664,73665
73652,73546
73591,73592
73596,73566
73596,73666
73667,73587
73596,73668
73648,73669
73591,73610
73560,73559
73604,73656
73549,73565
73560,73657
73569,73571
73553,73573
73684,73685
73622,73683
73648,73669
73671,73626
73672,73673
73567,73568
73622,73674
73675,73626
73602,73676
73578,73677
73648,73678
73617,73562
73583,73620
73622,73693
73578,73662
73691,73673
73604,73605
73611,73560
73578,73620
73656,73604
73578,73601
73670,73615
73686,73558
73622,73687
73569,73562
73578,73601
73601,73578
73569,73570
73578,73599
73569,73571
73569,73570
73564,73589
73689,73690
73873,73747
73582,73560
73664,73665
73574,73553
73575,73576
73553,73573
73547,73548
73553,73573
73547,73548
73553,73574
73547,73548
73549,73550
73550,73549
73551,73552
73545,73546
73553,73554
73552,73551
73547,73548
73547,73548
73547,73548
73553,73573
73596,73728
73575,73801
73800,73553
73553,73572
73803,73564
73622,73659
73549,73790
73553,73572
73549,73565
73564,73566
73569,73562
73569,73570
73569,73571
73572,73553
73553,73573
73557,73558
73559,73560
73556,73555
73555,73556
73563,73562
73563,73594
73560,73581
73560,73581
73560,73582
73583,73584
73585,73585
73546,73586
73581,73560
73581,73560
73564,73589
73546,73562
73558,73590
73591,73592
73593,73558
73578,73595
73558,73606
73578,73579
73578,73600
73567,73568
73577,73546
73567,73580
73580,73567
73560,73581
73584,73583
73694,73756
73581,73560
73560,73559
73558,73557
73560,73559
73569,73597
73569,73597
73578,73598
73578,73599
73581,73560
73578,73680
73578,73679
73681,73602
73739,73764
73777,73777
73836,73695
73760,73765
73743,73748
73756,73854
73774,73770
73760,73768
73774,73764
73777,73742
73836,73770
73760,73855
73836,73881
73760,73754
73756,73854
73774,73869
73847,73848
73756,73764
73836,73914
73560,73559
73583,73620
73583,73617
73583,73617
73583,73632
73583,73632
73578,73633
73587,73635
73638,73624
73563,73562
73639,73617
73551,73552
73551,73640
73624,73638
73551,73835
73760,73763
73551,73552
73760,73765
73756,73764
73760,73768
73756,73747
73911,73862
73873,73878
73745,73860
73760,73758
73750,73747
73756,73786
73873,73856
73748,73852
73760,73855
73756,73764
73873,73765
73760,73763
73750,73760
73748,73765
73836,73879
73873,73874
73760,73760
73760,73768
73836,73763
73756,73747
73847,73848
73760,73758
73873,73765
73746,73915
73756,73786
73745,73750
73760,73855
73776,73778
73856,73870
73750,73763
73756,73763
73755,73768
73756,73774
73629,73622
73557,73558
73624,73641
73560,73559
73607,73621
73560,73559
73560,73559
73609,73607
73622,73629
73613,73630
73607,73608
73607,73609
73607,73619
73565,73549
73607,73608
73607,73609
73607,73608
73610,73591
73608,73607
73611,73560
73607,73609
73626,73628
73682,73626
73613,73612
73553,73573
73616,73617
73553,73573
73547,73649
73617,73616
73628,73626
73607,73608
73607,73619
73608,73607
73617,73616
73626,73620
73607,73627
73607,73608
73583,73584
73633,73578
73591,73610
73591,73610
73607,73609
73607,73627
73622,73617
73622,73617
73647,73648
73617,73583
73578,73621
73638,73624
73624,73645
73615,73562
73646,73546
73641,73624
73624,73641
73631,73578
73644,73560
73560,73611
73545,73546
73621,73578
73611,73560
73608,73607
73607,73608
73612,73613
73614,73615
73616,73617
73587,73618
73578,73621
73619,73607
73578,73579
73578,73621
73624,73625
73607,73608
73578,73642
73559,73560
73578,73620
