74996,74997
74998,74999
75000,75001
75002,75003
75004,75005
75006,75007
75008,75009
75010,75011
75009,75012
75007,75013
75009,75012
75014,75015
75007,75015
75004,75016
75010,75017
75018,75019
75001,75020
75006,75013
75010,74999
75021,75012
75009,75022
75007,75007
75013,75023
74996,75024
75025,75006
74998,75018
75026,75016
75027,75028
75002,74996
75014,75001
75018,75029
75001,75016
75006,75016
75008,75030
75021,75031
75025,75025
75007,75016
75026,75032
75026,75015
75007,75005
75001,75020
75027,75033
74998,74999
75006,75034
75021,75012
75008,75028
75025,75035
75014,75009
74996,75036
75037,75022
75010,74999
75038,75016
75009,75022
75026,75039
75001,75007
75007,75016
75027,75005
75006,75012
74998,75040
75021,75000
75008,75009
75025,75006
75014,75012
74996,74997
75037,75041
75010,75042
75043,75023
75009,75012
75013,75044
75045,75009
75013,75021
75009,75012
75007,75012
75006,75004
75014,75020
75001,75005
75027,75012
75008,75030
74998,75017
75021,75031
75004,75007
75038,75004
75010,75042
74996,75036
75037,75013
75045,75046
75009,75022
75007,75005
75001,75016
75027,75016
74998,74998
75006,75016
75021,75027
75008,75016
75025,75047
75014,75001
75038,75016
74996,75024
75037,75013
75010,75017
75043,75012
75009,75044
75001,75009
75027,75007
75008,75030
75014,75015
74996,75014
75045,75048
75001,75005
75027,75005
75009,75022
75007,75013
74998,75011
75018,75049
75025,75009
75038,75007
75008,75012
75021,75031
75006,75013
75014,75008
75010,74996
75037,75044
74996,75036
75045,75015
75027,75007
75001,75020
75009,75050
75007,75007
74998,75040
75018,75051
75038,75016
75006,75034
75021,75012
75025,75052
75021,75008
75038,75012
75013,75050
75006,75005
74998,74996
75007,75012
75038,75053
75008,75028
75021,75038
75025,75025
75014,75020
74996,75024
75013,75054
75009,75050
75001,75009
75027,75016
75038,75004
75045,75044
74998,75018
75006,75013
75008,75009
75021,75028
75025,75047
75014,75016
74996,75055
75037,75041
75045,75034
75018,75056
75009,75057
75001,75012
75027,75012
74998,75017
75007,75013
75007,75007
75014,75008
75037,75041
75038,75005
74996,75036
75038,75007
75013,75058
75007,75016
75009,75022
75010,75017
75008,75012
75018,75059
75004,75005
75006,75007
75021,75028
75014,75012
75001,75009
74998,75060
75027,75033
75025,75006
74996,75055
75038,75007
75013,75012
75007,75009
75010,74996
75009,75012
75008,75030
75018,75061
75004,75007
75062,75009
75021,75012
75014,75015
75006,75013
75025,75009
75001,75016
75027,75007
75001,75005
74998,75017
75027,75005
75025,75025
74996,75055
75013,75044
75007,75012
75009,75012
75010,75042
75008,75016
75021,75038
75004,75012
75018,75063
75006,75005
75001,75009
75014,75016
74998,75064
75027,75016
75025,75052
74996,75024
75013,75060
75007,75005
75009,75022
75010,75011
75008,75009
75021,75065
75004,75004
75018,75066
75006,75016
75014,75009
74998,75040
74998,74996
75027,75028
75025,75052
75037,75044
75007,75013
75009,75012
75008,75016
75045,75016
75004,75007
75021,75038
75006,75005
75001,75012
75014,75016
74998,75018
75027,75005
75025,75009
75038,75007
75010,75067
75037,75022
75062,75009
75009,75044
75021,75068
75045,75069
75070,75014
75006,75007
75001,75012
75014,75015
74998,75060
75027,75033
75008,75012
75021,75000
75004,75007
75010,75011
74996,75055
75038,75071
75025,75025
74996,74997
75038,75012
75010,75067
75007,75009
75013,75023
75037,75022
75008,75012
75009,75050
75045,75044
75021,75031
75014,75020
75006,75004
75001,75020
74998,75064
75010,74996
75027,75012
75038,75053
74996,74997
75010,74999
75007,75007
75037,75072
75008,75009
75009,75022
75004,75073
75021,75028
75006,75012
75001,75007
75014,75012
75027,75007
74998,75011
75025,75035
74996,75036
75074,75075
74998,75011
75076,75077
75074,75078
75076,75079
75076,75079
75080,75081
75074,75078
75080,75081
75074,75082
75083,75084
75074,75078
75085,75086
75087,75088
75089,75090
75091,75088
75076,75092
75076,75092
75091,75088
75080,75093
75080,75094
75080,75095
75096,75080
75097,75098
75074,75078
75086,75099
75086,75099
75100,75101
75102,75103
75089,75090
75088,75104
75091,75088
75105,75106
75107,75108
75109,75088
75110,75111
75112,75113
75076,75114
75115,75116
75115,75116
75076,75079
75117,75088
75074,75082
75088,75091
75088,75117
75088,75104
75115,75118
75119,75098
75076,75120
75076,75121
75086,75122
75123,75124
75125,75126
75125,75092
75105,75127
75128,75129
75128,75129
75130,75131
75129,75128
75132,75092
75130,75131
75130,75131
75105,75127
75128,75133
75134,75132
75132,75134
75128,75129
75132,75092
75130,75131
75130,75131
75130,75135
75130,75131
75086,75099
75080,75081
75076,75121
75076,75121
75097,75098
75119,75098
75115,75116
75105,75136
75124,75123
75137,75097
75137,75119
75097,75137
75119,75137
75124,75123
75138,75138
75124,75123
75139,75140
75080,75095
75141,75076
75086,75142
75143,75144
75086,75092
75080,75095
75145,75146
75147,75110
75132,75134
75148,75149
75105,75150
75086,75151
75128,75129
75115,75152
75129,75128
75153,75088
75115,75118
75130,75154
75107,75108
75130,75155
75105,75156
75105,75127
75157,75148
75115,75158
75110,75147
75110,75147
75159,75115
75148,75157
75088,75160
75088,75160
75132,75092
75161,75144
75086,75092
75128,75133
75162,75112
75115,75158
75128,75129
75163,75108
75129,75128
75164,75115
75113,75112
75108,75165
75166,75167
75088,75091
75112,75113
75115,75116
75115,75116
75115,75164
75115,75168
75115,75164
75102,75169
75115,75118
75163,75108
75102,75169
75128,75129
75115,75159
75115,75170
75080,75171
75115,75172
75129,75128
75128,75129
75115,75116
75086,75099
75086,75099
75086,75099
75173,75174
75173,75175
75086,75099
75176,75115
75115,75176
75088,75177
75115,75118
75088,75178
75088,75177
75128,75129
75115,75176
75089,75090
75148,75179
75115,75118
75180,75181
75088,75117
75129,75128
75115,75170
75088,75182
75091,75088
75107,75108
75183,75092
75183,75184
75184,75183
75185,75115
75088,75186
75184,75183
75184,75183
75086,75151
75074,75187
75188,75080
75189,75190
75166,75191
75144,75192
75115,75172
75115,75116
75185,75115
75115,75118
75188,75080
75193,75108
75108,75193
75193,75108
75194,75112
75080,75195
75196,75097
75196,75119
75080,75197
75196,75097
75196,75119
75074,75198
75173,75199
75200,75076
75199,75173
75201,75119
75097,75196
75119,75196
75088,75087
75074,75202
75097,75203
75119,75203
75074,75204
75074,75205
75201,75097
75088,75091
75125,75092
75125,75126
75206,75207
75206,75207
75206,75207
75206,75207
75074,75208
75209,75210
75128,75129
75129,75128
75088,75177
75211,75108
75088,75212
75097,75127
75119,75127
75080,75213
75214,75097
75214,75119
75125,75126
75211,75108
75199,75173
75108,75108
75187,75074
75014,75012
75074,75075
75157,75148
75006,75012
75027,75007
75014,75016
75018,75029
75000,75055
74998,74996
74996,75036
75021,75028
75013,75050
75008,75030
75009,75022
75010,74996
75008,75016
75006,75005
75014,75009
75027,75016
75043,75021
75070,75021
75026,75022
75000,75215
75007,75005
75010,75042
75007,75012
75009,75044
75216,75138
75217,75102
75074,75208
75102,75218
75102,75219
75128,75129
75173,75174
75173,75220
75007,75016
75010,75067
75008,75012
75014,75020
75006,75007
75043,75001
75026,75012
75000,75027
74998,74998
75025,75052
75021,75031
74996,74997
75013,75012
75125,75126
75126,75125
75144,75192
75144,75221
75222,75144
75171,75105
75172,75115
75115,75223
75148,75224
75225,75105
75226,75112
75086,75155
75074,75078
75105,75227
75108,75228
75108,75228
75229,75086
75086,75229
75130,75230
75132,75231
75231,75132
75132,75231
75144,75232
75105,75233
75108,75228
75183,75234
75105,75150
75105,75150
75112,75181
75110,75147
75110,75147
75097,75235
75119,75235
75105,75236
75144,75237
75105,75238
75086,75099
75086,75099
75086,75099
75086,75151
75086,75092
75086,75151
75086,75239
75105,75127
75180,75240
75180,75240
75180,75240
75180,75127
75105,75150
75105,75156
75025,75009
75144,75237
75105,75106
75188,75080
75206,75241
75242,75112
75206,75243
75144,75161
75088,75091
75244,75173
75245,75144
75173,75244
75080,75188
75173,75244
75128,75092
75180,75246
75128,75133
75180,75246
75125,75126
75126,75125
75125,75126
75125,75126
75125,75126
75125,75247
75188,75080
75161,75144
75196,75119
75130,75248
75180,75240
75128,75129
75129,75128
75249,75166
75138,75250
75251,75097
75251,75119
75086,75092
75206,75241
75148,75157
75148,75157
75252,75132
75241,75206
75206,75253
75144,75221
75254,75112
75254,75112
75144,75255
75144,75221
75196,75097
75112,75256
75010,75067
75009,75022
74996,74997
75220,75173
75183,75092
75144,75257
75088,75091
75115,75223
75144,75257
75115,75172
75119,75258
75097,75258
75177,75088
75180,75240
75259,75086
75260,75206
75088,75178
75091,75088
75261,75132
75262,75088
75105,75156
75091,75088
75146,75263
75180,75246
75206,75264
75173,75265
75080,75266
75105,75267
75161,75144
75173,75268
75269,75108
75088,75091
75088,75091
75173,75270
75173,75175
75088,75091
75086,75271
75173,75272
75166,75167
75088,75091
75269,75108
75273,75088
75115,75274
75115,75275
75177,75088
75146,75263
75080,75171
75105,75238
75276,75206
75277,75278
75279,75009
75277,75006
75279,75020
75018,75280
75279,75034
75018,75280
75277,75006
75279,75069
75018,75281
75026,75016
75007,75013
75277,75278
75279,75012
75018,75282
75008,75009
75279,75016
75018,75283
75026,75032
75284,75130
75105,75285
75286,75088
75287,75146
75088,75091
75227,75105
75288,75108
75110,75147
75157,75148
75257,75144
75088,75091
75088,75289
75088,75091
75088,75286
75088,75290
75146,75291
75088,75178
75088,75290
75088,75177
75146,75291
75146,75292
75146,75293
75146,75287
75180,75240
75080,75081
75091,75088
75088,75177
75132,75092
75105,75156
75107,75108
75130,75154
75115,75118
75153,75088
75129,75128
75115,75152
75128,75129
75086,75151
75105,75150
75130,75155
75086,75092
75092,75138
75088,75091
75128,75133
75102,75169
75163,75108
75115,75118
75105,75127
75102,75169
75092,75132
75115,75158
75185,75115
75184,75183
75183,75184
75092,75183
75183,75092
75107,75108
75091,75088
75088,75182
75115,75170
75080,75171
75115,75170
75115,75159
75161,75144
75088,75160
75088,75160
75148,75157
75159,75115
75110,75147
75110,75147
75157,75148
75115,75164
75115,75168
75294,75115
75146,75291
75146,75263
75144,75092
75163,75108
75154,75130
75115,75295
75115,75296
75115,75297
75115,75298
75088,75177
75088,75177
75088,75290
75088,75177
75088,75299
75180,75240
75088,75290
75088,75299
75188,75080
75074,75187
75173,75300
75173,75300
75173,75300
75173,75300
75294,75115
75115,75164
75115,75116
75115,75116
75128,75129
75294,75115
75112,75113
75166,75167
75108,75165
75007,75005
75113,75112
75129,75128
75163,75108
75128,75129
75115,75158
75180,75246
75162,75112
75180,75240
75173,75300
75173,75300
75164,75115
75277,75278
75279,75020
75018,75301
75006,75016
74998,74996
75008,75012
75279,75069
75018,75281
75038,75004
75000,75215
75007,75013
75006,75007
74996,75302
75279,75038
75303,75012
75038,75007
75007,75016
75006,75004
75279,75012
75304,74998
75018,75301
75038,75016
75027,75007
75007,75007
75007,75012
75038,75053
75004,75005
75279,75038
75018,75282
75045,75012
75007,75007
75279,75034
75038,75012
75007,75016
75305,75306
75279,75068
75038,75005
75018,75301
75000,75307
75007,75005
75027,75028
75006,75005
75305,75014
75020,74999
75279,75020
75018,75280
75006,75013
75279,75034
75018,75280
74998,75010
75279,75012
75038,75007
75007,75005
75006,75004
74998,75040
75279,75069
75304,74999
75038,75007
75007,75015
75006,75007
74998,75017
74996,75036
75008,75016
75020,74998
75279,75034
75277,75006
75038,75012
75007,75013
75006,75012
75007,75015
75038,75005
75002,75011
75038,75053
75000,75308
75007,75012
75006,75005
74998,75017
75026,75032
75279,75016
75018,75309
75038,75012
75007,75016
75007,75013
74998,74999
75279,75068
75002,75040
75038,75004
75007,75005
75006,75005
74998,75011
75279,75016
75304,75310
75006,75013
75088,75186
75045,75068
75279,75020
75277,75278
75279,75034
74996,75055
75043,75013
75007,75013
75277,75006
75279,75020
75007,75013
75277,75278
75045,75012
75004,75007
75279,75009
75007,75005
75277,75278
75279,75069
75026,75039
75007,75007
75027,75012
75277,75006
75007,75016
75004,75013
75026,75048
75007,75005
75026,75013
75007,75016
75279,75069
75026,75039
75007,75015
75303,75311
75004,75004
75279,75009
75018,75282
75305,75048
75277,75006
75279,75016
75018,75281
75305,75312
75007,75012
75277,75278
75279,75012
75018,75309
75026,75012
75279,75038
75279,75038
75007,75015
75027,75005
75279,75069
75007,75013
75045,75038
75279,75009
75007,75012
75027,75028
75018,75281
75279,75012
75007,75015
75027,75007
75004,75012
75018,75309
75279,75068
75007,75005
75279,75016
75000,75027
75045,75034
75007,75007
75018,75301
75007,75007
75279,75016
75007,75005
75279,75034
75279,75016
75018,75301
75007,75012
75062,75009
75004,75004
75279,75034
75018,75281
75026,75001
75279,75012
75038,75016
75007,75016
75279,75307
75007,75013
75027,75033
75279,75012
75007,75012
75279,75069
75007,75016
75004,75016
75018,75280
75045,75034
75184,75183
75184,75183
75086,75151
75252,75132
75235,75119
75235,75097
75119,75235
75097,75235
75235,75119
75235,75097
75148,75157
75148,75157
75206,75241
75183,75313
75086,75092
75092,75086
75314,75086
75251,75119
75251,75097
75092,75138
75138,75250
75249,75166
75241,75206
75129,75128
75206,75253
75254,75112
75125,75247
75173,75244
75173,75244
75245,75144
75244,75173
75088,75091
75144,75161
75206,75243
75242,75112
75206,75241
75188,75080
75080,75188
75188,75080
75161,75144
75196,75119
75196,75097
75144,75221
75144,75255
75254,75112
75144,75221
75128,75129
75180,75240
75180,75246
75171,75105
75222,75144
75105,75227
75183,75234
75105,75150
75105,75150
75105,75150
75180,75127
75180,75240
75180,75240
75180,75240
75092,75105
75105,75127
75092,75132
75086,75239
75086,75151
75086,75092
75086,75151
75086,75099
75172,75115
75115,75223
75148,75224
75225,75105
75130,75248
75105,75106
75112,75256
75144,75237
75105,75156
75074,75078
75105,75233
75144,75232
75132,75231
75315,75102
75231,75132
75130,75230
75086,75229
75229,75086
75108,75228
75108,75228
75108,75228
75074,75078
75086,75155
75226,75112
75132,75231
75086,75099
75128,75092
75128,75133
75088,75087
75119,75196
75097,75196
75119,75235
75097,75235
75119,75201
75097,75201
75119,75316
75097,75316
75201,75119
75201,75097
75199,75173
75173,75199
75074,75198
75196,75119
75196,75097
75080,75197
75196,75119
75196,75097
75074,75202
75080,75195
75097,75203
75074,75204
75173,75220
75173,75174
75128,75129
75180,75246
75317,75130
75102,75219
75130,75317
75102,75218
75074,75208
75217,75102
75317,75130
75216,75138
75157,75148
75130,75317
75074,75075
75074,75075
75317,75130
75088,75091
75074,75205
75119,75203
75194,75112
75247,75125
75200,75076
75074,75208
75206,75207
75206,75207
75206,75207
75206,75207
75125,75126
75126,75125
75144,75192
75144,75221
75119,75235
75097,75235
75125,75126
75125,75126
75180,75246
75180,75246
75125,75126
75126,75125
75125,75126
75180,75246
75209,75210
75235,75097
75128,75129
75235,75119
75125,75092
75211,75108
75125,75126
75108,75108
75199,75173
75211,75108
75294,75108
75125,75126
75092,75119
75180,75246
75092,75097
75214,75097
75080,75213
75119,75127
75097,75127
75187,75074
75088,75212
75088,75177
75092,75128
75129,75128
75214,75119
75006,75016
75086,75099
75144,75237
75294,75115
75076,75079
75274,75115
75115,75116
75115,75116
75076,75114
75294,75115
75115,75118
75112,75113
75092,75101
75109,75088
75107,75108
75105,75106
75091,75088
75088,75104
75089,75090
75102,75103
75100,75101
75086,75099
75117,75088
75145,75146
75074,75082
75088,75117
75091,75088
75089,75090
75087,75088
75096,75080
75085,75086
75083,75084
75074,75082
75080,75081
75074,75078
75080,75081
75076,75079
75076,75079
75074,75078
75076,75077
75074,75078
75074,75078
75110,75111
75086,75099
75088,75104
75088,75091
75132,75134
75132,75134
75188,75080
75284,75210
75115,75172
75086,75099
75180,75181
75088,75117
75092,75105
75129,75128
75092,75181
75115,75118
75185,75115
75294,75115
75115,75116
75294,75115
75115,75172
75144,75192
75166,75191
75189,75190
75188,75080
75074,75187
75129,75128
75314,75210
75294,75115
75128,75129
75148,75149
75148,75179
75089,75090
75115,75176
75128,75129
75088,75177
75318,75132
75088,75178
75115,75118
75076,75092
75088,75177
75115,75118
75176,75115
75173,75175
75173,75174
75294,75115
75086,75099
75086,75099
75086,75099
75115,75116
75115,75176
75105,75238
75076,75092
75091,75088
75130,75131
75132,75092
75128,75129
75132,75134
75134,75132
75128,75133
75105,75127
75130,75131
75092,75181
75130,75135
75092,75105
75130,75131
75129,75128
75130,75131
75130,75317
75128,75129
75128,75129
75101,75319
75320,75319
75130,75131
75321,75101
75092,75105
75193,75108
75105,75236
75092,75132
75319,75101
75319,75320
75322,75101
75322,75320
75119,75235
75097,75235
75101,75322
75320,75322
75110,75147
75110,75147
75112,75181
75092,75181
75193,75108
75317,75130
75317,75130
75317,75130
75108,75193
75147,75110
75321,75320
75323,75101
75323,75320
75124,75123
75119,75137
75097,75137
75137,75119
75137,75097
75124,75123
75105,75136
75115,75116
75119,75098
75097,75098
75076,75121
75076,75121
75076,75121
75076,75120
75119,75098
75097,75098
75080,75095
75080,75094
75080,75093
75138,75138
75124,75123
75324,75076
75325,75076
75092,75132
75105,75127
75125,75092
75125,75126
75123,75124
75086,75122
75132,75092
75130,75131
75086,75099
75092,75076
75092,75181
75080,75095
75092,75086
75086,75092
75143,75144
75086,75142
75141,75076
75080,75095
75284,75076
75139,75140
75080,75081
75037,75022
74998,74996
75026,75326
75025,75025
75038,75016
75045,75012
74998,75017
75037,75215
75014,75015
75305,75327
75027,75016
75006,75013
75018,75328
74996,75024
75013,75021
75008,75030
75001,75005
75021,75012
75009,75050
75025,75035
75045,75048
75038,75004
75009,75012
74998,75064
75021,75012
75008,75016
75027,75033
75006,75012
75018,75329
75013,75050
75008,75028
74996,75055
75001,75009
75021,75021
75009,75008
75038,75012
75045,75021
75037,74998
74998,74999
75014,75009
75027,75033
75018,75328
75006,75012
75013,75012
74996,75307
75001,75020
75007,75012
75037,75038
75027,75326
75001,75007
75009,75057
75045,75068
75038,75007
74998,75011
75037,75016
75014,75016
75027,75012
75305,75330
75018,75331
74996,75307
75008,75012
75006,75004
75013,75058
75304,75332
75001,75012
75021,75333
75009,75050
75025,75052
75021,75012
75014,75012
75008,75016
75013,75044
75305,75334
75018,75335
75026,75012
75006,75005
74996,74997
75013,75007
75008,75028
75001,75012
75021,75336
75009,75022
75045,75034
75038,75053
74998,74996
75037,75337
75027,75007
75305,75338
75026,75013
75006,75007
74996,75055
75018,75339
75014,75008
75279,75016
74998,75040
75006,75016
75013,75007
75027,75012
74996,75307
75026,75008
75021,75013
75001,75012
75009,75022
75340,75341
75045,75012
75038,75005
75037,74999
75007,75007
75014,75020
75008,75012
75279,75068
74998,74999
75018,75342
75006,75013
75018,75343
75027,75007
74998,75017
75008,75009
75007,75005
75014,75016
75008,75016
75027,75016
74998,75040
75018,75344
75013,75044
75006,75005
74996,75024
75026,75013
75001,75020
75021,75021
75009,75050
75038,75007
75340,75017
75045,75016
75037,75003
75007,75016
75014,75015
75279,75069
75013,75023
74996,75345
75026,75001
75038,75004
75037,75022
75045,75048
74998,75010
75014,75016
75279,75020
75027,75028
75013,75060
75006,75007
75018,75328
75026,75326
75008,75012
74996,75024
75021,75021
75001,75007
75009,75044
75038,75053
75045,75013
75340,75310
75340,75346
75025,75052
75009,75022
75001,75005
75021,75013
75001,75016
75009,75012
75025,75006
75038,75016
75340,75346
75037,75017
75045,75034
75007,75013
74998,74996
75279,75034
75014,75012
75006,75004
75027,75005
75013,75012
75018,75347
75026,75022
75008,75030
74996,74997
75021,75012
74998,75011
75045,75009
75038,75004
75037,75008
75001,75005
75027,75007
75045,75034
75037,75020
75000,75027
74996,75055
75010,75338
75014,75001
75038,75012
75008,75009
75006,75005
75018,75348
75021,75028
75013,75050
74998,75060
75009,75044
75001,75007
75027,75005
75045,75021
74998,75010
75037,75016
75009,75012
75018,75348
74996,74997
75038,75004
75018,75349
75006,75007
75013,75012
75008,75016
75021,75350
74998,74999
75009,75022
75001,75020
75045,75013
75027,75033
74996,75036
75014,75009
75010,75327
75038,75007
75013,75023
75008,75028
75006,75004
75021,75038
74996,75024
75010,75011
75014,75020
74998,74999
75007,75016
75009,75044
75027,75012
75045,75038
74996,75024
75037,75068
75010,74999
75014,75016
75038,75053
75006,75007
75018,75351
75008,75016
75021,75000
74998,74996
75007,75012
75009,75012
75027,75033
75045,75008
75025,75006
75013,75007
75021,75307
75008,75012
75038,75007
75006,75012
75008,75030
75018,75352
75021,75027
75013,75058
75025,75009
74998,75064
75009,75050
75010,75338
75007,75005
75001,75016
75045,75009
75037,75012
74996,75055
75010,75017
75014,75009
75038,75004
75006,75016
75018,75353
75027,75016
75037,75009
75014,75020
75037,75013
75008,75030
75021,75017
75009,75022
75001,75016
74998,75064
75027,75016
75038,75007
75037,75354
75010,75330
74996,74997
75006,75012
75018,75355
75013,75044
75008,75016
75021,75312
75009,75012
75001,75009
75045,75013
74998,75010
75013,75068
75027,75012
75018,75356
74996,75055
75014,75001
75027,75005
75010,75338
74996,75036
75018,75357
75006,75016
75013,75023
75008,75009
75021,74999
75009,75012
75001,75007
75045,75038
74998,75011
75038,75016
75037,75009
75027,75033
75014,75020
75305,75010
75010,75330
75006,75004
75038,75053
75014,75001
75037,75358
74998,75017
75001,75012
75045,75016
75027,75007
75037,75007
75038,75007
75014,75016
75010,75330
74996,75307
75018,75359
75006,75016
75013,75054
75008,75009
75021,75036
75009,75012
74998,75060
75001,75016
75045,75021
75027,75012
75025,75047
75009,75012
75008,75012
75021,75360
75010,75327
74996,75036
75018,75361
75006,75005
75021,75333
75013,75021
75008,75030
75009,75050
74998,75040
75305,75312
75001,75005
75027,75005
75014,75012
75037,75337
75038,75016
75010,75338
74996,75024
75018,75362
75006,75013
75013,75007
75045,75057
75045,75363
75340,75025
75038,75007
75279,75016
75013,75012
75027,75033
75006,75016
74998,75017
75018,75301
75007,75007
74996,75036
75021,75013
75037,74998
75014,75016
75001,75020
75279,75034
75013,75023
75027,75326
75006,75034
74998,75011
75018,75309
75007,75016
75001,75012
74996,75307
75014,75009
74996,75302
74998,75010
75018,75281
75007,75012
75014,75020
75038,75007
75021,75012
74996,75024
75001,75007
75305,75327
75303,75022
75279,75068
75013,75021
75006,75013
74998,75011
75018,75309
75007,75013
75020,75364
75038,75005
75021,75013
75037,74999
75038,75016
75021,75012
75037,75040
74996,75036
75021,75013
75037,75017
75038,75007
75001,75007
75014,75009
75045,75013
75279,75012
75008,75030
75013,75007
75004,75012
75018,75365
74998,74999
75006,75005
75007,75013
74996,75302
75021,75013
75037,74996
75001,75016
75007,75007
74998,75017
75018,75281
75006,75007
75014,75012
75045,75038
75279,75020
75062,75022
75013,75058
75004,75005
75006,75004
74998,75040
75018,75281
75006,75007
75007,75012
75021,75012
75037,75366
75001,75005
75038,75053
75014,75020
75008,75009
75045,75009
75279,75068
75013,75050
74996,75055
75038,75012
75013,75044
75009,75012
74998,75010
75008,75030
74996,75307
75305,75279
75279,75016
75000,75307
75007,75015
75006,75012
74998,75017
75038,75005
75014,75009
74996,75302
75279,75012
75006,75007
74998,74999
75007,75016
75038,75004
74996,75024
75001,75009
75038,75053
75020,75312
75006,75005
75018,75367
75279,75020
75304,75017
75018,75281
75038,75071
75007,75012
75006,75004
74998,75064
74996,75302
75279,75038
75018,75301
75062,75022
75007,75007
75006,75016
74998,75040
74996,75024
75020,75009
75026,75015
75304,75011
75279,75069
75007,75016
75279,75068
75006,75013
74998,75064
75006,75012
74998,75064
75014,75016
75007,75007
75038,75004
75037,75022
74996,75307
75001,75005
75279,75012
75304,75368
75277,75278
75006,75005
75018,75280
74998,75040
75014,75012
75007,75005
75038,75071
74996,75055
75001,75012
75279,75020
75001,75016
74996,75055
75007,75012
75007,75009
75038,75016
74996,75307
75001,75016
75305,75338
75026,75022
75279,75034
75070,75014
75006,75034
75279,75038
74998,75011
75007,75013
74996,75036
75001,75020
75305,75334
75279,75038
75062,75369
75006,75004
74998,74999
75038,75053
75038,75016
74996,75055
75002,75017
75279,75038
75001,75020
75009,75012
75304,75370
75045,75363
75037,75040
75038,75004
75008,75028
75027,75005
75007,75012
75014,75015
75279,75012
74998,75064
75018,75371
75006,75004
75013,75058
75021,75021
74996,75024
75001,75012
75009,75044
74996,75307
75045,75038
75021,75012
74998,74999
75014,75016
75279,75016
74998,75040
75018,75281
75006,75004
75021,75012
74996,75055
75026,75016
75001,75009
75009,75050
75045,75021
75038,75012
75037,74996
75027,75007
75008,75030
75007,75007
75279,75038
75014,75012
75018,75301
75006,75012
75038,75053
75008,75009
75007,75016
75021,75012
75001,75005
75009,75044
75038,75071
75045,75068
75037,75366
75025,75035
75008,75012
75014,75020
75007,75007
75279,75038
74998,75064
75006,75016
75018,75372
75013,75058
74996,74997
75001,75007
75021,75012
75009,75012
74996,75055
75006,75005
75018,75281
75013,75050
75014,75012
75279,75034
75027,75012
74998,75011
75018,75309
75006,75013
75013,75023
75021,75021
74996,75036
75008,75012
75001,75016
75038,75016
75045,75009
75037,75011
75008,75030
75007,75013
75014,75001
75279,75068
75027,75326
74998,75010
75180,75240
75045,75021
75027,75016
75038,75053
74998,75010
75006,75016
74996,75055
75021,75021
75007,75016
75037,75044
75305,75306
75001,75012
75038,75071
75045,75013
75279,75016
75027,75016
75008,75016
75014,75012
75018,75309
74998,75064
75006,75007
75013,75050
74996,75302
75018,75371
75021,75013
75013,75044
75014,75016
75062,75373
75014,75020
75277,75278
75025,75047
75004,75007
75013,75007
75018,75301
74998,74996
75006,75013
74996,75024
75021,75012
75007,75016
75037,75003
75305,75330
75038,75012
75279,75069
75045,75363
75027,75012
75008,75012
75025,75009
75007,75012
75010,75327
75001,75020
75021,75013
74996,75024
75001,75005
75037,74997
75038,75016
75007,75005
75027,75033
75008,75009
75014,75009
75279,75020
75018,75281
74998,74996
75006,75013
75021,75021
74996,75036
75001,75016
75009,75057
75037,75032
75045,75034
75013,75012
75006,75016
74998,75017
75018,75365
75038,75007
75045,75009
75279,75034
75008,75016
75027,75005
75014,75020
75018,75301
74998,75010
75006,75005
75007,75013
75021,75012
75001,75007
75007,75009
75020,75017
75038,75004
75045,75012
75008,75028
75027,75326
75014,75001
75279,75069
74996,75307
75173,75300
75021,75013
75173,75300
75305,74999
75304,75374
75027,75007
75021,75012
75070,75021
75025,75025
75007,75015
75026,75039
75000,75308
74996,75024
75010,74996
75008,75030
75006,75007
75375,75054
75305,75064
75027,75033
75021,75376
75025,75006
75009,75012
75007,75009
75000,75307
75006,75016
75010,75017
74996,74997
75008,75016
75007,75005
75009,75338
75008,75012
74996,75345
75010,75067
75006,75016
75027,75033
75305,75377
75025,75052
75009,75044
74996,75036
75007,75016
74996,75055
75010,75042
75006,75005
75375,75011
75305,75215
75027,75007
75021,75031
75025,75006
75009,75012
75007,75012
75008,75028
75025,75025
75010,74999
75008,75012
74996,75307
75010,74999
75008,75016
75305,74996
75006,75005
75304,75310
75027,75012
75025,75009
75070,75014
75007,75009
74996,75024
75010,75042
75002,75011
75008,75009
75014,75012
75305,75312
75006,75004
75027,75028
75062,75373
75025,75052
75007,75016
75303,75311
75007,75012
75027,75326
75305,75310
75006,75004
75305,75017
75027,75005
75021,75028
75070,75327
75009,75050
75007,75007
74996,75302
75010,75011
75008,75030
75002,75003
75006,75005
75375,75060
75021,75065
75027,75016
75062,75009
75007,75005
75009,75012
74996,75307
75010,75067
75008,75012
75006,75012
75305,75011
74996,75055
75305,75010
75027,75005
75009,75006
75378,75369
75007,75009
75018,75029
75008,75009
75010,74996
74996,75055
75375,75017
75006,75013
75027,75005
75025,75379
75002,75017
75009,75006
75378,75021
75007,75013
75010,75067
75008,75016
74996,75302
75375,74999
75305,75064
75027,75033
75006,75007
75027,75326
75375,75368
74996,74997
75008,75009
75007,75007
75010,75011
74996,75307
75375,75011
75009,75012
75027,75007
75006,75012
75007,75005
75008,75012
75006,75013
75010,75017
75375,75060
75027,75012
75025,75380
75006,75004
75009,75381
75002,74999
75378,75022
75037,75013
75008,75030
75010,74999
74996,75024
75375,75312
75025,75052
75009,75006
75006,75013
75305,75011
75009,75006
75025,75006
75007,75015
74996,74997
75008,75028
75010,75042
75000,75055
75027,75012
75006,75007
75375,75040
75305,75382
75025,75052
75070,75014
75007,75031
74996,75307
75008,75016
75010,75011
75006,75004
75021,75038
75027,75016
75010,74999
75008,75030
74996,75036
75378,75022
75007,75012
75008,75028
74996,75024
75010,74996
75027,75028
75006,75004
75305,75017
75375,74998
75009,75006
75002,75062
75025,75025
75007,75016
74996,75055
75008,75009
75010,75017
75027,75016
75006,75007
75305,75040
75009,75006
75025,75052
75007,75031
75378,75012
75378,75012
75010,75011
75002,74999
75294,75115
75294,75115
75318,75132
75132,75134
75092,75101
75294,75115
75274,75115
75294,75115
75092,75076
75324,75076
75325,75076
75284,75076
75092,75086
75092,75181
75092,75132
75323,75320
75323,75101
75321,75320
75321,75101
75320,75319
75101,75319
75314,75210
75284,75210
75092,75105
75092,75181
75008,75016
75014,75012
75006,75004
75002,74999
75026,75016
75013,75054
74998,75017
75027,75012
75021,75065
74996,75055
75130,75317
75173,75300
75180,75246
75180,75246
75294,75115
75294,75115
75294,75115
75092,75138
75092,75132
75092,75183
75294,75115
75294,75115
75284,75130
75010,75067
75092,75105
75092,75105
75180,75246
75180,75246
75097,75235
75119,75235
75235,75097
75235,75119
75092,75128
75092,75097
75092,75119
75294,75108
75247,75125
75097,75316
75119,75316
75097,75201
75119,75201
75097,75235
75119,75235
75317,75130
75130,75317
75317,75130
75130,75317
75315,75102
75235,75119
75235,75097
75119,75235
75317,75130
75317,75130
75317,75130
75092,75181
75320,75322
75101,75322
75322,75320
75322,75101
75319,75320
75319,75101
75092,75181
75092,75132
75092,75105
75074,75078
75180,75246
75092,75138
75314,75086
75092,75086
75183,75313
75235,75097
75235,75119
75097,75235
75092,75132
75008,75016
75009,75022
74996,75307
75010,75017
75008,75012
75014,75016
75006,75016
75021,75376
75043,75015
75027,75016
75002,75011
75025,75025
74998,75018
75007,75012
74996,74997
75010,74996
75014,75009
75018,75383
75006,75005
75021,75028
75008,75009
75002,74999
75070,75021
75027,75007
74996,75307
75007,75016
75021,75012
75043,75384
75006,75007
75027,75012
75021,75031
75070,75014
75007,75007
74996,74997
75010,74996
75008,75030
75002,74996
75006,75004
75305,74998
75304,74996
75021,75038
75009,75012
75007,75013
74996,75036
75010,75067
75008,75009
75006,75007
75002,75003
75027,75033
75305,75040
75027,75005
75007,75013
74998,74999
75007,75005
75021,75376
75002,75040
75026,75015
75027,75033
75305,75377
74998,75040
74996,75024
75009,75012
75007,75009
75010,75011
75008,75030
75014,75015
75013,75007
75006,75013
75018,75385
75021,75012
75002,75312
75070,75386
75025,75006
75027,75005
74998,75064
75006,75016
75010,74999
75007,75007
74996,75024
74996,75055
75010,75017
75014,75020
75021,75068
75062,75022
75006,75012
75002,75017
75027,75326
74998,75060
75009,75022
75009,75050
75007,75009
75010,75042
75013,75021
75014,75012
75021,75038
75006,75013
75062,75369
75002,74996
75027,75028
74998,75011
75009,75050
74996,75036
75305,74999
75006,75004
75375,74999
75038,75005
75007,75031
75007,75009
75006,75012
75008,75012
75007,75326
75007,75005
75038,75053
75004,75007
75007,75012
75006,75007
75008,75009
75007,75016
75007,75009
75070,75021
75007,75031
75007,75387
75070,75366
75007,75012
75006,75004
75007,75326
75070,75014
75007,75326
75008,75013
75006,75016
75006,75013
75007,75012
75007,75005
75070,75386
75004,75004
75007,75009
75020,74996
75002,74996
75007,75366
75006,75005
75008,75016
75007,75326
75007,75012
75004,75013
75007,75005
75038,75007
75006,75012
75007,75031
75004,75016
75007,75005
75014,75009
75007,75012
75070,75021
75062,75373
75007,75009
75038,75071
75007,75016
75070,75388
75007,75031
75007,75009
75007,75013
75007,75031
75006,75016
75070,75060
75007,75012
75008,75016
75000,75308
75007,75007
75007,75005
75007,75016
75038,75007
75007,75009
75006,75013
75007,75016
75007,75012
75038,75389
75007,75005
75007,75012
75008,75012
75007,75005
75006,75007
75006,75016
75007,75005
75070,75021
75007,75031
75025,75041
75006,75013
75007,75005
75070,75327
75038,75007
75007,75387
75070,75327
75007,75016
75007,75031
75008,75009
75007,75012
75070,75366
75007,75007
75006,75004
75007,75009
75008,75030
75007,75013
75025,75390
75006,75005
75062,75022
75020,74998
75025,75391
75020,75011
75062,75008
75020,75392
75007,75031
75037,75044
75020,74996
75007,75005
75020,75312
75008,75009
75020,75392
75007,75016
75020,75060
75008,75016
75004,75012
75007,75326
75062,75369
75008,75013
75020,75017
75020,74998
75008,75030
75038,75053
75007,75009
75002,75011
75043,75050
75020,75017
75007,75016
75037,75072
75020,74998
75279,75068
75020,75060
75007,75012
75303,75311
75002,74999
75020,75006
75279,75069
75070,75388
75025,75038
75006,75013
75020,75364
75070,75014
75279,75012
75007,75326
75037,75041
75008,75028
75020,74999
75279,75012
75007,75012
75007,75009
75007,75031
75020,74996
75020,75011
75020,75364
75025,75015
75007,75031
75020,75312
75004,75031
75020,75392
75007,75016
75038,75016
75020,75011
75062,75369
75025,75057
75007,75009
75020,75003
75027,75028
75062,75369
75020,74999
75006,75004
75007,75008
75020,75006
75070,75327
75062,75373
75020,75006
75007,75005
75062,75373
75020,74996
75020,75003
75007,75012
75020,74999
75007,75016
75020,75006
75062,75373
75020,74998
75007,75005
75020,75011
75038,75012
75007,75008
75007,75326
75062,75373
75002,74996
75020,75392
75303,75000
75007,75326
75020,75003
75038,75004
75020,75017
75007,75012
75006,75007
75020,74999
75007,75009
75006,75007
75007,75031
75027,75016
75375,75011
75008,75016
75002,75003
75336,75038
75007,75393
75010,74999
74996,75036
75009,75050
75027,75028
75375,75040
75006,75004
75008,75012
75336,75032
75010,75042
74996,75302
75009,75028
75027,75033
75006,75016
75008,75030
75007,75015
75009,75032
75007,75005
75010,74996
75008,75012
75008,75030
75007,75007
75009,75007
75027,75033
75008,75016
75007,75031
75009,75012
75006,75016
75027,75005
75375,75054
75010,74999
75008,75030
75007,75016
75009,75009
75027,75007
75375,75394
75008,75009
75010,75042
75007,75009
75009,75013
75027,75012
75375,74999
75010,75017
75027,75028
74996,75024
75000,75027
74996,75307
75009,75032
75027,75012
75375,74998
75006,75016
75378,75009
75008,75012
75007,75012
75010,74996
74996,75302
75009,75009
75027,75028
75375,75312
75006,75005
75002,75040
75008,75016
75007,75016
75010,75042
74996,75036
75009,75022
75027,75016
75010,75067
75007,75031
75008,75030
75002,74996
75027,75007
75375,75054
75006,75004
75002,75011
75008,75016
75007,75005
75336,75001
75010,75011
74996,75055
75009,75050
75009,75001
75027,75326
75002,75017
75008,75009
75007,75013
75010,75017
75336,75012
74996,74997
75009,75013
75027,75005
75375,75017
75006,75013
75006,75005
75009,75068
75007,75012
75002,75062
75007,75005
75009,75000
75007,75012
75038,75007
75070,75014
75009,75012
75375,74998
75007,75016
75045,75009
75038,75007
75009,75007
75007,75013
75038,75007
75009,75050
75027,75016
75007,75007
75008,75013
75038,75007
75009,75009
75027,75395
75007,75012
75009,75050
75070,75021
75038,75007
75002,75017
75007,75013
75007,75016
75038,75007
75070,75386
75007,75012
75007,75013
75007,75007
75006,75005
75038,75007
75070,75014
75038,75006
75007,75005
75070,75014
75009,75001
75007,75009
75009,75012
75007,75393
75304,75332
75009,75000
75007,75009
75009,75007
75007,75031
75007,75031
75009,75007
75007,75009
75027,75005
75007,75005
75000,75215
75009,75050
75008,75009
75027,75007
75002,75062
75007,75012
75009,75009
75008,75028
75027,75033
75002,75003
75021,75028
75007,75007
75009,75007
75008,75009
75027,75016
75002,75011
75007,75031
75009,75028
75375,75368
75027,75012
75008,75012
75002,74999
75317,75130
75027,75005
75026,75326
75070,75021
75009,75012
75375,75312
75027,75033
75007,75016
75009,75013
75027,75012
75007,75005
75070,75014
75009,75012
75009,75000
75375,75060
75007,75007
75008,75012
75027,75326
75007,75393
75070,75386
75008,75016
75009,75013
75027,75028
75007,75016
75008,75030
75027,75007
75180,75246
75004,75028
75088,75091
75091,75088
75105,75156
75262,75088
75261,75132
75091,75088
75088,75178
75260,75206
75180,75240
75177,75088
75097,75258
75119,75258
75115,75172
75144,75257
75115,75223
75088,75091
75144,75257
75183,75092
75220,75173
75146,75263
75105,75238
75105,75285
75276,75206
75088,75091
75286,75088
75180,75240
75287,75146
75146,75287
75146,75293
75146,75292
75146,75291
75088,75177
75088,75290
75206,75264
75088,75178
75088,75290
75088,75286
75088,75091
75088,75289
75257,75144
75157,75148
75110,75147
75288,75108
75227,75105
75146,75291
75146,75263
75259,75086
75177,75088
75088,75299
75088,75290
75180,75240
75088,75299
75088,75177
75088,75290
75088,75177
75088,75177
75115,75298
75188,75080
75115,75297
75173,75265
75154,75130
75163,75108
75144,75092
75146,75263
75146,75291
75173,75300
75173,75300
75173,75300
75115,75296
75074,75187
75115,75295
75091,75088
75088,75177
75115,75275
75115,75274
75273,75088
75269,75108
75088,75091
75173,75272
75086,75271
75088,75091
75173,75175
75173,75270
75166,75167
75088,75091
75269,75108
75173,75268
75161,75144
75105,75267
75080,75266
75080,75171
75088,75091
75080,75081
