78274,78275
78276,78277
78274,78275
78274,78275
78274,78275
78278,78279
78280,78276
78281,78282
78283,78284
78285,78275
78286,78275
78286,78275
78287,78288
78287,78289
78290,78291
78275,78292
78281,78282
78280,78276
78293,78294
78295,78284
78293,78294
78284,78296
78297,78298
78290,78299
78300,78301
78293,78294
78300,78301
78278,78302
78278,78303
78289,78304
78278,78303
78305,78285
78306,78307
78275,78292
78306,78308
78292,78275
78306,78309
78310,78311
78285,78275
78294,78293
78293,78294
78289,78282
78306,78312
78313,78314
78306,78312
78292,78275
78285,78275
78315,78293
78275,78316
78280,78317
78311,78318
78275,78319
78293,78320
78293,78321
78322,78290
78323,78275
78324,78325
78325,78324
78289,78306
78275,78285
78275,78274
78289,78306
78322,78290
78274,78275
78276,78277
78293,78326
78327,78328
78289,78287
78300,78301
78313,78329
78285,78305
78313,78289
78313,78330
78289,78313
78331,78332
78300,78312
78300,78301
78301,78300
78333,78328
78294,78293
78293,78294
78275,78285
78325,78324
78293,78334
78289,78300
78284,78296
78335,78336
78282,78289
78336,78335
78317,78337
78338,78339
78339,78338
78306,78340
78340,78306
78306,78340
78341,78342
78339,78338
78299,78290
78285,78305
78336,78335
78336,78335
78340,78306
78289,78343
78343,78344
78343,78344
78289,78343
78345,78306
78343,78346
78345,78306
78289,78287
78336,78347
78325,78289
78348,78289
78349,78289
78285,78275
78337,78317
78297,78298
78350,78351
78306,78345
78336,78312
78289,78336
78332,78331
78325,78289
78332,78331
78317,78352
78306,78345
78306,78345
78353,78306
78336,78312
78275,78319
78274,78275
78305,78285
78301,78300
78280,78317
78294,78293
78294,78293
78293,78294
78294,78293
78354,78289
78354,78289
78300,78301
78275,78355
78275,78356
78275,78357
78275,78358
78275,78346
78275,78343
78275,78359
78274,78275
78275,78274
78359,78275
78360,78276
78361,78313
78362,78305
78360,78276
78297,78305
78276,78360
78317,78363
78285,78275
78317,78337
78364,78350
78285,78275
78365,78366
78280,78317
78317,78367
78368,78287
78275,78292
78280,78317
78275,78285
78313,78369
78359,78275
78275,78359
78317,78317
78370,78325
78304,78312
78371,78341
78297,78341
78341,78372
78373,78374
78293,78294
78374,78375
78376,78374
78343,78377
78378,78300
78374,78375
78379,78343
78354,78380
78341,78381
78382,78290
78343,78344
78383,78305
78305,78383
78384,78374
78287,78289
78385,78343
78360,78276
78325,78289
78343,78386
78387,78325
78278,78388
78346,78343
78325,78389
78374,78390
78390,78374
78325,78391
78374,78390
78325,78387
78325,78392
78278,78393
78325,78394
78278,78388
78289,78332
78374,78390
78343,78385
78390,78374
78395,78374
78390,78374
78282,78281
78289,78287
78396,78397
78398,78293
78399,78293
78400,78275
78293,78294
78339,78338
78284,78283
78349,78289
78348,78289
78293,78398
78275,78285
78284,78283
78339,78338
78339,78338
78374,78401
78374,78402
78374,78384
78293,78294
78390,78374
78284,78283
78403,78374
78293,78294
78341,78372
78293,78294
78276,78360
78385,78343
78402,78374
78305,78362
78397,78396
78404,78343
78360,78276
78297,78341
78285,78275
78293,78294
78276,78277
78395,78374
78293,78289
78294,78293
78289,78293
78374,78403
78297,78341
78374,78376
78405,78374
78297,78374
78297,78298
78275,78406
78368,78336
78275,78406
78275,78407
78368,78328
78408,78313
78409,78325
78329,78313
78275,78410
78315,78293
78320,78293
78293,78411
78293,78320
78293,78326
78320,78293
78341,78412
78341,78412
78341,78372
78293,78326
78376,78374
78275,78410
78275,78410
78371,78341
78371,78341
78276,78360
78275,78410
78275,78410
78276,78360
78275,78410
78275,78410
78275,78410
78275,78410
78275,78285
78293,78413
78293,78399
78293,78399
78414,78336
78293,78399
78415,78287
78275,78410
78280,78317
78284,78416
78374,78390
78349,78417
78290,78291
78332,78418
78290,78291
78419,78348
78291,78290
78290,78291
78291,78290
78420,78374
78290,78291
78294,78293
78374,78420
78290,78291
78290,78291
78420,78374
78387,78325
78343,78385
78282,78281
78332,78421
78290,78291
78290,78291
78389,78325
78419,78348
78348,78417
78293,78320
78346,78343
78374,78390
78390,78374
78374,78390
78374,78390
78390,78374
78339,78422
78379,78343
78374,78376
78374,78423
78297,78374
78374,78424
78293,78294
78293,78294
78293,78294
78281,78282
78339,78338
78282,78281
78289,78325
78425,78426
78427,78428
78429,78430
78430,78430
78431,78432
78433,78434
78435,78436
78437,78429
78438,78439
78440,78426
78441,78442
78443,78444
78445,78446
78447,78431
78448,78449
78450,78450
78425,78450
78451,78434
78427,78452
78453,78454
78455,78456
78457,78458
78430,78431
78429,78459
78431,78460
78457,78431
78453,78461
78427,78462
78451,78448
78443,78426
78445,78463
78447,78464
78448,78450
78425,78426
78450,78465
78427,78466
78451,78467
78453,78465
78457,78434
78455,78426
78468,78425
78437,78469
78431,78470
78433,78471
78435,78466
78438,78469
78441,78457
78445,78441
78443,78469
78447,78434
78448,78441
78450,78472
78425,78465
78430,78448
78441,78473
78437,78426
78440,78474
78437,78465
78430,78464
78435,78426
78441,78475
78440,78469
78448,78466
78450,78465
78443,78439
78445,78463
78451,78476
78427,78469
78425,78426
78453,78454
78455,78456
78429,78477
78431,78478
78463,78479
78437,78480
78430,78481
78435,78482
78441,78483
78440,78456
78438,78450
78431,78432
78429,78484
78455,78469
78453,78426
78445,78485
78443,78439
78448,78482
78438,78482
78450,78465
78425,78462
78451,78467
78427,78486
78453,78428
78429,78487
78431,78470
78441,78447
78437,78466
78435,78469
78441,78488
78440,78456
78448,78469
78438,78439
78450,78450
78443,78456
78445,78489
78451,78471
78427,78490
78425,78469
78430,78434
78440,78450
78435,78474
78431,78470
78443,78456
78435,78474
78451,78458
78433,78464
78437,78491
78430,78443
78431,78492
78438,78482
78453,78482
78445,78493
78448,78494
78425,78462
78443,78469
78427,78469
78451,78434
78433,78431
78437,78426
78435,78469
78430,78448
78468,78495
78431,78478
78438,78462
78453,78461
78427,78449
78445,78496
78448,78497
78447,78458
78427,78490
78443,78439
78437,78480
78435,78450
78433,78459
78451,78471
78430,78458
78431,78470
78438,78497
78453,78426
78448,78436
78450,78450
78447,78434
78445,78496
78427,78466
78443,78426
78435,78426
78451,78448
78437,78429
78430,78464
78431,78498
78438,78450
78453,78428
78425,78465
78425,78450
78445,78499
78448,78500
78425,78469
78448,78465
78425,78462
78453,78443
78427,78469
78451,78481
78433,78471
78437,78466
78435,78450
78430,78458
78431,78432
78440,78469
78447,78430
78441,78501
78445,78446
78450,78502
78448,78452
78447,78503
78425,78469
78453,78482
78427,78449
78451,78476
78433,78458
78437,78429
78430,78477
78443,78439
78448,78502
78445,78441
78443,78426
78501,78504
78427,78505
78451,78464
78437,78480
78435,78482
78440,78456
78468,78506
78430,78431
78431,78460
78441,78483
78450,78507
78450,78508
78445,78485
78448,78505
78425,78426
78453,78454
78427,78428
78451,78431
78437,78465
78433,78434
78430,78430
78435,78436
78431,78509
78441,78472
78447,78458
78445,78510
78443,78426
78451,78431
78437,78426
78425,78426
78466,78511
78451,78434
78441,78483
78440,78450
78448,78458
78486,78512
78457,78476
78435,78474
78445,78478
78468,78443
78453,78465
78431,78478
78427,78462
78450,78428
78455,78426
78425,78462
78437,78466
78513,78465
78451,78458
78441,78472
78430,78477
78430,78448
78455,78469
78463,78426
78427,78452
78453,78482
78427,78436
78429,78514
78450,78469
78431,78460
78463,78463
78430,78481
78501,78515
78437,78480
78425,78469
78513,78516
78440,78469
78438,78439
78441,78475
78435,78466
78440,78456
78448,78467
78486,78437
78445,78462
78429,78434
78453,78482
78450,78450
78517,78469
78431,78432
78451,78448
78445,78440
78448,78467
78445,78518
78441,78519
78448,78464
78457,78431
78445,78426
78435,78466
78453,78491
78438,78469
78431,78470
78463,78427
78450,78462
78447,78434
78427,78469
78451,78481
78425,78450
78466,78511
78440,78469
78430,78431
78441,78501
78448,78430
78457,78471
78445,78478
78435,78450
78433,78459
78440,78456
78430,78462
78425,78462
78513,78463
78435,78426
78453,78436
78431,78432
78427,78466
78450,78465
78501,78520
78455,78456
78425,78426
78466,78489
78451,78464
78430,78458
78457,78464
78440,78426
78437,78469
78448,78434
78457,78434
78445,78426
78435,78469
78453,78443
78431,78460
78450,78427
78427,78490
78451,78467
78466,78498
78441,78442
78440,78474
78448,78431
78435,78469
78438,78439
78440,78474
78441,78521
78443,78469
78455,78456
78451,78458
78448,78511
78425,78426
78427,78452
78453,78461
78450,78522
78445,78523
78431,78478
78430,78524
78437,78465
78435,78436
78438,78497
78513,78426
78441,78447
78440,78450
78451,78464
78448,78464
78453,78426
78447,78458
78435,78525
78430,78526
78437,78429
78425,78450
78450,78523
78427,78449
78453,78465
78429,78434
78431,78460
78463,78465
78437,78426
78430,78431
78435,78444
78440,78426
78450,78527
78441,78521
78443,78469
78448,78430
78455,78426
78451,78514
78425,78462
78450,78528
78427,78490
78453,78428
78445,78438
78429,78476
78431,78432
78438,78462
78445,78529
78427,78462
78431,78460
78453,78426
78427,78486
78463,78469
78431,78478
78430,78474
78437,78469
78425,78465
78440,78450
78451,78514
78441,78488
78448,78434
78445,78530
78445,78531
78453,78465
78433,78464
78427,78505
78429,78458
78431,78470
78430,78431
78437,78429
78425,78450
78438,78450
78451,78471
78441,78501
78450,78532
78445,78533
78450,78534
78440,78426
78455,78426
78430,78431
78425,78465
78437,78466
78501,78535
78435,78482
78438,78482
78513,78463
78440,78469
78451,78481
78448,78443
78448,78458
78457,78471
78445,78536
78427,78428
78453,78482
78429,78464
78431,78470
78430,78466
78437,78469
78425,78469
78435,78450
78441,78473
78451,78431
78450,78505
78425,78462
78447,78430
78448,78537
78437,78426
78451,78434
78448,78434
78465,78426
78445,78496
78437,78427
78441,78475
78513,78469
78465,78450
78448,78538
78465,78469
78425,78462
78437,78429
78448,78503
78465,78469
78437,78480
78431,78432
78501,78539
78448,78434
78540,78450
78465,78427
78486,78512
78431,78443
78501,78504
78465,78528
78451,78476
78441,78447
78440,78450
78465,78469
78501,78451
78455,78469
78430,78434
78437,78441
78441,78499
78517,78426
78465,78450
78443,78456
78437,78426
78427,78452
78431,78541
78465,78427
78437,78429
78431,78542
78465,78516
78445,78426
78437,78466
78441,78457
78451,78481
78465,78426
78517,78466
78437,78469
78501,78515
78437,78465
78443,78439
78501,78520
78443,78456
78465,78427
78441,78488
78448,78464
78427,78452
78465,78469
78448,78503
78443,78439
78427,78449
78465,78516
78441,78472
78438,78469
78448,78450
78430,78430
78540,78462
78443,78426
78465,78528
78425,78469
78431,78541
78448,78543
78430,78430
78443,78456
78427,78466
78448,78434
78427,78469
78431,78432
78437,78491
78465,78528
78486,78544
78437,78426
78431,78470
78448,78503
78462,78477
78448,78434
78445,78545
78465,78516
78451,78458
78427,78490
78448,78458
78448,78464
78465,78450
78441,78521
78455,78426
78431,78443
78427,78428
78448,78538
78465,78426
78441,78473
78431,78542
78448,78458
78465,78528
78443,78469
78465,78426
78430,78431
78455,78456
78486,78437
78437,78546
78465,78427
78427,78466
78450,78508
78441,78457
78465,78516
78437,78477
78440,78547
78465,78469
78450,78507
78465,78426
78437,78431
78440,78469
78465,78426
78450,78502
78465,78469
78437,78548
78440,78474
78465,78426
78441,78501
78465,78469
78437,78480
78441,78447
78450,78465
78465,78516
78451,78431
78437,78487
78465,78516
78468,78443
78441,78475
78437,78434
78465,78426
78427,78505
78441,78473
78465,78469
78437,78514
78440,78528
78440,78426
78465,78427
78441,78442
78501,78504
78465,78516
78486,78549
78437,78478
78465,78469
78427,78449
78450,78472
78501,78515
78465,78426
78437,78459
78450,78507
78465,78427
78427,78469
78455,78456
78437,78466
78440,78456
78517,78469
78465,78426
78441,78472
78437,78429
78440,78450
78465,78516
78501,78535
78443,78426
78425,78469
78441,78475
78440,78426
78465,78528
78501,78504
78441,78473
78440,78469
78465,78427
78501,78520
78437,78480
78440,78474
78517,78450
78501,78539
78465,78469
78517,78527
78465,78516
78486,78437
78437,78465
78501,78539
78450,78502
78441,78499
78465,78528
78437,78426
78440,78550
78465,78469
78455,78426
78501,78535
78441,78521
78437,78469
78465,78450
78465,78450
78441,78483
78425,78450
78437,78441
78517,78426
78465,78516
78501,78451
78540,78528
78465,78516
78425,78465
78441,78488
78486,78544
78450,78507
78431,78460
78438,78462
78448,78450
78448,78434
78437,78441
78443,78439
78435,78450
78453,78454
78430,78443
78431,78498
78427,78452
78450,78502
78448,78443
78443,78469
78453,78461
78430,78477
78437,78426
78435,78426
78431,78498
78427,78466
78450,78507
78448,78464
78445,78551
78430,78464
78437,78466
78443,78552
78450,78450
78427,78505
78431,78498
78430,78481
78455,78469
78437,78429
78448,78511
78540,78450
78501,78539
78430,78458
78443,78426
78462,78476
78448,78538
78427,78469
78437,78426
78435,78482
78448,78503
78453,78482
78430,78430
78431,78498
78427,78449
78450,78508
78448,78430
78437,78441
78435,78528
78443,78456
78453,78426
78445,78496
78435,78474
78431,78498
78453,78462
78427,78490
78447,78503
78425,78426
78445,78553
78430,78434
78443,78469
78435,78469
78433,78471
78431,78460
78438,78497
78453,78426
78448,78494
78450,78501
78425,78465
78427,78452
78443,78456
78437,78469
78435,78466
78433,78459
78430,78481
78462,78476
78448,78458
78431,78509
78438,78439
78453,78454
78445,78496
78427,78428
78448,78511
78463,78426
78448,78458
78450,78433
78425,78469
78445,78496
78430,78434
78435,78466
78443,78552
78431,78478
78453,78461
78427,78505
78448,78503
78427,78428
78450,78554
78445,78553
78462,78434
78448,78464
78430,78477
78438,78450
78435,78436
78451,78514
78431,78432
78462,78555
78448,78464
78453,78428
78447,78464
78453,78556
78431,78498
78443,78469
78465,78516
78425,78465
78430,78443
78431,78552
78438,78450
78443,78469
78448,78450
78540,78425
78513,78557
78465,78426
78455,78469
78431,78460
78448,78450
78540,78469
78443,78456
78430,78431
78431,78558
78438,78482
78448,78543
78443,78426
78461,78559
78430,78458
78431,78470
78513,78516
78445,78496
78448,78543
78443,78439
78443,78426
78427,78505
78465,78426
78455,78426
78430,78498
78438,78439
78448,78450
78427,78490
78443,78439
78465,78427
78448,78560
78455,78426
78513,78426
78448,78560
78513,78465
78443,78426
78465,78426
78425,78462
78430,78448
78441,78501
78448,78450
78513,78465
78465,78469
78438,78497
78465,78450
78448,78450
78443,78469
78430,78434
78501,78515
78430,78464
78438,78469
78443,78426
78462,78561
78448,78503
78427,78452
78431,78498
78437,78426
78455,78456
78441,78519
78448,78458
78447,78503
78435,78466
78501,78539
78430,78431
78443,78439
78431,78498
78427,78490
78437,78480
78447,78431
78450,78501
78448,78443
78430,78448
78448,78430
78486,78512
78431,78432
78437,78478
78431,78541
78438,78461
78448,78537
78501,78515
78443,78456
78433,78431
78425,78426
78461,78562
78430,78477
78427,78466
78431,78443
78427,78449
78438,78482
78448,78458
78448,78464
78540,78452
78443,78439
78437,78441
78430,78481
78431,78542
78448,78434
78443,78456
78438,78462
78425,78450
78462,78464
78431,78460
78463,78516
78501,78563
78468,78517
78513,78465
78437,78480
78540,78425
78429,78458
78441,78501
78461,78564
78425,78465
78431,78565
78440,78566
78448,78471
78447,78464
78430,78458
78468,78567
78437,78456
78513,78427
78443,78426
78429,78430
78441,78488
78425,78426
78440,78543
78431,78568
78448,78430
78430,78434
78447,78503
78448,78569
78440,78570
78437,78466
78429,78476
78425,78469
78440,78469
78501,78539
78448,78458
78447,78430
78430,78571
78468,78567
78513,78516
78443,78426
78447,78431
78441,78483
78425,78450
78431,78565
78448,78467
78430,78448
78468,78517
78513,78469
78443,78439
78437,78466
78429,78445
78425,78426
78431,78478
78437,78426
78443,78469
78430,78431
78437,78429
78513,78463
78441,78483
78425,78462
78447,78430
78448,78464
78457,78482
78430,78464
78468,78567
78437,78429
78429,78434
78443,78572
78461,78573
78513,78465
78441,78574
78425,78426
78448,78434
78430,78430
78468,78517
78437,78443
78443,78426
78513,78557
78425,78465
78441,78521
78443,78469
78437,78542
78468,78567
78448,78458
78513,78463
78540,78469
78443,78572
78429,78459
78441,78519
78425,78465
78448,78431
78430,78481
78468,78517
78437,78426
78429,78464
78468,78567
78443,78469
78441,78457
78425,78450
78448,78430
78430,78477
78468,78517
78437,78469
78443,78439
78513,78427
78441,78472
78425,78469
78447,78458
78513,78426
78513,78516
78468,78567
78430,78478
78448,78431
78425,78462
78441,78472
78513,78516
78443,78439
78429,78487
78437,78429
78468,78567
78430,78477
78445,78462
78431,78478
78466,78552
78450,78543
78440,78426
78448,78467
78441,78483
78425,78450
78513,78463
78468,78567
78437,78466
78430,78431
78443,78572
78445,78426
78440,78469
78466,78425
78450,78491
78431,78575
78431,78565
78466,78441
78440,78473
78438,78482
78425,78465
78441,78447
78513,78557
78437,78469
78430,78448
78445,78462
78431,78568
78431,78445
78450,78527
78466,78528
78438,78450
78448,78434
78501,78535
78425,78469
78441,78475
78513,78465
78443,78469
78429,78464
78437,78426
78430,78458
78440,78456
78450,78505
78440,78426
78455,78426
78440,78469
78448,78464
78501,78515
78425,78462
78441,78475
78430,78430
78437,78429
78513,78469
78468,78517
78440,78426
78501,78535
78431,78565
78448,78576
78468,78517
78513,78557
78437,78469
78443,78572
78441,78472
78425,78462
78431,78577
78440,78426
78448,78434
78447,78431
78457,78471
78430,78481
78448,78431
78443,78426
78437,78456
78448,78471
78425,78426
78513,78426
78441,78447
78468,78517
78429,78434
78445,78578
78431,78577
78450,78450
78448,78430
78425,78469
78468,78567
78513,78427
78441,78521
78468,78567
78435,78450
78431,78478
78440,78469
78448,78464
78501,78539
78425,78465
78430,78434
78441,78473
78513,78465
78430,78471
78457,78464
78430,78471
78437,78426
78486,78512
78448,78471
78448,78467
78448,78579
78448,78464
78429,78514
78429,78476
78429,78514
78448,78569
78486,78437
78429,78464
78486,78511
78429,78458
78433,78471
78429,78487
78433,78434
78433,78431
78486,78437
78486,78512
78455,78426
78517,78491
78486,78437
78486,78437
78448,78576
78540,78469
78486,78512
78448,78430
78429,78430
78468,78426
78457,78458
78448,78434
78443,78580
78468,78581
78457,78471
78448,78556
78517,78426
78429,78459
78448,78431
78486,78512
78457,78487
78447,78434
78448,78459
78457,78431
78447,78503
78448,78434
78429,78477
78448,78458
78447,78464
78448,78443
78431,78568
78429,78434
78429,78487
78486,78437
78486,78437
78486,78558
78427,78462
78445,78482
78582,78444
78461,78573
78427,78452
78461,78583
78427,78469
78445,78433
78582,78482
78440,78469
78461,78564
78461,78584
78540,78462
78582,78550
78540,78585
78461,78586
78486,78587
78427,78466
78582,78450
78540,78482
78427,78449
78582,78426
78540,78462
78461,78584
78427,78462
78448,78576
78427,78490
78461,78588
78463,78502
78486,78443
78486,78589
78486,78477
78486,78458
78486,78590
78486,78431
78486,78434
78431,78565
78486,78555
78486,78515
78582,78443
78486,78481
78427,78452
78461,78564
78427,78462
78427,78449
78427,78505
78427,78466
78461,78586
78427,78428
78461,78573
78441,78488
78427,78449
78427,78469
78445,78578
78457,78434
78430,78431
78443,78444
78437,78429
78461,78586
78513,78426
78431,78577
78425,78469
78468,78517
78448,78471
78457,78431
78430,78431
78443,78469
78437,78443
78513,78516
78431,78565
78425,78426
78448,78556
78457,78476
78430,78448
78437,78426
78513,78465
78468,78567
78431,78445
78425,78465
78430,78458
78457,78434
78448,78569
78425,78462
78429,78487
78443,78580
78468,78480
78513,78444
78425,78469
78431,78478
78448,78576
78441,78447
78430,78477
78443,78439
78437,78542
78448,78459
78513,78463
78425,78462
78431,78445
78448,78467
78457,78458
78430,78481
78443,78572
78437,78443
78461,78573
78513,78469
78468,78517
78431,78577
78468,78567
78461,78564
78457,78464
78430,78430
78468,78425
78425,78426
78431,78575
78448,78464
78457,78434
78429,78477
78443,78469
78468,78443
78448,78458
78457,78431
78431,78445
78513,78516
78430,78434
78443,78456
78437,78542
78468,78541
78448,78430
78457,78464
78431,78478
78429,78458
78468,78443
78448,78471
78457,78476
78431,78577
78429,78464
78468,78425
78443,78580
78457,78458
78513,78427
78437,78443
78468,78591
78425,78462
78431,78575
78448,78579
78457,78471
78461,78584
78430,78471
78429,78514
78443,78426
78429,78476
78513,78557
78425,78469
78431,78568
78448,78467
78457,78476
78430,78464
78443,78439
78513,78427
78468,78541
78425,78450
78431,78478
78448,78431
78468,78539
78343,78346
78430,78464
78513,78463
78425,78469
78431,78432
78466,78427
78443,78572
78445,78518
78440,78456
78435,78469
78448,78434
78427,78490
78430,78481
78441,78501
78433,78464
78451,78471
78450,78469
78425,78462
78431,78470
78466,78489
78437,78480
78457,78431
78445,78426
78443,78426
78440,78426
78448,78431
78451,78467
78450,78450
78438,78450
78461,78586
78451,78464
78466,78489
78443,78439
78445,78462
78430,78464
78435,78592
78440,78426
78427,78490
78448,78476
78429,78477
78441,78472
78430,78477
78450,78534
78431,78460
78451,78481
78425,78450
78466,78489
78445,78433
78435,78425
78440,78450
78448,78458
78427,78505
78430,78434
78441,78472
78438,78469
78453,78428
78429,78487
78441,78447
78443,78439
78440,78456
78448,78569
78430,78430
78441,78488
78433,78431
78429,78464
78438,78439
78451,78448
78431,78478
78437,78456
78457,78476
78445,78433
78443,78469
78440,78469
78466,78529
78450,78462
78435,78482
78448,78443
78425,78469
78441,78475
78430,78431
78429,78459
78450,78469
78445,78578
78457,78464
78466,78530
78433,78471
78427,78428
78438,78497
78451,78467
78468,78506
78425,78465
78431,78470
78466,78531
78445,78518
78450,78532
78443,78572
78540,78452
78440,78450
78448,78467
78430,78477
78441,78521
78433,78458
78427,78466
78429,78514
78438,78482
78451,78434
78431,78460
78425,78465
78437,78429
78435,78466
78431,78460
78450,78465
78441,78447
78450,78505
78461,78593
78429,78464
78438,78497
78431,78478
78453,78461
78451,78448
78466,78511
78425,78462
78430,78430
78448,78431
78457,78458
78427,78439
78445,78443
78435,78426
78441,78488
78450,78428
78461,78586
78438,78450
78431,78470
78453,78482
78455,78469
78451,78458
78441,78473
78435,78482
78445,78462
78440,78425
78461,78594
78451,78476
78427,78449
78466,78489
78425,78469
78450,78452
78430,78434
78448,78431
78457,78434
78441,78457
78445,78518
78466,78511
78435,78474
78429,78476
78438,78482
78431,78432
78453,78595
78443,78426
78451,78431
78466,78489
78425,78465
78427,78428
78430,78464
78448,78467
78433,78431
78425,78469
78430,78430
78445,78478
78425,78426
78466,78489
78430,78431
78445,78426
78435,78466
78440,78456
78441,78521
78427,78462
78448,78458
78461,78573
78433,78434
78451,78476
78450,78427
78453,78450
78451,78514
78425,78450
78466,78511
78430,78458
78445,78578
78435,78450
78440,78469
78427,78449
78448,78430
78461,78564
78431,78509
78438,78439
78453,78465
78540,78585
78440,78450
78435,78469
78448,78464
78441,78475
78427,78428
78450,78452
78438,78462
78461,78564
78429,78430
78433,78458
78431,78470
78431,78432
78453,78426
78425,78465
78466,78489
78430,78448
78445,78465
78435,78482
78440,78426
78448,78434
78427,78466
78441,78483
78461,78584
78450,78462
78451,78434
78451,78431
78431,78432
78437,78426
78440,78456
78448,78464
78501,78515
78425,78469
78455,78469
78429,78430
78441,78475
78451,78467
78437,78426
78513,78557
78450,78450
78430,78448
78443,78426
78445,78518
78466,78478
78440,78469
78461,78584
78431,78568
78438,78439
78448,78430
78429,78514
78441,78488
78425,78462
78431,78445
78466,78530
78445,78465
78443,78439
78429,78487
78441,78473
78450,78462
78438,78450
78451,78481
78443,78572
78430,78464
78461,78564
78445,78426
78466,78531
78431,78565
78451,78458
78440,78426
78425,78450
78455,78462
78429,78445
78441,78521
78450,78469
78438,78482
78451,78448
78437,78429
78513,78426
78461,78586
78430,78434
78448,78434
78437,78469
78468,78539
78513,78426
78455,78456
78425,78426
78441,78473
78429,78459
78513,78427
78451,78476
78437,78466
78468,78580
78430,78477
78457,78431
78450,78532
78448,78576
78443,78469
78431,78565
78466,78469
78461,78586
78440,78456
78438,78497
78448,78569
78501,78539
78425,78450
78455,78456
78441,78488
78429,78477
78445,78466
78455,78456
78438,78439
78461,78596
78430,78431
78450,78427
78443,78572
78445,78426
78466,78465
78440,78426
78431,78478
78461,78584
78438,78469
78448,78458
78455,78426
78440,78469
78441,78521
78429,78458
78451,78514
78437,78456
78513,78469
78468,78567
78430,78458
78443,78439
78450,78465
78445,78433
78431,78597
78466,78427
78425,78426
78437,78480
78425,78465
78437,78480
78433,78464
78429,78477
78438,78469
78451,78471
78431,78460
78445,78478
78486,78437
78466,78598
78440,78450
78448,78435
78450,78427
78425,78450
78430,78481
78441,78519
78429,78430
78438,78450
78443,78572
78451,78458
78468,78425
78431,78478
78457,78434
78445,78433
78466,78466
78441,78473
78430,78448
78425,78462
78450,78452
78457,78471
78445,78465
78443,78469
78440,78469
78466,78476
78450,78534
78435,78426
78448,78464
78425,78426
78430,78434
78441,78483
78440,78456
78433,78459
78438,78482
78451,78514
78468,78443
78431,78432
78457,78464
78445,78462
78486,78437
78466,78469
78440,78426
78435,78426
78448,78430
78429,78458
78448,78467
78425,78450
78450,78450
78429,78484
78441,78472
78451,78464
78443,78444
78461,78596
78445,78578
78431,78565
78466,78466
78440,78426
78437,78466
78448,78431
78430,78481
78425,78469
78429,78434
78450,78452
78441,78483
78438,78497
78451,78487
78443,78426
78430,78430
78461,78573
78431,78568
78466,78529
78440,78456
78455,78426
78448,78458
78455,78456
78425,78462
78430,78458
78441,78501
78438,78497
78443,78439
78431,78470
78457,78458
78445,78518
78466,78469
78440,78450
78448,78569
78425,78426
78450,78532
78430,78464
78441,78447
78429,78476
78438,78469
78451,78476
78443,78426
78457,78476
78431,78568
78445,78462
78440,78469
78466,78469
78448,78471
78450,78465
78287,78289
78540,78482
78403,78374
78285,78275
78276,78277
78278,78279
78274,78275
78274,78275
78274,78275
78274,78275
78275,78292
78293,78294
78293,78294
78293,78294
78294,78293
78285,78275
78310,78311
78306,78309
78292,78275
78306,78308
78275,78319
78284,78296
78275,78274
78284,78296
78300,78301
78293,78294
78286,78275
78300,78301
78278,78303
78278,78303
78305,78285
78295,78284
78306,78307
78275,78292
78278,78302
78282,78289
78286,78275
78287,78289
78311,78318
78275,78316
78315,78293
78285,78275
78292,78275
78306,78312
78306,78312
78293,78320
78276,78277
78331,78332
78293,78326
78293,78334
78275,78285
78293,78294
78294,78293
78333,78328
78300,78301
78290,78291
78281,78282
78281,78282
78283,78284
78290,78299
78274,78275
78287,78288
78313,78314
78300,78301
78313,78329
78285,78305
78313,78289
78313,78330
78300,78312
78327,78328
78275,78319
78275,78274
78275,78359
78325,78289
78348,78289
78349,78289
78285,78275
78337,78317
78350,78351
78336,78312
78336,78312
78332,78331
78325,78289
78332,78331
78317,78352
78306,78345
78306,78345
78353,78306
78345,78306
78339,78338
78343,78346
78343,78344
78343,78344
78336,78335
78335,78336
78336,78335
78304,78312
78285,78305
78299,78290
78341,78342
78339,78338
78338,78339
78317,78337
78336,78335
78345,78306
78274,78275
78274,78275
78305,78285
78275,78343
78275,78346
78275,78358
78275,78357
78275,78356
78359,78275
78275,78355
78354,78289
78354,78289
78294,78293
78293,78294
78294,78293
78294,78293
78301,78300
78300,78301
78361,78313
78362,78305
78360,78276
78276,78360
78317,78363
78285,78275
78317,78337
78364,78350
78360,78276
78285,78275
78317,78367
78275,78292
78275,78285
78313,78369
78359,78275
78275,78359
78317,78317
78293,78321
78322,78290
78322,78290
78293,78294
78396,78397
78360,78276
78287,78289
78384,78374
78305,78383
78383,78305
78343,78344
78382,78290
78341,78381
78354,78380
78385,78343
78379,78343
78378,78300
78343,78377
78376,78374
78374,78375
78325,78389
78325,78391
78325,78392
78278,78393
78278,78388
78343,78385
78276,78360
78395,78374
78325,78387
78325,78289
78374,78375
78341,78372
78373,78374
78293,78294
78343,78386
78346,78343
78385,78343
78305,78362
78390,78374
78293,78294
78374,78384
78374,78402
78374,78401
78339,78338
78339,78338
78284,78283
78284,78283
78275,78285
78348,78289
78349,78289
78284,78283
78339,78338
78293,78294
78400,78275
78399,78293
78397,78396
78404,78343
78360,78276
78285,78275
78374,78376
78293,78294
78402,78374
78276,78277
78293,78289
78294,78293
78374,78403
78341,78372
78293,78294
78293,78398
78395,78374
78278,78388
78387,78325
78282,78281
78293,78326
78315,78293
78329,78313
78408,78313
78275,78407
78275,78406
78275,78406
78275,78410
78275,78410
78275,78410
78275,78410
78275,78410
78415,78287
78293,78399
78414,78336
78293,78399
78293,78399
78323,78275
78275,78285
78336,78347
78370,78325
78282,78281
78276,78360
78320,78293
78275,78410
78276,78360
78275,78410
78275,78410
78275,78410
78275,78285
78293,78413
78275,78410
78293,78411
78293,78320
78293,78326
78293,78294
78281,78282
78339,78338
78419,78348
78389,78325
78332,78418
78293,78294
78419,78348
78290,78291
78387,78325
78343,78385
78282,78281
78332,78421
78405,78374
78294,78293
78343,78346
78293,78294
78374,78423
78320,78293
78341,78412
78341,78412
78341,78372
78284,78416
78374,78390
78374,78424
78293,78320
78374,78390
78390,78374
78374,78390
78339,78422
78379,78343
78374,78376
78346,78343
78287,78289
78365,78366
78348,78417
78290,78291
78291,78290
78290,78291
78290,78291
78290,78291
78290,78291
78297,78374
78390,78374
78374,78390
78349,78417
78376,78374
78409,78325
78368,78328
78368,78336
78280,78317
78371,78341
78371,78341
78291,78290
78420,78374
78290,78291
78374,78420
78398,78293
78297,78341
78297,78341
78289,78293
78289,78287
78297,78341
78390,78374
78374,78390
78289,78306
78289,78332
78390,78374
78374,78390
78390,78374
78374,78390
78297,78374
78297,78298
78420,78374
78290,78291
78325,78394
78289,78306
78371,78341
78324,78325
78289,78343
78289,78343
78340,78306
78306,78340
78340,78306
78306,78340
78306,78345
78325,78324
78289,78336
78297,78298
78289,78325
78297,78305
78280,78317
78368,78287
78280,78317
78289,78287
78297,78298
78280,78317
78280,78317
78325,78324
78301,78300
78289,78313
78289,78300
78289,78282
78280,78276
78280,78276
78289,78304
78289,78287
