81549,81550
81551,81552
81553,81554
81555,81556
81557,81558
81559,81560
81561,81562
81563,81564
81565,81566
81567,81568
81569,81570
81571,81572
81555,81573
81571,81574
81551,81575
81576,81577
81563,81578
81561,81579
81565,81580
81553,81581
81557,81564
81551,81582
81555,81572
81553,81583
81549,81584
81571,81575
81569,81585
81565,81574
81567,81586
81559,81570
81557,81558
81551,81572
81587,81588
81559,81563
81567,81589
81576,81590
81557,81570
81563,81591
81561,81572
81574,81575
81555,81592
81549,81593
81555,81592
81551,81582
81557,81578
81559,81589
81563,81594
81561,81595
81576,81577
81567,81596
81569,81570
81575,81597
81563,81586
81555,81598
81574,81566
81565,81599
81559,81571
81575,81600
81567,81601
81576,81577
81565,81602
81567,81603
81569,81558
81575,81566
81563,81558
81574,81575
81569,81585
81571,81574
81549,81604
81551,81566
81557,81605
81559,81552
81561,81566
81576,81577
81565,81561
81555,81606
81549,81597
81565,81580
81569,81558
81575,81607
81604,81608
81559,81558
81571,81597
81565,81572
81575,81566
81555,81598
81587,81609
81610,81558
81559,81578
81611,81597
81555,81608
81594,81593
81575,81600
81610,81578
81563,81594
81559,81585
81571,81574
81557,81605
81575,81607
81563,81612
81571,81613
81611,81609
81614,81552
81587,81575
81559,81564
81559,81585
81575,81597
81571,81615
81604,81573
81555,81592
81551,81552
81559,81570
81575,81600
81563,81558
81563,81559
81611,81566
81555,81573
81575,81597
81559,81563
81563,81586
81555,81606
81604,81616
81575,81600
81614,81607
81574,81597
81610,81558
81571,81597
81551,81566
81561,81617
81557,81605
81559,81585
81567,81578
81576,81618
81565,81609
81549,81566
81571,81566
81571,81575
81587,81600
81610,81619
81559,81594
81572,81620
81559,81578
81611,81572
81557,81620
81555,81592
81611,81574
81594,81621
81610,81575
81559,81577
81563,81591
81555,81598
81604,81622
81594,81623
81575,81597
81575,81566
81549,81604
81563,81578
81559,81552
81551,81575
81569,81558
81561,81572
81567,81578
81574,81624
81604,81625
81557,81626
81575,81597
81571,81615
81559,81594
81549,81566
81576,81577
81614,81566
81551,81597
81569,81578
81614,81627
81549,81597
81559,81594
81575,81566
81557,81564
81604,81628
81575,81600
81574,81566
81559,81570
81549,81550
81614,81566
81561,81595
81551,81597
81561,81617
81629,81610
81567,81578
81604,81567
81574,81566
81557,81605
81571,81613
81569,81578
81553,81630
81574,81597
81559,81560
81551,81582
81575,81600
81608,81631
81561,81595
81553,81632
81604,81625
81557,81570
81559,81578
81549,81552
81563,81570
81574,81566
81571,81597
81576,81577
81551,81597
81575,81566
81569,81570
81576,81577
81565,81597
81571,81566
81557,81558
81563,81586
81587,81588
81576,81577
81575,81566
81551,81566
81569,81558
81604,81633
81608,81581
81634,81578
81574,81600
81604,81567
81557,81578
81559,81563
81549,81550
81563,81570
81561,81635
81567,81636
81561,81562
81563,81612
81574,81600
81557,81564
81551,81582
81549,81552
81559,81560
81576,81577
81561,81635
81567,81636
81569,81578
81608,81632
81559,81578
81575,81566
81574,81624
81571,81637
81604,81567
81575,81566
81563,81591
81604,81625
81569,81585
81576,81577
81565,81572
81604,81608
81567,81586
81561,81580
81569,81578
81575,81607
81557,81570
81563,81591
81574,81597
81557,81626
81551,81552
81549,81575
81559,81563
81567,81578
81561,81617
81555,81638
81559,81585
81561,81579
81569,81570
81549,81639
81559,81558
81569,81570
81551,81575
81567,81560
81561,81566
81563,81594
81574,81597
81553,81583
81574,81624
81604,81625
81575,81597
81559,81571
81569,81585
81551,81552
81608,81632
81557,81558
81551,81597
81604,81628
81557,81605
81551,81572
81608,81631
81567,81585
81563,81558
81575,81597
81574,81600
81557,81578
81575,81600
81604,81633
81559,81578
81569,81558
81551,81566
81561,81580
81567,81570
81608,81581
81563,81564
81549,81609
81555,81606
81604,81640
81604,81616
81614,81607
81561,81579
81557,81578
81565,81599
81567,81636
81576,81641
81559,81642
81574,81624
81553,81554
81614,81579
81561,81595
81565,81607
81567,81578
81549,81550
81576,81577
81574,81597
81559,81643
81576,81644
81549,81551
81574,81575
81559,81645
81569,81570
81557,81558
81571,81615
81565,81566
81553,81632
81559,81639
81549,81597
81574,81566
81559,81639
81569,81578
81557,81570
81571,81575
81565,81561
81553,81630
81576,81646
81549,81647
81574,81600
81569,81570
81549,81551
81574,81597
81553,81583
81604,81628
81614,81566
81561,81579
81555,81569
81557,81570
81565,81580
81571,81572
81567,81586
81559,81645
81549,81561
81574,81566
81553,81581
81559,81648
81576,81577
81567,81560
81571,81597
81614,81566
81561,81566
81555,81572
81557,81558
81565,81604
81571,81574
81576,81577
81553,81632
81549,81566
81574,81600
81553,81630
81614,81607
81561,81572
81555,81556
81557,81605
81565,81599
81559,81643
81553,81583
81565,81574
81571,81572
81553,81554
81581,81649
81572,81578
81559,81563
81553,81632
81604,81622
81553,81583
81553,81554
81571,81572
81553,81555
81553,81650
81553,81630
81553,81583
81553,81581
81553,81632
81569,81586
81553,81581
81559,81594
81572,81651
81652,81653
81654,81655
81656,81657
81658,81659
81660,81661
81654,81662
81654,81662
81594,81663
81664,81665
81666,81667
81666,81667
81656,81664
81614,81607
81553,81632
81569,81578
81553,81583
81656,81664
81614,81551
81553,81632
81553,81630
81572,81668
81559,81577
81572,81651
81559,81558
81669,81558
81604,81573
81572,81570
81575,81597
81559,81585
81669,81563
81572,81578
81559,81563
81604,81616
81553,81583
81572,81558
81559,81577
81553,81554
81614,81579
81669,81619
81572,81570
81594,81623
81553,81581
81614,81572
81553,81583
81614,81670
81581,81601
81553,81554
81559,81578
81553,81630
81553,81632
81594,81645
81614,81571
81555,81569
81572,81668
81559,81585
81575,81566
81559,81558
81594,81642
81555,81573
81565,81597
81614,81579
81574,81600
81549,81575
81634,81564
81551,81597
81561,81580
81557,81570
81559,81558
81567,81636
81576,81671
81565,81561
81569,81578
81575,81607
81604,81622
81594,81648
81569,81558
81565,81604
81559,81594
81567,81585
81549,81609
81553,81581
81569,81585
81634,81558
81555,81572
81561,81566
81587,81600
81553,81581
81559,81578
81565,81572
81549,81561
81553,81632
81634,81612
81555,81606
81561,81572
81557,81564
81576,81590
81565,81566
81575,81597
81571,81566
81575,81597
81629,81599
81571,81574
81669,81672
81608,81581
81559,81577
81551,81582
81571,81597
81559,81558
81581,81568
81571,81615
81587,81597
81575,81566
81563,81591
81571,81566
81563,81570
81581,81589
81559,81594
81594,81673
81604,81573
81629,81561
81575,81566
81604,81608
81569,81585
81594,81593
81559,81570
81629,81552
81575,81600
81559,81563
81575,81566
81581,81596
81629,81610
81575,81600
81629,81607
81571,81575
81604,81640
81576,81577
81559,81594
81571,81615
81561,81580
81557,81620
81571,81575
81565,81561
81576,81577
81559,81585
81549,81575
81614,81566
81553,81581
81555,81598
81561,81562
81588,81597
81571,81597
81559,81578
81565,81574
81555,81592
81574,81624
81614,81579
81553,81554
81571,81566
81567,81570
81576,81577
81559,81642
81549,81597
81553,81554
81604,81567
81614,81607
81614,81627
81555,81638
81557,81564
81561,81566
81571,81615
81565,81602
81559,81558
81549,81604
81574,81624
81553,81583
81555,81606
81561,81595
81549,81647
81574,81566
81553,81630
81555,81569
81561,81595
81587,81674
81571,81572
81565,81597
81559,81570
81565,81599
81549,81552
81553,81554
81555,81573
81561,81562
81557,81578
81587,81556
81576,81577
81561,81572
81559,81560
81557,81578
81571,81613
81576,81577
81559,81563
81565,81566
81604,81633
81553,81632
81555,81598
81571,81566
81561,81617
81559,81571
81565,81602
81549,81584
81614,81627
81553,81630
81555,81556
81561,81579
81571,81574
81608,81632
81634,81570
81629,81675
81565,81566
81574,81600
81571,81575
81604,81676
81559,81585
81553,81581
81587,81566
81575,81597
81608,81632
81569,81578
81563,81570
81634,81570
81549,81575
81567,81570
81551,81572
81611,81566
81574,81566
81567,81636
81551,81575
81549,81593
81563,81594
81575,81597
81608,81581
81569,81578
81634,81578
81563,81591
81549,81607
81551,81597
81567,81586
81571,81572
81574,81597
81614,81627
81611,81597
81571,81597
81604,81677
81553,81554
81575,81566
81634,81564
81569,81585
81565,81597
81604,81678
81559,81594
81604,81679
81565,81572
81551,81597
81549,81680
81574,81600
81611,81609
81553,81632
81559,81558
81571,81566
81604,81681
81608,81632
81569,81558
81634,81594
81555,81638
81575,81607
81587,81575
81563,81594
81561,81566
81561,81579
81588,81588
81563,81591
81575,81566
81575,81600
81608,81631
81569,81586
81563,81578
81634,81586
81567,81578
81551,81582
81549,81552
81553,81630
81574,81624
81553,81555
81581,81682
81604,81683
81608,81631
81569,81570
81634,81558
81555,81556
81587,81600
81559,81577
81587,81597
81557,81570
81571,81613
81549,81609
81561,81572
81608,81631
81569,81558
81634,81586
81551,81572
81563,81612
81567,81578
81574,81624
81571,81566
81565,81609
81614,81579
81576,81684
81559,81570
81575,81600
81604,81628
81557,81605
81557,81570
81575,81597
81559,81558
81604,81677
81559,81578
81587,81556
81555,81606
81581,81549
81549,81552
81561,81566
81611,81574
81608,81631
81555,81598
81569,81558
81634,81564
81571,81572
81563,81558
81574,81600
81565,81561
81614,81566
81669,81558
81685,81602
81551,81552
81581,81686
81611,81637
81549,81647
81574,81600
81571,81574
81604,81628
81557,81578
81575,81600
81608,81632
81569,81585
81549,81550
81567,81636
81634,81570
81561,81595
81555,81569
81567,81586
81551,81566
81574,81597
81614,81607
81611,81572
81576,81687
81563,81586
81567,81636
81555,81592
81561,81562
81569,81570
81634,81578
81563,81578
81561,81580
81574,81566
81614,81566
81576,81688
81571,81615
81563,81559
81553,81583
81559,81563
81557,81626
81575,81566
81608,81581
81549,81566
81551,81575
81569,81586
81634,81558
81604,81678
81565,81602
81551,81566
81574,81624
81561,81579
81559,81585
81581,81689
81563,81559
81551,81572
81571,81566
81608,81632
81634,81564
81587,81600
81555,81569
81611,81572
81604,81640
81575,81600
81561,81595
81565,81599
81549,81647
81559,81558
81549,81552
81565,81597
81575,81597
81567,81586
81569,81585
81587,81597
81555,81573
81604,81573
81575,81607
81549,81597
81565,81609
81561,81572
81629,81604
81559,81570
81551,81575
81571,81615
81634,81578
81569,81586
81587,81674
81555,81606
81611,81574
81604,81608
81563,81586
81563,81570
81551,81597
81569,81558
81567,81578
81549,81607
81559,81577
81563,81578
81608,81632
81551,81572
81634,81558
81569,81578
81561,81617
81587,81609
81611,81609
81604,81573
81571,81574
81575,81597
81561,81566
81567,81636
81549,81604
81559,81578
81555,81606
81634,81570
81575,81600
81611,81566
81608,81555
81634,81594
81587,81588
81555,81569
81571,81574
81604,81608
81594,81645
81575,81566
81604,81616
81561,81580
81559,81585
81563,81612
81565,81566
81551,81566
81634,81690
81587,81575
81555,81572
81571,81615
81549,81566
81575,81600
81608,81581
81551,81566
81561,81595
81565,81566
81551,81597
81559,81578
81553,81554
81549,81597
81608,81581
81634,81578
81569,81586
81555,81598
81575,81600
81604,81691
81587,81674
81574,81566
81567,81570
81561,81562
81571,81597
81567,81578
81574,81597
81587,81597
81575,81597
81611,81597
81549,81609
81553,81581
81559,81570
81604,81691
81634,81558
81569,81689
81575,81566
81551,81572
81587,81588
81561,81579
81551,81575
81549,81604
81559,81577
81553,81583
81634,81564
81604,81681
81569,81578
81567,81563
81559,81585
81553,81630
81549,81647
81567,81586
81565,81572
81614,81587
81561,81580
81551,81575
81559,81578
81563,81612
81571,81572
81574,81597
81569,81558
81587,81556
81575,81600
81604,81622
81565,81561
81549,81575
81561,81562
81559,81577
81563,81564
81634,81690
81571,81613
81604,81640
81587,81566
81608,81631
81569,81585
81634,81586
81575,81566
81555,81572
81587,81609
81604,81616
81574,81624
81575,81597
81565,81574
81614,81692
81571,81575
81559,81594
81563,81558
81569,81570
81634,81594
81611,81609
81549,81550
81561,81572
81565,81574
81604,81628
81576,81693
81575,81597
81563,81591
81604,81625
81565,81604
81559,81570
81614,81627
81576,81577
81551,81572
81587,81674
81569,81586
81549,81593
81611,81597
81574,81566
81567,81578
81669,81668
81604,81628
81563,81564
81561,81595
81557,81558
81567,81578
81574,81600
81608,81632
81634,81586
81567,81636
81574,81597
81669,81563
81557,81626
81604,81677
81561,81580
81565,81604
81575,81607
81559,81560
81551,81597
81576,81577
81614,81579
81553,81555
81611,81566
81549,81639
81634,81558
81563,81586
81569,81558
81614,81579
81575,81566
81567,81636
81574,81624
81669,81672
81614,81607
81576,81577
81604,81678
81575,81597
81559,81563
81561,81566
81551,81597
81549,81593
81569,81570
81571,81574
81574,81597
81557,81564
81565,81574
81614,81607
81611,81572
81569,81578
81549,81575
81555,81572
81576,81577
81551,81566
81587,81609
81559,81571
81571,81615
81549,81550
81608,81632
81611,81609
81561,81579
81567,81570
81614,81566
81561,81572
81604,81628
81576,81577
81575,81600
81551,81582
81559,81594
81571,81597
81565,81602
81549,81604
81555,81569
81611,81572
81569,81585
81608,81581
81634,81578
81551,81572
81567,81636
81575,81600
81561,81572
81557,81564
81604,81694
81553,81581
81559,81570
81574,81600
81563,81559
81549,81607
81576,81577
81571,81637
81569,81578
81571,81575
81576,81577
81549,81575
81563,81578
81561,81562
81604,81633
81559,81558
81549,81597
81563,81558
81571,81572
81576,81577
81551,81575
81608,81581
81569,81570
81634,81586
81575,81597
81561,81566
81557,81578
81604,81628
81553,81632
81559,81585
81574,81624
81608,81631
81634,81564
81567,81570
81629,81552
81576,81577
81551,81566
81553,81554
81611,81609
81571,81613
81608,81631
81567,81586
81561,81562
81563,81564
81575,81566
81604,81625
81563,81612
81565,81574
81576,81577
81559,81585
81551,81575
81614,81607
81553,81630
81557,81570
81576,81688
81559,81558
81604,81592
81561,81579
81575,81597
81551,81582
81557,81605
81604,81677
81574,81597
81563,81594
81559,81571
81574,81624
81553,81583
81576,81577
81571,81575
81634,81612
81567,81586
81629,81597
81561,81580
81575,81600
81557,81558
81549,81566
81604,81678
81575,81566
81559,81578
81575,81600
81561,81562
81604,81622
81555,81638
81565,81602
81608,81632
81587,81556
81559,81577
81575,81600
81561,81580
81611,81597
81604,81616
81555,81592
81551,81566
81608,81581
81587,81600
81565,81609
81559,81558
81587,81575
81608,81631
81565,81599
81575,81597
81571,81575
81551,81552
81561,81566
81563,81559
81555,81572
81611,81574
81604,81616
81559,81594
81565,81599
81559,81570
81575,81566
81551,81575
81571,81566
81561,81617
81611,81572
81604,81640
81555,81598
81587,81566
81575,81566
81561,81595
81604,81573
81614,81579
81575,81566
81561,81579
81571,81572
81604,81622
81611,81574
81555,81573
81587,81556
81559,81558
81569,81570
81551,81597
81569,81585
81608,81581
81551,81566
81567,81586
81574,81566
81565,81599
81614,81579
81634,81570
81559,81578
81563,81558
81565,81561
81551,81552
81611,81597
81555,81598
81587,81597
81608,81631
81565,81597
81563,81586
81559,81570
81551,81575
81614,81566
81561,81572
81571,81613
81604,81608
81611,81566
81555,81556
81587,81566
81634,81564
81608,81581
81575,81597
81553,81632
81565,81597
81587,81588
81604,81573
81565,81572
81695,81696
81575,81566
81571,81566
81611,81574
81559,81578
81610,81672
81563,81564
81555,81572
81604,81608
81565,81609
81575,81597
81611,81572
81559,81577
81571,81574
81669,81570
81555,81569
81563,81578
81610,81697
81559,81558
81561,81617
81555,81573
81634,81612
81549,81566
81611,81574
81569,81585
81571,81572
81611,81609
81610,81698
81610,81578
81555,81556
81604,81640
81565,81604
81587,81674
81551,81582
81575,81607
81611,81597
81571,81613
81559,81594
81563,81570
81555,81573
81604,81622
81551,81572
81575,81597
81611,81566
81559,81594
81571,81597
81610,81699
81563,81564
81555,81607
81565,81602
81604,81640
81569,81570
81551,81597
81575,81566
81559,81585
81571,81597
81563,81570
81555,81606
81604,81608
81565,81561
81608,81632
81604,81622
81563,81594
81565,81566
81587,81609
81551,81566
81575,81600
81611,81566
81559,81570
81571,81575
81610,81588
81555,81569
81561,81635
81555,81592
81604,81573
81575,81600
81559,81585
81611,81609
81669,81591
81610,81566
81571,81615
81563,81612
81656,81700
81565,81580
81700,81701
81702,81703
81704,81705
81704,81705
81706,81696
81707,81700
81708,81700
81709,81664
81696,81710
81711,81712
81696,81710
81713,81714
81715,81716
81704,81704
81717,81704
81653,81718
81719,81720
81712,81721
81713,81713
81657,81722
81723,81653
81661,81724
81718,81653
81725,81726
81727,81664
81726,81725
81728,81729
81730,81661
81661,81724
81731,81732
81653,81733
81716,81715
81734,81656
81728,81735
81704,81736
81653,81723
81653,81737
81704,81705
81657,81738
81664,81709
81664,81735
81704,81705
81704,81739
81661,81730
81661,81724
81740,81741
81662,81742
81662,81742
81662,81743
81662,81743
81662,81742
81702,81744
81712,81745
81746,81662
81712,81747
81702,81748
81702,81703
81731,81749
81702,81744
81696,81750
81712,81751
81667,81752
81712,81745
81704,81753
81704,81754
81716,81715
81755,81756
81716,81715
81700,81757
81758,81759
81740,81741
81740,81741
81740,81741
81740,81741
81740,81741
81760,81720
81755,81761
81715,81716
81714,81713
81715,81762
81763,81764
81763,81764
81755,81761
81755,81761
81765,81653
81766,81661
81767,81768
81659,81658
81664,81769
81662,81770
81704,81771
81702,81772
81667,81752
81764,81737
81661,81773
81702,81703
81702,81703
81764,81737
81774,81775
81776,81696
81758,81777
81659,81658
81712,81778
81779,81720
81755,81718
81780,81781
81780,81781
81712,81778
81712,81782
81722,81657
81728,81783
81740,81784
81781,81780
81667,81785
81741,81740
81741,81740
81696,81786
81704,81787
81696,81776
81667,81752
81696,81788
81704,81789
81741,81740
81764,81790
81696,81776
81696,81791
81792,81656
81758,81759
81758,81759
81758,81759
81712,81778
81728,81735
81696,81791
81700,81793
81781,81780
81712,81778
81712,81782
81661,81773
81657,81794
81661,81773
81795,81731
81657,81722
81661,81796
81731,81795
81661,81797
81764,81798
81657,81799
81781,81800
81764,81801
81802,81715
81764,81798
81661,81724
81801,81764
81702,81703
81700,81793
81794,81657
81661,81796
81657,81803
81661,81796
81804,81696
81755,81805
81781,81806
81712,81782
81661,81807
81808,81728
81728,81735
81794,81657
81774,81775
81726,81809
81726,81809
81764,81790
81709,81664
81726,81809
81661,81810
81764,81790
81764,81790
81764,81811
81661,81796
81812,81813
81661,81773
81696,81814
81704,81739
81696,81706
81755,81815
81667,81785
81816,81817
81817,81816
81661,81818
81661,81818
81664,81769
81664,81819
81815,81755
81664,81735
81820,81667
81715,81716
81664,81727
81664,81821
81720,81822
81664,81823
81816,81817
81664,81824
81664,81825
81792,81826
81657,81827
81792,81828
81704,81829
81704,81830
81704,81830
81664,81821
81792,81831
81832,81833
81792,81828
81792,81828
81764,81653
81664,81727
81756,81755
81704,81704
81832,81656
81657,81738
81792,81828
81764,81834
81664,81835
81825,81664
81792,81831
81667,81836
81837,81656
81720,81838
81604,81625
81839,81610
81839,81552
81571,81575
81571,81572
81555,81556
81614,81627
81553,81554
81634,81558
81555,81569
81604,81633
81561,81579
81561,81572
81569,81578
81549,81549
81557,81564
81634,81570
81561,81562
81669,81619
81569,81594
81571,81574
81704,81736
81839,81610
81553,81581
81604,81567
81594,81663
81604,81628
81594,81623
81555,81572
81594,81645
81594,81690
81604,81633
81669,81668
81594,81648
81594,81673
81604,81608
81669,81619
81604,81567
81594,81639
81669,81563
81604,81628
81555,81598
81604,81625
81555,81592
81664,81835
81704,81736
81704,81840
81653,81841
81740,81842
81740,81843
81793,81700
81696,81710
81741,81740
81725,81726
81662,81742
81657,81799
81657,81738
81657,81738
81738,81657
81703,81702
81702,81703
81727,81664
81702,81703
81844,81764
81844,81764
81712,81656
81653,81845
81712,81656
81725,81726
81846,81696
81696,81706
81700,81656
81662,81847
81837,81848
81715,81716
81704,81754
81849,81662
81715,81802
81715,81762
81704,81850
81704,81851
81725,81726
81704,81852
81758,81759
81704,81840
81662,81742
81853,81720
81720,81853
81793,81700
81812,81854
81696,81786
81712,81656
81740,81741
81704,81855
81704,81736
81664,81727
81664,81856
81664,81821
81664,81857
81662,81858
81664,81838
81664,81856
81859,81662
81826,81792
81835,81664
81727,81664
81704,81829
81704,81830
81826,81792
81792,81826
81826,81792
81831,81792
81664,81835
81712,81656
81860,81664
81861,81702
81704,81739
81700,81793
81700,81793
81703,81702
81832,81862
81817,81863
81741,81740
81740,81741
81767,81768
81832,81862
81662,81743
81702,81864
81702,81864
81865,81704
81702,81864
81702,81864
81662,81743
81740,81866
81704,81840
81664,81821
81557,81564
81704,81787
81667,81752
81657,81799
81662,81742
81654,81655
81725,81726
81741,81740
81696,81710
81793,81700
81740,81843
81656,81657
81740,81842
81653,81845
81652,81653
81725,81726
81812,81854
81695,81696
81846,81696
81793,81700
81720,81853
81653,81841
81657,81738
81657,81738
81738,81657
81741,81740
81817,81863
81832,81862
81703,81702
81700,81793
81700,81793
81704,81739
81740,81741
81712,81656
81712,81656
81712,81656
81712,81656
81844,81764
81658,81659
81844,81764
81702,81703
81727,81664
81702,81703
81703,81702
81853,81720
81656,81700
81662,81742
81704,81840
81662,81770
81704,81754
81704,81753
81712,81745
81667,81752
81712,81751
81654,81662
81696,81750
81702,81744
81731,81749
81702,81703
81702,81748
81712,81747
81746,81662
81712,81745
81702,81744
81662,81742
81662,81743
81662,81743
81666,81696
81740,81741
81696,81814
81704,81739
81758,81759
81704,81852
81725,81726
81704,81851
81704,81850
81715,81762
81715,81802
81849,81662
81704,81754
81715,81716
81701,81700
81837,81848
81662,81847
81700,81701
81700,81656
81700,81701
81696,81706
81696,81706
81701,81700
81700,81701
81662,81742
81767,81768
81662,81743
81666,81667
81815,81755
81792,81826
81657,81827
81792,81828
81792,81831
81825,81664
81664,81835
81755,81815
81764,81834
81657,81738
81832,81656
81704,81704
81756,81755
81664,81727
81656,81664
81764,81653
81792,81828
81792,81828
81667,81785
81666,81667
81816,81817
81720,81838
81837,81656
81667,81836
81664,81824
81656,81664
81816,81817
81664,81823
81720,81822
81664,81821
81701,81700
81715,81716
81820,81667
81664,81825
81664,81735
81664,81819
81664,81769
81661,81818
81661,81818
81817,81816
81792,81828
81832,81833
81792,81831
81664,81821
81654,81662
81664,81821
81664,81856
81664,81727
81704,81736
81704,81855
81664,81835
81860,81664
81664,81821
81861,81702
81704,81840
81740,81866
81662,81743
81702,81864
81702,81864
81865,81704
81660,81661
81702,81864
81702,81864
81664,81857
81832,81862
81662,81858
81654,81662
81704,81830
81704,81830
81704,81829
81704,81736
81664,81835
81704,81736
81704,81840
81831,81792
81826,81792
81792,81826
81826,81792
81704,81830
81704,81829
81727,81664
81835,81664
81826,81792
81664,81665
81859,81662
81664,81856
81664,81838
81662,81742
81716,81715
81716,81715
81764,81790
81661,81810
81726,81809
81709,81664
81764,81790
81726,81809
81726,81809
81656,81728
81764,81790
81774,81775
81728,81735
81808,81728
81656,81781
81661,81807
81712,81782
81781,81806
81755,81805
81712,81782
81794,81657
81764,81811
81661,81796
81812,81813
81781,81800
81656,81781
81867,81755
81755,81867
81656,81657
81657,81799
81764,81798
81661,81797
81731,81795
81661,81796
81657,81722
81795,81731
81661,81773
81657,81794
81661,81773
81661,81796
81661,81796
81661,81773
81804,81696
81712,81778
81781,81780
81700,81793
81722,81657
81667,81785
81696,81791
81666,81667
81656,81728
81728,81735
81868,81869
81712,81778
81656,81792
81758,81759
81758,81759
81758,81759
81792,81656
81656,81704
81696,81791
81696,81776
81764,81790
81741,81740
81704,81789
81696,81788
81666,81667
81764,81801
81781,81780
81758,81777
81712,81782
81700,81701
81712,81778
81701,81700
81780,81781
81780,81781
81755,81718
81779,81720
81712,81778
81728,81783
81659,81658
81776,81696
81774,81775
81764,81737
81702,81703
81702,81703
81661,81773
81764,81737
81667,81752
81740,81784
81802,81715
81764,81798
81661,81724
81740,81741
81661,81724
81661,81730
81656,81832
81704,81739
81658,81659
81713,81713
81654,81713
81656,81704
81712,81721
81719,81720
81653,81718
81717,81704
81704,81704
81715,81716
81713,81714
81657,81722
81701,81700
81696,81710
81758,81759
81870,81700
81740,81741
81740,81741
81664,81769
81700,81757
81659,81658
81767,81768
81766,81661
81765,81653
81755,81761
81755,81761
81763,81764
81763,81764
81715,81762
81666,81696
81714,81713
81654,81713
81715,81716
81755,81761
81760,81720
81740,81741
81740,81741
81740,81741
81696,81776
81696,81710
81700,81701
81716,81715
81704,81736
81653,81733
81666,81696
81731,81732
81661,81724
81730,81661
81728,81729
81726,81725
81727,81664
81725,81726
81755,81756
81704,81771
81657,81803
81702,81772
81794,81657
81700,81793
81702,81703
81801,81764
81736,81704
81709,81664
81734,81656
81728,81735
81656,81664
81708,81700
81707,81700
81706,81696
81704,81705
81704,81705
81702,81703
81711,81712
81723,81653
81661,81724
81718,81653
81704,81705
81664,81735
81664,81709
81657,81738
81704,81705
81653,81737
81653,81723
81704,81736
81728,81871
81555,81606
81664,81727
81588,81566
81569,81585
81571,81574
81557,81626
81553,81583
81574,81566
81565,81597
81587,81597
81549,81566
81561,81579
81559,81872
81571,81597
81666,81667
81553,81554
81565,81602
81587,81566
81574,81575
81549,81593
81559,81643
81569,81578
81561,81580
81549,81609
81587,81575
81565,81561
81549,81561
81561,81562
81569,81578
81571,81566
81557,81605
81594,81673
81574,81600
81559,81639
81565,81609
81559,81645
81569,81570
81571,81615
81557,81620
81594,81663
81574,81624
81553,81581
81565,81566
81549,81604
81574,81575
81569,81594
81571,81575
81656,81704
81701,81700
81870,81700
81700,81701
81656,81664
81728,81871
81736,81704
81704,81736
81549,81550
81666,81696
81867,81755
81755,81867
81656,81657
81656,81728
81656,81781
81700,81701
81701,81700
81666,81667
81656,81781
81557,81605
81654,81713
81656,81832
81553,81581
81587,81609
81576,81577
81574,81597
81559,81648
81561,81562
81569,81558
81557,81620
81658,81659
81656,81704
81868,81869
81700,81701
81701,81700
81700,81701
81666,81696
81654,81662
81666,81696
81654,81713
81656,81792
81553,81632
81557,81564
81571,81613
81574,81600
81839,81597
81549,81561
81561,81566
81574,81597
81594,81642
81569,81570
81574,81600
81557,81620
81567,81560
81594,81648
81569,81585
81574,81566
81569,81578
81574,81597
81549,81647
81561,81617
81569,81578
81549,81604
81574,81575
81549,81550
81557,81558
81561,81617
81588,81588
81634,81578
81561,81580
81569,81558
81549,81551
81549,81873
81549,81607
81634,81586
81555,81638
81557,81578
81557,81605
81549,81609
81669,81570
81581,81564
81549,81593
81557,81570
81839,81874
81581,81875
81557,81564
81656,81728
81569,81594
81553,81632
81574,81600
81594,81623
81557,81578
81569,81558
81561,81572
81565,81607
81574,81624
81565,81580
81594,81648
81557,81570
81569,81585
81549,81593
81565,81574
81594,81663
81569,81558
81587,81588
81594,81645
81565,81675
81549,81584
81549,81609
81559,81642
81574,81624
81588,81600
81561,81566
81569,81570
81557,81558
81574,81597
81594,81673
81549,81566
81569,81594
81561,81580
81549,81597
81549,81550
81565,81602
81553,81630
81574,81566
81594,81642
81571,81566
81569,81585
81561,81595
81559,81648
