82834,82835
82836,82837
82838,82837
82839,82840
82841,82842
82843,82844
82841,82836
82834,82845
82839,82846
82847,82848
82843,82849
82836,82850
82851,82852
82853,82842
82854,82855
82836,82856
82836,82857
82841,82837
82858,82848
82859,82841
82860,82861
82862,82841
82834,82848
82838,82863
82843,82848
82843,82864
82853,82853
82834,82852
82838,82853
82853,82865
82851,82866
82854,82867
82834,82868
82838,82865
82851,82869
82838,82841
82839,82870
82841,82871
82834,82872
82854,82855
82873,82874
82875,82857
82847,82876
82877,82837
82878,82837
82860,82879
82862,82837
82873,82874
82847,82868
82880,82881
82875,82882
82847,82869
82883,82884
82838,82853
82834,82869
82836,82837
82845,82885
82839,82886
82878,82842
82843,82887
82853,82871
82836,82888
82838,82836
82834,82852
82841,82863
82839,82834
82843,82889
82853,82837
82836,82857
82838,82863
82834,82868
82854,82890
82853,82842
82891,82892
82838,82842
82841,82893
82875,82837
82847,82894
82875,82857
82862,82895
82860,82896
82883,82897
82847,82868
82875,82882
82898,82859
82862,82871
82875,82840
82847,82869
82859,82837
82898,82856
82847,82848
82875,82899
82847,82872
82860,82900
82875,82882
82854,82901
82862,82842
82853,82837
82847,82848
82859,82842
82859,82902
82859,82840
82883,82839
82847,82852
82875,82840
82875,82903
82862,82895
82859,82837
82862,82837
82847,82872
82859,82840
82862,82841
82847,82876
82898,82899
82859,82842
82847,82868
82847,82876
82854,82904
82880,82905
82883,82868
82862,82842
82860,82906
82873,82874
82875,82903
82847,82869
82877,82842
82862,82871
82877,82880
82875,82899
82860,82907
82862,82895
82883,82908
82877,82888
82847,82848
82875,82837
82880,82909
82860,82910
82873,82911
82838,82871
82847,82872
82873,82874
82873,82912
82875,82837
82847,82852
82847,82876
82883,82848
82862,82841
82860,82910
82875,82882
82875,82840
82847,82852
82862,82842
82860,82913
82880,82914
82875,82857
82847,82868
82877,82837
82862,82837
82860,82915
82883,82869
82859,82902
82838,82842
82859,82837
82836,82916
82847,82868
82839,82841
82838,82836
82917,82918
82841,82863
82834,82872
82836,82919
82853,82842
82847,82876
82838,82837
82917,82920
82834,82858
82841,82837
82847,82872
82839,82865
82838,82842
82834,82869
82839,82921
82847,82869
82838,82837
82836,82888
82917,82920
82834,82845
82836,82916
82853,82837
82922,82869
82847,82876
82841,82836
82838,82871
82841,82842
82917,82923
82836,82850
82853,82871
82847,82872
82839,82877
82841,82893
82838,82841
82860,82924
82853,82841
82860,82925
82853,82841
82838,82836
82838,82841
82847,82852
82838,82871
82883,82884
82860,82926
82838,82836
82838,82842
82898,82857
82859,82927
82838,82841
82838,82853
82847,82869
82859,82840
82838,82837
82859,82840
82838,82853
82847,82869
82875,82903
82838,82865
82883,82928
82834,82876
82838,82837
82911,82880
82839,82842
82834,82834
82880,82873
82911,82840
82847,82848
82838,82863
82834,82929
82838,82871
82838,82853
82834,82876
82917,82923
82838,82842
82847,82876
82838,82863
82847,82872
82838,82871
82847,82848
82838,82836
82847,82868
82847,82852
82930,82931
82932,82933
82932,82933
82932,82934
82935,82936
82937,82936
82935,82936
82938,82939
82940,82930
82932,82933
82932,82934
82932,82934
82941,82942
82939,82938
82943,82934
82944,82945
82942,82941
82946,82947
82932,82934
82932,82948
82942,82949
82942,82950
82942,82949
82932,82951
82932,82934
82952,82953
82891,82954
82955,82956
82957,82958
82956,82955
82955,82956
82959,82891
82960,82961
82962,82963
82964,82932
82936,82935
82958,82965
82956,82955
82939,82938
82930,82931
82958,82966
82967,82968
82942,82949
82932,82934
82942,82949
82932,82933
82942,82949
82958,82969
82942,82970
82967,82971
82972,82958
82973,82936
82967,82974
82967,82975
82967,82976
82967,82977
82967,82976
82967,82978
82932,82979
82942,82970
82970,82942
82958,82966
82939,82938
82891,82980
82941,82942
82938,82939
82963,82962
82961,82960
82942,82970
82981,82982
82952,82983
82958,82957
82932,82933
82984,82985
82986,82987
82987,82986
82967,82968
82982,82981
82935,82936
82938,82988
82989,82932
82955,82956
82936,82937
82990,82991
82936,82992
82993,82982
82990,82991
82952,82994
82952,82995
82952,82996
82992,82936
82937,82936
82952,82994
82982,82997
82936,82992
82947,82998
82947,82999
82936,82992
82936,82935
82989,82932
82982,82993
82961,82960
82960,82961
82959,82891
82955,82956
82956,82955
82956,82955
82955,82956
82938,82988
82891,82954
82932,82934
82932,82951
82942,82949
82942,82950
82993,82982
82932,82979
82935,82936
82952,82953
83000,82947
82960,82961
82934,82943
82960,82961
82936,82935
82947,82999
82947,82998
82936,82992
82982,82997
82952,82994
82947,82999
82937,82936
82936,82992
82952,82996
82952,82994
82936,82992
82936,82937
82955,82956
82952,82995
82992,82936
82947,82999
82936,83001
82936,82935
82936,83001
82943,82934
82936,82935
82936,83002
82956,83003
82960,82961
82956,83004
82943,82934
82992,82936
82947,83005
82947,83005
82957,82958
82992,82936
82956,83004
82956,83003
82936,83002
82957,82958
82891,82959
82942,82970
83006,83007
83008,83009
83010,83011
82959,82891
82891,82980
83012,83008
82891,83013
82891,82959
83014,83015
82943,83016
82943,83017
82985,82984
83012,83008
83018,83019
83020,82938
83021,82943
83018,83019
82943,83016
83018,83022
83023,82967
83024,83025
83026,82936
83027,82956
82967,83028
82967,82975
82967,82976
83029,83030
82985,82984
82956,83004
82973,82967
82976,82967
83008,83009
82967,83031
82967,82973
82967,83031
83008,83032
83027,82956
82967,83033
82952,82995
83018,83019
82942,82941
82947,82999
83034,82936
83035,83024
82986,82987
82891,83036
82995,82952
82952,82995
83037,83038
82952,82983
82891,82959
83017,82943
83006,83039
83011,83040
83011,83010
82891,83041
83011,83010
82986,82987
82985,83042
83008,82934
82943,83017
82942,82949
82942,83043
82942,82941
82938,83044
82936,82935
83004,82956
82982,83045
83008,83009
83017,82943
83046,82943
82982,83045
82947,83047
83048,83014
83049,83008
83014,83050
83008,83049
83045,82982
82962,82963
82930,82931
83051,83052
83000,82947
83000,82947
83037,83038
83038,83037
83053,82936
82956,82934
82952,82995
83037,83038
82952,82983
83011,82934
82967,82977
82967,83033
83054,82934
83011,82934
83038,83037
82967,82976
83054,82934
82967,82977
83055,82891
82958,83056
82942,82949
82976,82967
83057,82967
82939,82938
82931,82930
82958,83056
82930,82931
82938,82939
82958,83056
82958,82965
82986,82987
82987,82986
82987,82986
82891,83058
82958,83056
82958,83056
82958,82965
82930,82931
82891,83059
82891,83059
82932,83060
82932,83060
82932,82964
83061,83062
82952,82983
82982,83045
82932,83063
82987,83064
82952,82995
82960,82949
83018,82934
82939,82938
82982,83065
82930,82931
83066,83051
83051,83067
83051,83066
82891,83059
82932,82951
83027,82956
82967,82973
82891,83059
82891,83068
82891,83069
82945,82944
83016,82943
82891,83068
83037,83038
82891,83059
82982,83065
82891,83059
82891,83059
82891,83059
82891,83059
83014,83015
82945,82944
82945,82944
82964,82932
82936,82935
82958,82965
82985,83042
82934,83018
83018,83019
83018,83022
83018,83019
83021,82943
83020,82938
82942,82941
83018,83019
82985,82984
82943,83017
82943,83016
82943,83016
82891,82959
82891,83013
83012,83008
83012,83008
82891,82980
82990,82942
82990,82942
83014,83050
83049,83008
83048,83014
82934,82947
82947,83047
82982,83045
83046,82943
82942,82949
83045,82982
82982,83045
83004,82956
82936,82935
82938,83044
82942,82941
82942,83043
82934,82985
83017,82943
83008,83049
82959,82891
83010,83011
82967,82975
82967,83028
83027,82956
83026,82936
82952,82995
82898,82908
82930,82931
82967,82976
83051,83052
83066,83051
82930,82931
82982,83065
82939,82938
83018,82934
82960,82949
82960,82961
83051,83067
82938,83070
83029,83030
82973,82967
83008,83009
83070,82938
82938,83070
83014,83015
83023,82967
83071,83024
82956,83004
82985,82984
83024,83025
83008,83032
82967,83031
82967,82973
82967,83031
83008,83009
82976,82967
82967,83033
83027,82956
83051,83066
82943,83017
83008,82934
83019,83018
82942,82970
82942,82970
82942,82970
82942,82970
83017,82943
82942,82970
82936,82935
83072,83073
83074,83075
82934,83008
83008,83049
83008,83049
83008,83076
83037,83077
83021,82943
83074,83078
82931,82930
83018,83019
82987,82986
82952,82996
82952,83079
82956,83080
82932,83081
82932,83081
82932,83081
83082,82938
82986,82987
83083,82936
83084,83018
83018,82934
82934,83018
83021,82943
83084,83018
82934,83018
83085,83037
82932,83086
83008,83009
83008,83032
82952,82995
83017,82943
82891,82959
83087,82952
82986,82987
82992,82936
82952,82983
83087,82952
83006,83039
82952,82995
82891,83036
82934,83008
82986,82987
83035,83024
83034,82936
82947,82999
83037,83038
82995,82952
82930,82931
82990,82942
83011,83010
82936,82992
82952,83088
82952,83089
82952,83090
82987,82986
82999,82947
83017,82943
83011,83040
82930,82931
82936,83034
82938,83044
83011,83091
82992,82936
82891,82892
83011,83010
82891,83041
83006,83092
83037,83093
82952,82995
82932,83063
82942,82970
82942,82970
82942,82970
82970,82942
82967,82968
82987,82986
82986,82987
82967,82968
82984,82985
82958,82957
82952,82983
82982,82981
82981,82982
82961,82960
82963,82962
82938,82939
82932,82933
82941,82942
82942,82949
82990,82942
82967,82976
82967,82977
82967,82976
82967,82975
82967,82974
82973,82936
82972,82958
82932,82934
82934,82932
82967,82971
82934,82956
82958,82969
82990,82942
82942,82949
82932,82933
82942,82949
82967,82978
83000,82947
82891,82980
82939,82938
82939,82938
82934,82932
82938,82939
82935,82936
82993,82982
82937,82936
82935,82936
82940,82930
82932,82934
82932,82933
82946,82947
82932,82934
82932,82948
82993,82982
82942,82949
82947,82999
82982,82993
83072,83094
82932,82933
82934,82932
82958,82966
82958,82966
82930,82931
82939,82938
82957,82958
82942,82941
82944,82945
82932,82934
82934,82943
82939,82938
82993,82982
82938,82939
82941,82942
83094,83072
82982,82993
82932,82934
82943,82934
83087,82952
82891,82959
83006,83007
83016,82943
82945,82944
82891,83069
82891,83068
82891,83059
82967,82973
82934,83011
82891,83068
82934,83054
82891,83059
82891,83059
82967,82977
82967,82976
83038,83037
83011,82934
83054,82934
82891,83059
82967,83033
82891,83059
82982,83065
82982,83045
82952,82983
83061,83062
82932,82964
82932,83060
82932,83060
82987,83064
82945,82944
82932,82951
83027,82956
82945,82944
83014,83015
82891,83059
82891,83059
82891,83059
82891,83059
83037,83038
82942,82970
82967,82977
82934,83054
82891,83058
82987,82986
82987,82986
82986,82987
82958,82965
82958,82965
82958,83056
82958,83056
82930,82931
82931,82930
82939,82938
83057,82967
82958,83095
82976,82967
82942,82949
82990,82942
82958,83056
82934,83011
82958,83056
82938,82939
83011,82934
83054,82934
83087,82952
82952,82983
83087,82952
82952,82995
82990,82942
82958,83056
82934,82956
83053,82936
83038,83037
83037,83038
83000,82947
83000,82947
83037,83038
83055,82891
82956,82934
82841,83096
82836,82919
82838,82842
82853,82842
82838,82871
82911,82837
82834,82876
82854,83097
83098,82899
82877,82880
82853,82865
82838,82863
82917,83099
82911,82859
82860,83100
82843,82869
82921,82871
82873,82918
82854,83101
83098,82837
82853,82871
82859,82842
82838,83097
82834,82869
82877,82837
82859,82902
82854,82842
82911,82842
83102,82897
82873,82918
82854,82894
82859,82837
82877,82837
82853,82837
82838,82853
82839,82886
82911,82921
83102,82834
82843,82834
82841,82838
82873,82918
82854,83103
82859,82841
82853,82853
82853,82853
82838,82842
82911,82899
83102,82868
82877,82842
82834,82845
82860,83104
82843,82834
82843,82869
82854,83097
82841,82838
82921,82842
82922,82848
83098,82882
82839,82842
82838,82853
82847,82876
82877,82880
82859,82840
82834,82869
83102,82848
82860,83100
82911,82921
82843,83105
82854,82842
82841,83106
82921,82895
82839,82877
82838,82863
82898,82856
82839,82834
82860,83107
82834,83105
82873,83108
82854,82893
82921,82895
82883,82884
82839,82921
82853,82842
82838,82837
82859,82841
82911,82842
83102,82834
82834,82929
82860,83109
82898,83110
82843,82848
82841,82838
82854,82893
82873,83108
82921,82837
82839,82841
82838,82871
82859,82902
82911,82927
82847,82897
82838,82837
82877,82880
82851,82897
82877,82837
82839,82840
82838,83097
82859,82841
82860,83111
82911,83112
82836,82850
83102,82848
82853,82853
82921,82871
82898,82836
82851,82872
82853,82842
82839,82886
82877,82880
82838,82853
82859,82842
82911,82837
83102,82868
82834,82869
82898,82882
82834,82852
82921,82842
82911,82921
83102,82869
82834,82876
82877,82837
82853,82841
82851,82868
82839,82846
82838,82841
82836,82857
82911,82899
82854,82894
83102,82897
82921,82837
82873,82918
82834,82834
82853,82837
82877,82842
82839,82865
82838,82842
82911,83101
83102,83113
82834,82858
82853,82865
82839,82870
82877,82837
82838,82863
82839,82837
82860,83114
82911,83112
83102,82869
82859,82927
82834,82834
82854,82893
82877,82842
82853,82842
82838,82841
82839,82865
82847,82852
82911,83101
83102,83113
82859,82840
82834,82852
82841,82838
82873,83115
82843,82848
82854,82859
82853,82841
82853,82841
82851,82929
82854,82836
82838,82841
82859,82902
82911,82856
83102,82852
82834,82868
82853,82853
82839,82846
82838,82871
82859,82837
82911,82842
82877,82842
83102,82848
82834,82848
82853,82837
82839,82840
82838,82837
82911,82927
82859,82840
83102,82908
82877,82880
82834,82858
82873,82918
82836,82919
82877,82837
82834,82868
82838,82865
82834,82872
82911,82927
82859,82842
82854,82842
83102,82868
82836,82916
82847,82869
82841,82838
82921,82895
82873,82869
82838,82841
82921,82871
82834,82834
83116,83117
82911,82865
82859,82902
82854,82894
82847,82872
82883,82869
82899,83118
82899,83119
82873,82918
82841,82838
82899,83120
82883,82908
82921,82837
82838,82863
82839,82834
82847,82897
82911,83112
82836,82837
82854,83101
82873,82848
82841,82838
82883,82897
82921,82842
82899,83121
82838,82853
82859,82841
82911,82921
83102,82869
82854,82893
82836,82908
82847,82876
82836,82850
82841,82838
82873,82928
82922,82852
82922,82852
82836,82888
82899,83121
82873,82868
82841,82838
82838,82871
82921,82895
82911,83122
82859,82927
82882,82869
82854,83123
82847,82852
82839,82877
82834,83105
82873,82838
82899,83120
83098,83112
82841,82838
82838,82863
82921,82842
82911,83124
82883,82839
82841,82838
82847,82852
83102,83113
82899,83118
82838,82842
82921,82837
82834,82868
82911,83125
82859,82842
82854,83097
83102,82834
82839,82870
82847,82848
82841,82838
82836,82919
82899,83126
82873,82908
82838,83097
82834,82872
82921,82837
82911,83097
82859,82841
82882,82852
82854,83101
82839,82837
82873,83127
82854,83097
82836,82919
82838,82842
82847,82872
82836,82837
83102,83113
82834,82858
82911,82837
82854,82858
82841,82838
82859,82927
82899,82927
82921,82871
82839,82921
82838,82836
82847,82876
82834,82882
82836,82908
82911,82899
83102,82918
82898,82899
82854,82894
82841,82838
83098,82899
82859,82927
82839,82841
82922,83128
82911,83112
82899,82837
82898,82837
82859,82842
82854,83103
82841,82838
82921,82842
82922,82869
82839,82886
83098,82837
82838,82841
82847,82869
82836,82888
82834,82872
83102,82908
82911,83101
82873,82918
82854,83101
82841,82838
82859,82837
82899,82842
82921,82837
82921,82895
82899,82882
82883,83129
82859,82837
82921,82895
82917,82874
82839,82865
82838,82837
82847,82852
82834,82869
82911,82837
82836,82888
83102,82852
82898,82837
82854,83130
82841,82838
82899,83126
82859,82902
82921,82842
82839,82842
82838,82836
82847,82868
82877,82837
82911,83101
82883,82848
82921,82871
82899,82893
82841,82838
82853,82841
82845,83131
82839,82846
82838,83097
82847,82868
82836,82916
82834,82868
82911,82842
82854,82880
82841,82838
82859,82840
82899,82839
82839,82836
82838,82871
82847,82848
82834,83105
82911,82899
82836,82857
83102,82897
82851,82848
82854,82859
82873,82918
82836,82919
82838,82853
82875,82903
82875,83101
83116,83132
82875,82856
82860,83133
83116,82834
82860,83134
82875,83101
82860,83135
82860,83136
82860,83137
82839,82841
82860,83138
82860,83139
82860,83140
82860,83141
82860,83142
82860,83143
82860,83144
82860,83145
82860,83146
83116,83117
82860,83147
83116,83148
82860,83149
82999,82947
82930,82931
83006,83092
82936,83034
82938,83044
82880,83150
82860,83151
82875,82903
82860,83152
82860,83153
82917,83154
82860,83155
82875,82837
82860,83156
83116,82869
82860,83157
82860,83158
82860,83159
82860,83159
83116,82848
82860,83160
82860,83161
82860,83162
82860,83163
82860,83164
82860,83165
82860,83166
83167,83101
82860,83168
82860,83169
82853,82853
83116,82869
82860,83170
82860,83171
82860,83172
83116,83132
83167,83173
82860,83174
83167,82882
82860,83175
83167,82916
83167,82922
82860,83176
82860,83177
82860,83178
83179,82842
82860,83180
82987,82986
83179,82837
82860,83181
83116,82876
82860,83182
83167,82922
82917,83099
82860,83183
82860,83184
82860,83185
82860,83186
82860,83187
82860,83188
82860,83189
83179,82842
82860,83190
82847,82872
82860,83191
82860,83192
83179,82837
82860,83193
82860,83194
82860,83195
83179,83130
82860,83196
82952,83090
82952,83089
82952,83088
82934,83054
83087,82952
83087,82952
82990,82942
82934,82956
82958,83095
82990,82942
82934,82932
82934,82956
82990,82942
82990,82942
83072,83094
82934,82943
82993,82982
82938,82939
83094,83072
82982,82993
82934,82932
82939,82938
82934,82932
82993,82982
82934,83011
82982,82993
82934,83054
83087,82952
82934,83018
82934,83018
82934,83008
82936,82992
83017,82943
82992,82936
82990,82942
83087,82952
82992,82936
83087,82952
82934,83008
82934,82947
82934,82985
82990,82942
82990,82942
82934,83018
82938,83070
83070,82938
82938,83070
83071,83024
82960,82961
82934,83011
83179,83130
82993,82982
82961,82960
83018,83019
82936,82935
83019,83018
82942,82970
82942,82970
82942,82970
82942,82970
83017,82943
82942,82970
83072,83073
83074,83078
83074,83075
83008,83049
83008,83049
83008,83076
83037,83077
83021,82943
82931,82930
83008,83032
82930,82931
82952,82995
82986,82987
82947,82999
82987,82986
83084,83018
82993,82982
82982,82993
82990,82991
82993,82982
82990,82991
82934,82943
82960,82961
83037,83093
82932,82933
82952,82996
82952,83079
82956,83080
82932,83081
82932,83081
82932,83081
83082,82938
83083,82936
82932,83086
83084,83018
83018,82934
83021,82943
83085,83037
82836,82916
82882,82852
82860,83197
82838,82837
82911,82921
82839,82842
83102,82908
82834,82852
82875,82899
82921,82871
82853,82842
82859,82840
82877,82842
82845,82885
82877,82880
82839,82870
82873,82918
82853,82853
82834,82858
82859,82927
82836,82888
82838,82841
82877,82837
82838,82871
82859,82902
82851,82872
82853,82841
82921,82842
82853,82871
82917,82874
82911,83097
82838,82842
83102,82869
82860,83198
82859,82837
82853,82837
82851,82869
82838,83097
82911,82899
82839,82877
83102,82848
82921,82837
82853,82837
82859,82840
82877,82880
82838,82863
82911,82842
83102,82897
82839,82834
82873,82918
82921,82895
82851,82845
82875,82882
82921,82871
82859,82902
82836,82837
82838,83097
82911,83097
83102,82908
82834,82868
82898,82921
82877,82842
82853,82841
82921,82837
82859,82927
82836,82916
82838,82837
82911,82856
82847,82868
82834,82848
82898,82908
82877,82880
82853,82837
82853,82853
82860,83199
82851,82918
83102,82852
82859,82841
82836,82850
82838,82871
82877,82842
83102,82868
82839,82837
82921,82895
82853,82842
82859,82837
82838,82842
82911,83112
83102,82834
82877,82837
82860,83200
82851,82866
82921,82842
82859,82842
82845,83201
82836,82857
82838,82863
82911,82837
82877,82880
82838,82853
82911,82899
82851,82848
82898,83110
83116,82834
82882,82869
82860,83202
82898,82856
82882,83132
82860,83203
82921,82842
82898,82836
82860,83104
82898,82908
82838,82871
82921,82895
82860,83114
83102,82834
82838,82853
82921,82871
82845,83204
82860,83205
82911,82921
83102,82848
82911,82842
82898,82857
82860,83206
83116,82852
82882,83117
83179,82837
82860,83207
82838,82841
82860,83169
83102,82869
82860,83208
83102,82852
83098,82882
82860,83209
83116,83117
82880,83210
82860,83211
82860,83212
82882,83132
82882,83213
83116,82848
82899,82837
82860,83214
83102,82908
82898,82837
82882,82869
83179,82842
82838,83097
82838,82865
82882,83132
82921,82895
82845,83122
83102,83113
82838,83097
82853,82837
82921,82837
82875,82857
82851,82897
83102,82852
82838,82841
82921,82842
82860,83215
82853,82853
82851,82852
82911,82837
82838,82863
83102,82834
83116,82869
82860,83216
82853,82842
82838,82865
82860,83217
83102,82868
82882,83213
82882,83117
82851,82868
82860,83218
82838,82842
83116,83148
82882,82852
82921,82837
82845,82917
83102,82897
82898,82899
82838,82871
82882,83213
82921,82871
82860,83100
83102,82868
82838,82837
82898,82927
82875,82856
82860,83219
83102,83113
82838,82853
82851,82929
82854,82893
82877,82842
82859,82837
82838,82853
82854,83220
82873,83221
82841,82838
82882,83117
82839,82842
82911,82927
82836,82888
82859,82902
82860,83222
82853,82842
82838,82865
82854,83220
82841,82838
82853,82841
82839,82877
82836,82850
82859,82840
82860,83104
82853,82865
82838,82871
82854,83223
82873,82880
82841,82838
82882,82852
82898,82836
82839,82921
82911,82840
82836,82837
82847,82897
82911,83125
82859,82927
82859,82842
82911,83097
82853,82871
82838,82841
82854,83220
82841,82838
82834,82869
82839,82837
82898,83101
82859,82841
82836,82857
82911,83224
82921,82837
82853,82853
82858,82868
82873,83225
82836,82908
82838,82853
82841,82838
82882,83213
82834,82876
82839,82837
82898,82856
82859,82902
82836,82837
82853,82837
82858,82848
82838,82842
82854,83098
82834,82848
82882,83213
82839,82834
82854,83226
82921,82871
82921,82842
82858,82869
82853,82853
82834,82858
82838,82841
82854,82927
82858,83227
82917,82923
82841,82838
82911,82899
82898,83110
82847,82872
82836,82916
82859,82841
82853,82865
82834,82835
82859,82840
82838,82842
82858,82834
82873,82838
82841,82838
83102,82908
82839,82886
82911,83112
82847,82869
82836,82856
82853,82837
82859,82902
82834,82929
82838,82853
82854,83228
82858,82852
82854,83126
82853,82841
82836,82888
82911,82865
82834,82929
82838,82863
82854,83120
82873,83121
82841,82838
82898,82837
82911,83229
82859,82841
82836,82919
82853,82842
82921,82871
82834,82868
82838,82841
82854,83118
82847,82876
82858,82845
82841,82838
82898,82921
82911,83101
82836,82857
82859,82837
82853,82837
82860,83230
82834,82872
82838,82837
82854,82917
82858,82852
82873,82862
82917,82923
82841,82838
82873,83112
82873,83231
82911,82842
82836,82916
82854,83232
82847,82876
82841,82838
82853,82841
82873,82874
82836,82908
82838,82837
82859,82837
82854,83233
82834,82848
82847,82852
82841,82838
82853,82842
82836,82850
82838,82842
82838,82836
82834,82929
82859,82902
82911,83224
82841,82838
82853,82871
82836,82857
82838,82871
82834,82834
82845,83204
82859,82842
82911,83101
82841,82838
82853,82837
82858,82852
82854,83220
82838,82853
82836,82856
82841,82838
82854,82855
82834,82876
82839,82865
82841,82918
82853,82865
82858,82869
82836,82919
82838,82871
82854,83234
82834,82858
82839,82834
82847,82868
82841,82838
82843,83105
82853,82853
82853,82841
82836,82916
82838,82863
82854,83235
82917,82920
82839,82877
82847,82869
82841,82838
82853,82865
82858,82845
82838,82841
82917,82923
83098,82837
82839,82846
82847,82852
82873,83204
82860,83236
82854,83237
82834,83123
82854,83238
82839,82842
82834,82872
82917,82920
82882,82852
82836,82888
82860,83239
82847,82872
82921,82895
82911,82899
82853,82841
82859,82840
82841,82838
82882,83117
82838,82837
82854,83220
82834,82834
82836,82919
82847,82869
82911,82865
82921,82842
82853,82853
82873,83225
82841,82838
82838,82836
82854,83220
82882,82869
82834,82845
82839,82921
82898,82882
82839,82870
82836,82916
82873,82874
82858,83227
82921,82837
82845,83122
82859,82927
82847,82868
82911,82837
82853,82871
82841,82838
82838,82865
82854,83220
82834,82852
82860,83240
82836,82919
82845,82917
82921,82871
82841,82838
82847,82848
82911,82927
82853,82842
82841,82838
82839,82886
82838,82863
82854,82918
82834,82858
82917,82923
82836,82837
82860,83241
82921,82837
82911,83112
82859,82837
82853,82837
82859,82842
82841,82838
82838,82871
82847,82852
82860,83242
83098,82839
82853,82853
82836,82919
82838,82863
82859,82842
82883,82897
82841,82838
82839,82834
82899,82882
82911,83112
82854,83103
82898,82856
82873,82862
83102,82868
82858,82845
83098,82842
82853,82837
82836,82857
82838,82842
82878,82859
82859,82927
82839,82840
82899,82927
82841,82838
82911,83101
82854,83101
82917,82918
82858,83227
82847,82869
83102,82897
82834,82869
82853,82837
82838,82836
82836,82888
82899,82837
82841,82838
82859,82842
82883,82869
82911,82921
82854,82859
82898,82859
82873,82838
83102,83113
82847,82872
82834,83123
83098,82882
82853,82841
82860,83111
82836,82837
82838,82853
82859,82902
82899,82927
82883,82928
82841,82838
82911,82837
82854,82842
82898,82836
82873,82836
82858,82848
82847,82897
83102,82848
82858,82834
82836,82908
82911,82842
82854,83130
82898,82908
82839,82837
82859,82927
82847,82876
82841,82838
82873,83243
82858,82834
82834,82868
82838,82871
82853,82853
82836,82888
82854,82893
82843,83244
82911,82837
82847,82897
82859,82842
82841,82838
83102,82869
82873,82838
82858,82845
82834,82876
82838,82836
82853,82842
82836,82919
82853,82871
82838,82865
82834,83119
82858,82869
82836,82857
82838,82837
82853,82842
82839,82865
82911,82840
82854,82882
82898,82882
82859,82840
82899,82927
82841,82838
82847,82848
82873,82838
83102,82852
82873,82835
82858,82869
82836,82916
82838,82841
82853,82865
82878,82840
82911,83125
82854,83097
82898,82921
82839,82886
82899,82837
82841,82838
82859,82837
82873,82862
83102,82918
82834,82834
82854,82880
83116,82848
82854,82839
82859,82841
82847,82872
82834,82869
82839,82841
82873,82838
82838,82853
82899,82927
82841,82838
82921,82871
82911,83179
82883,82884
82854,82893
82882,83132
82836,82908
82877,82842
83102,82918
82859,82837
82847,82869
82834,82834
82917,82923
82839,82842
82860,83111
82873,82862
82838,82837
82841,82838
82899,82837
82921,82895
83102,82908
82836,82857
82854,82894
82883,82928
82847,82876
82839,82840
82883,82868
82834,82876
82873,82862
83098,83228
82899,82837
82841,82838
82838,82841
82921,82871
82877,82880
82911,83124
82854,82842
82911,83126
82836,82850
82859,82840
82847,82897
82839,82836
82834,82868
82917,83154
82853,82853
82873,82838
82899,82882
82838,82842
82841,82838
82921,82842
82877,82836
82911,83245
83102,82848
82898,82857
82883,82908
82882,82869
82854,82842
82847,82868
83102,82852
82839,82865
82834,82845
82839,82870
82836,82850
82838,83097
82859,82902
82899,82882
82841,82838
82873,82838
82883,82868
82911,82880
82851,82918
82854,83103
83102,82834
82847,82852
82834,82852
82836,82908
82853,82865
82838,82871
82859,82840
82899,82882
82841,82838
82911,82899
82873,82862
82911,82842
82883,82848
82921,82895
82873,82838
83102,82897
82847,82868
82836,82837
82859,82927
82875,82857
82834,82872
82839,82846
82917,82918
82860,83246
82877,82842
82873,82862
82838,82836
82841,82838
82854,83101
82899,82842
82883,82839
82911,83245
82854,83097
83102,82869
82847,82848
82836,82916
82880,83247
82834,82852
82839,82877
82917,83248
82838,82865
82841,82838
82899,82927
82921,82837
82898,83101
83011,83091
82839,82870
82911,82880
82847,82868
82841,82838
82859,82837
82873,82862
82834,82848
82838,82863
82853,82841
82836,82837
82858,82848
82911,82921
82854,82841
82838,82837
82834,82845
82858,83227
82836,82850
82839,82846
82847,82848
82841,82838
