83249,83250
83251,83252
83249,83250
83252,83253
83249,83250
83254,83255
83256,83257
83258,83259
83260,83261
83262,83252
83263,83264
83265,83266
83265,83266
83267,83268
83269,83270
83254,83255
83270,83269
83256,83257
83256,83271
83249,83250
83270,83272
83267,83273
83274,83275
83276,83277
83278,83279
83280,83256
83274,83275
83274,83281
83282,83274
83283,83274
83267,83273
83284,83278
83267,83285
83257,83256
83252,83262
83256,83257
83286,83287
83256,83257
83288,83289
83252,83290
83274,83291
83269,83270
83292,83288
83274,83282
83293,83288
83278,83294
83249,83250
83254,83255
83295,83296
83295,83297
83296,83298
83295,83297
83299,83300
83301,83302
83303,83296
83304,83305
83263,83306
83296,83307
83308,83309
83301,83310
83311,83312
83304,83301
83296,83298
83263,83264
83295,83306
83263,83313
83314,83301
83315,83307
83301,83316
83296,83317
83263,83305
83263,83307
83260,83318
83304,83305
83295,83306
83319,83320
83308,83306
83263,83307
83295,83295
83299,83302
83301,83310
83263,83306
83296,83264
83286,83287
83316,83310
83301,83300
83315,83295
83304,83321
83263,83264
83296,83317
83295,83264
83322,83306
83316,83300
83301,83316
83304,83301
83263,83306
83301,83305
83256,83323
83324,83288
83260,83325
83326,83327
83278,83328
83278,83329
83288,83292
83330,83331
83288,83293
83332,83333
83334,83335
83288,83289
83278,83336
83332,83337
83338,83326
83332,83337
83332,83339
83332,83340
83332,83341
83332,83339
83326,83327
83326,83338
83288,83289
83326,83342
83326,83327
83332,83343
83278,83344
83266,83253
83345,83278
83283,83274
83327,83326
83346,83266
83259,83253
83254,83347
83274,83275
83266,83265
83348,83349
83266,83253
83278,83350
83278,83344
83351,83252
83278,83352
83278,83328
83278,83344
83335,83334
83278,83284
83278,83344
83278,83279
83332,83340
83332,83339
83332,83353
83332,83333
83249,83354
83249,83355
83278,83284
83356,83357
83356,83357
83356,83357
83356,83357
83356,83357
83356,83357
83358,83356
83356,83358
83278,83294
83359,83287
83315,83295
83360,83274
83361,83335
83278,83362
83266,83363
83252,83364
83282,83274
83260,83365
83249,83366
83267,83273
83367,83253
83262,83252
83332,83333
83326,83368
83327,83326
83328,83278
83332,83333
83328,83278
83326,83369
83254,83370
83254,83255
83371,83256
83371,83256
83256,83371
83371,83256
83372,83373
83372,83372
83374,83375
83375,83374
83282,83274
83376,83253
83377,83267
83376,83378
83252,83262
83301,83379
83301,83379
83263,83301
83314,83300
83380,83381
83307,83382
83315,83306
83307,83383
83315,83384
83385,83386
83296,83298
83380,83387
83315,83264
83388,83389
83315,83295
83301,83302
83385,83390
83296,83264
83380,83389
83303,83391
83315,83309
83301,83392
83385,83393
83307,83394
83307,83395
83311,83396
83296,83298
83307,83387
83385,83397
83301,83310
83315,83309
83307,83398
83303,83296
83301,83305
83315,83297
83296,83264
83311,83399
83307,83306
83301,83400
83315,83295
83301,83313
83314,83305
83315,83296
83388,83264
83307,83401
83385,83402
83301,83301
83315,83307
83296,83298
83380,83307
83315,83264
83301,83300
83403,83305
83315,83264
83301,83305
83319,83320
83304,83301
83295,83264
83263,83306
83404,83307
83301,83400
83319,83405
83296,83264
83295,83295
83263,83307
83389,83309
83308,83296
83406,83407
83403,83313
83301,83301
83319,83405
83296,83307
83263,83306
83263,83264
83388,83408
83295,83296
83311,83409
83385,83410
83380,83394
83388,83411
83296,83298
83307,83306
83315,83307
83301,83322
83385,83412
83380,83391
83308,83296
83299,83413
83414,83388
83301,83313
83304,83321
83296,83317
83263,83307
83295,83309
83308,83306
83299,83305
83301,83302
83319,83415
83296,83307
83314,83302
83315,83416
83301,83392
83315,83306
83296,83298
83322,83296
83315,83264
83301,83310
83417,83400
83315,83296
83388,83418
83301,83313
83403,83313
83403,83419
83420,83383
83301,83301
83308,83309
83315,83309
83420,83297
83319,83320
83301,83305
83403,83305
83315,83297
83315,83307
83315,83384
83296,83307
83319,83405
83315,83309
83301,83400
83319,83320
83303,83391
83296,83264
83315,83296
83263,83313
83331,83330
83296,83306
83403,83300
83315,83306
83263,83301
83301,83302
83319,83405
83296,83317
83315,83264
83314,83413
83301,83300
83263,83421
83296,83264
83315,83297
83420,83422
83301,83392
83315,83295
83319,83320
83315,83297
83307,83382
83303,83296
83301,83313
83315,83307
83307,83387
83301,83302
83314,83423
83315,83306
83307,83383
83301,83301
83296,83298
83315,83264
83307,83306
83301,83300
83315,83384
83307,83394
83301,83305
83296,83298
83315,83296
83307,83395
83301,83400
83314,83301
83315,83295
83303,83391
83301,83302
83315,83297
83301,83400
83295,83264
83315,83309
83301,83305
83308,83306
83315,83264
83385,83424
83301,83392
83315,83306
83301,83300
83403,83392
83315,83295
83388,83384
83301,83301
83315,83296
83301,83379
83315,83384
83403,83305
83315,83307
83315,83309
83303,83391
83266,83265
83274,83283
83295,83264
83299,83264
83296,83307
83388,83420
83310,83425
83301,83400
83263,83307
83311,83426
83295,83306
83296,83298
83304,83313
83316,83301
83301,83379
83263,83306
83295,83297
83380,83395
83296,83264
83301,83301
83263,83306
83295,83264
83299,83427
83296,83307
83308,83428
83301,83313
83263,83264
83296,83317
83295,83297
83296,83264
83263,83306
83301,83301
83295,83295
83296,83298
83388,83418
83263,83307
83301,83313
83299,83418
83301,83302
83319,83405
83301,83300
83301,83305
83263,83307
83295,83306
83296,83317
83429,83430
83301,83316
83263,83306
83304,83321
83295,83296
83296,83307
83301,83400
83263,83264
83301,83400
83263,83306
83296,83306
83319,83320
83295,83306
83296,83307
83388,83408
83263,83307
83315,83296
83301,83316
83319,83431
83296,83298
83295,83296
83263,83264
83406,83387
83414,83432
83404,83389
83315,83309
83301,83302
83319,83431
83295,83295
83296,83307
83263,83306
83296,83306
83295,83296
83319,83405
83263,83264
83263,83264
83311,83433
83319,83405
83299,83313
83429,83434
83388,83420
83296,83298
83308,83264
83414,83435
83263,83306
83388,83264
83295,83295
83429,83436
83310,83437
83301,83300
83319,83415
83296,83298
83263,83264
83315,83307
83311,83438
83319,83415
83296,83264
83299,83421
83380,83306
83263,83306
83303,83296
83301,83302
83315,83264
83322,83418
83403,83305
83303,83391
83296,83317
83319,83320
83263,83306
83315,83295
83296,83317
83296,83264
83263,83264
83403,83300
83314,83421
83296,83306
83263,83264
83315,83384
83319,83320
83315,83307
83263,83306
83301,83301
83311,83411
83315,83306
83315,83297
83303,83296
83304,83321
83315,83309
83301,83305
83388,83420
83319,83405
83296,83306
83263,83264
83315,83297
83301,83400
83319,83405
83296,83306
83263,83306
83303,83296
83315,83384
83301,83392
83319,83320
83296,83298
83263,83421
83301,83310
83296,83307
83296,83307
83301,83300
83315,83307
83263,83306
83296,83317
83263,83306
83299,83306
83296,83298
83417,83302
83388,83384
83301,83305
83295,83306
83263,83307
83296,83264
83304,83313
83301,83310
83295,83264
83263,83264
83263,83306
83295,83296
83295,83295
83296,83298
83301,83301
83296,83264
83295,83297
83263,83264
83295,83309
83296,83307
83388,83408
83301,83300
83301,83313
83314,83300
83263,83264
83315,83296
83263,83264
83301,83439
83388,83264
83315,83295
83263,83264
83301,83440
83314,83423
83296,83309
83404,83389
83301,83316
83441,83395
83301,83392
83315,83264
83296,83307
83403,83313
83301,83302
83315,83306
83263,83306
83304,83305
83315,83309
83301,83313
83263,83306
83265,83266
83406,83418
83301,83300
83252,83442
83443,83444
83267,83273
83267,83273
83262,83252
83259,83445
83252,83446
83262,83252
83252,83446
83252,83262
83278,83447
83254,83448
83449,83278
83252,83290
83339,83332
83450,83252
83367,83451
83444,83443
83278,83449
83254,83452
83444,83453
83454,83259
83252,83455
83456,83270
83444,83457
83270,83456
83443,83444
83330,83331
83274,83458
83282,83274
83458,83274
83459,83367
83254,83452
83254,83370
83345,83278
83259,83460
83267,83273
83259,83253
83278,83461
83453,83444
83462,83463
83461,83278
83278,83344
83267,83273
83278,83344
83461,83278
83262,83252
83464,83367
83461,83278
83443,83444
83287,83359
83252,83442
83270,83465
83270,83269
83287,83466
83287,83467
83278,83328
83252,83455
83274,83283
83458,83274
83252,83455
83458,83274
83468,83326
83273,83267
83278,83284
83274,83283
83274,83275
83249,83469
83249,83469
83330,83331
83254,83470
83260,83471
83458,83274
83327,83326
83274,83458
83260,83467
83472,83287
83266,83473
83252,83253
83254,83470
83254,83370
83278,83279
83278,83279
83352,83278
83287,83474
83451,83367
83270,83475
83266,83346
83266,83476
83266,83265
83287,83474
83278,83279
83287,83477
83254,83452
83254,83452
83478,83444
83254,83370
83254,83370
83478,83444
83270,83479
83278,83352
83315,83306
83367,83451
83443,83444
83263,83306
83315,83295
83295,83297
83388,83418
83296,83309
83319,83320
83263,83307
83301,83313
83295,83295
83388,83384
83319,83431
83389,83428
83301,83400
83315,83307
83388,83408
83319,83431
83260,83480
83260,83481
83482,83252
83267,83483
83484,83267
83256,83485
83263,83264
83485,83256
83388,83299
83295,83309
83319,83320
83263,83264
83406,83407
83315,83264
83301,83301
83295,83297
83319,83405
83310,83486
83263,83307
83380,83487
83296,83317
83311,83488
83295,83264
83263,83264
83319,83405
83301,83316
83295,83296
83296,83298
83388,83418
83263,83306
83301,83392
83315,83306
83301,83305
83274,83489
83490,83278
83256,83485
83489,83274
83367,83459
83263,83264
83483,83267
83458,83274
83260,83480
83265,83266
83262,83252
83260,83480
83336,83278
83330,83331
83278,83279
83266,83253
83260,83491
83270,83269
83492,83493
83260,83467
83259,83494
83336,83278
83260,83495
83260,83496
83290,83252
83260,83497
83374,83375
83262,83252
83260,83481
83482,83252
83448,83254
83270,83269
83270,83269
83270,83269
83360,83274
83498,83256
83360,83274
83451,83367
83451,83367
83452,83254
83444,83453
83252,83262
83499,83288
83252,83500
83267,83377
83262,83252
83267,83501
83262,83252
83260,83481
83274,83502
83278,83284
83503,83444
83504,83367
83269,83270
83263,83306
83505,83372
83253,83332
83256,83506
83253,83288
83253,83332
83507,83252
83253,83288
83253,83332
83506,83256
83506,83256
83256,83506
83505,83508
83505,83508
83253,83332
83505,83508
83265,83266
83505,83508
83509,83254
83509,83254
83253,83335
83253,83367
83253,83252
83253,83287
83505,83372
83510,83266
83253,83266
83253,83259
83266,83346
83266,83510
83265,83266
83266,83265
83253,83266
83253,83376
83253,83367
83253,83266
83511,83266
83273,83267
83267,83273
83273,83267
83331,83330
83506,83256
83266,83511
83263,83264
83265,83266
83324,83288
83359,83287
83253,83287
83253,83266
83278,83294
83265,83266
83253,83260
83451,83367
83291,83274
83253,83266
83253,83287
83265,83266
83265,83266
83266,83265
83361,83335
83253,83367
83512,83260
83260,83512
83253,83367
83335,83361
83266,83513
83253,83288
83267,83273
83512,83260
83253,83259
83252,83450
83450,83252
83417,83310
83311,83313
83406,83306
83414,83388
83417,83514
83311,83322
83414,83432
83414,83515
83311,83305
83406,83418
83414,83432
83319,83405
83308,83428
83385,83516
83417,83392
83417,83313
83406,83408
83417,83438
83414,83435
83406,83391
83414,83515
83311,83395
83385,83517
83406,83394
83385,83518
83385,83519
83385,83520
83414,83521
83311,83438
83417,83395
83385,83522
83414,83515
83414,83388
83356,83358
83311,83400
83385,83523
83253,83260
83253,83266
83260,83481
83505,83267
83253,83524
83253,83356
83253,83266
83505,83508
83509,83254
83481,83260
83266,83346
83266,83265
83525,83252
83252,83450
83509,83254
83414,83432
83287,83526
83331,83330
83311,83527
83417,83300
83406,83407
83385,83528
83253,83524
83253,83356
83330,83331
83256,83529
83252,83450
83450,83252
83506,83256
83529,83256
83506,83256
83505,83267
83450,83252
83406,83407
83253,83266
83356,83357
83346,83266
83259,83253
83253,83259
83254,83347
83274,83275
83266,83265
83348,83349
83266,83253
83266,83346
83266,83510
83265,83266
83266,83265
83278,83350
83278,83344
83351,83252
83278,83352
83278,83328
83288,83292
83278,83329
83278,83328
83326,83327
83278,83336
83326,83327
83327,83326
83332,83343
83278,83279
83505,83508
83278,83344
83278,83284
83335,83334
83278,83344
83278,83344
83283,83274
83253,83266
83345,83278
83458,83274
83252,83455
83458,83274
83274,83283
83252,83455
83510,83266
83273,83267
83278,83328
83287,83467
83287,83466
83270,83269
83270,83465
83468,83326
83472,83287
83253,83287
83330,83331
83274,83458
83274,83283
83253,83266
83266,83253
83331,83330
83266,83265
83265,83266
83274,83283
83278,83284
83327,83326
83260,83471
83254,83470
83330,83331
83249,83469
83249,83469
83274,83275
83458,83274
83288,83293
83332,83333
83334,83335
83375,83374
83374,83375
83505,83372
83372,83372
83505,83372
83372,83373
83282,83274
83371,83256
83371,83256
83371,83256
83254,83255
83254,83370
83326,83369
83328,83278
83256,83371
83253,83332
83376,83253
83377,83267
83356,83357
83356,83357
83356,83357
83356,83357
83356,83357
83278,83284
83253,83376
83249,83355
83249,83354
83249,83366
83367,83253
83252,83262
83262,83252
83376,83378
83253,83367
83358,83356
83332,83333
83327,83326
83506,83256
83332,83340
83256,83506
83332,83339
83332,83337
83338,83326
83506,83256
83326,83342
83505,83508
83332,83337
83253,83332
83505,83508
83265,83266
83288,83289
83505,83508
83328,83278
83332,83341
83253,83332
83326,83368
83256,83506
83253,83288
83253,83332
83507,83252
83332,83333
83332,83339
83253,83288
83332,83353
83332,83339
83332,83340
83288,83289
83326,83338
83326,83327
83332,83333
83385,83530
83311,83488
83414,83515
83252,83262
83256,83257
83286,83287
83276,83277
83288,83289
83266,83513
83252,83290
83253,83288
83274,83291
83269,83270
83267,83273
83291,83274
83292,83288
83274,83282
83293,83288
83278,83294
83278,83279
83511,83266
83258,83259
83266,83511
83256,83257
83254,83255
83249,83250
83257,83256
83252,83253
83249,83250
83451,83367
83253,83367
83249,83250
83274,83275
83249,83250
83249,83250
83267,83285
83284,83278
83335,83361
83361,83335
83278,83362
83266,83265
83361,83335
83360,83274
83263,83306
83266,83363
83295,83295
83263,83383
83295,83306
83301,83379
83429,83531
83391,83300
83316,83305
83301,83400
83260,83261
83252,83364
83260,83365
83267,83273
83283,83274
83253,83367
83282,83274
83274,83281
83274,83275
83282,83274
83280,83256
83256,83323
83260,83512
83512,83260
83267,83273
83512,83260
83260,83325
83286,83287
83251,83252
83262,83252
83267,83273
83263,83264
83311,83434
83388,83532
83301,83379
83263,83383
83388,83420
83521,83306
83319,83431
83388,83533
83295,83297
83263,83264
83310,83534
83388,83389
83429,83535
83263,83306
83295,83309
83295,83295
83263,83383
83301,83302
83295,83297
83263,83264
83316,83301
83301,83305
83315,83309
83301,83313
83295,83264
83310,83536
83316,83310
83388,83537
83315,83296
83295,83306
83319,83320
83319,83320
83295,83264
83319,83405
83406,83394
83270,83272
83256,83271
83256,83257
83506,83256
83506,83256
83270,83269
83260,83495
83331,83330
83273,83267
83267,83273
83273,83267
83267,83268
83265,83266
83265,83266
83254,83255
83263,83306
83256,83257
83260,83318
83310,83538
83388,83420
83295,83264
83301,83392
83263,83306
83303,83391
83254,83255
83319,83405
83429,83531
83295,83306
83315,83297
83301,83316
83263,83264
83406,83306
83388,83264
83315,83297
83301,83316
83391,83539
83429,83540
83388,83418
83391,83413
83388,83264
83388,83381
83388,83541
83388,83384
83388,83420
83391,83413
83303,83296
83308,83264
83308,83309
83391,83421
83385,83542
83388,83306
83385,83543
83388,83319
83403,83313
83315,83306
83295,83296
83403,83313
83385,83544
83295,83297
83310,83425
83385,83545
83295,83309
83391,83300
83310,83486
83429,83434
83429,83531
83403,83305
83388,83297
83388,83546
83315,83296
83385,83547
83429,83531
83548,83392
83311,83527
83406,83394
83414,83432
83385,83549
83548,83395
83414,83388
83311,83440
83414,83515
83414,83515
83311,83434
83385,83550
83414,83388
83385,83551
83385,83552
83429,83430
83406,83418
83295,83295
83429,83430
83429,83434
83429,83430
83429,83531
83319,83320
83406,83391
83311,83313
83385,83553
83406,83306
83406,83387
83311,83395
83385,83554
83385,83555
83414,83515
83299,83427
83266,83476
83295,83264
83388,83389
83301,83313
83295,83296
83385,83545
83301,83392
83295,83297
83388,83556
83301,83310
83391,83305
83295,83297
83316,83313
83295,83264
83380,83381
83319,83431
83295,83295
83301,83400
83380,83389
83319,83431
83380,83395
83380,83391
83319,83405
83295,83309
83301,83300
83391,83421
83316,83557
83295,83306
83295,83295
83380,83387
83301,83305
83295,83264
83380,83307
83301,83301
83385,83558
83521,83559
83308,83306
83391,83421
83295,83306
83315,83295
83319,83431
83308,83309
83295,83295
83315,83264
83403,83300
83316,83301
83310,83263
83315,83307
83429,83436
83403,83300
83388,83380
83311,83305
83295,83297
83295,83309
83304,83305
83295,83306
83315,83309
83319,83405
83391,83539
83295,83296
83319,83405
83315,83307
83315,83306
83388,83420
83429,83430
83310,83538
83295,83309
83315,83296
83308,83264
83315,83384
83308,83428
83389,83264
83266,83473
83301,83300
83478,83444
83278,83279
83336,83278
83260,83480
83262,83252
83265,83266
83260,83480
83458,83274
83287,83526
83260,83497
83483,83267
83489,83274
83330,83331
83262,83252
83330,83331
83331,83330
83452,83254
83260,83481
83278,83284
83504,83367
83274,83502
83266,83253
83270,83269
83443,83444
83253,83356
83253,83524
83367,83451
83274,83489
83443,83444
83290,83252
83260,83496
83260,83491
83260,83495
83505,83267
83260,83481
83253,83266
83259,83494
83253,83260
83260,83467
83253,83266
83492,83493
83336,83278
83505,83508
83260,83481
83267,83501
83270,83269
83270,83269
83270,83269
83448,83254
83482,83252
83256,83485
83374,83375
83490,83278
83360,83274
83253,83356
83485,83256
83256,83485
83484,83267
83267,83483
83482,83252
83260,83481
83260,83480
83270,83479
83253,83524
83262,83252
83498,83256
83451,83367
83262,83252
83505,83267
83267,83377
83506,83256
83529,83256
83506,83256
83252,83500
83499,83288
83360,83274
83450,83252
83252,83262
83450,83252
83256,83529
83503,83444
83444,83453
83451,83367
83260,83495
83506,83256
83252,83450
83443,83444
83367,83459
83274,83458
83254,83470
83252,83253
83252,83442
83253,83260
83260,83467
83287,83359
83456,83270
83454,83259
83509,83254
83254,83370
83252,83450
83254,83452
83450,83252
83278,83449
83444,83443
83252,83450
83367,83451
83450,83252
83253,83259
83339,83332
83509,83254
83330,83331
83278,83279
83253,83335
83352,83278
83287,83474
83451,83367
83270,83475
83253,83367
83266,83346
83254,83370
83253,83252
83278,83352
83287,83474
83278,83279
83287,83477
83254,83452
83254,83452
83478,83444
83254,83370
83266,83265
83252,83290
83444,83453
83252,83455
83278,83344
83267,83273
83278,83344
83461,83278
83481,83260
83462,83463
83453,83444
83278,83461
83461,83278
83259,83253
83259,83460
83509,83254
83345,83278
83254,83370
83509,83254
83254,83452
83459,83367
83458,83274
83282,83274
83449,83278
83461,83278
83278,83279
83270,83456
83443,83444
83267,83273
83267,83273
83262,83252
83259,83445
83252,83446
83267,83273
83464,83367
83444,83457
83266,83346
83266,83265
83262,83252
83252,83446
83262,83252
83252,83262
83254,83448
83525,83252
83252,83442
83278,83447
