83932,83933
83934,83935
83936,83937
83938,83939
83940,83941
83942,83943
83944,83945
83941,83946
83947,83948
83943,83949
83932,83939
83950,83951
83942,83941
83950,83952
83953,83932
83936,83949
83940,83954
83955,83949
83944,83939
83950,83956
83955,83936
83941,83957
83958,83959
83955,83960
83950,83945
83932,83939
83953,83932
83936,83961
83940,83962
83947,83948
83941,83946
83944,83963
83943,83964
83932,83945
83942,83965
83936,83966
83938,83952
83940,83954
83941,83957
83955,83941
83944,83963
83943,83941
83941,83957
83934,83964
83940,83941
83947,83948
83944,83939
83955,83937
83941,83967
83943,83968
83932,83969
83942,83943
83936,83970
83934,83960
83938,83969
83940,83941
83944,83963
83947,83948
83947,83948
83955,83971
83941,83946
83942,83967
83932,83945
83941,83957
83955,83955
83958,83950
83932,83969
83950,83969
83942,83949
83936,83972
83934,83960
83940,83962
83955,83973
83944,83945
83947,83948
83941,83964
83932,83939
83950,83974
83953,83975
83942,83964
83934,83949
83940,83954
83944,83939
83947,83948
83947,83948
83940,83954
83942,83965
83942,83949
83950,83951
83941,83976
83950,83952
83932,83933
83941,83967
83950,83950
83941,83949
83942,83943
83941,83949
83977,83978
83950,83951
83941,83976
83950,83974
83953,83979
83941,83967
83942,83949
83950,83939
83941,83976
83954,83967
83942,83943
83932,83945
83980,83981
83940,83941
83943,83968
83941,83967
83982,83983
83940,83941
83941,83964
83941,83936
83941,83949
83950,83956
83950,83969
83984,83945
83954,83985
83941,83946
83941,83967
83950,83939
83941,83964
83984,83950
83941,83964
83941,83976
83950,83950
83986,83955
83941,83949
83941,83946
83980,83964
83950,83945
83941,83949
83982,83987
83955,83988
83977,83960
83950,83969
83942,83949
83938,83969
83941,83957
83941,83946
83955,83988
83944,83945
83943,83943
83950,83939
83932,83945
83954,83936
83982,83989
83950,83952
83941,83949
83942,83965
83980,83990
83942,83964
83950,83991
83941,83967
83992,83993
83942,83994
83982,83990
83932,83939
83941,83964
83942,83941
83982,83987
83941,83946
83980,83995
83955,83936
83947,83996
83938,83997
83942,83967
83941,83976
83938,83974
83936,83998
83986,83960
83941,83946
83990,83999
83954,83941
83934,83960
83941,83957
83955,83998
83947,84000
83942,83943
83941,83964
83934,83964
83942,83949
83955,83988
83942,83943
83941,83949
83934,83935
83955,83968
83938,83945
83950,83945
83943,83941
83941,83976
83950,83950
83934,83960
83938,84001
83942,83967
83942,83964
83950,83939
83943,83941
83941,83946
83955,83998
83934,83960
83953,83975
83938,84002
83955,83971
83944,83939
83950,83969
83941,83967
83955,84003
83938,83956
83942,83994
83941,83964
83955,84004
83938,83969
83942,83941
83938,83952
83938,83939
83955,84003
83942,83964
83941,83976
83934,83949
83938,83997
83950,83956
83955,83949
83942,83965
83941,83976
83955,83936
83938,83956
83955,84004
83982,83986
83941,83964
83938,84002
83950,83956
83947,84005
83955,83949
83986,83982
83950,83969
83950,83991
83950,83952
83941,83949
83943,83943
83942,83941
83941,83957
83934,83935
83950,83951
83955,83941
83943,83949
83977,83949
83982,84006
83942,83994
83982,83987
83934,83964
83938,84007
83950,83939
83955,83955
83947,84008
83943,83964
83942,83967
83941,83964
83934,83949
83955,83971
83941,83957
83977,83950
83944,83945
83950,83939
83947,84009
83941,83964
83955,83998
83934,83949
83936,83949
83942,83943
83940,83941
83942,83994
83950,83969
83947,84010
83941,83957
83955,83941
84011,84012
83934,83935
83940,83954
83986,83960
83938,83974
83940,83941
83955,83968
83936,83998
83942,83965
83940,83954
83934,83935
83944,83945
83947,84013
83941,83949
83955,84003
83936,83972
83958,83939
83936,83966
83942,83994
83940,83954
83934,83964
83944,83963
83947,84014
83950,83952
83941,83957
83932,83969
83942,83965
83950,83945
83943,83964
83938,83974
83958,83969
83942,83941
83950,83952
83941,83946
83955,83936
83934,83935
83938,83950
83934,83949
83977,83964
83950,83974
83941,83949
83955,83960
83934,83964
83938,83948
83942,83965
83950,83956
83943,83943
83942,83964
83955,83955
83941,83957
83950,83991
83941,83946
83955,83988
83940,83954
83938,84001
83950,83950
83941,83964
83955,83973
83934,83964
83938,83956
83977,84015
83942,83949
83950,83956
83943,83949
83954,83949
83941,83964
83955,83949
83934,83960
83938,84007
83942,83967
83932,83933
83941,83949
83940,83941
83932,83951
84016,84017
84018,84019
84018,84019
84018,84019
84019,84018
84019,84020
84019,84021
84022,84023
84016,84024
84016,84025
84019,84020
84026,84027
84028,84029
84019,84030
84028,84029
84031,84032
84033,84034
84031,84032
84035,84036
84032,84031
84016,84037
84038,84039
84026,84027
84040,84041
84042,84043
84044,84045
84046,84047
84016,84048
84045,84049
84050,84051
84016,84048
84050,84052
84042,84053
84054,84055
84056,84057
84058,84057
84059,84032
84032,84060
84032,84060
84032,84060
84061,84062
84050,84063
84032,84031
84036,84035
84047,84064
84032,84065
84032,84017
84066,84047
84067,84022
84054,84068
84035,84036
84032,84069
84032,84017
84032,84017
84032,84069
84070,84071
84038,84072
84032,84069
84032,84069
84018,84019
84073,84054
84074,84036
84075,84038
84032,84065
84065,84032
84033,84076
84036,84035
84032,84065
84062,84077
84062,84078
84031,84032
84032,84031
84032,84031
84032,84065
84038,84079
84040,84041
84033,84034
84035,84036
84036,84080
84045,84076
84065,84032
84036,84081
84033,84034
84036,84035
84033,84082
84066,84047
84036,84074
84083,84083
84084,84085
83940,84086
83941,83964
83947,83948
83940,84087
83986,83980
83941,83946
83947,83948
83938,83945
83947,84007
83940,84086
84029,84088
84089,84022
84022,84089
84089,84022
84090,84091
84033,84034
84092,84022
84016,84093
83941,83964
84045,84094
83941,83976
83941,83949
83947,84007
83940,83954
83941,83936
83947,84007
83940,83954
83941,83964
83947,83948
83940,83941
83940,83941
83941,83976
83947,84007
83941,83967
84095,83936
83940,83962
83947,83948
83941,83936
83940,83941
83947,84007
83940,83941
84096,84016
84083,84097
84016,84096
84084,84085
84084,84085
84084,84085
84084,84085
84084,84085
84098,84016
84084,84085
84084,84085
84084,84085
84084,84085
84084,84085
84084,84085
84084,84085
84084,84085
84084,84085
84084,84085
84084,84085
84084,84085
84084,84085
84084,84085
84084,84085
84038,84099
84016,84096
84016,84096
84096,84016
84016,84093
84088,84029
84100,84022
84022,84100
84100,84022
84026,84027
84026,84027
84084,84076
84023,84022
84040,84101
84040,84102
84103,84062
84084,84085
84038,84104
84084,84085
84084,84085
84083,84097
84036,84102
84036,84035
84019,84030
83947,84007
83941,83946
83940,83962
83947,83948
83977,84105
83941,83936
83940,83941
83947,84007
83940,83941
84106,84107
83940,83954
83947,83948
83932,83933
83977,83984
83941,83946
83940,83941
83947,83948
83940,83954
83941,83976
83941,83964
83941,83967
83940,83941
84054,84108
84047,84050
84038,84079
84109,84029
84038,84039
84038,84039
83941,83967
83940,83941
83947,83948
83947,84007
83940,83941
83947,83948
83986,83955
83941,83964
83940,83962
83953,84110
83947,84007
83941,83949
83941,83949
83947,83948
84095,84004
83940,83954
83941,83946
83940,83954
83941,83949
83940,83941
83932,83939
83940,83941
83941,83964
83940,83954
83940,83954
83941,83967
83941,83936
83940,83941
83941,83946
83940,83941
83941,83936
83947,84111
83940,83954
83941,83976
83940,83954
83932,83945
83941,83964
83940,83941
83941,83949
83947,84112
84106,84113
83940,83941
83941,83976
83940,83941
83941,83967
83947,84008
83940,83954
83941,83949
83932,83969
83947,84000
83992,84114
83940,83954
83941,83976
84115,83939
83947,83948
83940,83941
83941,83967
84047,84050
84116,84117
84118,84027
84118,84027
84016,84119
84016,84120
84119,84016
84018,84019
84019,84018
84121,84045
84122,84029
84019,84018
84029,84109
84050,84123
84117,84124
84050,84123
84016,84120
84090,84125
84090,84076
84126,84029
84016,84119
84016,84025
84079,84038
84018,84019
84018,84019
84058,84127
84047,84128
84047,84128
84047,84128
84047,84128
84047,84128
84129,84130
84056,84131
84058,84131
84056,84131
84058,84131
84040,84041
84058,84132
84133,84019
84029,84109
84029,84109
84029,84109
84134,84084
84135,84027
84050,84123
84025,84016
83940,83954
84084,84136
84070,84137
84027,84017
84019,84021
84050,84047
84050,84076
84050,84047
84022,84092
84138,84047
84036,84035
84101,84040
84124,84117
84139,84140
84029,84109
84141,84142
84143,84117
84142,84076
84022,84144
84145,84142
84124,84017
84139,84140
84046,84047
84038,84079
84016,84025
84084,84085
84146,84147
84016,84148
84019,84021
84016,84148
84016,84119
84045,84149
84025,84016
84045,84076
84019,84150
84117,84124
84045,84151
84019,84018
84124,84117
84152,84070
84019,84021
84079,84038
84148,84016
84016,84025
84153,84029
83942,83967
83934,83949
83932,83969
84019,84021
84022,84023
84076,84022
84154,84042
84076,84042
84154,84042
84016,84025
84035,84036
84155,84019
84019,84020
84155,84019
84026,84027
84019,84020
84019,84030
84016,84025
84028,84029
84031,84032
84033,84034
84031,84032
84032,84031
84050,84063
84032,84031
84028,84029
84036,84035
84019,84020
84019,84018
84056,84057
84058,84057
84059,84032
84045,84156
84032,84060
84032,84060
84032,84060
84156,84045
84038,84039
84076,84042
84117,84143
84045,84156
84016,84037
84156,84045
84045,84156
84016,84024
84016,84017
84156,84045
84076,84016
84018,84019
84018,84019
84018,84019
84016,84048
84036,84035
84032,84065
84062,84077
84054,84068
84035,84036
84032,84069
84032,84017
84075,84038
84076,84032
84032,84069
84070,84071
84038,84072
84032,84069
84067,84022
84032,84069
84018,84019
84019,84018
84073,84054
84074,84036
84036,84074
84036,84102
84036,84035
84019,84030
84047,84128
84047,84128
84155,84139
84076,84042
84066,84047
84032,84017
84062,84078
84031,84032
84032,84031
84032,84031
84032,84065
84038,84079
84040,84041
84033,84034
84035,84036
84036,84080
84045,84076
84065,84032
84036,84081
84033,84034
84036,84035
84033,84082
84033,84076
84065,84032
84032,84065
84032,84017
84157,84146
84047,84064
84032,84065
84156,84045
84047,84128
84156,84045
84045,84156
84016,84096
84045,84156
84016,84096
84016,84096
84156,84045
84096,84016
84045,84156
84016,84093
84156,84045
84088,84029
84083,84097
84100,84022
84100,84022
84045,84156
84026,84027
84156,84045
84026,84027
84084,84076
84023,84022
84040,84101
84029,84028
84029,84088
84022,84100
84040,84102
84096,84016
84016,84093
83943,83968
83982,84158
83943,83964
83943,83967
83943,83964
83942,84159
83943,83943
83943,83968
83943,83941
83942,83969
84045,84094
83940,83941
83938,84002
83954,83964
84029,84088
84155,84139
84089,84022
84022,84089
84089,84022
84090,84091
84033,84034
84092,84022
83942,83939
84103,84062
84155,84139
84084,84085
84160,84083
84083,84083
84160,84083
84066,84047
84026,84027
84040,84041
84042,84043
84044,84045
84046,84047
84016,84048
84083,84097
84045,84049
84050,84051
84156,84045
84045,84156
84050,84052
84156,84045
84045,84156
84061,84062
84042,84053
84156,84045
84054,84055
84045,84156
84084,84085
84084,84085
84084,84085
84038,84104
84084,84085
84084,84085
84038,84099
84084,84085
84084,84085
84084,84085
84084,84085
84084,84085
84084,84085
84084,84085
84084,84085
84098,84016
84084,84085
84084,84085
84084,84085
84084,84085
84084,84085
84084,84085
84084,84085
84084,84085
84084,84085
84084,84085
84045,84156
83943,83967
84047,84128
84019,84020
84045,84156
84156,84045
84029,84028
84029,84088
84155,84139
84160,84083
84160,84083
84045,84156
84156,84045
84045,84156
84156,84045
84156,84045
84156,84045
84045,84156
84045,84156
84156,84045
84156,84045
84045,84156
84156,84045
84076,84042
84045,84156
84156,84045
84045,84156
84045,84156
84045,84156
84045,84156
84141,84142
84143,84117
84142,84076
84076,84142
84022,84144
84145,84142
84124,84017
84118,84027
84076,84124
84076,84090
84156,84045
84118,84027
84157,84146
84047,84050
84054,84108
84047,84050
84038,84079
84160,84038
84109,84029
84038,84039
84038,84039
84155,84139
84116,84117
84156,84045
84076,84016
84117,84143
84029,84109
84109,84029
84029,84109
84109,84029
84029,84109
84109,84029
84109,84029
84117,84161
84076,84058
84076,84084
84109,84029
84143,84117
84076,84045
84155,84019
84155,84139
84155,84139
84155,84139
84076,84142
84076,84124
84076,84090
84157,84146
84160,84038
84157,84146
84029,84109
84109,84029
84029,84109
84155,84019
84076,84022
84154,84042
84076,84042
84154,84042
84155,84019
84019,84020
84016,84025
84157,84146
84076,84042
84076,84032
84155,84139
84019,84018
84019,84020
84019,84018
84109,84029
84029,84109
84109,84029
84029,84162
84029,84109
84109,84029
84029,84109
84109,84029
84029,84109
84047,84128
84139,84140
84155,84139
84109,84029
84029,84109
84029,84109
84109,84029
84029,84109
84117,84161
84134,84084
84135,84027
84050,84123
84076,84058
84133,84019
84058,84127
84018,84019
84029,84109
84016,84119
84016,84120
84119,84016
84018,84019
84019,84018
84121,84045
84122,84029
84019,84018
84018,84019
84050,84123
84029,84109
84029,84109
84019,84018
84129,84130
84056,84131
84058,84131
84056,84131
84058,84131
84040,84041
84109,84029
84029,84109
84109,84029
84109,84029
84029,84162
84058,84132
84109,84029
84029,84109
84109,84029
84029,84109
84109,84029
84029,84109
84109,84029
84029,84109
84109,84029
84029,84109
84079,84038
84117,84124
84050,84123
84124,84117
84152,84070
84019,84021
84079,84038
84148,84016
84016,84025
84016,84025
84038,84079
84046,84047
84101,84040
84019,84018
84155,84019
84019,84021
84050,84047
84050,84076
84050,84047
84155,84139
84022,84092
84138,84047
84036,84035
84124,84117
84139,84140
84027,84017
84076,84045
84045,84151
84117,84124
84016,84120
84090,84125
84090,84076
84126,84029
84016,84119
84016,84025
84025,84016
84084,84136
84153,84029
84070,84137
84084,84085
84076,84084
84146,84147
84016,84148
84019,84021
84016,84148
84016,84119
84045,84149
84143,84117
84025,84016
84157,84146
84045,84076
84019,84150
84155,84139
83943,83941
83974,83943
84106,84163
83942,84159
83944,83939
83955,83973
84011,83972
83940,84164
83974,83948
83942,83959
83986,83960
83944,83963
83955,83998
83943,83943
83940,84164
83947,84008
83938,83945
83974,83948
83955,83949
83943,83943
83974,83943
83992,84165
83977,84003
83955,84003
83943,83964
83940,84164
83974,83943
83986,83955
83955,83971
83943,83941
84011,83998
83942,84166
83974,83948
83940,84164
83944,83945
83940,83943
83944,83945
83943,83967
83942,84159
83955,83955
83940,83949
83944,83939
83942,83969
83940,84167
83958,84159
83944,83963
83986,84003
83943,83967
83943,83941
83942,83939
83944,83939
83943,83968
83955,83937
83942,83969
83940,84164
83943,83949
83940,84164
83947,84000
83974,83948
83943,83964
83940,84164
83942,84166
83974,83943
83940,84164
83942,83939
83955,83988
83943,83949
83943,83941
84095,83936
84011,83998
83942,83959
83944,83945
83940,84168
83955,84003
83974,83948
83943,83943
84095,83997
83942,83939
83940,83954
83955,83971
83974,83943
83974,83948
84011,83949
84095,83972
83943,83967
83942,83939
83940,83962
83955,83973
83974,83943
84011,83942
83943,83964
83942,83959
84115,83997
83940,83962
83950,83952
83992,84169
83940,84164
83955,83973
84115,84007
83992,83955
83974,83948
83955,83941
83940,84164
83974,83943
83943,84170
83940,84168
83955,83970
83974,83943
84011,83960
83940,84168
83955,83937
83974,83948
83940,84168
84011,83949
83943,83949
83940,84168
83955,83998
84095,83949
83974,83948
84011,83942
83942,83969
83943,83964
83940,84168
83950,83969
83955,83988
83974,83943
84011,84171
83942,84159
83955,83971
83944,83963
83940,83967
83943,83964
83958,84172
83943,83949
83953,83954
83943,83941
83932,83939
83958,83950
83947,83948
83943,83943
83958,84159
83943,83968
83958,83959
83958,83945
83943,83964
83942,84166
83986,83960
83942,83969
83955,83955
83942,83939
83958,84172
83955,83941
83942,84166
83958,83952
83986,84003
83955,83988
83943,83949
83955,84003
83942,84159
83958,83952
83943,83943
83943,83968
83955,83998
83943,83949
84106,84173
84106,84174
83943,83941
83942,83959
83943,83949
83943,83968
83943,83943
83943,83943
83943,83968
83943,83949
83940,83949
83943,83941
83943,83941
83982,83989
83943,83964
83943,83949
83954,83949
83943,83941
83943,83968
83943,83968
83943,83943
83943,83941
83943,83964
83943,83949
83955,83971
83943,83949
83943,83943
83943,83943
83955,83949
83942,83959
83955,83982
83942,84159
83940,84175
83943,83964
83955,83941
83940,83967
83943,83941
83955,83971
83942,83939
83940,83964
83944,83963
83955,83973
83942,84159
83940,83943
83955,83949
83955,83988
83940,83941
83943,83968
83944,83939
83955,83998
83942,83969
83940,83936
83955,83941
83943,83949
83942,83959
83940,83949
83944,83945
83955,83949
83942,84166
83942,83959
83982,83989
83943,83943
83940,83967
83942,84166
83955,83937
83986,83955
83943,83941
83955,83970
83942,83969
83943,83964
83955,83968
83942,83959
83982,84006
83942,84159
83943,83968
83955,83972
83943,83941
83955,83998
83942,83939
83943,83943
83955,83982
83942,83959
83955,83988
83942,83969
83943,83949
83955,83973
83942,84166
83943,83964
83940,83943
83938,83950
83955,83955
83942,83939
83955,83941
83974,83943
83955,84176
83942,84159
83974,83948
83955,84003
84095,83998
84115,83969
83942,83965
83941,84177
83940,83962
83955,83971
84011,83960
83940,83954
84095,83949
83942,83994
83940,83954
83941,83946
83955,83949
83944,83963
83950,83952
83932,83933
83942,83964
83940,83954
83932,83951
83941,83946
83941,83946
84095,84004
83944,83945
83943,83943
84011,84171
84095,83942
83942,83949
83953,83932
83950,83951
83940,83941
83941,83946
83942,83941
83974,83943
83943,83964
84011,83998
83942,83943
83940,83962
83941,83946
83974,83943
83955,83937
83944,83939
84011,83972
83955,83988
84106,84178
83955,83973
83977,83968
83941,83964
83955,83936
83944,83939
83958,83945
83943,83967
84095,84012
83950,83950
83943,83964
83943,83968
83936,83937
83943,83964
83940,83964
83943,83949
84106,84179
83943,83943
84106,84180
83943,83941
84106,84181
83943,83943
84011,83972
84106,84182
84095,84003
83940,83954
83932,83933
83950,83974
83932,83945
83942,83967
83940,83941
83941,84177
83955,83955
83944,83945
83943,83941
84011,83949
83942,83994
84095,83997
83932,83951
83942,83964
83940,83941
83936,83972
83941,83946
83955,83968
83944,83963
83943,83949
83950,83974
83950,83991
84106,84183
83944,83939
83977,83984
83940,83962
83950,83950
84011,84012
83943,83968
83942,83943
83974,83948
83955,84003
83940,83941
83950,83969
83986,83955
84011,83998
83942,83949
83974,83948
83955,83949
83940,83941
83950,83945
84011,83972
83955,83968
83974,83943
83943,83949
83942,83967
83955,83998
83974,83948
83941,83964
83940,83941
83950,83939
83942,83994
83977,83964
84011,83942
83977,83960
83955,83970
83940,83962
83950,83956
83943,83967
83955,83937
83974,83943
83940,83962
83950,83991
84011,84171
83974,83948
83942,83965
83974,83943
83950,83950
83940,83941
83955,83998
83974,83948
83942,83969
83943,83941
84011,84012
83950,83951
83955,83988
83974,83948
83942,83941
83940,83941
83950,83991
83950,83945
83940,83962
83955,83982
83974,83943
83944,83963
83942,83964
83943,83943
83932,83969
84011,83960
83940,83941
