85231,85232
85233,85234
85235,85236
85237,85238
85239,85240
85241,85242
85243,85244
85245,85246
85247,85248
85249,85250
85251,85252
85235,85236
85253,85249
85254,85255
85256,85244
85257,85255
85247,85244
85239,85253
85243,85250
85241,85258
85256,85258
85249,85259
85231,85244
85260,85261
85262,85250
85245,85244
85260,85261
85233,85263
85233,85264
85251,85265
85260,85266
85254,85249
85262,85267
85256,85250
85257,85268
85269,85270
85247,85271
85272,85273
85239,85240
85243,85274
85241,85274
85249,85259
85231,85275
85233,85276
85277,85255
85245,85246
85235,85249
85237,85278
85251,85279
85253,85268
85254,85249
85277,85280
85281,85282
85262,85244
85231,85275
85233,85251
85237,85283
85262,85284
85281,85285
85251,85286
85260,85261
85254,85249
85235,85250
85245,85287
85288,85253
85257,85280
85247,85250
85239,85289
85253,85290
85249,85244
85243,85253
85231,85244
85233,85291
85237,85292
85251,85293
85253,85253
85260,85261
85243,85235
85249,85249
85239,85294
85247,85249
85251,85295
85260,85296
85276,85297
85235,85298
85253,85299
85254,85255
85256,85233
85247,85300
85239,85301
85241,85236
85249,85235
85237,85278
85302,85290
85231,85232
85277,85254
85237,85303
85262,85304
85281,85305
85260,85261
85235,85248
85253,85253
85254,85249
85257,85268
85256,85298
85243,85246
85231,85244
85254,85255
85243,85244
85243,85248
85257,85306
85302,85304
85245,85246
85253,85299
85281,85307
85235,85250
85308,85252
85287,85309
85237,85238
85247,85244
85254,85249
85262,85231
85239,85294
85241,85236
85256,85233
85249,85235
85233,85291
85269,85310
85308,85311
85287,85312
85231,85275
85243,85259
85233,85313
85257,85314
85249,85248
85241,85274
85237,85315
85308,85280
85287,85316
85247,85249
85262,85231
85262,85267
85239,85294
85233,85317
85269,85318
85257,85273
85243,85246
85253,85268
85308,85273
85287,85311
85235,85248
85245,85244
85281,85319
85237,85320
85254,85255
85262,85245
85308,85282
85287,85310
85239,85301
85256,85244
85253,85268
85281,85318
85235,85244
85249,85250
85269,85255
85308,85254
85287,85321
85243,85253
85241,85242
85253,85268
85233,85322
85277,85310
85235,85298
85245,85250
85251,85316
85237,85238
85260,85261
85254,85255
85262,85287
85288,85231
85256,85250
85239,85301
85257,85311
85247,85248
85249,85244
85269,85311
85247,85300
85239,85289
85256,85258
85262,85233
85245,85250
85237,85278
85254,85249
85262,85323
85308,85254
85287,85273
85247,85271
85239,85253
85256,85244
85249,85249
85269,85314
85241,85253
85233,85322
85302,85324
85257,85282
85253,85249
85281,85325
85235,85253
85245,85287
85308,85252
85287,85282
85237,85326
85260,85261
85254,85255
85243,85250
85254,85255
85245,85287
85245,85250
85249,85249
85277,85308
85247,85244
85251,85327
85262,85233
85233,85251
85239,85289
85231,85244
85260,85261
85269,85254
85245,85250
85256,85250
85328,85329
85249,85250
85243,85248
85235,85248
85277,85241
85247,85250
85262,85281
85251,85265
85239,85253
85233,85317
85231,85267
85328,85330
85260,85331
85243,85250
85235,85250
85262,85304
85239,85301
85254,85255
85260,85261
85253,85290
85257,85273
85235,85250
85269,85318
85245,85244
85256,85250
85249,85235
85241,85231
85328,85332
85247,85271
85251,85333
85262,85323
85233,85264
85231,85232
85239,85301
85260,85261
85257,85306
85253,85239
85245,85246
85256,85233
85288,85267
85269,85273
85256,85244
85239,85240
85233,85334
85260,85261
85269,85254
85253,85283
85241,85258
85328,85323
85256,85244
85249,85259
85235,85249
85245,85244
85277,85282
85308,85282
85287,85335
85243,85235
85247,85300
85251,85293
85262,85233
85239,85253
85231,85232
85233,85313
85260,85261
85288,85231
85231,85275
85262,85244
85336,85337
85251,85338
85241,85258
85328,85244
85243,85250
85277,85254
85235,85244
85249,85248
85247,85248
85262,85231
85251,85252
85239,85294
85231,85244
85231,85275
85233,85276
85288,85245
85269,85311
85253,85339
85241,85236
85328,85239
85243,85246
85256,85258
85277,85311
85249,85244
85235,85253
85247,85249
85260,85261
85235,85249
85251,85256
85241,85340
85237,85341
85251,85327
85281,85254
85276,85342
85254,85249
85260,85261
85235,85298
85245,85244
85257,85314
85247,85300
85239,85294
85253,85232
85256,85258
85241,85244
85249,85249
85243,85235
85231,85244
85233,85334
85251,85256
85281,85312
85254,85249
85235,85244
85245,85250
85233,85313
85260,85261
85231,85275
85249,85244
85288,85244
85256,85250
85247,85249
85239,85343
85253,85275
85241,85244
85249,85248
85243,85248
85231,85232
85233,85317
85237,85344
85251,85333
85260,85266
85262,85284
85281,85345
85254,85255
85235,85244
85245,85244
85257,85310
85247,85271
85239,85283
85253,85239
85241,85340
85243,85253
85288,85275
85247,85248
85239,85253
85245,85246
85257,85282
85247,85244
85239,85240
85269,85282
85256,85258
85249,85259
85243,85244
85328,85330
85233,85263
85251,85286
85231,85232
85262,85250
85253,85232
85281,85346
85260,85261
85235,85248
85257,85311
85288,85304
85260,85261
85269,85347
85256,85244
85249,85250
85235,85236
85281,85309
85262,85244
85251,85279
85253,85283
85256,85244
85249,85248
85243,85248
85231,85244
85233,85322
85251,85295
85276,85297
85262,85287
85281,85273
85254,85255
85233,85234
85245,85287
85260,85348
85288,85247
85247,85250
85239,85289
85256,85233
85253,85244
85249,85235
85243,85246
85231,85275
85277,85306
85233,85291
85235,85253
85281,85258
85281,85349
85253,85299
85235,85236
85269,85254
85241,85253
85237,85244
85247,85271
85260,85350
85235,85351
85241,85231
85336,85247
85237,85247
85247,85244
85235,85236
85256,85233
85254,85255
85247,85250
85249,85244
85247,85300
85247,85248
85247,85300
85243,85246
85247,85244
85328,85329
85281,85244
85237,85248
85243,85235
85247,85249
85253,85352
85253,85253
85288,85253
85247,85271
85235,85236
85276,85342
85243,85248
85247,85248
85235,85351
85260,85337
85241,85244
85247,85244
85235,85298
85247,85250
85235,85298
85253,85283
85241,85258
85247,85249
85235,85236
85241,85353
85247,85300
85235,85351
85247,85300
85235,85298
85288,85244
85231,85275
85247,85271
85276,85342
85239,85240
85281,85354
85257,85306
85269,85254
85288,85245
85239,85294
85256,85258
85281,85280
85235,85298
85256,85250
85241,85340
85257,85311
85235,85253
85239,85253
85256,85258
85277,85311
85281,85244
85241,85340
85257,85273
85233,85291
85239,85301
85281,85274
85256,85244
85256,85244
85235,85244
85269,85314
85235,85250
85231,85232
85254,85255
85247,85249
85247,85250
85256,85244
85247,85271
85235,85298
85276,85297
85256,85258
85269,85310
85256,85250
85235,85298
85269,85282
85256,85233
85235,85244
85269,85311
85256,85244
85235,85248
85254,85255
85269,85273
85256,85258
85336,85247
85254,85249
85269,85310
85272,85318
85247,85248
85243,85235
85241,85323
85235,85351
85247,85250
85276,85355
85272,85280
85235,85298
85288,85231
85276,85356
85247,85244
85235,85236
85254,85255
85243,85250
85247,85248
85272,85282
85235,85298
85243,85248
85247,85249
85235,85298
85260,85337
85272,85273
85247,85300
85235,85236
85243,85244
85247,85271
85247,85300
85254,85255
85243,85235
85235,85236
85251,85310
85243,85253
85247,85244
85272,85280
85233,85357
85235,85351
85251,85316
85254,85255
85247,85248
85233,85358
85235,85298
85235,85351
85254,85255
85237,85250
85272,85282
85235,85236
85254,85249
85247,85250
85272,85318
85235,85298
85243,85246
85254,85249
85247,85271
85272,85316
85247,85249
85241,85340
85272,85318
85241,85274
85235,85236
85241,85258
85276,85297
85253,85339
85251,85255
85254,85249
85247,85300
85235,85298
85233,85234
85254,85249
85247,85244
85235,85236
85251,85273
85241,85244
85243,85259
85247,85249
85235,85298
85241,85236
85247,85250
85235,85351
85241,85353
85247,85271
85235,85236
85247,85249
85254,85255
85241,85274
85235,85351
85235,85236
85328,85247
85276,85342
85272,85273
85247,85244
85241,85323
85235,85298
85254,85249
85235,85236
85241,85340
85260,85337
85247,85300
85276,85297
85247,85271
85235,85351
85241,85231
85247,85248
85254,85249
85235,85298
85241,85253
85260,85337
85233,85313
85254,85255
85247,85250
85256,85359
85245,85287
85257,85268
85253,85275
85231,85244
85245,85250
85239,85289
85254,85249
85235,85236
85257,85280
85233,85334
85241,85340
85256,85349
85288,85242
85247,85248
85243,85246
85239,85343
85254,85255
85235,85244
85241,85340
85256,85354
85233,85251
85257,85255
85288,85244
85272,85273
85247,85244
85253,85360
85302,85290
85243,85235
85243,85274
85294,85345
85247,85300
85294,85282
85302,85304
85302,85361
85245,85287
85257,85306
85235,85253
85233,85263
85241,85340
85256,85360
85288,85245
85294,85345
85243,85248
85302,85247
85245,85244
85239,85294
85254,85249
85235,85244
85257,85314
85233,85234
85241,85340
85256,85362
85247,85249
85288,85253
85302,85294
85308,85252
85287,85310
85272,85280
85245,85246
85253,85268
85243,85244
85302,85294
85308,85280
85287,85309
85281,85363
85237,85360
85247,85250
85254,85249
85262,85304
85239,85289
85364,85240
85241,85244
85308,85273
85287,85307
85256,85250
85233,85276
85288,85267
85257,85280
85243,85235
85235,85253
85269,85347
85257,85310
85288,85268
85235,85250
85239,85253
85254,85255
85235,85248
85241,85340
85256,85233
85233,85263
85308,85254
85287,85309
85257,85268
85288,85275
85269,85273
85256,85233
85253,85268
85243,85250
85247,85250
85237,85349
85308,85311
85287,85310
85254,85249
85239,85240
85262,85323
85241,85340
85256,85258
85233,85264
85245,85287
85241,85340
85233,85313
85235,85250
85288,85253
85235,85248
85239,85253
85241,85340
85256,85365
85257,85282
85233,85276
85288,85268
85253,85283
85243,85250
85245,85246
85235,85250
85281,85287
85254,85249
85239,85294
85241,85340
85256,85233
85233,85264
85288,85304
85269,85311
85245,85244
85235,85248
85239,85301
85233,85334
85257,85255
85241,85340
85256,85244
85239,85289
85235,85236
85241,85340
85257,85282
85233,85264
85253,85244
85239,85240
85235,85253
85281,85250
85256,85250
85241,85340
85241,85340
85257,85314
85239,85294
85281,85253
85256,85258
85235,85236
85241,85340
85253,85232
85233,85313
85257,85280
85288,85304
85239,85240
85235,85244
85233,85263
85233,85334
85256,85244
85294,85270
85257,85273
85253,85366
85233,85251
85308,85254
85287,85282
85256,85258
85294,85270
85302,85361
85245,85244
85239,85253
85262,85284
85257,85310
85235,85253
85233,85234
85241,85340
85256,85298
85294,85254
85308,85282
85287,85256
85302,85324
85245,85246
85239,85301
85257,85311
85262,85231
85235,85250
85239,85240
85245,85250
85288,85247
85269,85270
85245,85250
85235,85244
85254,85255
85241,85340
85256,85365
85281,85231
85233,85291
85294,85273
85269,85282
85233,85322
85272,85316
85245,85287
85239,85289
85235,85236
85254,85255
85241,85340
85262,85250
85256,85250
85233,85317
85294,85311
85269,85255
85302,85324
85302,85361
85269,85273
85269,85318
85235,85236
85233,85251
85243,85235
85269,85254
85235,85367
85254,85249
85247,85244
85260,85261
85277,85368
85256,85244
85253,85369
85233,85322
85243,85250
85254,85255
85235,85298
85247,85249
85277,85368
85260,85261
85256,85244
85253,85290
85233,85334
85243,85244
85254,85255
85247,85244
85253,85360
85277,85370
85262,85244
85256,85250
85254,85255
85256,85233
85260,85261
85277,85371
85253,85372
85241,85236
85233,85264
85243,85253
85247,85271
85254,85255
85260,85261
85277,85373
85256,85298
85237,85374
85253,85242
85241,85231
85233,85317
85235,85236
85243,85250
85254,85249
85247,85248
85260,85261
85277,85375
85237,85376
85260,85261
85235,85236
85237,85374
85247,85271
85237,85377
85235,85351
85241,85340
85253,85304
85233,85276
85254,85255
85288,85268
85260,85261
85277,85370
85237,85378
85247,85248
85241,85258
85253,85339
85235,85298
85243,85248
85269,85318
85233,85317
85288,85247
85254,85249
85260,85261
85277,85375
85237,85379
85277,85375
85260,85261
85254,85255
85288,85275
85256,85233
85253,85339
85233,85291
85254,85249
85247,85248
85277,85375
85260,85261
85235,85298
85256,85250
85237,85380
85253,85366
85235,85298
85233,85313
85254,85249
85277,85381
85260,85261
85256,85250
85247,85250
85235,85236
85237,85382
85241,85244
85253,85283
85251,85282
85233,85234
85288,85231
85247,85300
85247,85249
85233,85263
85237,85376
85254,85249
85256,85298
85328,85247
85241,85236
85262,85284
85260,85261
85277,85383
85247,85248
85233,85276
85245,85246
85243,85248
85257,85255
85288,85245
85251,85345
85253,85283
85237,85374
85254,85249
85256,85250
85241,85353
85262,85233
85260,85261
85277,85384
85288,85253
85328,85267
85243,85250
85233,85322
85256,85244
85328,85323
85260,85261
85239,85253
85262,85283
85241,85258
85277,85385
85233,85264
85247,85244
85243,85246
85249,85248
85237,85386
85253,85267
85254,85255
85256,85365
85239,85240
85328,85239
85262,85323
85241,85274
85260,85261
85336,85247
85277,85387
85247,85250
85281,85280
85233,85291
85247,85271
85235,85236
85243,85244
85281,85304
85247,85250
85231,85232
85237,85376
85254,85249
85256,85233
85253,85283
85241,85253
85260,85261
85277,85388
85328,85250
85233,85313
85243,85246
85247,85249
85235,85298
85288,85267
85254,85249
85256,85298
85253,85339
85237,85389
85260,85261
85277,85390
85235,85236
85233,85263
85328,85250
85262,85231
85243,85244
85249,85244
85257,85273
85237,85391
85254,85255
85256,85244
85253,85366
85241,85274
85260,85261
85277,85392
85262,85287
85243,85235
85328,85244
85233,85317
85243,85248
85247,85244
85235,85236
85269,85310
85237,85374
85254,85255
85253,85290
85241,85258
85260,85261
85277,85393
85281,85281
85241,85340
85235,85236
85253,85290
85237,85248
85241,85236
85235,85298
85247,85248
85336,85247
85237,85247
85241,85340
85260,85394
85231,85232
85253,85290
85253,85244
85237,85395
85237,85244
85364,85396
85253,85275
85233,85234
85231,85267
85249,85250
85249,85235
85249,85248
85249,85249
85262,85233
85249,85248
85247,85250
85249,85259
85233,85263
85241,85274
85235,85236
85247,85271
85288,85268
85235,85298
85247,85248
85328,85239
85233,85276
85247,85249
85235,85236
85237,85250
85235,85351
85247,85250
85241,85244
85288,85275
85253,85290
85235,85298
85247,85244
85237,85244
85336,85337
85241,85340
85269,85311
85235,85298
85247,85300
85235,85236
85249,85235
85249,85249
85249,85244
85233,85251
85237,85397
85249,85244
85260,85261
85237,85238
85247,85248
85251,85310
85336,85247
85249,85235
85262,85287
85272,85282
85249,85235
85262,85323
85243,85274
85277,85282
85272,85316
85249,85249
85272,85282
85233,85276
85276,85342
85272,85273
85251,85311
85247,85244
85276,85237
85237,85398
85262,85244
85237,85399
85249,85250
85237,85400
85249,85259
85247,85249
85260,85261
85237,85268
85237,85239
85237,85401
85237,85259
85237,85402
85237,85283
85288,85304
85251,85255
85237,85403
85237,85250
85233,85322
85249,85249
85276,85255
85237,85278
85237,85404
85288,85247
85249,85250
85237,85405
85243,85253
85237,85245
85241,85236
85260,85406
85247,85249
85288,85245
85241,85353
85260,85261
85277,85407
85233,85291
85247,85250
85235,85236
85243,85250
85254,85249
85241,85236
85260,85408
85277,85409
85262,85250
85247,85271
85235,85298
85243,85244
85254,85255
85288,85247
85241,85231
85260,85410
85277,85411
85247,85244
85235,85236
85254,85249
85243,85253
85235,85351
85247,85244
85254,85249
85260,85261
85277,85370
85237,85412
85247,85271
85241,85274
85235,85298
85253,85283
85243,85246
85276,85342
85288,85281
85254,85255
85254,85255
85277,85370
85233,85334
85247,85249
85249,85248
85253,85366
85243,85259
85254,85255
85260,85261
85277,85375
85233,85251
85262,85284
85260,85261
85254,85255
85276,85262
85262,85323
85235,85351
85249,85250
85260,85406
85262,85231
85247,85248
85235,85298
85241,85258
85237,85413
85260,85414
85262,85244
85235,85236
85241,85231
85269,85273
85260,85415
85235,85236
85241,85274
85247,85244
85237,85416
85260,85414
85243,85253
85235,85298
85247,85271
85235,85298
85247,85250
85262,85323
85260,85417
85251,85311
85237,85412
85253,85290
85247,85249
85235,85236
85254,85249
85260,85418
85233,85264
85247,85250
85243,85246
85235,85298
85254,85249
85260,85410
85288,85281
85262,85250
85260,85419
85247,85300
85235,85298
85254,85255
85260,85420
85247,85248
85235,85236
85241,85353
85233,85322
85253,85339
85253,85366
85253,85275
85257,85268
85249,85249
85231,85232
85269,85311
85233,85234
85336,85337
85249,85259
85277,85421
85247,85244
85237,85422
85253,85290
85256,85250
85257,85310
85241,85253
85254,85255
85235,85298
85260,85261
85281,85423
85272,85316
85302,85361
85245,85250
85231,85267
85262,85323
85239,85240
85269,85282
85239,85289
85328,85244
85262,85304
85272,85280
85241,85340
85281,85424
85239,85253
85231,85244
85245,85287
85262,85267
85272,85282
85302,85324
85233,85276
85269,85273
85247,85250
85249,85235
85277,85425
85237,85426
85256,85244
85243,85248
85253,85244
85241,85231
85235,85298
85260,85261
85257,85255
85281,85363
85245,85244
85302,85304
85233,85264
85277,85427
85249,85250
85281,85274
85231,85244
85269,85270
85336,85247
85235,85236
85239,85294
85328,85247
85233,85313
85262,85287
85245,85244
85249,85244
85277,85428
85302,85231
85241,85253
85237,85429
85257,85282
85254,85249
85253,85283
85256,85233
85260,85261
85281,85349
85247,85271
85239,85253
85260,85261
85256,85244
85247,85249
85254,85249
85237,85429
85253,85267
85241,85323
85257,85280
85247,85250
85254,85255
85256,85258
85260,85261
85235,85236
85281,85430
85272,85282
85235,85236
85231,85275
85328,85323
85239,85301
85245,85246
85233,85263
85249,85249
85277,85431
85302,85324
85237,85432
85241,85236
85257,85273
85253,85275
85262,85267
85260,85261
85253,85267
85256,85250
85254,85249
85231,85244
85239,85294
85262,85287
85233,85317
85281,85311
85302,85361
85260,85261
85269,85310
85241,85353
85328,85247
85249,85248
85237,85433
85277,85310
85243,85253
85256,85258
85235,85434
85245,85250
85253,85366
85231,85275
85247,85244
85262,85250
85239,85301
85253,85275
85251,85309
85247,85248
85256,85250
85245,85246
85249,85235
85237,85435
85277,85273
85256,85258
85253,85244
85243,85244
85251,85314
85247,85249
85231,85267
85262,85323
85288,85268
85239,85240
85302,85247
85260,85261
85241,85274
85308,85280
85287,85354
85245,85287
85249,85249
85237,85426
85277,85255
85235,85298
85243,85253
85233,85334
85233,85264
85233,85291
85308,85311
85287,85328
85237,85436
85260,85261
85256,85258
85243,85250
85253,85244
85235,85236
85257,85241
85245,85246
85281,85437
85262,85304
85239,85283
85231,85275
85308,85280
85287,85288
85272,85318
85302,85247
85336,85337
85233,85322
85328,85304
85249,85248
85277,85308
85237,85438
85308,85254
85277,85280
85249,85244
85328,85250
85287,85362
85269,85282
85241,85244
85249,85250
85277,85306
85237,85438
85260,85261
85256,85244
85243,85246
85253,85290
85235,85298
85302,85294
85251,85268
85281,85255
85254,85249
85308,85273
85287,85254
85247,85271
85231,85244
85233,85251
85239,85289
85262,85284
85272,85316
85269,85270
85245,85250
85241,85236
85235,85344
85262,85231
85237,85376
85277,85439
85247,85244
85233,85234
85253,85290
85245,85250
85249,85259
85243,85248
85257,85282
85231,85275
85254,85255
85269,85282
85262,85244
85241,85340
85256,85360
85328,85372
85237,85374
85260,85261
85239,85253
85277,85440
85247,85271
85233,85276
85245,85244
85260,85261
85281,85231
85328,85304
85262,85287
85235,85236
85231,85275
85257,85306
85254,85249
85256,85349
85237,85441
85269,85270
85262,85250
85239,85253
85328,85323
85260,85261
85247,85248
85277,85442
85233,85313
85253,85244
85243,85244
85245,85287
85249,85249
85257,85310
85231,85244
85254,85249
85256,85241
85269,85311
85239,85301
85253,85244
85243,85253
85249,85248
85241,85340
85277,85439
85237,85374
85233,85251
85247,85248
85245,85244
85243,85250
85249,85235
85281,85250
85253,85274
85262,85267
85254,85249
85256,85250
85260,85261
85239,85301
85241,85244
85277,85385
85233,85234
85247,85249
85245,85287
85237,85376
85235,85298
85243,85235
85260,85261
85239,85240
85328,85304
85256,85233
85257,85280
85288,85304
85231,85268
85254,85255
85256,85258
85262,85304
85328,85250
85260,85261
85241,85253
85239,85294
85237,85441
85249,85250
85277,85443
85336,85337
85233,85334
85245,85250
85281,85244
85249,85250
85253,85253
85257,85306
85288,85244
85231,85244
85254,85249
85262,85231
85247,85300
85243,85235
85245,85246
85233,85317
85247,85300
85269,85318
85239,85240
85245,85287
85328,85239
85262,85250
85233,85251
85277,85442
85235,85298
85249,85249
85302,85304
85231,85275
85257,85311
85237,85444
85241,85274
85254,85249
85253,85244
85260,85261
85256,85258
85239,85289
85328,85242
85245,85250
85247,85271
85281,85253
85253,85239
85260,85261
85254,85255
85277,85445
85249,85250
85231,85275
85243,85235
85237,85429
85254,85255
85256,85233
85260,85261
85253,85290
85272,85280
85281,85314
85262,85284
85247,85248
85239,85301
85328,85247
85262,85244
85235,85238
85277,85439
85233,85334
85249,85244
85231,85244
85237,85429
85241,85353
85256,85250
85269,85310
85328,85239
85233,85263
85235,85298
85247,85249
85262,85233
85328,85267
85239,85294
85277,85446
85253,85290
85233,85291
85245,85244
85235,85236
85249,85235
85231,85275
85257,85314
85254,85255
85256,85447
85237,85448
85262,85233
85247,85250
85328,85244
85239,85240
85260,85261
85277,85442
85253,85253
85336,85337
85269,85273
85256,85365
85260,85261
85237,85448
85249,85235
85302,85294
85231,85244
85257,85255
85241,85258
85254,85249
85237,85449
85260,85261
85253,85239
85256,85450
85269,85254
85277,85439
85239,85294
85262,85283
85277,85439
85235,85367
85233,85322
85245,85246
85249,85259
85243,85246
85231,85244
85257,85268
85241,85244
85254,85255
85247,85300
85247,85271
85237,85451
85452,85453
85454,85455
85456,85454
85454,85457
85457,85454
85458,85459
85460,85461
85462,85463
85458,85464
85458,85465
85466,85467
85468,85469
85456,85454
85457,85454
85458,85470
85458,85470
85464,85471
85471,85472
85471,85473
85474,85475
85474,85475
85474,85476
85464,85477
85474,85476
85478,85479
85456,85454
85480,85481
85482,85483
85484,85474
85482,85485
85486,85487
85488,85474
85474,85484
85477,85489
85477,85489
85490,85491
85482,85492
85482,85493
85468,85494
85488,85474
85482,85492
85482,85485
85468,85495
85496,85497
85454,85498
85499,85500
85492,85482
85487,85486
85501,85468
85486,85487
85502,85458
85454,85457
85501,85468
85454,85455
85462,85463
85503,85504
85505,85506
85464,85471
85507,85508
85503,85464
85507,85508
85508,85507
85454,85455
85456,85454
85509,85458
85510,85474
85491,85490
85490,85491
85511,85512
85507,85513
85458,85509
85499,85500
85490,85491
85512,85511
85512,85511
85512,85511
85477,85464
85466,85514
85512,85511
85511,85512
85464,85497
85480,85512
85490,85491
85515,85516
85464,85515
85468,85517
85471,85472
85506,85505
85518,85519
85471,85473
85471,85473
85471,85520
85473,85471
85471,85473
85471,85520
85464,85471
85471,85473
85520,85471
85458,85470
85521,85474
85458,85509
85509,85458
85471,85520
85474,85522
85458,85509
85464,85503
85523,85499
85488,85474
85474,85524
85474,85525
85474,85524
85468,85526
85512,85512
85503,85527
85484,85474
85456,85454
85510,85474
85466,85514
85464,85497
85480,85512
85480,85512
85464,85528
85464,85515
85474,85529
85464,85519
85464,85519
85464,85515
85519,85518
85464,85507
85464,85458
85529,85474
85530,85474
85474,85530
85530,85474
85474,85531
85464,85507
85464,85462
85464,85519
85478,85479
85518,85519
85464,85503
85521,85474
85464,85471
85474,85521
85464,85519
85518,85519
85484,85474
85474,85484
85484,85474
85464,85519
85474,85484
85484,85474
85486,85487
85474,85484
85487,85486
85486,85487
85480,85481
85456,85454
85456,85454
85466,85467
85456,85454
85464,85471
85464,85477
85478,85479
85505,85506
85464,85471
85506,85505
85518,85519
85464,85519
85503,85532
85464,85458
85464,85533
85519,85534
85479,85535
85484,85474
85477,85464
85462,85536
85468,85537
85538,85506
85507,85513
85539,85481
85474,85484
85484,85474
85482,85493
85497,85496
85464,85519
85496,85497
85477,85540
85496,85497
85474,85484
85488,85474
85496,85497
85539,85481
85490,85491
85481,85539
85468,85501
85496,85497
85537,85468
85519,85464
85518,85519
85464,85466
85464,85466
85466,85514
85514,85466
85464,85541
85456,85454
85464,85519
85464,85519
85464,85497
85456,85454
85479,85478
85542,85466
85466,85542
85543,85544
85542,85466
85499,85545
85464,85499
85474,85521
85495,85468
85452,85453
85452,85546
85547,85454
85482,85493
85482,85548
85464,85519
85464,85549
85495,85468
85511,85512
85477,85489
85514,85466
85519,85534
85464,85466
85514,85466
85541,85550
85482,85551
85482,85551
85477,85489
85464,85533
85464,85549
85465,85458
85464,85466
85458,85465
85507,85552
85553,85554
85464,85458
85499,85458
85519,85555
85556,85557
85558,85458
85556,85557
85465,85458
85458,85464
85491,85490
85559,85471
85466,85514
85466,85464
85474,85560
85561,85541
85518,85519
85485,85482
85470,85458
85464,85497
85507,85562
85507,85563
85491,85490
85564,85474
85541,85513
85528,85565
85558,85458
85566,85541
85464,85519
85464,85519
85456,85454
85464,85541
85541,85566
85541,85566
85566,85541
85560,85474
85566,85541
85567,85471
85514,85466
85519,85568
85458,85465
85458,85569
85485,85482
85482,85551
85557,85556
85477,85489
85484,85474
85570,85528
85530,85474
85474,85530
85528,85571
85530,85474
85529,85474
85464,85458
85572,85528
85477,85489
85573,85544
85528,85570
85464,85507
85478,85479
85458,85574
85458,85574
85491,85490
85454,85455
85534,85519
85515,85575
85482,85551
85576,85515
85528,85570
85514,85466
85554,85553
85544,85577
85464,85519
85479,85478
85478,85479
85477,85489
85507,85552
85465,85458
85479,85578
85477,85489
85464,85519
85507,85579
85507,85579
85507,85579
85507,85513
85580,85462
85462,85580
85462,85462
85464,85462
85507,85513
85464,85507
85507,85513
85474,85531
85581,85466
85497,85464
85582,85583
85582,85584
85491,85490
85480,85512
85507,85585
85586,85499
85587,85458
85544,85588
85544,85577
85519,85589
85464,85519
85515,85516
85519,85518
85518,85519
85464,85519
85462,85590
85519,85518
85591,85544
85491,85490
85499,85458
85592,85497
85466,85593
85486,85594
85560,85474
85499,85458
85499,85513
85464,85499
85458,85499
85458,85499
85595,85466
85468,85596
85544,85591
85474,85529
85489,85477
85465,85458
85477,85597
85541,85598
85541,85599
85565,85528
85528,85565
85464,85528
85482,85485
85599,85541
85466,85600
85574,85458
85601,85471
85528,85513
85519,85589
85519,85602
85603,85512
85575,85515
85604,85468
85575,85515
85474,85488
85464,85515
85482,85551
85474,85488
85477,85489
85488,85474
85468,85495
85519,85464
85482,85493
85466,85605
85454,85457
85454,85457
85606,85466
85454,85457
85474,85484
85482,85493
85496,85497
85479,85478
85515,85607
85607,85515
85497,85464
85522,85474
85502,85458
85608,85458
85609,85507
85515,85607
85610,85466
85586,85499
85509,85458
85507,85611
85541,85612
85456,85454
85454,85455
85490,85491
85607,85515
85457,85454
85607,85515
85461,85613
85614,85466
85607,85515
85499,85615
85528,85616
85616,85528
85519,85568
85519,85568
85519,85568
85454,85617
85454,85617
85468,85494
85499,85545
85542,85466
85454,85618
85619,85458
85543,85544
85586,85499
85499,85458
85499,85458
85466,85542
85477,85489
85477,85489
85542,85466
85478,85479
85461,85620
85466,85605
85518,85519
85621,85544
85556,85557
85507,85552
85553,85554
85499,85458
85519,85555
85556,85557
85558,85458
85465,85458
85458,85464
85491,85490
85458,85465
85485,85482
85491,85490
85482,85551
85479,85478
85477,85489
85559,85471
85507,85552
85458,85465
85477,85489
85541,85566
85541,85566
85566,85541
85560,85474
85566,85541
85567,85471
85519,85568
85474,85560
85466,85464
85514,85466
85519,85534
85514,85466
85541,85550
85482,85551
85482,85551
85465,85458
85566,85541
85465,85458
85477,85489
85570,85528
85528,85571
85572,85528
85573,85544
85528,85570
85528,85570
85478,85479
85458,85574
85458,85574
85491,85490
85454,85455
85534,85519
85515,85575
85482,85551
85576,85515
85484,85474
85479,85578
85477,85489
85477,85489
85507,85579
85507,85579
85507,85579
85507,85513
85580,85462
85462,85580
85462,85462
85507,85513
85507,85513
85581,85466
85497,85464
85582,85583
85544,85577
85554,85553
85514,85466
85557,85556
85558,85458
85528,85565
85541,85513
85616,85528
85519,85568
85519,85568
85519,85568
85454,85617
85454,85617
85468,85494
85454,85618
85619,85458
85586,85499
85499,85458
85499,85458
85477,85489
85477,85489
85478,85479
85528,85616
85461,85620
85499,85615
85614,85466
85468,85596
85499,85458
85592,85497
85466,85593
85486,85594
85560,85474
85499,85458
85499,85513
85458,85499
85458,85499
85595,85466
85468,85495
85482,85493
85466,85605
85466,85605
85607,85515
85461,85613
85607,85515
85457,85454
85541,85612
85454,85455
85490,85491
85586,85499
85519,85464
85507,85585
85458,85569
85561,85541
85518,85519
85485,85482
85470,85458
85507,85562
85507,85563
85491,85490
85564,85474
85507,85611
85509,85458
85586,85499
85610,85466
85522,85474
85454,85457
85454,85457
85606,85466
85454,85457
85474,85484
85482,85493
85621,85544
85496,85497
85607,85515
85497,85464
85502,85458
85607,85515
85608,85458
85609,85507
85515,85607
85515,85607
85491,85490
85582,85584
85518,85519
85454,85457
85462,85590
85482,85483
85484,85474
85454,85455
85501,85468
85454,85457
85502,85458
85501,85468
85492,85482
85499,85500
85454,85498
85496,85497
85468,85495
85482,85485
85457,85454
85482,85492
85458,85459
85462,85463
85471,85472
85468,85526
85462,85463
85474,85476
85474,85476
85474,85475
85474,85475
85471,85473
85471,85472
85458,85470
85458,85470
85457,85454
85468,85469
85458,85465
85458,85464
85460,85461
85488,85474
85468,85494
85482,85493
85539,85481
85507,85513
85538,85506
85468,85537
85462,85536
85477,85464
85479,85535
85519,85534
85482,85493
85537,85468
85519,85464
85482,85548
85482,85493
85547,85454
85452,85546
85497,85496
85496,85497
85496,85497
85477,85540
85482,85492
85490,85491
85477,85489
85477,85489
85488,85474
85482,85485
85503,85504
85471,85473
85503,85527
85468,85501
85481,85539
85490,85491
85539,85481
85496,85497
85488,85474
85496,85497
85503,85532
85471,85473
85454,85455
85473,85471
85519,85589
85528,85513
85601,85471
85574,85458
85466,85600
85599,85541
85482,85485
85528,85565
85565,85528
85541,85599
85541,85598
85477,85597
85465,85458
85477,85489
85511,85512
85519,85602
85512,85512
85603,85512
85604,85468
85519,85518
85515,85516
85519,85589
85544,85577
85544,85588
85587,85458
85591,85544
85544,85591
85489,85477
85488,85474
85477,85489
85474,85488
85482,85551
85471,85520
85575,85515
85575,85515
85511,85512
85474,85488
85477,85464
85468,85517
85474,85524
85474,85525
85474,85524
85488,85474
85523,85499
85458,85509
85515,85516
85474,85522
85458,85509
85458,85470
85520,85471
85471,85473
85471,85520
85471,85473
85512,85511
85509,85458
85507,85513
85471,85520
85503,85464
85512,85511
85507,85508
85512,85511
85512,85511
85490,85491
85499,85500
85458,85509
85511,85512
85490,85491
85490,85491
85491,85490
85509,85458
85454,85455
85508,85507
85507,85508
