87256,87257
87258,87259
87260,87261
87262,87263
87264,87256
87265,87266
87267,87268
87269,87263
87270,87271
87265,87272
87273,87274
87275,87276
87277,87278
87279,87276
87280,87276
87267,87281
87280,87282
87264,87283
87262,87284
87285,87286
87279,87259
87262,87276
87275,87276
87256,87265
87287,87288
87270,87289
87290,87276
87285,87269
87275,87291
87258,87291
87277,87265
87280,87289
87279,87284
87267,87292
87265,87293
87264,87294
87269,87295
87258,87274
87290,87296
87256,87257
87270,87275
87285,87286
87277,87297
87269,87282
87263,87284
87256,87298
87299,87284
87263,87291
87264,87300
87269,87276
87258,87301
87256,87261
87270,87290
87285,87258
87275,87302
87279,87291
87280,87289
87265,87303
87267,87304
87287,87259
87269,87295
87256,87297
87270,87289
87260,87305
87290,87290
87265,87284
87258,87276
87280,87276
87277,87305
87290,87276
87270,87306
87285,87269
87275,87291
87279,87284
87280,87295
87277,87261
87267,87307
87265,87308
87263,87309
87262,87291
87264,87294
87269,87269
87258,87301
87256,87310
87290,87290
87270,87276
87285,87269
87279,87311
87267,87312
87262,87276
87290,87290
87265,87281
87290,87276
87256,87278
87313,87278
87275,87314
87267,87315
87270,87289
87287,87316
87273,87295
87285,87269
87280,87276
87277,87317
87269,87269
87279,87291
87264,87294
87265,87272
87318,87261
87262,87280
87260,87265
87258,87301
87258,87276
87262,87319
87318,87305
87299,87320
87264,87283
87285,87258
87260,87305
87265,87321
87318,87322
87262,87291
87258,87284
87256,87298
87313,87323
87290,87290
87275,87302
87267,87324
87270,87275
87285,87325
87280,87289
87277,87310
87263,87276
87264,87256
87279,87311
87265,87266
87287,87326
87264,87283
87256,87310
87270,87290
87279,87276
87267,87303
87265,87281
87264,87283
87260,87297
87258,87284
87327,87328
87290,87290
87256,87305
87287,87275
87273,87275
87270,87306
87285,87269
87275,87311
87277,87317
87280,87295
87279,87291
87267,87329
87269,87276
87269,87295
87277,87261
87280,87295
87285,87330
87287,87331
87267,87332
87285,87269
87275,87284
87277,87265
87280,87282
87269,87263
87279,87259
87333,87334
87313,87261
87264,87256
87262,87284
87260,87335
87258,87259
87290,87296
87256,87261
87313,87298
87287,87274
87270,87276
87275,87302
87265,87293
87279,87284
87269,87276
87267,87272
87275,87276
87277,87305
87267,87263
87260,87261
87263,87284
87269,87263
87285,87284
87270,87289
87313,87310
87275,87263
87277,87265
87267,87329
87260,87323
87263,87259
87290,87276
87269,87276
87285,87276
87287,87292
87313,87298
87313,87335
87275,87276
87285,87284
87263,87276
87285,87325
87313,87298
87280,87282
87277,87297
87275,87314
87287,87269
87267,87320
87263,87284
87260,87305
87256,87278
87269,87269
87285,87276
87270,87290
87313,87261
87280,87295
87277,87317
87275,87311
87267,87336
87260,87297
87269,87295
87277,87278
87267,87273
87260,87278
87287,87331
87313,87261
87275,87320
87267,87280
87277,87297
87264,87256
87263,87276
87270,87269
87287,87280
87313,87335
87275,87337
87267,87338
87264,87283
87260,87297
87269,87295
87263,87284
87287,87316
87313,87310
87279,87259
87270,87339
87269,87269
87263,87276
87277,87278
87263,87317
87269,87271
87287,87259
87313,87335
87275,87291
87277,87261
87263,87291
87269,87282
87285,87284
87269,87276
87287,87280
87275,87311
87267,87320
87277,87310
87263,87317
87269,87263
87287,87288
87313,87278
87275,87284
87267,87339
87313,87340
87263,87317
87260,87265
87267,87329
87260,87341
87263,87309
87264,87283
87269,87276
87285,87258
87280,87276
87279,87276
87275,87337
87267,87338
87287,87288
87263,87284
87264,87294
87269,87282
87285,87258
87280,87295
87313,87340
87277,87261
87275,87291
87267,87276
87287,87342
87267,87343
87275,87276
87277,87297
87263,87276
87260,87278
87264,87294
87269,87263
87290,87276
87313,87335
87270,87276
87285,87258
87280,87289
87260,87297
87279,87259
87275,87284
87267,87344
87263,87343
87287,87269
87264,87283
87269,87269
87290,87290
87285,87258
87279,87291
87277,87310
87275,87311
87263,87291
87285,87258
87264,87294
87269,87263
87313,87340
87280,87289
87277,87317
87275,87284
87287,87316
87260,87341
87267,87284
87264,87256
87263,87276
87269,87269
87285,87325
87270,87306
87313,87310
87280,87289
87277,87305
87275,87302
87287,87275
87263,87343
87260,87278
87267,87280
87275,87291
87280,87295
87313,87302
87277,87265
87275,87284
87267,87339
87260,87335
87263,87317
87280,87276
87345,87278
87264,87283
87275,87302
87267,87263
87260,87335
87263,87309
87269,87295
87285,87258
87280,87282
87313,87278
87304,87275
87277,87278
87287,87276
87277,87305
87265,87266
87270,87290
87308,87280
87290,87284
87263,87276
87258,87276
87269,87263
87273,87269
87285,87284
87256,87257
87260,87297
87277,87297
87274,87284
87275,87302
87279,87276
87287,87280
87264,87294
87267,87346
87262,87280
87318,87347
87308,87288
87311,87311
87290,87275
87299,87342
87267,87321
87290,87290
87299,87276
87326,87348
87263,87343
87311,87284
87304,87275
87258,87291
87269,87269
87285,87284
87313,87261
87256,87278
87274,87276
87279,87259
87275,87314
87265,87281
87287,87342
87318,87258
87264,87294
87280,87276
87262,87291
87263,87284
87258,87274
87304,87274
87256,87305
87285,87284
87260,87278
87277,87317
87279,87291
87265,87293
87264,87256
87274,87319
87287,87318
87299,87276
87275,87311
87318,87276
87311,87263
87262,87319
87258,87259
87290,87304
87263,87309
87267,87349
87256,87261
87280,87295
87269,87276
87304,87290
87273,87295
87269,87282
87285,87276
87256,87310
87260,87265
87277,87265
87279,87291
87265,87272
87264,87256
87274,87319
87308,87280
87275,87291
87299,87290
87270,87275
87318,87350
87262,87284
87290,87290
87258,87301
87263,87291
87267,87351
87308,87284
87287,87331
87262,87276
87267,87352
87280,87353
87256,87261
87274,87284
87260,87297
87275,87284
87311,87311
87280,87269
87308,87298
87279,87259
87267,87269
87262,87280
87269,87276
87263,87317
87299,87275
87285,87276
87304,87274
87258,87259
87273,87274
87265,87272
87256,87298
87275,87263
87313,87335
87327,87261
87290,87275
87273,87271
87275,87291
87290,87354
87265,87293
87274,87291
87256,87305
87260,87323
87355,87317
87311,87263
87274,87319
87318,87258
87263,87276
87280,87356
87269,87295
87279,87276
87267,87332
87262,87319
87304,87275
87285,87284
87258,87301
87308,87276
87308,87304
87260,87335
87311,87276
87267,87273
87308,87284
87262,87263
87263,87284
87269,87295
87311,87291
87304,87269
87258,87284
87285,87276
87313,87340
87256,87357
87260,87305
87265,87308
87277,87261
87275,87311
87274,87291
87318,87358
87279,87284
87287,87269
87287,87274
87280,87289
87279,87291
87277,87305
87318,87358
87290,87276
87280,87289
87279,87311
87308,87354
87287,87359
87267,87266
87262,87284
87269,87269
87275,87276
87263,87309
87304,87360
87258,87274
87313,87361
87265,87362
87256,87297
87274,87276
87260,87261
87275,87302
87345,87265
87285,87269
87269,87282
87285,87269
87260,87363
87285,87364
87269,87269
87277,87265
87263,87343
87318,87365
87279,87284
87280,87289
87264,87366
87260,87261
87265,87281
87299,87275
87262,87263
87258,87301
87274,87284
87267,87266
87275,87291
87256,87310
87287,87279
87313,87367
87308,87331
87285,87269
87270,87269
87275,87284
87290,87318
87273,87280
87256,87297
87269,87276
87313,87278
87270,87306
87308,87276
87285,87269
87263,87276
87277,87317
87318,87351
87279,87276
87260,87368
87280,87276
87264,87256
87265,87266
87299,87290
87258,87276
87274,87319
87256,87298
87269,87263
87277,87261
87263,87343
87290,87275
87256,87297
87275,87276
87274,87269
87270,87276
87269,87276
87277,87278
87279,87284
87264,87294
87265,87272
87260,87341
87299,87342
87280,87295
87262,87263
87258,87274
87290,87276
87256,87357
87313,87297
87275,87311
87258,87291
87262,87276
87318,87369
87280,87276
87279,87291
87264,87283
87318,87278
87280,87282
87265,87293
87299,87276
87262,87280
87258,87291
87274,87276
87258,87284
87267,87267
87256,87357
87287,87329
87270,87306
87269,87295
87277,87297
87308,87308
87279,87259
87264,87300
87260,87278
87275,87284
87275,87302
87274,87329
87262,87284
87279,87259
87264,87294
87265,87293
87274,87276
87287,87276
87299,87275
87275,87284
87262,87263
87270,87276
87318,87284
87258,87284
87290,87354
87263,87317
87313,87335
87256,87257
87269,87269
87285,87303
87280,87295
87308,87354
87304,87370
87277,87305
87260,87371
87280,87282
87345,87261
87304,87360
87279,87284
87264,87294
87265,87308
87274,87284
87287,87372
87318,87284
87275,87276
87260,87373
87262,87276
87258,87291
87290,87276
87263,87317
87269,87263
87273,87276
87313,87298
87256,87278
87308,87374
87285,87276
87270,87276
87280,87303
87277,87297
87264,87256
87287,87362
87262,87319
87274,87291
87275,87291
87270,87289
87258,87274
87263,87284
87256,87261
87318,87276
87269,87282
87313,87323
87285,87269
87280,87289
87277,87278
87279,87311
87260,87375
87264,87294
87265,87272
87304,87354
87304,87274
87265,87281
87264,87283
87279,87311
87265,87266
87304,87376
87287,87259
87299,87320
87262,87291
87275,87276
87270,87290
87258,87276
87318,87276
87279,87276
87290,87287
87256,87305
87313,87361
87269,87295
87285,87284
87280,87282
87308,87377
87345,87378
87277,87305
87260,87379
87263,87309
87277,87317
87380,87381
87267,87284
87382,87383
87382,87384
87385,87386
87386,87385
87387,87388
87385,87389
87387,87390
87387,87390
87391,87392
87393,87391
87391,87393
87393,87394
87385,87386
87395,87396
87396,87395
87396,87395
87397,87398
87399,87400
87394,87393
87401,87402
87400,87399
87386,87385
87398,87403
87404,87405
87396,87406
87407,87398
87408,87409
87408,87409
87387,87410
87396,87411
87412,87413
87396,87411
87396,87414
87393,87387
87387,87393
87385,87386
87385,87393
87415,87416
87387,87417
87387,87417
87383,87382
87398,87418
87387,87417
87419,87420
87421,87409
87421,87409
87422,87423
87382,87424
87425,87390
87426,87427
87428,87429
87415,87416
87415,87416
87430,87431
87432,87433
87433,87432
87409,87434
87427,87426
87435,87427
87427,87435
87427,87435
87427,87436
87437,87382
87437,87382
87387,87438
87439,87396
87440,87441
87441,87440
87409,87434
87396,87442
87442,87396
87443,87444
87431,87445
87446,87446
87431,87447
87444,87448
87449,87446
87421,87409
87404,87450
87443,87444
87451,87452
87451,87453
87394,87454
87415,87416
87409,87455
87409,87455
87409,87421
87453,87451
87439,87396
87394,87454
87387,87438
87396,87456
87450,87457
87458,87422
87381,87380
87422,87458
87381,87459
87415,87416
87460,87381
87460,87381
87422,87461
87461,87422
87462,87390
87393,87390
87422,87461
87390,87463
87390,87463
87443,87444
87407,87398
87403,87398
87398,87464
87393,87416
87393,87394
87415,87416
87413,87465
87385,87466
87390,87467
87440,87468
87469,87470
87471,87398
87385,87472
87386,87385
87473,87444
87474,87475
87416,87415
87476,87409
87393,87409
87475,87477
87474,87475
87475,87478
87416,87415
87385,87386
87409,87463
87387,87393
87422,87458
87465,87413
87479,87381
87393,87381
87415,87416
87480,87401
87444,87481
87450,87482
87405,87482
87450,87483
87405,87483
87387,87484
87440,87485
87485,87440
87439,87396
87475,87478
87474,87475
87475,87477
87475,87477
87381,87486
87474,87475
87398,87393
87398,87403
87398,87418
87480,87401
87480,87401
87440,87485
87440,87441
87487,87422
87393,87422
87422,87393
87381,87393
87470,87488
87489,87398
87406,87396
87381,87490
87413,87491
87405,87457
87393,87398
87393,87385
87394,87463
87470,87488
87441,87440
87481,87444
87390,87492
87450,87483
87405,87483
87440,87493
87449,87431
87453,87451
87453,87451
87494,87399
87440,87485
87450,87482
87405,87482
87450,87483
87405,87483
87387,87484
87440,87485
87485,87440
87439,87396
87475,87478
87475,87477
87475,87477
87381,87486
87398,87393
87398,87403
87398,87418
87450,87457
87405,87457
87396,87456
87440,87441
87404,87450
87440,87493
87450,87483
87390,87463
87390,87463
87443,87444
87407,87398
87403,87398
87398,87464
87415,87416
87479,87381
87415,87416
87487,87422
87422,87393
87381,87393
87470,87488
87406,87396
87381,87490
87413,87491
87394,87463
87470,87488
87441,87440
87405,87483
87404,87405
87396,87406
87407,87398
87391,87393
87395,87396
87396,87395
87396,87395
87399,87400
87394,87393
87400,87399
87419,87420
87421,87409
87421,87409
87396,87442
87442,87396
87443,87444
87431,87445
87446,87446
87431,87447
87444,87448
87421,87409
87443,87444
87391,87392
87387,87390
87387,87390
87385,87389
87408,87409
87408,87409
87387,87410
87396,87411
87412,87413
87396,87411
87396,87414
87387,87393
87385,87393
87462,87390
87415,87416
87387,87417
87383,87382
87398,87418
87398,87403
87387,87417
87401,87402
87382,87383
87382,87384
87387,87388
87387,87417
87460,87381
87460,87381
87415,87416
87493,87413
87495,87496
87413,87497
87413,87497
87496,87498
87432,87499
87498,87496
87387,87500
87387,87484
87450,87501
87405,87501
87475,87502
87498,87496
87503,87409
87443,87444
87504,87505
87439,87396
87506,87444
87475,87507
87413,87497
87413,87493
87427,87426
87381,87508
87509,87416
87394,87510
87390,87511
87396,87512
87396,87512
87396,87512
87409,87434
87409,87434
87453,87451
87496,87513
87427,87426
87420,87514
87514,87420
87427,87426
87427,87393
87515,87396
87381,87516
87517,87394
87439,87396
87381,87380
87518,87394
87390,87467
87519,87398
87520,87431
87390,87467
87390,87467
87440,87468
87385,87472
87473,87444
87416,87415
87476,87409
87475,87477
87475,87478
87416,87415
87385,87386
87409,87463
87387,87393
87422,87458
87385,87466
87458,87422
87381,87380
87422,87458
87381,87459
87398,87418
87440,87441
87446,87521
87440,87441
87516,87381
87380,87381
87522,87523
87431,87524
87496,87513
87399,87525
87507,87475
87381,87516
87439,87396
87385,87526
87527,87422
87431,87528
87505,87505
87498,87496
87498,87496
87498,87496
87529,87530
87440,87531
87441,87440
87441,87440
87422,87487
87398,87418
87440,87441
87449,87446
87260,87532
87270,87339
87262,87320
87258,87274
87275,87311
87313,87340
87269,87276
87263,87276
87311,87276
87258,87284
87275,87291
87285,87276
87326,87533
87269,87276
87263,87284
87262,87319
87258,87284
87263,87291
87262,87263
87263,87276
87258,87291
87269,87295
87327,87322
87313,87335
87285,87271
87260,87318
87269,87534
87270,87271
87275,87284
87313,87340
87263,87259
87269,87535
87304,87290
87311,87291
87260,87341
87262,87280
87269,87269
87263,87284
87260,87341
87270,87289
87262,87319
87275,87263
87313,87298
87256,87265
87263,87276
87262,87320
87304,87536
87269,87282
87263,87276
87258,87291
87262,87319
87273,87295
87269,87276
87263,87291
87258,87301
87262,87263
87273,87276
87313,87537
87269,87295
87258,87259
87262,87291
87273,87280
87256,87305
87258,87276
87262,87280
87327,87305
87262,87284
87258,87259
87263,87291
87263,87284
87262,87276
87258,87276
87327,87317
87313,87367
87273,87269
87263,87276
87269,87295
87258,87274
87277,87297
87262,87291
87273,87276
87263,87284
87269,87295
87258,87301
87262,87280
87327,87365
87273,87271
87304,87538
87269,87276
87313,87278
87327,87278
87287,87329
87275,87320
87277,87317
87327,87539
87267,87269
87269,87364
87263,87284
87285,87276
87270,87269
87287,87269
87275,87311
87258,87291
87313,87278
87277,87297
87327,87322
87267,87540
87269,87269
87263,87291
87287,87342
87258,87276
87275,87284
87313,87261
87275,87291
87270,87306
87287,87276
87260,87265
87264,87294
87269,87282
87263,87284
87287,87275
87313,87340
87275,87320
87277,87305
87267,87276
87313,87537
87264,87279
87269,87303
87263,87291
87287,87259
87275,87276
87277,87310
87267,87336
87260,87335
87269,87269
87263,87276
87260,87261
87327,87261
87277,87265
87269,87269
87269,87269
87263,87259
87270,87276
87275,87263
87287,87372
87313,87298
87277,87278
87260,87379
87269,87269
87263,87276
87270,87275
87275,87291
87277,87317
87313,87261
87260,87373
87263,87284
87269,87269
87304,87360
87267,87302
87260,87541
87277,87261
87313,87537
87287,87274
87270,87339
87267,87284
87258,87259
87275,87284
87313,87298
87277,87278
87270,87290
87263,87259
87267,87263
87263,87284
87275,87311
87277,87305
87260,87305
87269,87535
87263,87276
87345,87265
87270,87289
87304,87269
87267,87306
87275,87276
87313,87278
87327,87369
87273,87274
87262,87284
87518,87394
87420,87514
87514,87420
87393,87427
87427,87426
87427,87393
87515,87396
87381,87516
87517,87394
87439,87396
87381,87380
87381,87508
87427,87426
87413,87493
87413,87497
87493,87413
87495,87496
87413,87497
87413,87497
87427,87426
87393,87496
87453,87451
87451,87453
87435,87427
87427,87435
87427,87435
87427,87436
87437,87382
87437,87382
87393,87444
87387,87438
87387,87438
87453,87451
87453,87451
87494,87399
87509,87416
87394,87510
87390,87511
87396,87512
87396,87512
87396,87512
87409,87434
87409,87434
87496,87498
87432,87499
87498,87496
87399,87525
87507,87475
87381,87516
87439,87396
87527,87422
87422,87487
87431,87528
87505,87505
87542,87422
87498,87496
87498,87496
87498,87496
87529,87530
87393,87530
87440,87531
87441,87440
87441,87440
87440,87441
87446,87521
87496,87513
87393,87496
87431,87524
87522,87523
87387,87500
87387,87484
87450,87501
87405,87501
87393,87444
87475,87502
87393,87496
87498,87496
87503,87409
87427,87426
87443,87444
87439,87396
87506,87444
87475,87507
87496,87513
87519,87398
87385,87526
87520,87431
87516,87381
87258,87326
87504,87505
87409,87434
87433,87432
87432,87433
87449,87446
87469,87470
87471,87398
87386,87385
87474,87475
87393,87409
87474,87475
87465,87413
87413,87465
87393,87394
87422,87461
87461,87422
87393,87390
87422,87461
87393,87416
87393,87381
87393,87422
87489,87398
87393,87398
87393,87530
87542,87422
87393,87496
87393,87496
87273,87275
87258,87284
87262,87320
87327,87539
87258,87284
87262,87276
87258,87301
87273,87271
87258,87291
87449,87431
87262,87291
87449,87451
87470,87543
87449,87451
87449,87451
87393,87444
87451,87453
87393,87427
87393,87496
87393,87444
87449,87451
87258,87274
87393,87385
87390,87492
87409,87455
87409,87421
87453,87451
87439,87396
87470,87543
87409,87434
87441,87440
87440,87441
87439,87396
87422,87423
87382,87424
87449,87451
87425,87390
87426,87427
87428,87429
87449,87451
87415,87416
87415,87416
87430,87431
87409,87455
87449,87451
87415,87416
87394,87454
87480,87401
87480,87401
87480,87401
87444,87481
87474,87475
87474,87475
87393,87387
87385,87386
87386,87385
87481,87444
87385,87386
87393,87391
87393,87394
87385,87386
87397,87398
87449,87446
87394,87454
87449,87451
87451,87452
87451,87453
87386,87385
87285,87276
87265,87266
87262,87291
87290,87263
87256,87265
87304,87354
87299,87290
87318,87358
87287,87342
87267,87274
87355,87544
87262,87284
87277,87297
87285,87276
87326,87545
87274,87284
87275,87302
87311,87311
87258,87326
87279,87284
87308,87274
87265,87293
87308,87354
87290,87354
87258,87262
87265,87272
87308,87298
87304,87360
87265,87281
87290,87362
87256,87278
87270,87280
87318,87258
87267,87284
87355,87298
87262,87319
87277,87340
87285,87276
87326,87279
87362,87546
87274,87319
87264,87294
87275,87276
87260,87305
87311,87284
87279,87291
87256,87298
87269,87276
87304,87284
87285,87269
87326,87328
87311,87311
87260,87278
87275,87311
87274,87319
87279,87276
87308,87284
87265,87362
87290,87269
87256,87261
87269,87282
87273,87269
87299,87275
87318,87358
87355,87317
87267,87263
87304,87547
87362,87548
87362,87548
87355,87297
87318,87258
87304,87290
87318,87358
87287,87280
87267,87320
87355,87357
87362,87546
87277,87310
87285,87284
87326,87549
87275,87263
87311,87291
87264,87550
87258,87274
87274,87269
87279,87354
87308,87288
87265,87266
87290,87276
87256,87297
87269,87263
87299,87342
87311,87276
87258,87259
87275,87311
87274,87276
87258,87301
87290,87354
87313,87261
87311,87311
87265,87293
87304,87284
87318,87358
87260,87371
87267,87329
87256,87297
87355,87544
87345,87305
87362,87551
87285,87276
87274,87319
87258,87274
87308,87284
87275,87284
87311,87276
87275,87284
87308,87276
87285,87269
87274,87276
87311,87263
87318,87358
87267,87284
87265,87281
87256,87257
87273,87544
87362,87552
87274,87269
87285,87271
87290,87263
87290,87269
87275,87276
87258,87291
87311,87291
87267,87320
87265,87293
87318,87358
87256,87310
87270,87306
87362,87551
87308,87280
87277,87265
87304,87269
87265,87272
87326,87549
87274,87291
87275,87553
87308,87377
87258,87284
87290,87280
87304,87275
87311,87263
87265,87266
87318,87358
87267,87290
87273,87275
87256,87357
87270,87275
87287,87274
87362,87548
87277,87278
87285,87269
87326,87256
87285,87271
87362,87546
87355,87278
87345,87299
87313,87335
87267,87339
87273,87271
87256,87305
87355,87357
87287,87331
87362,87548
87285,87284
87274,87291
87318,87258
87258,87276
87275,87291
87290,87276
87311,87284
87304,87269
87267,87554
87260,87341
87265,87281
87256,87261
87318,87358
87308,87288
87258,87276
87285,87284
87264,87294
87304,87284
87313,87323
87256,87265
87269,87263
87311,87291
87362,87555
87279,87354
87355,87335
87290,87280
87275,87302
87258,87284
87274,87284
87267,87280
87285,87276
87277,87317
87326,87328
87287,87280
87318,87258
87308,87298
87308,87274
87265,87293
87318,87358
87326,87311
87287,87288
87304,87354
87260,87335
87313,87340
87265,87281
87269,87282
87256,87298
87279,87259
87362,87548
87311,87263
87299,87556
87274,87291
87273,87295
87275,87291
87290,87276
87258,87326
87267,87263
87285,87271
87277,87261
87287,87359
87304,87290
87270,87289
87256,87261
87279,87291
87345,87261
87269,87269
87299,87308
87258,87276
87275,87276
87362,87555
87263,87259
87290,87554
87267,87276
87285,87284
87277,87323
87274,87319
87326,87256
87287,87274
87308,87284
87260,87557
87265,87272
87256,87278
87311,87276
87304,87275
87313,87298
87256,87357
87313,87278
87279,87284
87269,87276
87299,87540
87355,87297
87273,87271
87263,87317
87362,87546
87258,87301
87326,87279
87275,87284
87290,87290
87267,87320
87277,87340
87285,87284
87287,87331
87326,87294
87318,87358
87308,87280
87265,87266
87274,87291
87277,87278
87285,87276
87318,87358
87308,87377
87269,87269
87256,87357
87270,87271
87273,87280
87299,87329
87275,87276
87258,87301
87318,87258
87304,87276
87267,87276
87285,87269
87326,87256
87264,87550
87362,87546
87311,87291
87260,87261
87265,87272
87279,87259
87274,87284
87290,87290
87260,87265
87279,87354
87311,87284
87260,87297
87290,87280
87279,87311
87275,87291
87256,87305
87274,87276
87258,87291
87308,87276
87290,87269
87269,87295
87318,87358
87355,87305
87304,87339
87362,87546
87285,87276
87287,87276
87326,87545
87311,87276
87265,87266
87299,87290
87326,87311
87274,87291
87256,87278
87267,87274
87285,87284
87318,87358
87277,87305
87287,87318
87304,87269
87313,87298
87311,87311
87265,87272
87362,87546
87269,87295
87274,87276
87256,87257
87279,87291
87290,87263
87275,87302
87308,87377
87258,87276
87267,87290
87258,87284
87355,87340
87275,87284
87308,87288
87299,87308
87308,87280
87275,87553
87355,87261
87258,87326
87318,87258
87267,87284
87287,87359
87285,87271
87269,87276
87326,87294
87313,87361
87265,87293
87362,87548
87279,87284
87269,87263
87256,87310
87270,87290
87274,87319
87345,87558
87304,87360
87311,87284
87275,87291
87285,87284
87277,87297
87270,87289
87274,87319
87277,87323
87270,87269
87275,87311
87277,87265
87327,87365
87313,87261
87270,87290
87274,87276
87275,87291
87277,87261
87313,87278
87270,87306
87277,87340
87327,87317
87274,87269
87275,87276
87274,87284
87277,87323
87270,87276
87327,87322
87270,87275
87277,87340
87274,87291
87275,87559
87270,87290
87277,87310
87275,87560
87270,87269
87277,87317
87274,87276
87275,87561
87327,87261
87270,87271
87274,87319
87277,87278
87275,87560
87270,87562
87274,87284
87277,87305
87285,87276
87313,87361
87274,87276
87274,87319
87275,87320
87327,87328
87275,87276
87327,87305
87327,87261
87280,87282
87327,87369
87327,87322
87327,87365
87362,87551
87327,87278
87327,87317
87327,87369
87280,87263
87280,87563
87280,87280
87280,87295
87280,87269
87280,87289
87333,87564
87327,87539
87256,87261
87275,87337
87277,87310
87327,87305
87285,87271
87256,87297
87275,87284
87274,87291
87274,87284
87275,87337
87275,87276
87277,87305
87274,87276
87275,87263
87275,87320
87275,87311
87256,87305
87275,87291
87275,87291
87256,87278
87327,87278
87280,87306
87327,87328
87311,87276
87270,87289
87275,87291
87270,87276
87265,87281
87274,87276
87273,87280
87275,87302
87277,87310
87327,87317
87270,87282
87256,87310
87265,87266
87274,87269
87273,87276
87275,87263
87277,87305
87270,87295
87256,87357
87265,87293
87274,87291
87275,87284
87262,87263
87277,87317
87355,87317
87275,87311
87270,87275
87265,87293
87274,87319
87273,87271
87275,87291
87277,87261
87355,87335
87262,87319
87270,87290
87355,87544
87265,87281
87275,87276
87355,87305
87277,87297
87299,87290
87262,87284
87270,87269
87265,87272
87274,87284
87273,87269
87273,87276
87262,87263
87277,87340
87270,87554
87274,87276
87277,87261
87355,87278
87275,87276
87265,87266
87277,87265
87274,87291
87355,87357
87275,87291
87277,87297
87274,87284
87355,87278
87275,87302
87274,87276
87355,87305
87275,87276
87270,87306
87277,87310
87274,87319
87256,87257
87270,87276
87327,87369
87275,87311
87327,87305
87265,87281
87274,87319
87275,87314
87277,87323
87355,87297
87262,87291
87270,87271
87265,87272
87273,87295
87285,87284
87275,87553
87277,87278
87355,87340
87327,87539
87270,87280
87265,87293
87274,87284
87277,87317
87355,87261
87274,87269
87290,87290
87280,87271
87280,87269
87277,87297
87318,87258
87258,87259
87308,87288
87265,87281
87273,87276
87274,87276
87275,87311
87270,87290
87290,87354
87277,87261
87318,87358
87258,87274
87308,87280
87265,87272
87270,87289
87355,87305
87274,87269
87275,87314
87285,87276
87290,87276
87290,87284
87270,87269
87277,87305
87262,87291
87258,87274
87275,87302
87273,87269
87265,87565
87308,87284
87274,87276
87264,87279
87270,87362
87290,87280
87318,87358
87277,87323
87285,87276
87258,87276
87265,87566
87308,87280
87275,87553
87274,87269
87355,87298
87277,87317
87258,87301
87318,87358
87267,87263
87265,87266
87260,87379
87355,87297
87308,87298
87274,87291
87290,87280
87285,87271
87275,87311
87258,87284
87313,87340
87318,87258
87267,87276
87265,87272
87256,87278
87327,87278
87270,87295
87274,87284
87308,87274
87256,87261
87318,87358
87258,87291
87275,87553
87265,87293
87273,87295
87270,87276
87308,87284
87355,87278
87274,87284
87290,87263
87275,87302
87285,87284
87318,87358
87277,87265
87258,87259
87267,87290
87265,87266
87273,87280
87308,87377
87355,87317
87274,87319
87290,87269
87285,87269
87318,87258
87290,87354
87270,87282
87308,87276
87280,87263
87321,87294
87265,87272
87264,87279
87280,87276
87321,87550
87280,87306
87321,87545
87280,87289
87362,87270
87262,87276
87277,87265
87275,87553
87273,87275
87274,87276
87265,87272
87290,87263
87318,87258
87275,87284
87280,87290
87362,87551
87280,87269
87280,87354
87280,87295
87280,87282
87280,87280
87264,87550
87311,87311
87280,87276
87280,87289
87321,87550
87264,87294
87273,87280
87280,87563
87280,87290
87280,87263
87280,87563
87280,87295
87280,87280
87265,87266
87362,87552
87327,87539
87264,87550
87321,87256
87280,87306
87274,87269
87270,87306
87277,87323
87285,87284
87308,87288
87258,87291
87275,87276
87274,87319
87273,87544
87265,87293
87270,87295
87299,87276
87318,87258
87277,87310
87285,87269
87262,87280
87258,87301
87275,87284
87273,87275
87274,87284
87265,87281
87318,87358
87290,87290
87355,87335
87327,87365
87355,87567
87258,87284
87318,87358
87290,87269
87273,87295
87275,87314
87274,87284
87265,87266
87264,87279
87265,87266
87270,87280
87318,87358
87277,87278
87308,87298
87285,87269
87275,87291
87273,87269
87274,87319
87265,87272
87270,87289
87355,87261
87279,87311
87265,87281
87304,87269
87265,87293
87270,87290
87290,87284
87279,87311
87258,87301
87318,87358
87287,87274
87263,87291
87304,87276
87362,87568
87262,87263
87308,87276
87280,87276
87256,87305
87326,87348
87274,87319
87285,87271
87321,87256
87269,87276
87277,87317
87311,87284
87267,87338
87280,87269
87290,87307
87275,87311
87270,87289
87264,87569
87275,87314
87267,87339
87311,87291
87355,87298
87321,87570
87269,87295
87311,87263
87267,87263
87275,87284
87265,87272
87270,87289
87290,87284
87299,87276
87279,87259
87258,87291
87318,87358
87287,87362
87263,87343
87304,87320
87262,87263
87274,87276
87260,87265
87308,87354
87256,87265
87264,87294
87326,87276
87269,87263
87285,87284
87321,87294
87277,87297
87265,87266
87299,87276
87279,87276
87258,87326
87355,87305
87326,87533
87264,87294
87285,87276
87321,87550
87274,87284
87311,87311
87267,87280
87269,87263
87280,87269
87265,87266
87270,87269
87290,87321
87279,87284
87275,87291
87258,87284
87263,87291
87304,87284
87287,87259
87318,87358
87262,87284
87308,87274
87256,87261
87326,87571
87285,87271
87274,87319
87311,87263
87256,87298
87285,87276
87308,87288
87318,87358
87273,87269
87263,87284
87304,87302
87318,87258
87362,87568
87262,87280
87308,87284
87256,87278
87355,87278
87264,87256
87326,87331
87274,87284
87285,87269
87321,87545
87311,87311
87267,87284
87269,87276
87280,87269
87270,87306
87265,87293
87299,87275
87290,87362
87275,87276
87279,87302
87258,87259
87304,87290
87263,87276
87362,87546
87256,87357
87308,87284
87326,87572
87256,87278
87275,87311
87311,87284
87267,87276
87265,87293
87270,87306
87299,87342
87318,87358
87263,87276
87279,87259
87258,87301
87287,87276
87274,87319
87262,87280
87269,87263
87285,87276
87280,87263
87290,87284
87326,87572
87264,87315
87260,87305
87308,87288
87355,87297
87256,87310
87321,87256
87318,87358
87275,87276
87308,87354
87277,87278
87260,87333
87264,87573
87280,87306
87326,87292
87290,87318
87264,87315
87321,87550
87260,87278
87256,87297
87308,87276
87275,87311
87311,87291
87318,87258
87265,87272
87267,87339
87270,87276
87299,87276
87263,87309
87279,87284
87355,87544
87362,87546
87258,87274
87287,87331
87262,87284
87269,87269
87285,87284
87290,87275
87280,87289
87326,87276
87321,87570
87264,87294
87267,87320
87270,87269
87262,87319
87274,87276
87269,87282
87264,87340
87260,87297
87326,87574
87308,87377
87256,87297
87285,87271
87321,87545
87275,87302
87311,87276
87267,87280
87265,87281
87270,87275
87318,87258
87290,87275
87299,87290
87279,87276
87258,87274
87362,87546
87263,87317
87304,87536
87287,87259
87262,87291
87274,87291
87264,87294
87287,87359
87265,87281
87258,87276
87279,87302
87318,87358
87263,87291
87273,87275
87279,87354
87258,87276
87287,87342
87262,87276
87269,87276
87285,87269
87290,87284
87280,87290
87264,87340
87260,87265
87326,87263
87308,87298
87256,87257
87355,87261
87321,87294
87277,87265
87275,87291
87311,87263
87267,87290
87265,87266
87270,87290
87318,87358
87299,87275
87263,87309
87273,87275
87267,87320
87280,87356
87290,87290
87256,87265
87355,87357
87260,87335
87263,87309
87279,87276
87280,87356
87311,87311
87262,87280
87308,87284
87264,87256
87299,87342
87285,87284
87275,87311
87258,87284
87274,87284
87273,87271
87290,87572
87265,87293
87269,87276
87304,87354
87318,87358
87256,87357
87260,87278
87279,87284
87263,87276
87280,87356
87311,87276
87318,87358
87287,87275
87269,87269
87290,87263
87304,87274
87280,87269
87285,87276
87274,87284
87270,87271
87269,87263
87258,87276
87265,87272
87290,87296
87318,87258
87313,87261
87256,87257
87263,87291
87260,87261
87279,87311
87262,87263
87326,87292
87311,87263
87308,87298
87287,87288
87267,87338
87304,87572
87275,87291
87299,87275
87285,87269
87274,87269
87258,87274
87265,87266
87267,87339
87308,87276
87267,87290
87263,87284
87280,87269
87311,87284
87308,87288
87279,87259
87267,87351
87262,87284
87326,87571
87299,87342
87285,87269
87258,87276
87265,87281
87275,87266
87290,87275
87274,87269
87313,87340
87355,87298
87256,87310
87269,87282
87260,87305
87318,87358
87311,87284
87263,87343
87280,87356
87308,87274
87304,87354
87279,87284
87318,87358
87262,87276
87304,87269
87269,87263
87285,87269
87258,87301
87274,87319
87265,87281
87290,87290
87273,87275
87275,87314
87304,87318
87256,87278
87269,87282
87260,87265
87318,87258
87263,87343
87311,87291
87280,87269
87279,87291
87308,87274
87267,87303
87262,87291
87299,87290
87285,87284
87258,87326
87290,87276
87265,87272
87275,87337
87274,87276
87256,87297
87260,87261
87269,87295
87287,87359
87311,87284
87287,87342
87308,87298
87256,87305
87355,87317
87262,87319
87326,87342
87304,87360
87285,87271
87311,87291
87274,87291
87280,87269
87299,87290
87279,87284
87270,87289
87269,87295
87258,87326
87290,87280
87275,87337
87263,87309
87265,87308
87318,87358
87256,87297
87287,87288
87355,87335
87262,87291
87326,87362
87304,87536
87318,87358
87308,87377
87273,87295
87265,87272
87269,87295
87279,87291
87270,87276
87258,87259
87275,87302
87265,87281
87273,87276
87263,87317
87287,87331
87318,87258
87304,87296
87308,87280
87256,87357
87285,87284
87326,87259
87311,87284
87267,87276
87264,87256
87274,87276
87280,87356
87299,87342
87269,87269
87279,87291
87270,87275
87258,87291
87290,87284
87275,87314
87263,87284
87275,87276
87311,87276
87267,87329
87279,87311
87256,87278
87355,87544
87260,87305
87262,87276
87287,87269
87326,87318
87308,87288
87311,87276
87267,87263
87304,87275
87280,87269
87285,87284
87274,87319
87270,87290
87258,87284
87269,87295
87290,87275
87265,87266
87318,87358
87313,87323
87263,87317
87256,87298
87260,87335
87262,87319
87277,87261
87308,87377
87263,87343
87285,87276
87318,87358
87275,87284
87274,87276
87280,87269
87299,87284
87270,87269
87258,87301
87269,87276
87279,87259
87290,87276
87275,87302
87265,87281
87318,87258
87263,87259
87256,87261
87260,87278
87304,87269
87287,87280
87308,87280
87326,87575
87311,87311
87267,87284
87285,87284
87280,87356
87299,87276
87270,87306
87269,87263
87258,87274
87290,87318
87265,87293
87285,87276
87311,87276
87274,87276
87265,87272
87256,87305
87362,87546
87270,87269
87311,87291
87345,87305
87279,87354
87308,87274
87355,87305
87269,87295
87258,87276
87290,87329
87285,87276
87262,87280
87267,87329
87280,87576
87318,87358
87277,87265
87326,87280
87275,87284
87264,87577
87274,87291
87263,87276
87265,87293
87256,87257
87270,87276
87311,87284
87362,87548
87279,87291
87263,87309
87308,87377
87264,87578
87277,87278
87355,87278
87299,87290
87304,87290
87269,87276
87258,87301
87318,87358
87290,87308
87275,87302
87285,87271
87267,87274
87277,87305
87263,87291
87274,87284
87287,87331
87260,87557
87265,87281
87256,87298
87362,87568
87308,87280
87311,87284
87279,87311
87269,87269
87273,87276
87258,87274
87318,87358
87290,87296
87285,87284
87275,87311
87267,87338
87326,87331
87311,87311
87273,87295
87258,87284
87263,87259
87256,87261
87265,87293
87311,87311
87280,87269
87287,87342
87362,87555
87258,87326
87269,87295
87273,87271
87285,87284
87326,87362
87275,87553
87290,87296
87308,87284
87264,87579
87321,87545
87267,87276
87277,87275
87263,87317
87256,87265
87274,87284
87265,87272
87311,87291
87318,87258
87279,87302
87299,87342
87304,87276
87355,87335
87274,87319
87269,87269
87277,87580
87264,87317
87285,87269
87262,87263
87267,87263
87290,87284
87318,87258
87277,87310
87326,87533
87275,87302
87264,87317
87274,87276
87263,87317
87256,87357
87265,87266
87280,87329
87311,87263
87279,87276
87362,87568
87287,87280
87355,87261
87273,87280
87258,87259
87269,87263
87285,87276
87318,87358
87308,87298
87326,87342
87275,87314
87290,87308
87267,87280
87321,87294
87279,87284
87326,87318
87256,87310
87287,87359
87263,87284
87326,87549
87264,87279
87280,87276
87274,87276
87308,87354
87265,87281
87260,87335
87308,87288
87256,87297
87279,87259
87267,87290
87311,87263
87355,87298
87299,87275
87269,87282
87318,87258
87258,87291
87290,87540
87362,87555
87275,87276
87274,87284
87258,87291
87287,87280
87355,87317
87345,87278
87285,87284
87277,87297
87362,87546
87299,87329
87269,87295
87273,87276
87262,87276
87258,87274
87362,87548
87290,87280
87275,87311
87263,87276
87267,87329
87285,87276
87274,87284
87287,87276
87326,87545
87308,87276
87265,87266
87260,87323
87256,87265
87279,87276
87318,87258
87311,87276
87299,87556
87304,87284
87269,87263
87258,87291
87290,87318
87275,87291
87362,87568
87279,87311
87270,87306
87263,87343
87256,87305
87267,87343
87321,87285
87264,87340
87260,87341
87308,87354
87326,87372
87275,87291
87290,87280
87269,87282
87285,87284
87262,87320
87318,87358
87280,87295
87287,87288
87362,87546
87270,87271
87267,87284
87277,87261
87326,87259
87263,87343
87274,87319
87287,87276
87280,87290
87265,87293
87270,87275
87258,87284
87311,87276
87285,87269
87263,87284
87277,87275
87265,87266
87267,87302
87277,87581
87318,87358
87256,87298
87275,87276
87260,87261
87321,87570
87264,87315
87308,87280
87313,87278
87290,87329
87311,87311
87280,87280
87326,87275
87279,87291
87274,87291
87265,87281
87362,87548
87355,87357
87258,87326
87273,87269
87269,87276
87285,87269
87287,87288
