88451,88452
88453,88454
88455,88456
88457,88458
88459,88460
88461,88462
88463,88464
88465,88466
88467,88462
88468,88462
88469,88456
88470,88471
88472,88473
88474,88475
88452,88462
88466,88476
88477,88454
88478,88471
88479,88480
88481,88482
88455,88471
88474,88483
88461,88456
88461,88471
88459,88462
88453,88454
88455,88481
88451,88462
88478,88470
88466,88484
88477,88485
88472,88486
88453,88474
88474,88487
88465,88462
88469,88482
88488,88489
88468,88466
88463,88482
88451,88462
88457,88490
88467,88491
88492,88493
88470,88469
88481,88462
88478,88482
88477,88494
88459,88471
88455,88482
88463,88471
88461,88471
88465,88495
88468,88481
88451,88462
88469,88496
88472,88497
88470,88482
88452,88498
88466,88484
88478,88456
88477,88499
88474,88483
88492,88471
88467,88500
88453,88501
88451,88471
88455,88502
88463,88503
88461,88456
88468,88504
88469,88471
88477,88474
88474,88484
88470,88462
88457,88463
88452,88505
88492,88506
88466,88477
88478,88470
88472,88507
88453,88485
88451,88452
88457,88508
88455,88481
88492,88461
88461,88493
88465,88469
88463,88462
88468,88452
88457,88509
88469,88471
88490,88463
88459,88471
88470,88470
88510,88511
88452,88462
88466,88477
88474,88512
88479,88454
88467,88491
88451,88471
88455,88471
88461,88462
88465,88471
88463,88470
88468,88513
88469,88462
88474,88483
88459,88481
88472,88514
88470,88462
88466,88515
88452,88498
88478,88463
88477,88480
88453,88516
88492,88517
88467,88498
88455,88462
88488,88477
88479,88499
88452,88505
88477,88501
88472,88518
88465,88519
88470,88471
88461,88462
88492,88520
88467,88491
88457,88466
88521,88501
88488,88478
88469,88462
88474,88487
88510,88477
88468,88481
88490,88462
88469,88496
88465,88462
88474,88512
88452,88462
88477,88474
88466,88522
88478,88463
88451,88523
88453,88501
88466,88476
88461,88456
88453,88499
88468,88504
88492,88471
88468,88513
88463,88524
88490,88462
88477,88485
88465,88495
88472,88525
88470,88470
88461,88456
88467,88452
88469,88456
88466,88487
88481,88462
88466,88477
88481,88462
88474,88475
88468,88471
88463,88470
88526,88490
88490,88471
88477,88480
88474,88484
88488,88489
88492,88462
88466,88527
88521,88474
88521,88454
88492,88471
88463,88482
88457,88462
88469,88471
88452,88498
88465,88482
88477,88480
88461,88456
88463,88503
88490,88528
88510,88529
88481,88503
88467,88481
88457,88530
88463,88524
88481,88471
88492,88466
88459,88460
88488,88511
88451,88471
88478,88456
88466,88522
88477,88531
88474,88484
88470,88482
88465,88482
88469,88482
88481,88471
88457,88466
88461,88471
88467,88490
88453,88531
88457,88509
88468,88460
88481,88482
88467,88500
88490,88466
88469,88471
88465,88471
88470,88471
88459,88462
88474,88475
88452,88498
88477,88480
88466,88532
88478,88470
88451,88452
88453,88531
88461,88493
88492,88461
88463,88462
88488,88478
88457,88466
88481,88471
88468,88533
88467,88490
88469,88462
88526,88534
88490,88462
88521,88501
88463,88503
88453,88474
88535,88536
88492,88520
88492,88506
88469,88471
88488,88477
88470,88462
88452,88462
88460,88501
88537,88538
88455,88482
88465,88471
88478,88471
88526,88463
88474,88484
88463,88524
88451,88452
88477,88494
88455,88471
88468,88466
88477,88499
88463,88471
88453,88454
88488,88478
88465,88519
88470,88482
88452,88505
88466,88522
88453,88501
88463,88470
88477,88539
88492,88493
88469,88503
88488,88511
88470,88471
88452,88498
88465,88469
88468,88462
88478,88470
88466,88476
88492,88471
88469,88482
88488,88478
88452,88462
88451,88471
88463,88503
88466,88522
88468,88540
88469,88496
88488,88511
88492,88541
88470,88471
88452,88498
88478,88463
88465,88495
88474,88475
88467,88500
88477,88454
88451,88452
88463,88464
88466,88477
88477,88474
88469,88496
88526,88463
88478,88482
88465,88462
88478,88462
88460,88542
88537,88454
88526,88490
88453,88531
88467,88491
88463,88470
88477,88504
88455,88502
88466,88476
88468,88513
88469,88482
88492,88461
88488,88489
88521,88516
88452,88498
88465,88471
88468,88471
88455,88502
88463,88503
88543,88462
88452,88498
88470,88482
88466,88476
88472,88518
88463,88482
88526,88462
88469,88503
88492,88521
88452,88498
88470,88470
88463,88524
88492,88493
88451,88471
88469,88482
88452,88462
88469,88471
88492,88471
88467,88463
88526,88463
88463,88524
88492,88506
88469,88482
88452,88452
88466,88522
88474,88483
88463,88471
88467,88498
88481,88544
88492,88468
88469,88456
88452,88462
88470,88462
88472,88497
88466,88484
88535,88542
88463,88470
88521,88501
88466,88477
88474,88512
88463,88464
88479,88504
88452,88498
88455,88456
88470,88470
88466,88477
88463,88482
88492,88468
88477,88485
88459,88462
88469,88456
88488,88489
88465,88462
88452,88462
88470,88469
88466,88484
88526,88490
88535,88480
88465,88482
88492,88545
88469,88462
88492,88517
88492,88517
88477,88504
88488,88477
88469,88496
88452,88462
88470,88471
88466,88515
88463,88471
88492,88461
88488,88511
88469,88462
88452,88498
88470,88462
88478,88463
88466,88487
88463,88462
88526,88534
88488,88477
88469,88471
88492,88546
88488,88477
88451,88471
88466,88522
88463,88524
88465,88482
88543,88523
88461,88462
88474,88483
88455,88482
88469,88496
88472,88486
88470,88471
88492,88546
88452,88501
88478,88471
88453,88454
88467,88463
88468,88540
88477,88547
88481,88548
88467,88462
88457,88452
88467,88490
88477,88501
88451,88462
88466,88487
88463,88471
88465,88471
88461,88456
88474,88475
88469,88482
88470,88462
88472,88518
88492,88464
88452,88454
88478,88482
88470,88469
88453,88516
88477,88504
88451,88452
88455,88462
88466,88476
88474,88475
88472,88549
88470,88470
88467,88498
88477,88516
88453,88531
88451,88452
88455,88456
88463,88524
88461,88493
88465,88519
88468,88533
88469,88462
88474,88487
88472,88549
88470,88469
88452,88462
88469,88482
88453,88531
88461,88471
88465,88495
88465,88462
88463,88470
88461,88456
88474,88512
88468,88460
88469,88456
88472,88473
88470,88471
88492,88468
88452,88550
88478,88456
88467,88452
88477,88547
88453,88485
88451,88523
88455,88462
88466,88515
88463,88503
88478,88456
88452,88546
88492,88541
88477,88480
88451,88462
88455,88481
88466,88522
88463,88482
88468,88504
88469,88456
88474,88483
88472,88551
88470,88482
88488,88511
88478,88471
88452,88462
88535,88501
88453,88474
88465,88466
88477,88552
88467,88498
88451,88462
88453,88485
88465,88482
88470,88469
88478,88463
88452,88462
88465,88469
88467,88490
88477,88485
88455,88456
88466,88484
88463,88462
88468,88533
88469,88462
88472,88514
88488,88489
88470,88470
88492,88464
88478,88470
88452,88505
88535,88553
88478,88463
88455,88465
88463,88462
88492,88462
88452,88475
88478,88482
88526,88462
88453,88501
88467,88462
88481,88544
88477,88516
88451,88471
88466,88476
88465,88466
88463,88482
88468,88471
88474,88487
88469,88462
88470,88482
88472,88525
88470,88469
88466,88477
88472,88507
88468,88462
88469,88471
88468,88466
88474,88487
88472,88497
88470,88470
88488,88478
88492,88545
88452,88498
88478,88462
88535,88454
88453,88474
88465,88519
88477,88531
88451,88452
88466,88484
88463,88464
88469,88496
88474,88484
88474,88483
88474,88484
88466,88515
88466,88554
88457,88471
88453,88485
88488,88478
88477,88454
88472,88525
88492,88471
88465,88466
88478,88470
88451,88523
88463,88482
88461,88471
88469,88471
88490,88555
88465,88519
88466,88555
88481,88495
88490,88556
88469,88462
88468,88471
88478,88456
88468,88460
88451,88452
88461,88462
88469,88456
88490,88557
88465,88482
88466,88498
88457,88466
88488,88477
88492,88520
88477,88494
88472,88551
88470,88470
88481,88482
88451,88462
88461,88456
88468,88504
88467,88498
88474,88487
88457,88508
88492,88469
88463,88462
88481,88462
88461,88462
88465,88469
88468,88533
88466,88498
88490,88555
88488,88489
88521,88516
88477,88516
88510,88558
88470,88471
88472,88486
88481,88471
88463,88482
88492,88520
88472,88518
88463,88471
88470,88482
88521,88501
88488,88478
88521,88474
88477,88480
88470,88469
88478,88462
88481,88503
88451,88471
88492,88559
88463,88471
88453,88474
88490,88493
88469,88462
88466,88462
88461,88471
88465,88471
88468,88462
88488,88477
88477,88474
88461,88462
88470,88462
88477,88501
88490,88557
88461,88471
88474,88483
88465,88462
88469,88471
88466,88462
88481,88471
88463,88524
88467,88481
88492,88464
88457,88463
88521,88501
88488,88511
88477,88494
88472,88486
88468,88533
88453,88516
88470,88469
88468,88513
88477,88474
88488,88489
88472,88507
88477,88504
88468,88462
88470,88471
88526,88534
88463,88503
88490,88555
88466,88515
88481,88462
88465,88482
88474,88484
88467,88500
88492,88555
88457,88466
88488,88478
88472,88549
88470,88462
88463,88464
88461,88462
88490,88471
88457,88530
88488,88511
88521,88454
88477,88531
88472,88473
88470,88470
88463,88462
88468,88466
88535,88454
88461,88493
88490,88471
88465,88495
88457,88509
88481,88452
88488,88489
88521,88454
88492,88462
88481,88482
88472,88497
88474,88475
88466,88490
88469,88482
88465,88471
88466,88560
88481,88452
88467,88463
88492,88561
88457,88509
88521,88474
88477,88485
88472,88514
88510,88477
88470,88482
88463,88470
88468,88460
88461,88493
88469,88496
88490,88562
88465,88469
88469,88482
88465,88495
88467,88462
88470,88462
88478,88456
88472,88525
88457,88458
88474,88484
88461,88462
88481,88462
88466,88554
88465,88462
88492,88471
88463,88471
88521,88454
88466,88555
88470,88470
88478,88463
88472,88497
88490,88466
88468,88466
88463,88470
88492,88555
88490,88457
88492,88462
88461,88471
88465,88469
88481,88471
88463,88482
88521,88501
88468,88452
88470,88469
88467,88490
88478,88470
88472,88538
88457,88530
88490,88461
88461,88471
88465,88466
88481,88452
88451,88462
88474,88483
88457,88452
88461,88493
88468,88462
88478,88470
88510,88511
88451,88462
88472,88486
88474,88475
88457,88508
88461,88471
88521,88474
88463,88471
88490,88462
88492,88469
88470,88469
88466,88554
88478,88463
88468,88471
88481,88495
88467,88491
88457,88509
88466,88490
88490,88490
88465,88495
88481,88482
88492,88469
88463,88503
88490,88556
88466,88498
88470,88469
88478,88482
88451,88471
88455,88502
88474,88487
88457,88466
88461,88462
88465,88466
88492,88520
88481,88495
88463,88482
88470,88471
88451,88471
88472,88507
88478,88482
88470,88470
88472,88514
88451,88523
88481,88503
88526,88471
88492,88469
88463,88470
88461,88493
88465,88466
88490,88557
88488,88489
88457,88463
88477,88485
88470,88471
88478,88463
88472,88507
88492,88462
88477,88504
88481,88452
88457,88462
88490,88468
88466,88555
88490,88466
88457,88458
88468,88481
88488,88511
88521,88474
88477,88499
88470,88482
88472,88473
88510,88529
88526,88463
88481,88462
88492,88464
88463,88503
88461,88471
88465,88482
88468,88513
88488,88478
88457,88563
88465,88495
88463,88564
88465,88471
88463,88462
88468,88540
88477,88494
88466,88560
88470,88470
88478,88464
88472,88538
88457,88490
88492,88561
88490,88556
88481,88503
88468,88533
88463,88464
88521,88516
88477,88499
88470,88462
88481,88482
88461,88462
88461,88462
88457,88471
88468,88540
88488,88511
88466,88490
88477,88516
88457,88563
88470,88462
88451,88512
88492,88471
88490,88471
88461,88471
88481,88471
88465,88482
88468,88481
88463,88464
88477,88504
88470,88471
88472,88549
88492,88555
88492,88528
88467,88461
88481,88503
88466,88484
88477,88504
88470,88462
88457,88508
88469,88471
88535,88565
88452,88505
88468,88533
88474,88487
88481,88471
88465,88471
88453,88516
88463,88503
88461,88471
88492,88566
88468,88471
88490,88528
88492,88471
88461,88456
88467,88462
88492,88462
88467,88463
88481,88503
88468,88452
88466,88476
88457,88460
88477,88499
88470,88482
88469,88462
88452,88462
88474,88483
88490,88466
88465,88495
88478,88471
88453,88501
88463,88470
88521,88516
88466,88477
88470,88469
88452,88498
88457,88463
88463,88524
88465,88466
88461,88462
88466,88522
88477,88454
88468,88466
88452,88498
88457,88458
88490,88528
88469,88462
88474,88487
88481,88471
88492,88539
88453,88454
88521,88454
88463,88482
88467,88500
88521,88474
88521,88501
88474,88484
88481,88452
88490,88463
88469,88471
88481,88503
88474,88512
88453,88454
88463,88464
88467,88498
88461,88462
88466,88567
88477,88516
88470,88471
88468,88462
88452,88462
88457,88490
88469,88496
88490,88462
88492,88559
88453,88485
88461,88456
88453,88474
88478,88470
88461,88462
88492,88464
88463,88471
88488,88477
88481,88452
88468,88471
88457,88458
88467,88491
88469,88462
88474,88487
88465,88469
88490,88463
88470,88462
88477,88485
88453,88499
88521,88454
88461,88471
88453,88516
88492,88528
88451,88471
88477,88531
88478,88456
88451,88462
88453,88485
88461,88462
88521,88501
88492,88471
88463,88464
88488,88511
88481,88462
88457,88509
88468,88513
88467,88481
88470,88482
88469,88482
88474,88484
88465,88495
88490,88463
88466,88484
88461,88456
88463,88470
88481,88452
88477,88494
88465,88519
88452,88498
88490,88462
88521,88474
88461,88471
88492,88519
88488,88511
88463,88462
88481,88482
88468,88481
88474,88512
88457,88508
88469,88482
88477,88501
88465,88462
88490,88466
88469,88471
88488,88478
88470,88470
88468,88504
88468,88540
88457,88530
88474,88475
88469,88496
88535,88516
88452,88505
88465,88482
88477,88454
88466,88477
88490,88528
88521,88516
88453,88531
88461,88462
88492,88520
88488,88489
88463,88471
88481,88462
88457,88490
88465,88466
88465,88469
88477,88501
88457,88530
88521,88516
88488,88489
88474,88484
88466,88475
88526,88463
88477,88499
88492,88559
88463,88462
88472,88525
88469,88482
88481,88482
88465,88469
88490,88555
88461,88462
88492,88561
88470,88470
88461,88471
88465,88466
88490,88556
88488,88477
88492,88568
88467,88500
88490,88462
88463,88482
88474,88487
88510,88451
88477,88504
88472,88551
88526,88462
88469,88496
88468,88466
88477,88516
88463,88471
88470,88482
88481,88452
88472,88518
88457,88508
88521,88474
88488,88477
88474,88487
88490,88556
88465,88471
88461,88456
88481,88503
88492,88519
88467,88481
88457,88530
88488,88477
88474,88483
88477,88501
88472,88497
88468,88504
88463,88564
88490,88462
88465,88495
88461,88456
88466,88484
88463,88464
88468,88460
88526,88452
88468,88481
88466,88569
88477,88531
88468,88540
88463,88482
88470,88469
88472,88551
88490,88557
88481,88471
88465,88462
88461,88471
88492,88555
88467,88462
88457,88458
88521,88516
88488,88511
88474,88475
88477,88454
88470,88462
88521,88516
88481,88495
88453,88550
88469,88482
88492,88566
88521,88454
88463,88464
88474,88483
88467,88452
88461,88471
88465,88471
88466,88477
88477,88474
88470,88462
88479,88570
88543,88462
88490,88462
88469,88462
88481,88462
88453,88531
88481,88495
88492,88539
88490,88462
88470,88482
88470,88470
88468,88540
88452,88560
88457,88563
88490,88466
88474,88475
88481,88482
88469,88456
88492,88571
88453,88499
88521,88501
88463,88471
88467,88490
88465,88482
88461,88471
88466,88484
88477,88531
88535,88504
88466,88476
88521,88474
88463,88524
88477,88494
88470,88469
88452,88505
88481,88482
88469,88482
88453,88572
88521,88454
88492,88573
88467,88463
88463,88462
88474,88483
88465,88466
88466,88574
88477,88516
88461,88462
88452,88462
88469,88471
88466,88483
88474,88475
88461,88462
88463,88470
88467,88528
88526,88523
88461,88456
88465,88469
88466,88522
88477,88499
88470,88471
88543,88462
88490,88466
88481,88452
88469,88496
88453,88485
88492,88575
88521,88516
88488,88478
88474,88484
88467,88498
88465,88462
88466,88477
88461,88471
88469,88496
88492,88462
88467,88460
88478,88471
88470,88470
88452,88452
88526,88576
88465,88471
88463,88482
88466,88476
88492,88468
88535,88577
88463,88524
88470,88482
88543,88523
88479,88480
88474,88484
88463,88462
88492,88546
88455,88456
88463,88470
88465,88519
88492,88521
88470,88469
88455,88462
88455,88471
88469,88503
88466,88477
88526,88463
88469,88462
88521,88454
88468,88452
88467,88491
88451,88452
88463,88471
88452,88462
88469,88471
88463,88462
88466,88578
88492,88464
88465,88462
88452,88498
88469,88462
88465,88469
88467,88500
88457,88466
88466,88487
88463,88464
88535,88553
88470,88471
88455,88481
88479,88579
88469,88496
88479,88570
88466,88522
88526,88452
88463,88471
88455,88481
88470,88471
88469,88503
88478,88456
88526,88471
88463,88464
88472,88514
88492,88519
88470,88469
88455,88533
88463,88471
88492,88462
88521,88454
88492,88471
88470,88470
88455,88481
88467,88462
88492,88464
88455,88471
88469,88496
88492,88493
88452,88505
88455,88482
88469,88462
88535,88480
88465,88495
88455,88462
88470,88482
88492,88462
88470,88470
88455,88482
88452,88505
88469,88482
88526,88580
88466,88484
88463,88464
88470,88482
88535,88516
88455,88502
88469,88471
88463,88503
88470,88462
88492,88471
88452,88462
88479,88499
88465,88482
88463,88482
88492,88493
88470,88471
88455,88471
88465,88471
88463,88462
88492,88561
88481,88482
88474,88484
88478,88462
88453,88499
88481,88462
88468,88462
88467,88481
88474,88483
88469,88462
88451,88452
88463,88462
88510,88581
88470,88471
88490,88490
88492,88545
88453,88501
88478,88471
88453,88454
88481,88482
88468,88540
88474,88484
88467,88462
88469,88471
88451,88471
88463,88482
88470,88462
88457,88506
88492,88462
88466,88523
88472,88538
88478,88462
88466,88554
88468,88481
88478,88470
88453,88499
88474,88475
88469,88471
88457,88508
88463,88471
88535,88480
88470,88482
88490,88582
88526,88534
88492,88462
88466,88498
88478,88471
88468,88466
88453,88531
88481,88495
88479,88583
88474,88484
88469,88482
88451,88452
88535,88577
88457,88458
88470,88462
88492,88469
88478,88470
88463,88470
88466,88560
88469,88496
88478,88464
88481,88471
88474,88483
88468,88460
88469,88496
88451,88462
88463,88464
88535,88565
88470,88471
88490,88582
88455,88482
88466,88554
88466,88462
88543,88523
88474,88487
88481,88462
88469,88471
88451,88471
88463,88470
88535,88504
88470,88462
88492,88466
88455,88481
88490,88556
88478,88524
88453,88485
88490,88471
88470,88469
88451,88462
88463,88584
88510,88529
88470,88482
88492,88469
88478,88456
88466,88490
88468,88504
88474,88475
88469,88482
88467,88498
88451,88523
88463,88462
88470,88470
88490,88557
88492,88528
88466,88498
88478,88482
88481,88471
88468,88533
88474,88483
88469,88482
88451,88452
88535,88516
88463,88482
88474,88487
88466,88490
88521,88501
88470,88462
88585,88586
88585,88586
88585,88586
88585,88586
88585,88586
88585,88586
88585,88586
88585,88586
88587,88588
88585,88586
88585,88586
88585,88586
88585,88586
88589,88590
88591,88586
88585,88586
88585,88586
88585,88586
88585,88586
88585,88586
88585,88586
88585,88586
88585,88586
88585,88586
88585,88586
88585,88586
88585,88586
88585,88586
88585,88586
88585,88586
88585,88586
88585,88586
88585,88586
88585,88586
88585,88586
88585,88586
88585,88586
88585,88586
88585,88586
88585,88586
88585,88586
88585,88586
88585,88586
88585,88586
88585,88586
88585,88586
88585,88586
88585,88586
88585,88586
88585,88586
88585,88586
88585,88586
88585,88586
88585,88586
88585,88586
88585,88586
88585,88586
88585,88586
88585,88586
88587,88592
88585,88586
88585,88586
88585,88586
88585,88586
88585,88586
88593,88594
88585,88586
88585,88586
88585,88586
88585,88586
88585,88586
88585,88586
88585,88586
88585,88586
88585,88586
88585,88586
88585,88586
88585,88586
88585,88586
88585,88586
88585,88586
88585,88586
88587,88595
88585,88586
88585,88586
88585,88586
88585,88586
88585,88586
88585,88586
88585,88586
88585,88586
88585,88586
88585,88586
88585,88586
88585,88586
88585,88586
88587,88596
88585,88586
88585,88586
88585,88586
88585,88586
88585,88586
88585,88586
88585,88586
88585,88586
88597,88594
88598,88599
88599,88598
88587,88600
88601,88594
88585,88586
88585,88586
88585,88586
88470,88482
88452,88462
88474,88475
88465,88469
88492,88471
88470,88482
88452,88452
88478,88482
88463,88471
88465,88519
88455,88456
88492,88519
88492,88541
88453,88516
88478,88470
88474,88475
88481,88495
88469,88462
88467,88498
88455,88502
88490,88461
88453,88474
88478,88482
88492,88520
88490,88462
88463,88503
88452,88505
88470,88471
88452,88452
88451,88462
88463,88462
88492,88506
88470,88462
88535,88553
88457,88506
88463,88482
88492,88528
88452,88498
88492,88541
88470,88469
88535,88504
88452,88498
88463,88471
88492,88575
88452,88452
88463,88470
88469,88456
88492,88521
88470,88470
88451,88452
88463,88464
88465,88466
88492,88464
88474,88483
88492,88546
88481,88495
88521,88516
88602,88603
88602,88604
88604,88602
88585,88586
88585,88586
88605,88606
88585,88586
88585,88586
88587,88607
88585,88586
88585,88586
88604,88602
88585,88586
88585,88586
88585,88586
88585,88586
88585,88586
88585,88586
88585,88586
88585,88586
88602,88604
88607,88608
88585,88586
88585,88586
88585,88586
88603,88602
88587,88602
88609,88595
88467,88462
88455,88482
88490,88555
88478,88471
88474,88484
88492,88471
88463,88470
88481,88471
88469,88496
88521,88516
88466,88505
88455,88471
88490,88490
88478,88470
88474,88475
88492,88464
88463,88462
88481,88462
88610,88611
88585,88586
88585,88586
88585,88586
88585,88586
88585,88586
88585,88586
88469,88471
88585,88586
88467,88463
88492,88471
88585,88586
88585,88586
88612,88613
88612,88614
88612,88614
88615,88616
88585,88586
88617,88618
88585,88586
88585,88586
88619,88620
88585,88586
88585,88586
88621,88612
88585,88586
88585,88586
88585,88586
88585,88586
88585,88586
88612,88621
88622,88596
88623,88624
88623,88625
88623,88626
88585,88586
88623,88627
88612,88628
88612,88613
88612,88629
88585,88586
88585,88586
88630,88600
88612,88631
88612,88632
88585,88586
88585,88586
88585,88586
88612,88633
88612,88633
88612,88613
88612,88634
88612,88635
88612,88636
88585,88586
88585,88586
88585,88586
88612,88637
88612,88638
88612,88638
88612,88639
88612,88613
88612,88613
88612,88628
88623,88640
88623,88641
88623,88642
88585,88586
88612,88621
88643,88644
88585,88586
88589,88590
88596,88622
88622,88596
88591,88586
88585,88586
88585,88586
88585,88586
88645,88587
88646,88588
88647,88594
88648,88588
88648,88588
88588,88649
88588,88649
88585,88586
88585,88586
88585,88586
88610,88650
88585,88586
88588,88651
88590,88652
88588,88648
88585,88586
88585,88586
88585,88586
88623,88641
88585,88586
88622,88596
88585,88586
88585,88586
88585,88586
88592,88653
88585,88586
88585,88586
88588,88587
88587,88588
88586,88635
88588,88654
88588,88654
88588,88654
88588,88654
88588,88655
88588,88656
88588,88656
88588,88656
88588,88656
88657,88658
88588,88649
88595,88659
88585,88586
88585,88586
88585,88586
88585,88586
88609,88595
88660,88587
88661,88587
88662,88623
88587,88602
88602,88663
88603,88602
88604,88602
88615,88664
88602,88663
88610,88665
88585,88586
88666,88592
88667,88668
88602,88603
88669,88645
88667,88670
88602,88604
88667,88668
88667,88670
88667,88671
88604,88602
88585,88586
88585,88586
88666,88592
88592,88666
88672,88673
88673,88672
88674,88675
88676,88677
88678,88673
88594,88679
88610,88611
88592,88587
88680,88667
88680,88667
88592,88681
88682,88607
88592,88683
88585,88586
88684,88592
88684,88592
88685,88588
88686,88594
88615,88664
88687,88615
88585,88586
88585,88586
88585,88586
88671,88667
88671,88667
88686,88594
88585,88586
88465,88519
88585,88586
88688,88595
88616,88615
88585,88586
88585,88586
88585,88586
88585,88586
88585,88586
88585,88586
88585,88586
88585,88586
88585,88586
88585,88586
88602,88604
88689,88645
88607,88608
88585,88586
88585,88586
88585,88586
88585,88586
88601,88594
88585,88586
88585,88586
88585,88586
88590,88690
88590,88690
88585,88586
88585,88586
88615,88616
88674,88675
88667,88671
88670,88667
88623,88691
88588,88692
88605,88606
88605,88606
88605,88606
88605,88606
88585,88586
88675,88693
88694,88594
88605,88606
88605,88606
88599,88598
88585,88586
88594,88694
88667,88671
88595,88695
88595,88696
88671,88667
88615,88687
88587,88607
88615,88697
88645,88698
88607,88587
88585,88586
88616,88615
88470,88470
88596,88622
88585,88586
88699,88675
88472,88473
88451,88523
88469,88496
88474,88484
88457,88530
88461,88471
88465,88471
88521,88700
88463,88462
88492,88462
88585,88586
88470,88471
88466,88462
88478,88456
88468,88513
88472,88538
88481,88471
88451,88471
88474,88487
88479,88516
88469,88496
88457,88463
88461,88462
88490,88471
88521,88501
88587,88645
88701,88598
88585,88586
88585,88586
88616,88615
88621,88612
88585,88586
88585,88586
88585,88586
88657,88612
88585,88586
88596,88622
88587,88645
88675,88702
88590,88590
88622,88596
88605,88606
88585,88586
88607,88703
88699,88675
88585,88586
88667,88704
88705,88607
88610,88706
88585,88586
88585,88586
88589,88590
88463,88464
88492,88471
88470,88482
88466,88462
88478,88707
88481,88462
88453,88516
88451,88471
88474,88512
88469,88496
88457,88452
88463,88470
88467,88490
88470,88469
88468,88471
88535,88542
88466,88560
88468,88513
88481,88495
88478,88482
88453,88474
88474,88487
88469,88462
88451,88462
88457,88509
88463,88464
88461,88462
88492,88555
88510,88451
88492,88528
88467,88500
88490,88557
88468,88504
88478,88462
88453,88501
88481,88462
88451,88462
88474,88475
88469,88471
88457,88460
88463,88470
88461,88493
88492,88555
88470,88462
88490,88463
88468,88540
88478,88471
88466,88560
88481,88471
88453,88454
88451,88452
88474,88483
88469,88462
88457,88490
88463,88584
88470,88470
88585,88586
88585,88586
88585,88586
88585,88586
88587,88596
88598,88708
88596,88622
88709,88588
88588,88709
88585,88586
88585,88586
88638,88612
88585,88586
88585,88586
88585,88586
88585,88586
88585,88586
88585,88586
88597,88594
88598,88599
88599,88598
88587,88600
88622,88596
88657,88612
88585,88586
88638,88612
88645,88710
88645,88711
88585,88586
88712,88713
88585,88586
88598,88599
88585,88586
88673,88714
88605,88606
88585,88586
88585,88586
88585,88586
88585,88586
88585,88586
88588,88715
88716,88588
88605,88606
88615,88717
88588,88716
88585,88586
88585,88586
88585,88586
88615,88616
88585,88586
88585,88586
88585,88586
88585,88586
88585,88586
88718,88602
88623,88641
88719,88615
88645,88710
88622,88596
88710,88645
88595,88659
88585,88586
88585,88586
88605,88606
88585,88586
88585,88586
88585,88586
88645,88689
88596,88622
88590,88720
88590,88721
88585,88586
88585,88586
88622,88596
88585,88586
88585,88586
88722,88673
88585,88586
88585,88586
88723,88657
88724,88590
88585,88586
88725,88592
88725,88592
88726,88592
88727,88610
88585,88586
88585,88586
88645,88689
88595,88659
88595,88659
88595,88659
88587,88595
88585,88586
88595,88587
88585,88586
88673,88722
88585,88586
88622,88596
88585,88586
88585,88586
88587,88592
88592,88587
88585,88586
88585,88586
88585,88586
88585,88586
88585,88586
88728,88615
88593,88594
88585,88586
88585,88586
88602,88603
88638,88612
88616,88615
88585,88586
88585,88586
88585,88586
88599,88598
88594,88694
88667,88671
88595,88695
88595,88696
88671,88667
88615,88687
88615,88697
88645,88698
88607,88587
88667,88671
88674,88675
88615,88616
88689,88645
88590,88690
88590,88690
88612,88629
88630,88600
88612,88631
88605,88606
88612,88632
88605,88606
88675,88693
88602,88663
88610,88665
88666,88592
88666,88592
88667,88668
88669,88645
88667,88670
88667,88668
88667,88670
88667,88671
88688,88595
88616,88615
88616,88615
88670,88667
88623,88691
88588,88692
88605,88606
88605,88606
88605,88606
88694,88594
88615,88664
88612,88633
88612,88634
88623,88626
88623,88627
88623,88640
88623,88641
88623,88642
88623,88641
88622,88596
88592,88653
88588,88587
88586,88635
88588,88654
88588,88654
88588,88654
88588,88654
88588,88655
88588,88656
88588,88656
88588,88656
88588,88656
88623,88625
88612,88633
88623,88624
88612,88621
88612,88628
88612,88635
88612,88636
88612,88637
88612,88638
88612,88638
88612,88639
88612,88613
88612,88613
88612,88613
88612,88613
88612,88628
88612,88613
88612,88614
88612,88614
88615,88616
88617,88618
88619,88620
88621,88612
88622,88596
88657,88658
88602,88663
88661,88587
88466,88490
88490,88463
88490,88490
88463,88482
88453,88454
88466,88498
88453,88501
88463,88464
88466,88498
88463,88470
88535,88480
88453,88474
88463,88462
88463,88471
88463,88482
88468,88540
88463,88584
88468,88452
88468,88460
88463,88470
88463,88470
88490,88463
88470,88470
88481,88471
88470,88469
88521,88700
88543,88498
88490,88462
88479,88579
88463,88464
88535,88553
88481,88503
88521,88516
88490,88555
88463,88462
88466,88554
88543,88457
88521,88454
88490,88471
88468,88471
88463,88471
88535,88542
88521,88474
88662,88623
88468,88540
88468,88471
88592,88587
88680,88667
88680,88667
88592,88681
88682,88607
88592,88683
88684,88592
88684,88592
88685,88588
88686,88594
88615,88664
88687,88615
88671,88667
88671,88667
88686,88594
88452,88505
88672,88673
88592,88666
88660,88587
88594,88679
88463,88464
88678,88673
88674,88675
88496,88729
88555,88730
88478,88482
88465,88471
88555,88731
88478,88464
88555,88488
88465,88495
88451,88471
88478,88470
88535,88577
88535,88504
88555,88732
88510,88451
88474,88733
88465,88462
88474,88483
88465,88466
88526,88463
88676,88677
88463,88482
88588,88649
88588,88648
88526,88534
88488,88489
88469,88456
88479,88454
88452,88505
88481,88455
88463,88471
88466,88510
88526,88463
88492,88519
88469,88503
88479,88504
88455,88482
88452,88452
88470,88471
88535,88501
88463,88482
88466,88465
88481,88455
88492,88521
88526,88471
88463,88462
88469,88482
88463,88470
88526,88462
88465,88466
88469,88456
88455,88502
88492,88506
88466,88522
88463,88482
88526,88490
88465,88482
88469,88471
88479,88516
88452,88462
88470,88462
88535,88536
88466,88476
88492,88461
88463,88470
88526,88462
88452,88498
88466,88477
88465,88466
88479,88583
88535,88504
88463,88462
88481,88544
88459,88481
88492,88541
88469,88462
88466,88484
88455,88481
88452,88452
88463,88464
88481,88544
88492,88464
88469,88471
88479,88579
88452,88546
88455,88471
88470,88469
88463,88503
88492,88546
88521,88474
88469,88496
88452,88498
88469,88503
88455,88462
88452,88505
88470,88469
88463,88464
88481,88455
88526,88534
88492,88517
88465,88495
88466,88515
88469,88462
88479,88516
88455,88465
88452,88462
88470,88470
88463,88524
88481,88455
88459,88533
88526,88490
88492,88519
88466,88476
88595,88659
88492,88493
88469,88482
88615,88616
88718,88602
88623,88641
88719,88615
88598,88599
88712,88713
88598,88708
88596,88622
88709,88588
88588,88709
88638,88612
88622,88596
88657,88612
88638,88612
88645,88710
88645,88711
88645,88710
88710,88645
88616,88615
88588,88716
88595,88659
88615,88717
88716,88588
88645,88587
88612,88621
88643,88644
88596,88622
88622,88596
88646,88588
88590,88652
88647,88594
88648,88588
88648,88588
88588,88649
88588,88649
88610,88650
88588,88651
88596,88622
88622,88596
88673,88714
88605,88606
88588,88715
88605,88606
88470,88482
88595,88659
88595,88659
88657,88612
88596,88622
88590,88590
88622,88596
88605,88606
88607,88703
88667,88704
88705,88607
88610,88706
88701,88598
88675,88702
88470,88462
88535,88565
88492,88471
88466,88484
88463,88471
88467,88490
88526,88468
88465,88495
88621,88612
88595,88659
88616,88615
88725,88592
88595,88587
88673,88722
88622,88596
88592,88587
88728,88615
88602,88603
88638,88612
88645,88689
88605,88606
88645,88689
88596,88622
88590,88720
88590,88721
88622,88596
88727,88610
88722,88673
88723,88657
88724,88590
88725,88592
88726,88592
88490,88734
88673,88672
88470,88482
88466,88490
88492,88471
88468,88466
88481,88495
88463,88462
88478,88462
88490,88556
88470,88471
88466,88554
88496,88735
88467,88481
88481,88482
88465,88482
88463,88471
88474,88483
88478,88471
88490,88463
88535,88480
88470,88470
88467,88490
88492,88466
88490,88471
88474,88475
88465,88469
88481,88462
88468,88513
88463,88564
88490,88490
88474,88475
88453,88485
88470,88471
88521,88700
88466,88498
88468,88471
88463,88482
88481,88462
88490,88462
88474,88483
88453,88531
88470,88469
88521,88474
88468,88462
88492,88528
88463,88470
88481,88471
88492,88469
88470,88482
88481,88495
88474,88484
88469,88482
88467,88463
88585,88586
88585,88586
88585,88586
88585,88586
88585,88586
88585,88586
88585,88586
88521,88736
88587,88645
88585,88586
88699,88675
88585,88586
88585,88586
88585,88586
88587,88645
88585,88586
88699,88675
88521,88700
88589,88590
88526,88471
88535,88536
88455,88471
88490,88537
88535,88542
88470,88469
88469,88471
88481,88471
88463,88464
88492,88520
88474,88487
88478,88456
88490,88562
88535,88553
88470,88482
88521,88501
88469,88482
88467,88491
88481,88462
88468,88481
88463,88471
88492,88462
88474,88487
88490,88466
88463,88482
88453,88454
88585,88586
88490,88537
88490,88490
88479,88454
88543,88462
88453,88501
88470,88470
88521,88474
88481,88462
88467,88490
88463,88470
88463,88482
88479,88570
88453,88485
88470,88471
88521,88454
88481,88482
88468,88513
88463,88503
88490,88490
88466,88490
88543,88545
88490,88462
88468,88460
88481,88471
88466,88554
88481,88495
88474,88484
88466,88560
88535,88464
88463,88462
88468,88466
88479,88499
88490,88490
88521,88516
88481,88462
88535,88501
88463,88471
88490,88462
88474,88487
88470,88471
88521,88501
88481,88503
88466,88462
88535,88454
88463,88462
88490,88463
88453,88516
88470,88462
88470,88462
88481,88495
88543,88462
88453,88531
88481,88482
88463,88482
88490,88555
88466,88560
88453,88474
88470,88462
88467,88498
88490,88463
88468,88462
88463,88462
88490,88462
88453,88501
88470,88470
88496,88729
88481,88471
88463,88464
88521,88736
88468,88504
88481,88495
88463,88471
88466,88462
88468,88481
88452,88462
88463,88464
88466,88462
88490,88462
88467,88463
88470,88470
88521,88454
88481,88495
88463,88471
88490,88555
88543,88523
88470,88469
88467,88462
88543,88462
88481,88462
88451,88462
88470,88482
88468,88533
88490,88737
88463,88470
88543,88523
88481,88471
