93593,93594
93595,93596
93597,93598
93599,93594
93593,93600
93601,93602
93595,93597
93603,93604
93599,93597
93597,93605
93599,93593
93606,93607
93603,93608
93597,93609
93595,93610
93599,93611
93593,93596
93593,93604
93595,93604
93606,93612
93599,93613
93593,93604
93603,93614
93597,93615
93599,93604
93593,93604
93597,93616
93595,93596
93595,93610
93599,93613
93617,93618
93618,93617
93593,93594
93595,93619
93597,93620
93599,93611
93593,93600
93595,93604
93597,93621
93622,93597
93599,93623
93603,93624
93595,93594
93593,93594
93597,93625
93599,93604
93603,93605
93595,93597
93593,93596
93626,93627
93606,93628
93597,93629
93599,93596
93603,93593
93597,93630
93603,93631
93597,93632
93606,93607
93603,93631
93603,93633
93597,93634
93599,93613
93603,93608
93599,93611
93608,93635
93603,93604
93597,93636
93603,93605
93597,93637
93603,93604
93622,93638
93603,93631
93622,93638
93597,93639
93606,93640
93595,93641
93622,93604
93597,93642
93606,93607
93595,93619
93643,93644
93608,93645
93597,93646
93607,93647
93633,93648
93649,93607
93597,93650
93607,93651
93599,93623
93622,93624
93597,93652
93593,93596
93599,93593
93593,93596
93597,93653
93599,93654
93593,93594
93597,93655
93599,93594
93593,93604
93597,93656
93599,93597
93643,93611
93593,93596
93597,93657
93599,93603
93658,93659
93643,93593
93597,93660
93599,93596
93608,93661
93643,93604
93593,93604
93597,93662
93606,93607
93603,93624
93595,93594
93593,93594
93597,93663
93597,93664
93599,93665
93603,93666
93593,93600
93667,93668
93669,93670
93671,93672
93673,93674
93675,93676
93677,93678
93679,93680
93680,93679
93681,93682
93618,93617
93667,93683
93667,93684
93667,93684
93685,93686
93675,93676
93687,93688
93617,93618
93601,93689
93618,93617
93618,93617
93618,93617
93690,93691
93618,93617
93682,93681
93692,93678
93682,93693
93669,93694
93669,93670
93695,93691
93696,93601
93697,93691
93695,93685
93667,93683
93696,93601
93667,93683
93667,93684
93674,93698
93690,93691
93691,93699
93700,93701
93696,93702
93696,93702
93703,93704
93692,93678
93705,93694
93705,93670
93678,93692
93696,93601
93703,93658
93703,93658
93706,93707
93708,93685
93709,93694
93709,93670
93708,93691
93671,93672
93700,93710
93681,93682
93675,93676
93667,93684
93711,93712
93682,93681
93667,93684
93667,93668
93703,93704
93704,93704
93696,93601
93696,93601
93671,93667
93713,93714
93696,93601
93682,93715
93703,93658
93658,93716
93674,93698
93703,93658
93674,93717
93658,93718
93706,93707
93706,93707
93700,93710
93698,93674
93674,93717
93719,93674
93601,93720
93708,93685
93601,93696
93601,93720
93601,93720
93721,93722
93679,93680
93675,93676
93709,93694
93709,93670
93708,93691
93618,93617
93710,93700
93672,93696
93707,93723
93698,93674
93678,93692
93707,93723
93697,93685
93703,93704
93696,93601
93724,93707
93695,93687
93703,93675
93696,93601
93725,93678
93725,93678
93678,93725
93696,93601
93725,93678
93725,93678
93678,93725
93669,93694
93725,93678
93725,93678
93696,93682
93703,93675
93707,93723
93696,93667
93696,93601
93696,93667
93696,93601
93726,93727
93705,93694
93705,93670
93707,93723
93601,93696
93675,93676
93678,93725
93696,93667
93599,93654
93728,93672
93672,93729
93672,93730
93678,93731
93700,93732
93700,93732
93707,93724
93707,93733
93734,93682
93735,93685
93685,93736
93736,93685
93737,93704
93704,93738
93711,93739
93711,93739
93711,93739
93711,93740
93711,93741
93711,93742
93730,93672
93679,93680
93679,93680
93743,93678
93713,93744
93745,93746
93745,93746
93745,93746
93601,93720
93601,93747
93601,93689
93601,93748
93601,93720
93711,93749
93679,93680
93680,93679
93750,93704
93750,93704
93704,93751
93704,93752
93618,93753
93618,93753
93618,93754
93730,93672
93601,93696
93746,93745
93711,93601
93715,93682
93700,93755
93755,93700
93756,93675
93682,93757
93758,93721
93675,93756
93756,93675
93710,93700
93759,93760
93667,93761
93667,93761
93700,93710
93760,93759
93760,93759
93682,93762
93763,93658
93764,93760
93617,93618
93618,93617
93700,93755
93700,93755
93700,93755
93700,93755
93682,93715
93682,93765
93700,93732
93700,93732
93746,93745
93675,93766
93675,93766
93667,93767
93601,93768
93711,93769
93702,93770
93702,93771
93601,93768
93700,93710
93772,93667
93773,93682
93774,93702
93675,93775
93675,93776
93618,93617
93702,93777
93778,93721
93684,93667
93680,93679
93618,93617
93667,93683
93667,93684
93667,93684
93685,93686
93675,93676
93687,93688
93617,93618
93601,93689
93618,93617
93618,93617
93618,93617
93690,93691
93618,93617
93682,93681
93682,93693
93707,93723
93707,93723
93601,93696
93681,93682
93680,93679
93679,93680
93677,93678
93700,93701
93691,93699
93690,93691
93674,93698
93601,93602
93667,93668
93700,93710
93681,93682
93675,93676
93675,93676
93667,93684
93682,93681
93667,93684
93667,93668
93667,93684
93704,93704
93667,93683
93667,93683
93673,93674
93675,93676
93711,93712
93691,93769
93707,93723
93707,93723
93728,93672
93756,93675
93756,93675
93681,93682
93687,93779
93676,93675
93675,93766
93675,93676
93617,93618
93618,93617
93618,93780
93601,93781
93601,93720
93601,93720
93601,93781
93601,93781
93667,93782
93783,93691
93601,93720
93618,93617
93617,93618
93658,93659
93672,93696
93713,93714
93682,93715
93658,93716
93674,93698
93674,93717
93658,93718
93706,93707
93700,93710
93698,93674
93698,93674
93674,93717
93601,93720
93601,93696
93601,93720
93601,93720
93721,93722
93679,93680
93675,93676
93618,93617
93710,93700
93719,93674
93681,93682
93694,93784
93670,93784
93734,93682
93707,93733
93707,93724
93724,93707
93700,93732
93700,93732
93678,93731
93672,93730
93672,93729
93730,93672
93679,93680
93679,93680
93743,93678
93696,93601
93730,93672
93618,93754
93618,93753
93618,93753
93704,93752
93735,93685
93685,93736
93736,93685
93737,93704
93675,93766
93675,93766
93703,93675
93746,93745
93700,93732
93700,93732
93695,93687
93682,93765
93682,93715
93704,93751
93715,93682
93711,93601
93711,93749
93711,93742
93711,93741
93711,93740
93711,93739
93711,93739
93711,93739
93704,93738
93711,93769
93696,93601
93750,93704
93750,93704
93601,93781
93601,93720
93601,93720
93601,93781
93618,93780
93618,93617
93617,93618
93675,93676
93675,93766
93696,93601
93676,93675
93687,93779
93681,93682
93695,93685
93697,93691
93696,93601
93695,93691
93756,93675
93756,93675
93601,93781
93667,93782
93783,93691
93601,93720
93680,93679
93601,93696
93697,93685
93679,93680
93601,93720
93601,93748
93601,93689
93601,93747
93671,93667
93703,93704
93601,93720
93745,93746
93696,93601
93745,93746
93713,93744
93746,93745
93696,93601
93684,93667
93691,93769
93680,93679
93745,93746
93667,93767
93601,93768
93702,93770
93721,93785
93680,93679
93670,93784
93694,93784
93696,93601
93700,93710
93618,93617
93696,93667
93667,93667
93667,93667
93667,93786
93667,93667
93696,93601
93618,93787
93618,93787
93788,93678
93670,93784
93694,93784
93681,93682
93675,93756
93617,93618
93679,93680
93680,93679
93788,93678
93618,93787
93618,93787
93667,93667
93667,93786
93667,93667
93667,93667
93618,93617
93700,93710
93778,93721
93694,93784
93680,93679
93721,93785
93675,93756
93617,93618
93679,93680
93680,93679
93721,93696
93721,93789
93721,93696
93670,93784
93618,93617
93617,93618
93764,93760
93618,93617
93725,93678
93675,93776
93678,93725
93675,93775
93774,93702
93725,93678
93678,93725
93773,93682
93700,93755
93725,93678
93696,93601
93772,93667
93700,93710
93678,93725
93601,93768
93725,93678
93725,93678
93702,93771
93702,93777
93725,93678
93633,93790
93700,93755
93700,93755
93763,93658
93696,93667
93696,93667
93682,93762
93760,93759
93760,93759
93700,93710
93667,93761
93667,93761
93700,93755
93759,93760
93703,93675
93756,93675
93675,93756
93696,93682
93758,93721
93682,93757
93756,93675
93755,93700
93700,93755
93710,93700
93649,93790
93721,93789
93791,93792
93626,93793
93622,93604
93610,93794
93599,93597
93726,93594
93593,93604
93643,93611
93647,93795
93603,93605
93796,93604
93626,93797
93611,93727
93610,93643
93599,93794
93726,93727
93603,93624
93647,93795
93796,93613
93603,93604
93647,93795
93597,93798
93796,93596
93647,93628
93603,93597
93626,93790
93595,93596
93611,93799
93622,93597
93610,93643
93796,93596
93599,93593
93647,93628
93603,93631
93796,93610
93626,93800
93611,93610
93610,93801
93599,93611
93593,93596
93597,93802
93593,93604
93626,93803
93611,93613
93593,93596
93603,93597
93647,93795
93607,93804
93626,93805
93595,93594
93611,93799
93610,93643
93599,93623
93597,93806
93603,93605
93647,93628
93626,93607
93595,93604
93611,93596
93610,93794
93599,93593
93599,93594
93610,93801
93807,93604
93611,93610
93622,93624
93610,93801
93599,93807
93808,93603
93593,93594
93597,93639
93603,93604
93647,93628
93595,93619
93626,93805
93611,93654
93610,93807
93599,93604
93593,93596
93603,93726
93647,93628
93626,93627
93595,93597
93595,93641
93599,93596
93610,93807
93611,93596
93622,93624
93606,93627
93807,93593
93611,93727
93610,93643
93599,93665
93726,93604
93593,93594
93603,93597
93796,93604
93647,93795
93597,93809
93626,93803
93611,93654
93610,93807
93599,93613
93726,93604
93647,93628
93603,93666
93796,93604
93593,93594
93610,93794
93599,93593
93726,93593
93643,93593
93808,93810
93593,93604
93796,93610
93603,93608
93808,93604
93647,93628
93622,93604
93807,93811
93606,93793
93611,93596
93610,93801
93599,93594
93726,93594
93808,93604
93597,93634
93603,93631
93643,93666
93796,93610
93626,93812
93610,93801
93807,93811
93599,93603
93593,93596
93796,93613
93597,93813
93647,93795
93607,93814
93595,93594
93611,93594
93610,93794
93807,93805
93599,93604
93796,93610
93647,93795
93595,93610
93626,93607
93626,93628
93622,93638
93597,93815
93643,93608
93647,93795
93622,93597
93626,93790
93611,93604
93610,93643
93807,93633
93599,93623
93726,93593
93647,93628
93796,93594
93597,93816
93606,93790
93626,93797
93610,93628
93807,93594
93599,93654
93593,93604
93796,93604
93647,93628
93611,93613
93593,93792
93603,93624
93647,93628
93611,93604
93595,93596
93610,93628
93599,93597
93593,93594
93597,93663
93626,93790
93603,93624
93611,93596
93647,93628
93595,93610
93610,93801
93593,93596
93643,93604
93597,93817
93607,93804
93603,93631
93626,93627
93607,93818
93622,93597
93593,93596
93597,93819
93611,93799
93626,93793
93603,93666
93647,93628
93610,93801
93593,93604
93626,93800
93597,93616
93626,93800
93603,93608
93647,93795
93611,93594
93610,93807
93599,93613
93593,93792
93597,93820
93622,93624
93599,93611
93603,93605
93807,93805
93647,93628
93808,93633
93807,93593
93595,93604
93622,93597
93647,93795
93610,93801
93807,93604
93647,93795
93807,93811
93647,93628
93610,93807
93796,93594
93807,93805
93622,93638
93647,93628
93808,93603
93622,93624
93807,93805
93821,93822
93610,93794
93647,93628
93599,93596
93610,93807
93593,93594
93603,93604
93807,93633
93647,93795
93611,93654
93595,93619
93610,93794
93807,93594
93595,93610
93647,93795
93599,93593
93603,93604
93647,93628
93808,93823
93599,93597
93603,93638
93610,93628
93796,93610
93647,93628
93593,93792
93597,93629
93807,93594
93796,93596
93647,93628
93626,93797
93610,93794
93611,93604
93593,93604
93597,93824
93595,93597
93626,93803
93647,93628
93610,93628
93593,93596
93611,93594
93597,93621
93599,93654
93611,93594
93610,93801
93626,93800
93647,93628
93626,93627
93595,93593
93611,93727
93610,93628
93807,93805
93597,93625
93603,93666
93807,93811
93647,93795
93611,93613
93610,93807
93593,93604
93807,93593
93597,93825
93603,93631
93796,93613
93647,93795
93626,93793
93626,93790
93796,93596
93647,93795
93647,93628
93610,93801
93622,93604
93593,93792
93597,93826
93611,93610
93807,93633
93626,93805
93626,93607
93603,93638
93796,93604
93610,93794
93597,93827
93611,93613
93807,93811
93608,93790
93626,93797
93603,93597
93647,93795
93807,93604
93603,93807
93611,93596
93610,93628
93622,93597
93593,93594
93611,93727
93597,93828
93807,93604
93626,93628
93796,93613
93807,93594
93647,93795
93593,93604
93597,93636
93611,93613
93807,93593
93603,93608
93626,93803
93647,93628
93610,93794
93610,93807
93807,93593
93607,93829
93647,93795
93599,93593
93796,93814
93607,93830
93593,93596
93633,93627
93649,93627
93611,93727
93626,93803
93597,93662
93808,93604
93726,93633
93610,93807
93606,93797
93807,93604
93595,93596
93603,93631
93633,93831
93622,93624
93595,93604
93807,93633
93603,93604
93808,93603
93610,93807
93603,93605
93807,93593
93622,93597
93599,93604
93633,93607
93649,93805
93649,93832
93607,93833
93611,93604
93626,93805
93597,93834
93808,93633
93726,93727
93633,93835
93649,93836
93610,93643
93593,93604
93726,93604
93599,93623
93607,93837
93726,93727
93610,93628
93633,93648
93649,93797
93807,93805
93606,93627
93622,93651
93599,93603
93603,93608
93595,93641
93593,93604
93607,93838
93633,93839
93649,93805
93611,93613
93597,93840
93626,93800
93808,93841
93643,93842
93626,93790
93597,93664
93611,93594
93626,93607
93597,93843
93633,93790
93649,93836
93726,93604
93610,93801
93807,93594
93647,93795
93606,93628
93622,93604
93603,93666
93599,93596
93633,93797
93649,93790
93593,93596
93607,93844
93611,93654
93595,93597
93595,93599
93626,93793
93649,93790
93649,93797
93626,93628
93603,93845
93597,93642
93610,93643
93622,93597
93726,93594
93599,93597
93633,93835
93649,93790
93607,93796
93611,93727
93593,93594
93808,93604
93807,93811
93626,93627
93595,93594
93633,93790
93808,93603
93595,93604
93807,93805
93796,93610
93633,93846
93649,93805
93607,93651
93611,93596
93595,93610
93593,93596
93808,93847
93597,93609
93643,93593
93626,93607
93610,93807
93633,93627
93649,93836
93726,93594
93599,93593
93607,93641
93611,93799
93603,93614
93610,93794
93603,93666
93622,93624
93611,93594
93808,93603
93626,93613
93595,93596
93726,93633
93807,93604
93610,93801
93633,93822
93593,93594
93649,93607
93622,93604
93599,93597
93796,93633
93647,93795
93607,93841
93643,93608
93611,93799
93633,93846
93603,93624
93808,93633
93607,93790
93633,93831
93633,93822
93649,93607
93599,93594
93796,93604
93607,93647
93593,93604
93611,93654
93633,93797
93649,93797
93649,93627
93808,93604
93626,93797
93595,93619
93726,93593
93597,93848
93610,93628
93603,93608
93599,93613
93807,93633
93643,93619
93610,93794
93726,93594
93796,93610
93807,93811
93607,93814
93611,93594
93647,93795
93597,93849
93633,93797
93649,93790
93595,93597
93610,93801
93726,93604
93808,93841
93599,93597
93603,93604
93796,93594
93807,93604
93633,93627
93603,93597
93599,93611
93808,93850
93726,93633
93633,93831
93649,93797
93610,93807
93808,93603
93726,93633
93599,93603
93603,93631
93796,93604
93649,93627
93807,93805
93649,93836
93607,93829
93647,93795
93626,93805
93595,93604
93610,93643
93633,93839
93649,93805
93633,93831
93606,93851
93607,93818
93622,93604
93607,93818
93599,93623
93726,93594
93808,93810
93647,93795
93603,93604
93796,93852
93606,93640
93807,93805
93607,93853
93611,93604
93643,93597
93610,93628
93599,93596
93726,93727
93808,93603
93796,93854
93603,93605
93807,93633
93611,93604
93796,93855
93647,93628
93611,93594
93647,93628
93610,93794
93633,93640
93649,93797
93599,93594
93726,93727
93808,93604
93603,93624
93603,93805
93807,93594
93607,93853
93633,93835
93649,93836
93610,93628
93599,93604
93726,93593
93808,93633
93796,93596
93603,93631
93607,93804
93622,93624
93796,93856
93633,93790
93649,93607
93593,93596
93607,93853
93626,93607
93597,93857
93808,93810
93726,93593
93610,93801
93606,93851
93622,93597
93633,93822
93649,93797
93599,93665
93611,93727
93796,93858
93595,93610
93599,93654
93807,93811
93606,93793
93807,93593
93606,93790
93622,93624
93599,93611
93603,93605
93633,93648
93649,93607
93595,93619
93595,93594
93796,93804
93626,93800
93808,93603
93611,93654
93633,93839
93649,93627
93726,93593
93610,93643
93622,93597
93607,93818
93607,93804
93626,93627
93633,93607
93796,93610
93807,93604
93607,93829
93611,93613
93633,93835
93649,93836
93626,93793
93595,93641
93606,93622
93610,93794
93726,93604
93599,93654
93603,93624
93633,93797
93649,93607
93606,93803
93807,93594
93796,93594
93808,93633
93647,93628
93599,93613
93633,93627
93649,93627
93808,93841
93610,93643
93726,93727
93599,93665
93796,93859
93807,93593
93633,93846
93649,93790
93649,93805
93647,93628
93595,93619
93607,93814
93626,93628
93643,93792
93808,93604
93610,93628
93726,93594
93611,93596
93796,93596
93807,93633
93647,93795
93607,93860
93808,93604
93807,93805
93626,93613
93796,93633
93599,93665
93595,93604
93611,93594
93607,93861
93808,93847
93593,93604
93807,93594
93626,93793
93610,93801
93726,93593
93599,93596
93595,93610
93607,93613
93611,93604
93808,93603
93807,93811
93643,93619
93626,93627
93597,93862
93610,93794
93726,93604
93599,93603
93611,93654
93595,93596
93599,93623
93796,93594
93607,93863
93643,93597
93626,93790
93726,93593
93610,93628
93603,93597
93611,93596
93807,93604
93808,93864
93607,93666
93626,93803
93726,93727
93603,93631
93595,93597
93611,93604
93607,93837
93626,93805
93726,93594
93595,93641
93603,93791
93796,93596
93611,93727
93808,93633
93607,93865
93807,93593
93626,93800
93726,93604
93603,93597
93807,93633
93807,93593
93607,93643
93593,93594
93647,93795
93647,93628
93647,93628
93647,93795
93647,93795
93597,93866
93647,93628
93647,93628
93647,93795
93647,93795
93597,93867
93597,93827
93608,93627
93597,93868
93821,93869
93597,93656
93593,93792
93597,93870
93593,93604
93597,93871
93821,93872
93597,93873
93597,93652
93597,93874
93821,93807
93597,93636
93593,93596
93647,93795
93647,93628
93608,93875
93647,93628
93611,93604
93622,93604
93807,93594
93626,93790
93597,93630
93610,93801
93726,93633
93599,93594
93595,93597
93607,93599
93611,93613
93593,93596
93808,93633
93808,93626
93626,93797
93633,93607
93649,93607
93610,93628
93876,93797
93595,93594
93593,93594
93647,93628
93647,93795
93608,93839
93593,93604
93597,93862
93647,93628
93647,93795
93597,93653
93597,93632
93611,93594
93633,93648
93595,93641
93626,93613
93603,93605
93606,93846
93597,93877
93593,93604
93607,93641
93647,93628
93595,93604
93603,93624
93593,93596
93607,93878
93622,93597
93595,93610
93603,93666
93606,93803
93593,93604
93607,93647
93597,93879
93595,93619
93603,93614
93791,93595
93607,93643
93593,93594
93726,93633
93603,93633
93633,93822
93597,93880
93608,93839
93649,93627
93633,93797
93597,93881
93796,93610
93607,93643
93603,93633
93633,93607
93649,93797
93607,93641
93595,93596
93622,93597
93593,93604
93597,93817
93607,93796
93622,93624
93649,93805
93597,93882
93607,93644
93603,93608
93597,93862
93593,93596
93607,93600
93595,93594
93626,93797
93603,93666
93606,93872
93597,93652
93593,93594
93607,93600
93603,93593
93593,93596
93649,93790
93607,93837
93608,93835
93807,93594
93595,93604
93608,93790
93597,93883
93603,93605
93607,93643
93726,93604
93608,93835
93597,93884
93807,93811
93603,93604
93607,93865
93597,93882
93807,93594
93603,93624
93595,93594
93593,93594
93608,93627
93597,93885
93807,93604
93603,93631
93597,93656
93807,93811
93603,93631
93597,93598
93807,93593
93595,93594
93607,93651
93603,93593
93597,93886
93593,93604
93603,93608
93633,93627
93649,93836
93607,93641
93796,93594
93597,93867
93878,93611
93608,93627
93633,93846
93649,93805
93607,93878
93597,93873
93608,93790
93593,93596
93599,93604
93726,93604
93597,93632
93607,93647
93593,93594
93595,93641
93608,93875
93597,93646
93607,93861
93807,93593
93633,93835
93649,93627
93595,93597
93608,93875
93607,93613
93821,93607
93876,93797
93593,93594
93726,93593
93603,93624
93726,93633
93626,93607
93607,93878
93808,93603
93807,93633
93807,93593
93607,93863
93626,93793
93626,93803
93807,93811
93607,93641
93626,93613
93726,93593
93807,93604
93643,93792
93607,93878
93626,93800
93726,93594
93726,93604
93622,93624
93643,93594
93807,93594
93807,93633
93607,93796
93633,93793
93649,93836
93626,93800
93603,93624
93807,93593
93626,93803
93791,93595
93607,93643
93603,93666
93607,93647
93626,93790
93726,93594
93603,93597
93807,93633
93808,93619
93726,93727
93633,93839
93649,93797
93807,93805
93603,93604
93603,93604
93643,93611
93726,93594
93603,93605
93807,93811
93611,93799
93808,93619
93607,93651
93622,93604
93595,93596
93626,93627
93626,93805
93726,93604
93807,93604
93611,93596
93808,93604
93607,93613
93595,93619
93726,93593
93603,93608
93597,93883
93611,93799
93603,93605
93807,93594
93808,93864
93791,93792
93607,93860
93593,93604
93597,93887
93726,93727
93603,93608
93807,93805
93808,93604
93607,93861
93626,93797
93611,93604
93726,93727
93603,93631
93808,93603
93595,93610
93593,93596
93643,93604
93626,93793
93597,93888
93726,93633
93603,93624
93611,93594
93597,93889
93622,93638
93808,93633
93796,93610
93593,93604
93821,93797
93597,93890
93593,93792
93821,93846
93821,93627
93610,93807
93821,93822
93608,93835
93796,93604
93821,93872
93595,93593
93796,93604
93821,93805
93821,93790
93796,93594
93796,93596
93821,93807
93796,93594
93796,93594
93597,93660
93597,93891
93593,93596
93593,93596
93597,93886
93593,93594
93796,93594
93597,93625
93593,93604
93796,93596
93597,93892
93593,93792
93593,93604
93796,93594
93595,93597
93597,93817
93593,93596
93597,93893
93593,93594
93593,93596
93643,93594
93597,93825
93597,93887
93597,93871
93643,93644
93821,93805
93593,93792
93821,93790
93603,93608
93622,93597
93603,93666
93603,93605
93603,93805
93796,93610
93603,93614
93603,93597
93603,93624
93603,93597
93603,93608
93622,93624
93796,93604
93807,93805
93603,93608
93607,93796
93593,93604
93595,93596
93603,93605
93597,93894
93622,93604
93647,93628
93643,93842
93610,93801
93622,93624
93603,93614
93595,93594
93821,93872
93610,93628
93603,93726
93796,93596
93647,93795
93647,93628
93603,93624
93610,93794
93622,93895
93626,93627
