98750,98751
98752,98753
98752,98753
98754,98755
98753,98752
98750,98756
98757,98758
98758,98759
98760,98761
98758,98762
98763,98758
98764,98765
98764,98762
98766,98758
98767,98768
98768,98767
98769,98758
98770,98758
98754,98755
98771,98772
98773,98758
98774,98775
98764,98776
98777,98753
98778,98779
98760,98761
98780,98781
98782,98760
98778,98779
98783,98758
98777,98753
98768,98784
98785,98758
98758,98786
98787,98758
98788,98758
98753,98789
98790,98758
98786,98758
98768,98767
98791,98753
98792,98758
98760,98793
98794,98771
98795,98750
98778,98796
98750,98797
98778,98779
98798,98771
98778,98796
98778,98796
98799,98764
98779,98778
98779,98778
98800,98776
98753,98752
98778,98796
98760,98761
98760,98801
98801,98760
98802,98803
98760,98804
98786,98758
98786,98758
98805,98750
98806,98807
98780,98781
98780,98808
98780,98781
98780,98808
98802,98803
98760,98801
98778,98796
98760,98801
98758,98786
98809,98810
98765,98811
98762,98811
98807,98812
98798,98771
98765,98813
98762,98813
98803,98814
98803,98802
98815,98776
98776,98816
98803,98802
98776,98817
98818,98810
98810,98818
98818,98810
98818,98810
98778,98819
98820,98810
98821,98778
98822,98778
98780,98808
98780,98808
98823,98771
98771,98823
98780,98808
98778,98824
98825,98771
98778,98796
98758,98786
98786,98758
98786,98758
98760,98761
98826,98758
98799,98764
98799,98827
98759,98828
98750,98756
98755,98829
98830,98799
98755,98831
98755,98832
98755,98833
98759,98756
98834,98758
98759,98756
98803,98802
98802,98803
98832,98755
98835,98759
98832,98755
98836,98837
98838,98836
98836,98839
98836,98837
98838,98836
98760,98761
98836,98837
98840,98803
98815,98771
98771,98764
98841,98842
98764,98799
98810,98843
98835,98759
98786,98758
98760,98844
98845,98755
98807,98806
98846,98810
98799,98847
98799,98847
98786,98758
98765,98848
98762,98848
98754,98755
98764,98810
98810,98849
98850,98810
98810,98851
98810,98852
98845,98755
98810,98853
98779,98778
98803,98854
98810,98855
98847,98799
98755,98845
98764,98810
98760,98761
98764,98750
98786,98758
98802,98803
98786,98758
98856,98799
98857,98758
98771,98798
98810,98858
98807,98859
98782,98760
98760,98860
98799,98830
98760,98804
98771,98798
98861,98768
98768,98861
98764,98776
98862,98750
98771,98764
98771,98863
98768,98864
98864,98768
98782,98760
98760,98761
98782,98760
98760,98865
98760,98801
98841,98866
98810,98764
98764,98810
98764,98799
98810,98851
98832,98810
98780,98808
98780,98808
98867,98810
98866,98841
98868,98775
98760,98761
98869,98870
98782,98760
98791,98753
98752,98753
98871,98799
98871,98799
98871,98799
98871,98799
98764,98799
98799,98764
98871,98799
98872,98758
98873,98758
98874,98758
98753,98791
98875,98758
98876,98758
98807,98877
98878,98758
98879,98758
98765,98764
98762,98764
98880,98758
98881,98758
98882,98758
98883,98758
98884,98758
98885,98799
98830,98799
98841,98886
98778,98779
98841,98886
98755,98754
98752,98753
98887,98888
98888,98889
98815,98750
98890,98759
98810,98764
98778,98891
98776,98816
98778,98892
98778,98892
98758,98786
98786,98758
98750,98893
98807,98894
98812,98807
98812,98807
98803,98802
98803,98814
98810,98867
98760,98801
98803,98802
98810,98858
98760,98801
98760,98761
98760,98801
98782,98760
98760,98801
98760,98761
98782,98760
98760,98801
98807,98756
98810,98858
98764,98895
98896,98897
98807,98894
98898,98776
98899,98900
98901,98869
98902,98903
98774,98904
98868,98905
98903,98906
98907,98908
98909,98910
98869,98911
98896,98912
98888,98889
98774,98913
98868,98904
98899,98888
98902,98914
98903,98914
98774,98915
98868,98916
98907,98917
98909,98903
98869,98918
98896,98919
98810,98849
98764,98810
98890,98759
98755,98845
98771,98863
98815,98759
98750,98920
98750,98921
98859,98807
98896,98922
98774,98908
98771,98863
98771,98764
98862,98750
98771,98798
98760,98804
98799,98830
98760,98860
98760,98761
98791,98753
98841,98886
98778,98779
98841,98886
98830,98799
98885,98799
98762,98764
98765,98764
98753,98791
98871,98799
98799,98764
98871,98799
98871,98799
98871,98799
98871,98799
98752,98753
98760,98793
98752,98753
98791,98753
98768,98864
98760,98761
98864,98768
98760,98865
98810,98843
98771,98798
98810,98858
98807,98859
98810,98858
98807,98756
98760,98801
98760,98761
98760,98801
98760,98801
98760,98761
98760,98801
98810,98858
98803,98802
98760,98801
98810,98867
98803,98814
98803,98802
98866,98841
98867,98810
98780,98808
98780,98808
98832,98810
98810,98851
98810,98764
98841,98866
98760,98801
98760,98761
98809,98810
98768,98767
98758,98762
98764,98762
98766,98758
98764,98776
98764,98799
98872,98758
98873,98758
98874,98758
98875,98758
98876,98758
98792,98758
98878,98758
98879,98758
98880,98758
98881,98758
98882,98758
98883,98758
98884,98758
98755,98754
98782,98760
98782,98760
98861,98768
98768,98861
98764,98776
98782,98760
98782,98760
98764,98810
98764,98799
98764,98765
98767,98768
98763,98758
98757,98758
98758,98759
98750,98751
98750,98756
98753,98752
98752,98753
98752,98753
98786,98758
98758,98786
98768,98784
98768,98767
98777,98753
98778,98779
98780,98781
98760,98761
98778,98779
98777,98753
98782,98760
98785,98758
98787,98758
98788,98758
98753,98789
98790,98758
98773,98758
98783,98758
98754,98755
98769,98758
98754,98755
98770,98758
98782,98760
98765,98811
98859,98807
98802,98803
98803,98802
98759,98756
98759,98756
98755,98833
98755,98832
98755,98831
98830,98799
98755,98829
98750,98756
98759,98828
98799,98827
98799,98764
98835,98759
98786,98758
98856,98799
98786,98758
98802,98803
98786,98758
98760,98761
98847,98799
98810,98855
98803,98854
98779,98778
98810,98853
98810,98852
98810,98851
98832,98755
98810,98849
98835,98759
98836,98837
98810,98849
98890,98759
98755,98845
98771,98863
98750,98920
98898,98776
98750,98921
98807,98894
98890,98759
98810,98764
98778,98891
98776,98816
98778,98892
98778,98892
98758,98786
98786,98758
98750,98893
98807,98894
98807,98877
98771,98772
98841,98842
98771,98764
98840,98803
98836,98837
98760,98761
98836,98837
98836,98839
98832,98755
98762,98811
98762,98848
98786,98758
98750,98797
98778,98796
98795,98750
98794,98771
98778,98796
98778,98796
98760,98801
98758,98786
98778,98796
98825,98771
98778,98824
98780,98808
98771,98823
98823,98771
98780,98808
98780,98808
98822,98778
98821,98778
98820,98810
98778,98819
98803,98802
98776,98816
98803,98802
98803,98814
98762,98813
98765,98813
98798,98771
98798,98771
98765,98848
98778,98796
98799,98764
98799,98847
98799,98847
98846,98810
98807,98806
98760,98844
98760,98761
98786,98758
98786,98758
98758,98786
98802,98803
98780,98781
98780,98808
98780,98781
98806,98807
98805,98750
98786,98758
98786,98758
98760,98804
98802,98803
98801,98760
98760,98801
98760,98801
98760,98761
98753,98752
98800,98776
98779,98778
98779,98778
98778,98796
98888,98906
98782,98760
98776,98817
98888,98923
98869,98870
98903,98906
98924,98925
98888,98914
98869,98918
98903,98914
98888,98914
98907,98916
98903,98906
98924,98896
98888,98906
98903,98914
98888,98889
98907,98896
98903,98906
98888,98923
98869,98926
98907,98927
98888,98906
98869,98928
98907,98908
98888,98914
98901,98869
98868,98916
98774,98929
98901,98899
98903,98923
98888,98889
98907,98775
98888,98889
98869,98918
98903,98923
98887,98906
98909,98910
98896,98904
98902,98909
98888,98930
98901,98931
98869,98932
98887,98888
98903,98914
98909,98933
98896,98916
98902,98914
98888,98923
98869,98926
98903,98923
98887,98934
98909,98868
98896,98775
98902,98935
98888,98906
98869,98911
98903,98906
98909,98914
98896,98936
98902,98937
98869,98928
98888,98906
98909,98938
98868,98775
98868,98775
98774,98939
98902,98903
98888,98889
98896,98915
98869,98940
98909,98914
98868,98916
98774,98941
98902,98942
98868,98904
98774,98916
98888,98906
98896,98943
98909,98869
98869,98926
98868,98905
98774,98944
98902,98923
98888,98914
98896,98922
98868,98945
98774,98946
98869,98947
98909,98948
98902,98909
98868,98925
98949,98950
98869,98940
98869,98951
98896,98774
98774,98916
98903,98914
98888,98906
98868,98905
98774,98904
98909,98910
98869,98870
98903,98923
98868,98925
98774,98952
98888,98889
98909,98933
98869,98911
98868,98915
98774,98927
98907,98917
98868,98904
98774,98953
98888,98914
98869,98932
98909,98903
98868,98915
98774,98927
98902,98954
98888,98889
98868,98925
98774,98952
98909,98909
98815,98776
98902,98955
98909,98909
98902,98955
98901,98909
98902,98909
98902,98868
98902,98954
98902,98942
98902,98937
98919,98956
98902,98903
98902,98914
98948,98905
98902,98909
98924,98939
98902,98957
98902,98955
98901,98958
98902,98906
98902,98937
98902,98942
98869,98926
98902,98954
98924,98915
98907,98915
98902,98903
98869,98870
98896,98904
98902,98909
98907,98939
98896,98915
98902,98906
98764,98810
98818,98810
98810,98818
98818,98810
98818,98810
98778,98779
98780,98808
98845,98755
98754,98755
98764,98810
98850,98810
98845,98755
98755,98845
98764,98810
98764,98750
98857,98758
98764,98799
98826,98758
98834,98758
98838,98836
98838,98836
98815,98771
98807,98812
98812,98807
98812,98807
98815,98750
98764,98895
98815,98759
98902,98914
98896,98896
98902,98906
98902,98903
98909,98938
98902,98954
98888,98914
98869,98926
98909,98948
98903,98906
98896,98936
98902,98955
98888,98959
98869,98870
98903,98914
98909,98903
98887,98914
98896,98942
98902,98868
98888,98960
98901,98906
98869,98932
98903,98923
98887,98934
98909,98869
98896,98961
98902,98935
98888,98914
98869,98962
98887,98923
98903,98906
98909,98868
98896,98943
98869,98911
98888,98889
98896,98916
98902,98923
98869,98951
98903,98923
98896,98774
98949,98955
98902,98942
98869,98951
98896,98896
98902,98954
98869,98870
98888,98923
98887,98888
98902,98955
98869,98926
98888,98923
98902,98909
98902,98906
98869,98932
98901,98963
98909,98933
98902,98903
98869,98918
98888,98906
98903,98914
98909,98869
98902,98942
98903,98906
98903,98923
98902,98923
98868,98915
98949,98964
98887,98869
98899,98888
98888,98914
98907,98965
98903,98904
98901,98955
98902,98869
98966,98952
98967,98914
98968,98914
98949,98964
98919,98956
98899,98914
98919,98969
98888,98906
98948,98970
98901,98935
98901,98971
98948,98905
98774,98917
98868,98916
98948,98905
98967,98914
98948,98775
98967,98972
98967,98968
98948,98904
98948,98970
98967,98946
98907,98908
98967,98935
98968,98973
98966,98952
98967,98933
98869,98928
98949,98964
98888,98906
98899,98888
98902,98955
98907,98974
98903,98970
98968,98904
98966,98975
98901,98869
98948,98904
98967,98909
98869,98932
98949,98964
98899,98899
98888,98889
98901,98906
98902,98942
98903,98905
98907,98939
98899,98976
98949,98964
98967,98938
98948,98775
98919,98956
98968,98970
98901,98935
98966,98975
98903,98970
98902,98903
98967,98977
98948,98970
98909,98909
98909,98896
98899,98888
98896,98904
98949,98964
98899,98914
98888,98923
98896,98978
98888,98906
98899,98899
98896,98936
98899,98914
98888,98923
98896,98922
98899,98899
98888,98889
98888,98906
98896,98915
98899,98914
98888,98914
98896,98775
98899,98979
98896,98904
98919,98969
98888,98930
98899,98899
98896,98978
98888,98923
98901,98963
98899,98914
98968,98906
98888,98906
98919,98956
98896,98775
98899,98914
98896,98936
98967,98869
98888,98914
98888,98889
98967,98909
98888,98923
98888,98923
98888,98906
98919,98969
98888,98914
98901,98955
98888,98889
98888,98889
98899,98976
98888,98914
98888,98906
98899,98914
98899,98888
98899,98888
98888,98889
98899,98899
98888,98914
98899,98888
98888,98923
98888,98906
98899,98914
98899,98914
98888,98906
98919,98956
98899,98888
98888,98889
98888,98923
98888,98914
98901,98935
98966,98952
98907,98944
98899,98899
98949,98980
98907,98981
98919,98969
98948,98905
98966,98982
98868,98905
98774,98775
98968,98903
98967,98914
98901,98869
98909,98868
98896,98896
98902,98923
98887,98889
98888,98914
98774,98917
98899,98888
98948,98904
98966,98983
98907,98775
98968,98869
98919,98969
98967,98869
98868,98945
98774,98913
98909,98909
98896,98922
98888,98906
98902,98869
98868,98916
98902,98955
98896,98916
98774,98929
98869,98984
98868,98939
98774,98913
98949,98985
98887,98869
98899,98914
98888,98906
98948,98775
98968,98986
98967,98987
98919,98956
98966,98988
98901,98931
98868,98904
98774,98904
98896,98775
98902,98954
98868,98945
98909,98868
98901,98935
98888,98889
98968,98935
98966,98982
98949,98989
98907,98965
98967,98990
98948,98904
98774,98916
98868,98775
98899,98976
98887,98914
98919,98956
98903,98904
98899,98914
98868,98939
98968,98939
98901,98906
98967,98909
98948,98775
98868,98925
98774,98913
98896,98915
98919,98969
98909,98933
98888,98889
98902,98954
98903,98905
98899,98899
98907,98916
98966,98988
98868,98775
98774,98775
98902,98869
98899,98914
98903,98970
98887,98991
98888,98914
98949,98964
98966,98982
98774,98992
98909,98910
98919,98956
98869,98870
98896,98916
98948,98905
98901,98906
98868,98905
98899,98888
98907,98915
98899,98914
98774,98941
98966,98988
98907,98896
98968,98914
98948,98905
98901,98963
98919,98956
98896,98936
98909,98869
98868,98916
98774,98904
98902,98909
98888,98914
98949,98964
98903,98775
98899,98888
98966,98983
98903,98925
98774,98929
98868,98915
98888,98889
98902,98909
98909,98910
98887,98906
98896,98775
98901,98993
98774,98916
98948,98970
98868,98904
98968,98906
98907,98904
98919,98956
98896,98904
98968,98903
98888,98889
98899,98914
98967,98977
98896,98916
98888,98889
98909,98914
98919,98956
98949,98964
98948,98904
98869,98940
98966,98983
98901,98869
98907,98915
98899,98888
98896,98774
98907,98965
98888,98923
98909,98868
98966,98952
98901,98955
98899,98899
98907,98917
98919,98969
98888,98889
98949,98964
98968,98906
98909,98868
98948,98905
98902,98923
98966,98994
98901,98990
98919,98956
98966,98901
98901,98899
98869,98962
98966,98982
98901,98899
98888,98889
98899,98888
98896,98936
98949,98995
98919,98956
98968,98986
98948,98970
98909,98910
98966,98996
98907,98916
98901,98971
98888,98914
98899,98909
98896,98922
98949,98997
98948,98775
98968,98903
98919,98969
98949,98964
98909,98903
98896,98775
98896,98922
98899,98899
98907,98904
98901,98906
98966,98887
98948,98970
98968,98935
98919,98969
98888,98906
98907,98775
98899,98888
98919,98969
98907,98981
98896,98904
98919,98969
98888,98914
98968,98945
98967,98935
98948,98775
98902,98903
98966,98998
98901,98938
98907,98908
98899,98914
98887,98914
98919,98956
98899,98899
98949,98964
98967,98869
98902,98955
98901,98869
98966,98952
98888,98889
98899,98899
98907,98917
98949,98964
98869,98984
98968,98922
98902,98909
98967,98869
98966,98998
98902,98906
98968,98905
98901,98935
98966,98999
98902,98906
98888,98923
98949,98964
98968,98986
98948,98904
98909,98869
98902,98954
98966,98952
98901,98963
98967,98909
98896,98896
98899,98914
98907,98939
98919,98956
98887,98923
98888,98906
98909,98914
98949,99000
98948,98905
98949,99000
98919,98956
98888,98914
98909,98909
98967,98933
98907,98944
98896,98936
98899,98888
98901,98971
98966,98952
98902,98942
98948,98970
98968,98869
98907,98896
98909,98909
98948,98775
98919,98956
98968,98906
98919,98969
98888,98906
98896,98915
98899,98899
98949,98964
98966,98982
98968,98906
98919,98956
98888,98889
98896,98936
98899,98899
98949,98964
98966,98988
98966,98887
98968,98903
98948,98970
98888,98914
98896,98904
98949,99001
98966,99002
98888,98906
98948,98904
98896,98775
98949,98964
98919,98969
98899,98914
98966,98887
98888,98889
98896,98896
98919,98956
98949,99003
98899,98914
98896,98896
98899,98899
98968,98914
98966,98983
98888,98914
98899,98888
98966,98887
98968,98935
98888,98923
98899,98899
98949,98964
98901,98869
98968,98903
98966,98982
98888,98889
98899,98914
98949,98964
98966,99002
98888,98923
98919,98956
98968,98986
98966,98901
98899,98976
98896,98916
98948,98775
98888,98914
98968,98914
98966,98988
98899,98888
98888,98906
98968,98935
98919,98969
98919,98956
98968,98935
98949,99004
98919,98969
98899,98976
98967,98933
98949,99005
98903,98775
98919,98969
98901,98990
98907,98908
98888,98906
98966,98996
98899,98909
98967,98955
98949,98964
98968,99006
98909,98933
98907,98981
98966,98901
98888,98914
98949,99007
98968,98869
98896,98904
98899,98899
98888,98923
98966,98887
98968,98906
98907,98917
98948,98904
98919,98969
98968,98914
98949,98964
98967,98914
98899,98914
98909,98869
98966,98901
98966,98982
98907,98916
98899,98888
98966,98982
98888,98914
98896,98922
98948,98905
98907,98775
98968,98914
98919,98956
98899,98899
98949,98964
98966,98901
98888,98914
98896,98916
98948,98905
98907,98896
98968,99006
98919,98956
98901,98955
98896,98896
98949,98964
98967,98955
98919,98956
98899,98914
98888,98906
98968,98986
98888,98889
98907,98904
98901,98906
98896,98774
98949,98964
98899,98888
98966,98983
98966,98988
98888,98906
98868,98915
98899,98948
98774,98927
98868,98925
98887,98869
98919,98969
98968,98914
98869,98911
98901,98931
98907,98936
98896,98904
98774,98981
98868,98915
98899,98903
98887,98934
98774,98915
98868,98916
98919,98969
98901,98958
98948,98775
98909,98910
98948,98925
98901,98963
98774,98929
98868,98775
98919,98956
98899,98899
98774,98775
98868,98915
98887,98869
98948,98775
98901,98935
98888,98906
98967,98987
98774,98952
98868,98925
98899,98888
98919,98956
98887,99008
98966,98988
98774,98939
98868,98775
98968,98923
98901,98968
98896,98936
98948,98970
98869,98928
98888,98923
98899,98914
98774,98929
98868,98904
98909,98914
98887,98923
98919,98969
98896,99009
98901,98990
98968,98903
98896,99010
98774,98913
98868,98916
98869,98870
98888,98889
98899,98948
98909,98903
98902,98955
98902,99011
98968,98906
98901,98906
98899,98899
98774,98916
98868,98905
98887,98909
98919,98956
98901,98899
98968,98935
98902,98942
98896,98961
98888,98889
98869,98911
98774,98939
98868,98904
98967,98909
98909,98869
98887,98906
98774,98917
98868,98945
98919,98956
98869,98926
98948,98970
98887,98869
98949,98949
98868,98916
98887,99008
98901,98931
98968,98986
98919,98956
98899,98888
98774,98952
98868,98925
98774,98953
98896,98916
98966,98983
98774,98775
98901,98906
98774,98981
98868,98905
98919,98956
98899,98899
98967,98933
98949,99012
98949,98964
98966,98982
98896,98896
98887,98869
98774,98917
98868,98925
98901,98931
98968,98935
98899,98914
98948,98904
98896,98774
98774,98904
98868,98904
98966,98988
98887,98869
98901,98869
98924,98915
98888,98914
98899,98914
98919,98969
98774,98939
98868,98775
98896,98922
98949,99013
98774,99014
98868,98915
98966,98988
98887,99008
98968,98869
98901,98935
98899,98914
98919,98956
98774,98904
98868,98916
98887,99008
98966,98982
98968,98986
98948,98905
98774,98944
98868,98945
98901,99015
98899,98914
98919,98969
98774,98916
98868,98904
98949,98906
98887,98909
98868,98905
98919,98956
98966,98982
98887,98869
98901,98899
98919,98969
98899,98888
98774,98917
98868,98945
98967,98914
98896,98775
98949,99016
98966,98983
98968,98903
98887,98869
98869,98932
98774,98941
98868,98774
98924,98922
98901,98963
98899,98899
98774,98913
98949,99017
98774,98915
98919,98956
98887,98909
98774,98916
98868,98775
98901,98958
98919,98969
98902,98955
98869,98926
98903,98923
98968,98869
98774,98775
98899,98986
98888,98889
98968,98906
98887,98923
98901,98869
98919,98956
98902,98923
98774,98904
98868,98915
98888,98889
98899,98906
98903,98906
98887,98934
98774,98929
98868,98904
98901,98906
98919,98956
98902,98903
98907,98916
98774,98941
98868,98925
98899,99018
98888,98906
98968,98906
98869,98870
98887,98906
98901,98931
98919,98969
98774,98939
98868,98945
98902,98942
98868,98904
98968,98935
98903,98914
98888,98906
98896,99010
98774,98908
98868,98775
98888,98889
98968,98935
98899,98899
98901,98906
98902,98955
98887,98923
98919,98969
98868,98945
98869,98928
98887,98914
98896,98961
98888,98906
98899,98888
98901,99019
98774,98929
98774,98953
98869,98911
98919,98969
98902,98954
98899,98903
98887,98909
98774,98927
98868,98905
98968,98923
98901,98899
98902,98942
98919,98956
98774,98981
98868,98916
98869,98928
98887,98906
98888,98889
98968,98903
98899,98914
98901,98931
98948,98904
98774,98944
98868,98925
98869,98932
98888,98889
98899,98948
98869,98918
98887,98934
98901,98931
98919,98956
98909,98909
98902,98942
98896,99014
98774,98927
98868,98904
98868,98905
98967,99011
98888,98914
98899,99018
98887,98906
98968,98986
98901,98935
98919,98956
98909,98868
98902,98906
98907,98915
98774,98775
98899,99020
98888,98914
98901,98906
98902,98954
98896,98912
98968,98923
98869,98932
98888,98906
98774,98944
98868,98775
98899,98888
98909,98869
98887,98923
98901,98899
98919,98969
98774,98904
98868,98945
98902,98909
98896,98897
98869,98951
98967,98935
98896,99021
98774,98941
98868,98775
98869,98926
98919,98969
98909,98933
98902,98906
98896,98919
98967,98977
98869,98940
98907,98904
98899,98986
98888,98906
98774,98915
98868,98905
98968,98903
98887,98914
98901,98935
98919,98956
98902,98954
98896,99009
98774,98952
98868,98916
98868,98925
98868,98905
98774,98913
98968,98914
98967,98946
98907,98944
98899,99022
98887,98888
98968,98869
98774,98952
98868,98945
98901,98958
98919,98969
98909,98914
98896,99023
98902,98909
98774,98981
98868,98916
98869,98962
98907,98974
98888,98889
98899,99024
98887,98914
98901,98899
98966,98901
98887,99008
98887,98869
98887,99025
98948,98904
98909,98903
98899,98914
98949,98964
98901,99026
98868,98916
98774,98910
98888,98906
98966,98982
98968,98914
98919,98969
98869,98926
98887,99027
98909,98910
98869,98918
98919,98956
98968,98903
98896,98936
98968,98906
98919,98956
98948,98904
98896,98904
98966,98983
98774,98927
98868,98775
98899,98899
98888,98914
98901,98935
98968,98914
98899,98909
98919,98969
98948,98925
98774,98944
98868,98916
98887,99008
98868,98915
98949,99028
98966,98988
98888,98914
98902,98906
98949,99004
98966,98988
98868,98925
98774,98888
98901,98961
98869,98928
98887,98991
98868,98904
98774,98916
98968,98869
98888,98906
98899,98976
98966,98982
98887,98888
98869,98870
98919,98956
98774,98888
98948,98970
98888,98914
98868,98925
98774,98888
98919,98969
98869,98932
98887,98906
98901,99022
98868,98905
98899,98906
98949,98964
98909,98869
98901,99029
98966,98983
98948,98970
98868,98915
98774,98888
98901,98968
98774,98913
98924,99030
98869,98928
98948,98905
98919,98969
98909,98933
98774,99031
98868,98915
98967,98977
98896,98774
98966,98988
98901,98869
98949,99017
98888,98889
98774,99032
98868,98905
98887,98869
98887,99033
98888,98923
98899,98976
98868,98904
98907,98939
98949,98964
98899,98888
98888,98889
98887,99034
98948,98775
98919,98956
98948,98905
98968,98923
98967,98933
98896,98936
98966,98982
98901,99035
98949,99017
98907,98775
98774,99036
98909,98868
98899,98899
98899,99020
98774,98929
98888,98906
98887,99008
98869,98870
98899,98888
98919,98956
98948,98970
98774,98775
98868,98905
98896,98922
98966,98982
98949,99017
98774,98888
98888,98889
98887,98869
98901,98869
98868,98945
98774,98916
98901,98906
98949,98964
98868,98945
98896,98775
98966,98983
98949,98964
98901,98899
98888,98906
98868,98775
98968,98906
98869,98918
98948,98775
98968,98923
98774,98941
98868,98904
98919,98969
98896,98916
98966,98988
98899,99037
98868,98775
98774,98929
98869,98911
98909,98914
98919,98969
98966,98982
98901,98967
98868,98939
98774,98904
98968,98935
98896,98915
98888,98889
98968,98923
98899,98899
98909,98909
98901,99038
98919,98969
98949,99039
98899,98888
98966,98983
98774,98941
98887,98935
98888,98923
98888,98930
98899,98906
98968,98986
98909,98933
98868,98972
98949,98964
98919,98956
98774,98917
98887,98923
98896,98774
98868,98916
98966,98983
98907,98896
98901,98990
