100474,100475
100476,100477
100478,100479
100480,100481
100480,100482
100483,100484
100480,100485
100486,100487
100488,100486
100484,100489
100490,100491
100488,100486
100492,100493
100494,100495
100496,100497
100497,100498
100490,100491
100499,100486
100477,100476
100481,100480
100500,100501
100486,100502
100486,100502
100480,100485
100486,100503
100490,100491
100480,100485
100486,100503
100504,100480
100505,100476
100506,100507
100491,100490
100507,100508
100509,100495
100510,100507
100511,100480
100486,100502
100476,100477
100512,100513
100514,100492
100477,100476
100515,100516
100516,100515
100516,100515
100517,100486
100518,100492
100514,100491
100486,100487
100486,100487
100511,100480
100500,100501
100486,100519
100491,100490
100486,100487
100484,100520
100521,100476
100521,100476
100476,100477
100480,100481
100477,100476
100513,100512
100484,100522
100476,100523
100476,100521
100476,100521
100476,100521
100480,100481
100521,100476
100476,100521
100521,100476
100476,100521
100521,100476
100495,100524
100491,100490
100491,100490
100525,100526
100486,100488
100527,100495
100479,100528
100529,100530
100531,100479
100513,100532
100514,100507
100530,100533
100520,100484
100512,100513
100486,100534
100507,100514
100535,100479
100530,100498
100486,100534
100530,100536
100537,100497
100538,100497
100478,100479
100479,100539
100534,100486
100479,100539
100484,100540
100536,100530
100539,100479
100513,100541
100507,100542
100484,100540
100535,100479
100543,100507
100544,100479
100484,100483
100491,100490
100500,100545
100534,100486
100500,100501
100495,100527
100495,100524
100546,100476
100524,100495
100477,100476
100476,100477
100547,100500
100548,100497
100549,100500
100500,100501
100547,100500
100550,100486
100487,100486
100491,100490
100500,100501
100476,100477
100505,100476
100547,100500
100500,100501
100547,100500
100500,100545
100476,100477
100477,100476
100476,100477
100507,100551
100507,100551
100513,100552
100551,100507
100476,100477
100479,100528
100476,100505
100476,100477
100538,100497
100480,100481
100553,100480
100524,100495
100546,100476
100495,100524
100495,100527
100500,100501
100476,100477
100477,100476
100476,100477
100505,100476
100476,100505
100479,100528
100476,100477
100551,100507
100513,100552
100476,100477
100513,100552
100491,100490
100549,100500
100504,100480
100480,100485
100490,100491
100486,100503
100480,100485
100486,100502
100548,100497
100486,100502
100491,100490
100491,100490
100491,100490
100487,100486
100550,100486
100500,100501
100486,100502
100511,100480
100476,100477
100477,100476
100513,100532
100537,100497
100544,100479
100543,100507
100535,100479
100484,100540
100525,100526
100507,100542
100484,100483
100539,100479
100484,100540
100479,100539
100534,100486
100479,100539
100513,100541
100507,100551
100486,100488
100479,100528
100500,100545
100500,100501
100500,100501
100500,100545
100486,100534
100535,100479
100527,100495
100507,100514
100512,100513
100520,100484
100530,100533
100530,100498
100531,100479
100529,100530
100486,100534
100495,100554
100506,100507
100507,100508
100490,100491
100476,100514
100481,100480
100510,100507
100490,100491
100510,100507
100491,100490
100507,100510
100492,100498
100492,100493
100555,100556
100480,100553
100553,100480
100495,100554
100507,100514
100480,100481
100557,100507
100491,100490
100480,100553
100555,100556
100492,100493
100492,100498
100492,100558
100514,100507
100557,100507
100507,100514
100510,100507
100490,100491
100510,100507
100481,100480
100476,100514
100490,100491
100507,100510
100491,100490
100495,100524
100486,100519
100488,100486
100499,100486
100490,100491
100488,100486
100486,100487
100480,100485
100492,100493
100480,100482
100484,100489
100481,100480
100486,100503
100500,100501
100510,100507
100509,100495
100480,100481
100491,100490
100494,100495
100497,100498
100500,100501
100511,100480
100486,100487
100486,100487
100486,100487
100477,100476
100496,100497
100518,100492
100484,100522
100513,100512
100480,100481
100512,100513
100484,100520
100490,100491
100480,100481
100513,100552
100559,100560
100561,100562
100563,100564
100561,100565
100560,100566
100563,100560
100561,100567
100563,100568
100561,100565
100563,100569
100561,100567
100563,100475
100561,100570
100563,100571
100561,100572
100563,100573
100561,100572
100561,100572
100561,100570
100563,100574
100561,100565
100560,100575
100563,100568
100561,100567
100560,100576
100563,100564
100561,100565
100560,100577
100563,100560
100578,100560
100563,100574
100474,100579
100563,100580
100563,100573
100561,100570
100563,100574
100581,100582
100578,100583
100563,100573
100584,100585
100474,100573
100561,100586
100587,100588
100560,100589
100581,100568
100561,100572
100563,100568
100561,100570
100563,100560
100561,100565
100563,100564
100561,100572
100563,100475
100561,100570
100563,100580
100563,100571
100561,100572
100560,100590
100563,100475
100584,100568
100561,100565
100560,100591
100561,100567
100563,100571
100561,100570
100563,100574
100561,100567
100563,100573
100560,100592
100561,100581
100560,100593
100521,100476
100476,100521
100476,100523
100477,100476
100476,100477
100476,100477
100477,100476
100483,100484
100505,100476
100547,100500
100547,100500
100507,100551
100547,100500
100547,100500
100476,100521
100534,100486
100530,100536
100536,100530
100563,100573
100561,100562
100560,100594
100595,100596
100563,100580
100561,100597
100560,100598
100563,100574
100560,100599
100563,100571
100563,100564
100560,100600
100514,100507
100521,100476
100476,100521
100521,100476
100581,100475
100563,100564
100474,100475
100584,100584
100561,100562
100572,100573
100560,100601
100563,100475
100581,100582
100584,100474
100474,100568
100561,100602
100572,100568
100560,100603
100563,100571
100474,100568
100584,100568
100476,100521
100521,100476
100476,100521
100521,100476
100514,100492
100515,100516
100587,100604
100516,100515
100517,100486
100514,100491
100492,100558
100514,100507
100561,100586
100581,100571
100516,100515
100563,100573
100561,100602
100578,100605
100584,100568
100606,100607
100559,100568
100474,100568
100581,100582
100563,100571
100578,100608
100561,100597
100560,100609
100606,100610
100584,100474
100474,100579
100559,100573
100581,100568
100561,100586
100563,100560
100561,100611
100560,100612
100584,100584
100559,100580
100474,100573
100581,100573
100563,100580
100578,100559
100561,100562
100560,100576
100584,100568
100559,100560
100581,100475
100474,100475
100578,100613
100560,100614
100578,100574
100563,100574
100559,100560
100587,100615
100563,100574
100584,100568
100581,100564
100606,100616
100559,100617
100474,100579
100587,100618
100563,100564
100578,100619
100561,100611
100584,100474
100559,100620
100474,100568
100581,100621
100563,100573
100581,100608
100474,100475
100559,100621
100561,100578
100578,100573
100563,100564
100563,100475
100581,100571
100559,100475
100474,100573
100587,100588
100584,100584
100561,100562
100578,100560
100560,100622
100587,100615
100578,100564
100560,100591
100561,100586
100474,100579
100560,100623
100584,100474
100587,100615
100581,100564
100563,100564
100578,100624
100561,100597
100560,100625
100474,100475
100584,100573
100587,100618
100581,100608
100578,100613
100563,100564
100561,100611
100560,100626
100474,100573
100584,100568
100581,100571
100587,100627
100563,100560
100578,100574
100561,100562
100560,100628
100474,100568
100584,100621
100581,100621
100563,100580
100578,100559
100563,100560
100581,100582
100584,100629
100584,100630
100581,100564
100563,100573
100578,100573
100474,100568
100561,100602
100560,100631
100587,100588
100584,100567
100581,100571
100563,100580
100578,100560
100474,100573
100561,100611
100560,100632
100584,100633
100581,100608
100587,100627
100560,100566
100474,100579
100595,100634
100578,100619
100563,100475
100561,100586
100581,100621
100587,100604
100560,100575
100474,100475
100561,100602
100578,100608
100563,100571
100584,100584
100560,100593
100563,100568
100560,100635
100561,100636
100563,100569
100560,100598
100581,100564
100561,100562
100563,100564
100560,100637
100581,100608
100563,100580
100581,100571
100563,100568
100581,100621
100474,100573
100563,100560
100474,100579
100560,100638
100578,100560
100563,100475
100560,100639
100581,100582
100474,100573
100563,100580
100560,100609
100581,100571
100474,100568
100563,100564
100560,100640
100581,100621
100595,100583
100572,100573
100581,100564
100581,100621
100560,100614
100563,100571
100561,100597
100560,100641
100563,100580
100561,100636
100474,100573
100560,100642
100563,100568
100561,100581
100563,100573
100561,100602
100563,100560
100560,100643
100561,100586
100563,100580
100561,100597
100563,100571
100560,100644
100561,100602
100474,100475
100581,100608
100560,100645
100563,100573
100561,100611
100563,100580
100581,100571
100563,100564
100474,100568
100561,100581
100581,100582
100563,100574
100474,100568
100560,100599
100563,100571
100474,100475
100560,100646
100578,100647
100561,100562
100474,100573
100595,100596
100560,100648
100563,100560
100561,100611
100595,100649
100474,100568
100560,100650
100563,100571
100561,100597
100474,100573
100581,100621
100563,100475
100560,100651
100561,100586
100474,100579
100581,100608
100560,100652
100563,100573
100474,100475
100581,100564
100560,100653
100563,100574
100474,100475
100581,100608
100560,100594
100563,100571
100474,100579
100563,100573
100560,100601
100581,100571
100474,100475
100561,100581
100595,100474
100581,100621
100572,100580
100563,100574
100474,100573
100561,100611
100595,100564
100581,100475
100572,100568
100563,100560
100474,100579
100561,100578
100581,100608
100572,100654
100563,100573
100474,100568
100561,100581
100606,100655
100563,100564
100581,100564
100560,100626
100561,100602
100584,100584
100606,100655
100578,100656
100563,100585
100572,100564
100581,100573
100560,100657
100561,100597
100474,100579
100560,100612
100561,100562
100563,100560
100560,100628
100563,100560
100560,100600
100563,100573
100560,100625
100563,100475
100563,100574
100560,100577
100563,100564
100560,100651
100563,100580
100560,100658
100563,100571
100560,100599
100563,100564
100563,100568
100560,100652
100563,100580
100560,100659
100563,100475
100560,100651
100563,100568
100560,100576
100474,100573
100563,100564
100560,100594
100474,100568
100474,100579
100563,100573
100474,100475
100563,100585
100560,100626
100563,100560
100560,100599
100563,100580
100560,100577
100563,100560
100560,100658
100563,100571
100563,100564
100560,100652
100563,100475
100560,100660
100563,100574
100560,100657
100563,100571
100560,100640
100563,100560
100560,100576
100563,100564
100560,100594
100563,100580
100560,100650
100563,100475
100560,100639
100563,100573
100560,100638
100474,100573
100563,100571
100563,100573
100563,100475
100560,100645
100563,100568
100560,100591
100563,100580
100563,100574
100563,100571
100474,100579
100563,100475
100474,100475
100559,100617
100474,100573
100559,100580
100474,100579
100559,100617
100474,100573
100559,100560
100474,100568
100559,100580
100474,100579
100559,100617
100559,100580
100584,100661
100561,100570
100560,100625
100563,100574
100560,100589
100561,100662
100563,100573
100560,100628
100561,100586
100563,100568
100578,100559
100560,100622
100563,100564
100560,100623
100561,100578
100563,100475
100560,100663
100561,100567
100561,100611
100474,100579
100474,100579
100474,100568
100474,100475
100474,100573
100563,100571
100474,100568
100563,100560
100563,100564
100474,100475
100563,100573
100474,100579
100563,100580
100474,100573
100474,100568
100474,100568
100563,100574
100474,100573
100474,100579
100474,100475
100559,100560
100474,100573
100474,100475
100474,100475
100559,100560
100474,100579
100559,100580
100474,100568
100474,100568
100474,100475
100584,100573
100474,100573
100563,100560
100474,100579
100474,100573
100581,100621
100584,100474
100587,100604
100572,100580
100559,100617
100474,100475
100563,100568
100584,100584
100561,100562
100572,100582
100559,100560
100474,100579
100595,100664
100560,100638
100563,100580
100561,100611
100584,100474
100572,100580
100474,100573
100559,100580
100578,100613
100563,100574
100561,100586
100572,100568
100474,100568
100563,100571
100578,100624
100560,100657
100584,100568
100561,100602
100563,100475
100584,100560
100474,100573
100559,100617
100578,100574
100572,100573
100474,100579
100595,100568
100584,100584
100563,100568
100606,100665
100559,100580
100572,100564
100578,100560
100561,100562
100563,100573
100474,100579
100584,100560
100559,100580
100572,100666
100578,100564
100561,100586
100474,100568
100584,100574
100563,100560
100578,100583
100561,100602
100559,100560
100572,100568
100563,100574
100572,100666
100561,100578
100474,100475
100578,100560
100474,100568
100560,100600
100563,100585
100584,100584
100572,100666
100561,100586
100595,100582
100578,100564
100474,100579
100560,100628
100559,100580
100559,100617
100563,100564
100584,100568
100572,100573
100561,100597
100578,100613
100474,100475
100563,100475
100559,100560
100560,100625
100584,100574
100561,100602
100578,100573
100563,100573
100606,100667
100561,100611
100572,100580
100584,100560
100559,100560
100578,100605
100560,100650
100563,100564
100584,100574
100572,100564
100561,100597
100559,100580
100578,100668
100474,100573
100563,100571
100584,100580
100572,100573
100561,100602
100559,100560
100560,100640
100578,100649
100474,100475
100563,100560
100584,100573
100572,100564
100561,100562
100559,100617
100578,100669
100560,100626
100474,100579
100563,100580
100561,100611
100560,100660
100563,100475
100474,100573
100563,100475
100474,100579
100584,100670
100559,100560
100563,100564
100474,100475
100584,100666
100559,100617
100563,100573
100474,100573
100584,100671
100563,100580
100559,100560
100559,100580
100584,100672
100563,100568
100474,100579
100578,100619
100584,100661
100563,100571
100474,100475
100584,100629
100559,100580
100563,100573
100561,100578
100474,100568
100474,100573
100584,100573
100584,100654
100559,100580
100584,100666
100559,100617
100474,100475
100584,100671
100559,100560
100474,100579
100559,100617
100474,100573
100584,100670
100559,100580
100474,100568
100584,100629
100474,100568
100595,100673
100474,100579
100584,100674
100559,100560
100474,100573
100584,100673
100559,100580
100474,100475
100584,100474
100559,100617
100563,100574
100474,100568
100584,100621
100559,100617
100559,100560
100563,100475
100474,100475
100584,100584
100563,100573
100559,100617
100578,100583
100561,100578
100474,100568
100572,100582
100584,100574
100563,100571
100559,100560
100578,100559
100561,100602
100572,100666
100474,100475
100584,100672
100563,100580
100559,100617
100578,100573
100474,100568
100572,100568
100584,100568
100563,100560
100559,100560
100561,100611
100578,100619
100572,100573
100572,100559
100561,100586
100474,100573
100559,100580
100561,100586
100584,100474
100563,100580
100474,100573
100561,100562
100584,100673
100563,100568
100474,100579
100561,100602
100584,100568
100563,100560
100474,100568
100561,100611
100572,100584
100584,100560
100559,100560
100563,100571
100474,100579
100561,100597
100578,100584
100584,100580
100563,100564
100474,100475
100578,100613
100561,100562
100584,100474
100563,100564
100584,100474
100584,100580
100559,100617
100474,100568
100563,100560
100474,100579
100560,100675
100595,100568
100584,100584
100559,100620
100572,100568
100561,100578
100578,100676
100581,100571
100563,100580
100474,100579
100581,100564
100560,100598
100584,100474
100572,100573
100561,100562
100578,100582
100581,100573
100563,100573
100474,100573
100560,100635
100559,100621
100584,100584
100572,100564
100561,100586
100559,100571
100578,100564
100578,100619
100572,100580
100559,100475
100572,100580
100578,100583
100474,100573
100581,100621
100560,100599
100563,100574
100561,100562
100584,100568
100559,100573
100572,100573
100578,100649
100561,100597
100581,100571
100563,100585
100560,100657
100606,100677
100584,100619
100561,100586
100572,100564
100578,100573
100581,100571
100474,100573
100563,100580
100560,100642
100584,100568
100474,100568
100584,100584
100581,100564
100474,100568
100578,100574
100581,100621
100563,100580
100474,100475
100559,100617
100560,100639
100584,100584
100578,100573
100581,100564
100563,100560
100474,100579
100559,100573
100561,100602
100584,100474
100581,100564
100563,100573
100595,100678
100474,100573
100559,100580
100584,100568
100578,100608
100563,100568
100581,100571
100474,100568
100559,100620
100584,100584
100578,100649
100563,100585
100584,100568
100559,100568
100560,100653
100559,100475
100584,100568
100572,100584
100559,100617
100578,100560
100581,100621
100563,100571
100474,100475
100559,100571
100560,100577
100584,100474
100560,100638
100572,100580
100578,100619
100581,100608
100563,100564
100474,100568
100559,100560
100560,100660
100584,100584
100561,100611
100578,100559
100581,100475
100563,100568
100474,100573
100561,100602
100563,100475
100561,100578
100560,100652
100584,100560
100561,100562
100474,100568
100578,100573
100563,100569
100560,100679
100559,100580
100572,100580
100584,100474
100474,100475
100561,100602
100578,100619
100572,100573
100563,100573
100572,100580
100560,100650
100584,100574
100474,100579
100561,100586
100578,100613
100563,100475
100559,100560
100572,100564
100560,100637
100561,100611
100474,100573
100559,100680
100578,100574
100559,100560
100578,100564
100581,100564
100572,100568
100561,100562
100578,100574
100563,100571
100560,100663
100584,100474
100559,100580
100474,100573
100561,100586
100578,100560
100563,100574
100563,100569
100584,100584
100560,100651
100572,100564
100561,100597
100474,100573
100578,100583
100563,100568
100584,100580
100559,100560
100560,100594
100572,100568
100474,100579
100561,100611
100559,100580
100584,100560
100560,100640
100559,100580
100581,100571
100561,100562
100560,100643
100563,100564
100559,100580
100572,100568
100474,100568
100581,100571
100561,100611
100560,100681
100563,100571
100559,100617
100584,100584
100572,100564
100474,100568
100561,100611
100560,100645
100581,100564
100584,100560
100563,100573
100559,100568
100572,100568
100578,100574
100474,100579
100563,100580
100561,100602
100578,100559
100474,100573
100584,100474
100578,100560
100572,100568
100560,100659
100474,100475
100584,100568
100578,100649
100561,100597
100563,100560
100559,100580
100572,100573
100474,100579
100578,100564
100581,100621
100584,100474
100561,100602
100560,100646
100581,100564
100559,100560
100572,100580
100474,100475
100572,100564
100578,100613
100584,100574
100561,100586
100560,100648
100563,100564
100559,100560
100563,100568
