102721,102722
102723,102724
102725,102726
102724,102727
102728,102727
102729,102723
102730,102726
102731,102732
102721,102733
102731,102734
102723,102734
102724,102727
102735,102736
102737,102738
102730,102739
102731,102736
102737,102740
102723,102736
102721,102741
102737,102742
102729,102742
102725,102736
102724,102743
102744,102726
102729,102745
102737,102746
102729,102747
102721,102748
102723,102749
102725,102750
102724,102721
102737,102751
102744,102734
102730,102726
102729,102752
102724,102721
102731,102753
102754,102755
102730,102726
102731,102726
102737,102746
102721,102756
102723,102724
102724,102727
102730,102736
102731,102753
102737,102740
102721,102757
102730,102736
102723,102749
102758,102750
102735,102759
102735,102760
102723,102734
102729,102761
102721,102762
102721,102763
102723,102764
102735,102755
102724,102721
102737,102740
102730,102736
102731,102736
102730,102739
102721,102765
102723,102736
102735,102736
102758,102766
102724,102743
102737,102751
102730,102739
102731,102743
102729,102751
102731,102724
102737,102734
102723,102724
102767,102768
102731,102734
102730,102736
102737,102736
102724,102727
102723,102736
102731,102753
102724,102727
102723,102734
102728,102769
102731,102726
102737,102749
102725,102734
102724,102743
102723,102724
102723,102764
102725,102726
102724,102721
102737,102734
102723,102724
102730,102726
102770,102771
102731,102734
102737,102736
102724,102721
102725,102736
102767,102772
102730,102739
102731,102736
102737,102773
102724,102743
102723,102734
102731,102724
102758,102760
102730,102736
102723,102749
102744,102724
102735,102760
102730,102739
102728,102737
102731,102726
102737,102738
102730,102737
102724,102727
102725,102730
102723,102749
102728,102736
102744,102726
102731,102774
102737,102742
102729,102775
102730,102726
102724,102776
102725,102727
102767,102768
102723,102734
102725,102777
102724,102721
102754,102721
102724,102721
102737,102736
102723,102736
102731,102732
102730,102736
102754,102778
102731,102743
102724,102743
102723,102749
102779,102742
102767,102772
102728,102734
102737,102773
102731,102743
102730,102739
102725,102750
102730,102730
102728,102737
102729,102780
102731,102743
102721,102781
102723,102764
102730,102730
102729,102724
102725,102730
102724,102743
102735,102755
102731,102753
102737,102746
102723,102736
102729,102782
102730,102736
102721,102783
102728,102727
102735,102760
102737,102740
102725,102734
102770,102784
102731,102753
102723,102749
102758,102724
102770,102729
102728,102734
102724,102721
102725,102777
102724,102727
102737,102742
102735,102753
102721,102785
102731,102736
102723,102734
102729,102726
102728,102727
102724,102721
102730,102770
102735,102786
102725,102736
102735,102745
102725,102730
102758,102753
102723,102764
102737,102738
102730,102739
102728,102787
102767,102772
102721,102788
102729,102732
102735,102753
102731,102732
102724,102721
102758,102750
102754,102770
102723,102724
102724,102743
102731,102789
102735,102736
102729,102721
102737,102751
102723,102749
102758,102766
102730,102721
102721,102790
102728,102769
102767,102768
102731,102734
102725,102727
102735,102760
102731,102736
102723,102734
102737,102738
102730,102726
102728,102736
102721,102791
102724,102727
102721,102792
102737,102751
102730,102739
102723,102734
102737,102746
102721,102793
102730,102726
102754,102794
102744,102745
102729,102730
102770,102729
102723,102736
102724,102721
102737,102746
102758,102753
102730,102736
102721,102795
102754,102730
102770,102771
102731,102789
102724,102721
102744,102753
102724,102727
102737,102742
102721,102796
102744,102736
102723,102764
102770,102784
102754,102736
102735,102745
102735,102723
102729,102746
102721,102797
102730,102730
102724,102743
102737,102738
102723,102736
102758,102736
102731,102734
102729,102734
102731,102750
102723,102724
102729,102736
102770,102729
102724,102727
102728,102769
102737,102738
102721,102798
102730,102730
102723,102749
102754,102736
102731,102734
102723,102724
102758,102737
102729,102799
102770,102771
102724,102743
102728,102787
102735,102721
102731,102732
102758,102732
102735,102736
102770,102800
102724,102727
102737,102742
102721,102801
102730,102739
102754,102780
102735,102802
102731,102789
102731,102743
102770,102784
102728,102736
102737,102740
102724,102743
102721,102803
102730,102736
102754,102755
102723,102764
102724,102743
102721,102797
102737,102773
102737,102734
102723,102749
102721,102804
102737,102749
102721,102733
102721,102756
102737,102773
102721,102748
102737,102736
102721,102805
102737,102773
102723,102736
102723,102734
102721,102790
102721,102806
102721,102785
102723,102724
102737,102749
102737,102736
102723,102736
102721,102807
102723,102749
102721,102801
102721,102803
102723,102724
102721,102798
102737,102734
102723,102734
102737,102773
102723,102736
102721,102808
102723,102734
102721,102809
102737,102734
102721,102796
102721,102792
102721,102810
102737,102736
102723,102736
102721,102811
102737,102736
102723,102736
102721,102812
102737,102734
102721,102813
102721,102814
102737,102736
102721,102815
102737,102734
102737,102773
102737,102736
102723,102734
102737,102749
102737,102734
102737,102773
102721,102808
102723,102724
102721,102816
102737,102773
102721,102817
102721,102805
102721,102818
102723,102749
102737,102736
102721,102819
102721,102763
102737,102749
102721,102810
102723,102724
102721,102806
102737,102734
102721,102820
102737,102749
102721,102821
102721,102807
102723,102749
102723,102724
102723,102734
102779,102751
102767,102822
102723,102749
102721,102793
102823,102824
102725,102727
102779,102825
102767,102768
102723,102734
102721,102762
102823,102826
102723,102736
102721,102813
102823,102827
102779,102761
102823,102826
102721,102818
102723,102724
102767,102772
102725,102777
102779,102825
102767,102828
102723,102749
102721,102765
102823,102824
102767,102829
102737,102749
102723,102724
102823,102830
102737,102734
102723,102734
102721,102820
102823,102827
102725,102723
102779,102761
102721,102831
102721,102811
102723,102734
102823,102824
102721,102832
102723,102724
102723,102734
102721,102788
102723,102736
102723,102734
102721,102757
102723,102749
102721,102814
102723,102724
102721,102817
102723,102736
102721,102833
102723,102749
102721,102783
102723,102749
102721,102834
102723,102736
102721,102812
102723,102736
102721,102741
102823,102735
102723,102724
102721,102781
102823,102826
102723,102749
102721,102819
102721,102722
102723,102724
102721,102791
102823,102830
102723,102734
102721,102816
102823,102824
102723,102749
102823,102827
102725,102750
102737,102773
102723,102734
102730,102736
102723,102749
102779,102775
102767,102835
102737,102773
102725,102737
102730,102736
102723,102734
102737,102736
102724,102727
102725,102750
102723,102724
102737,102749
102725,102730
102754,102730
102725,102734
102737,102734
102723,102734
102731,102836
102724,102721
102723,102749
102737,102736
102730,102736
102724,102721
102737,102749
102723,102736
102723,102736
102730,102726
102723,102724
102737,102773
102725,102777
102730,102736
102723,102724
102737,102736
102730,102726
102725,102726
102735,102736
102737,102734
102731,102736
102754,102736
102723,102724
102737,102734
102758,102724
102724,102721
102730,102736
102754,102737
102723,102736
102737,102749
102724,102727
102725,102726
102754,102732
102723,102764
102779,102752
102731,102837
102731,102753
102730,102739
102724,102743
102737,102736
102723,102724
102737,102773
102730,102726
102725,102777
102731,102724
102723,102749
102737,102749
102725,102734
102758,102838
102723,102734
102779,102745
102737,102734
102724,102743
102730,102726
102731,102839
102723,102734
102730,102736
102737,102773
102737,102773
102737,102749
102744,102734
102737,102734
102723,102724
102737,102736
102723,102749
102724,102727
102723,102724
102724,102743
102724,102727
102737,102773
102724,102743
102724,102721
102737,102734
102744,102724
102724,102723
102724,102721
102737,102773
102724,102723
102744,102753
102737,102734
102737,102736
102723,102736
102723,102724
102737,102734
102723,102749
102737,102736
102724,102721
102723,102736
102737,102773
102744,102769
102737,102749
102744,102736
102737,102736
102723,102734
102737,102749
102744,102840
102758,102721
102724,102727
102744,102840
102737,102749
102724,102721
102744,102745
102737,102773
102724,102723
102758,102786
102737,102773
102724,102743
102737,102749
102724,102743
102758,102800
102737,102736
102724,102727
102723,102734
102737,102734
102744,102734
102724,102727
102737,102734
102744,102769
102724,102723
102737,102734
102744,102745
102724,102743
102737,102773
102758,102760
102744,102724
102737,102749
102724,102723
102744,102736
102724,102727
102737,102736
102724,102743
102744,102753
102737,102736
102724,102721
102737,102749
102737,102751
102735,102745
102728,102734
102841,102842
102843,102844
102845,102844
102846,102847
102847,102846
102842,102841
102848,102849
102848,102849
102848,102849
102850,102850
102851,102852
102853,102854
102847,102846
102854,102855
102856,102857
102858,102859
102846,102860
102860,102846
102846,102860
102861,102862
102842,102863
102864,102857
102848,102849
102842,102863
102842,102863
102864,102865
102858,102859
102864,102866
102844,102867
102844,102866
102868,102842
102846,102847
102869,102851
102842,102870
102842,102866
102842,102871
102872,102873
102849,102873
102874,102851
102849,102875
102849,102873
102849,102873
102844,102876
102851,102874
102870,102842
102844,102857
102877,102873
102844,102843
102847,102846
102844,102878
102844,102879
102878,102844
102844,102843
102864,102866
102876,102844
102844,102867
102875,102849
102864,102865
102860,102846
102880,102873
102846,102847
102846,102847
102849,102881
102846,102847
102882,102883
102856,102884
102846,102847
102873,102866
102858,102866
102858,102885
102886,102887
102864,102888
102846,102847
102889,102856
102856,102890
102849,102848
102848,102849
102846,102891
102862,102892
102883,102882
102846,102860
102862,102893
102862,102894
102862,102895
102842,102870
102896,102851
102854,102897
102898,102842
102882,102883
102892,102862
102860,102846
102842,102863
102873,102866
102873,102866
102882,102883
102864,102899
102864,102899
102846,102860
102846,102860
102889,102856
102850,102900
102886,102857
102900,102850
102886,102857
102886,102857
102883,102901
102862,102902
102846,102847
102900,102850
102850,102903
102850,102904
102850,102900
102902,102862
102864,102866
102864,102905
102892,102862
102846,102847
102906,102907
102842,102908
102907,102906
102873,102866
102823,102728
102744,102736
102728,102737
102823,102827
102779,102742
102744,102726
102731,102734
102758,102732
102823,102728
102744,102769
102779,102780
102823,102826
102735,102721
102779,102745
102823,102824
102779,102761
102823,102774
102744,102724
102730,102770
102909,102910
102911,102910
102910,102911
102848,102849
102849,102848
102857,102846
102857,102846
102731,102912
102911,102910
102779,102775
102758,102760
102744,102745
102737,102744
102721,102756
102731,102736
102754,102794
102823,102826
102744,102753
102754,102730
102823,102824
102744,102734
102754,102736
102823,102827
102823,102826
102728,102769
102823,102824
102823,102826
102728,102727
102735,102760
102823,102735
102728,102734
102823,102830
102735,102736
102823,102827
102728,102736
102758,102753
102823,102824
102823,102827
102849,102913
102857,102844
102843,102844
102846,102891
102862,102892
102883,102882
102846,102860
102862,102893
102862,102894
102862,102895
102842,102870
102896,102851
102842,102908
102846,102860
102846,102847
102848,102849
102910,102909
102862,102914
102862,102892
102842,102841
102846,102915
102846,102891
102916,102846
102916,102846
102917,102846
102862,102892
102842,102918
102848,102849
102862,102892
102862,102914
102849,102848
102848,102849
102856,102919
102920,102844
102848,102849
102847,102846
102921,102873
102873,102880
102849,102848
102848,102849
102849,102848
102857,102850
102844,102922
102857,102856
102857,102864
102847,102846
102849,102848
102846,102847
102857,102886
102911,102910
102857,102864
102846,102847
102847,102846
102846,102847
102847,102846
102857,102858
102857,102846
102857,102883
102858,102923
102848,102849
102921,102873
102846,102860
102846,102847
102909,102910
102886,102887
102864,102888
102889,102856
102854,102897
102857,102846
102856,102890
102858,102885
102856,102924
102857,102883
102846,102866
102890,102856
102858,102923
102858,102885
102886,102925
102862,102892
102926,102851
102883,102882
102924,102856
102861,102846
102846,102860
102860,102846
102883,102882
102848,102849
102882,102883
102842,102927
102928,102873
102862,102929
102856,102890
102858,102866
102857,102858
102862,102902
102846,102847
102900,102850
102850,102903
102850,102904
102850,102900
102902,102862
102864,102866
102864,102905
102892,102862
102846,102847
102892,102862
102873,102866
102882,102883
102846,102847
102846,102847
102846,102847
102849,102881
102846,102847
102846,102847
102847,102846
102846,102847
102882,102883
102856,102884
102847,102846
102846,102847
102898,102842
102862,102892
102862,102892
102842,102908
102860,102846
102883,102882
102882,102883
102842,102927
102928,102873
102856,102890
102862,102892
102862,102892
102842,102908
102842,102930
102892,102862
102842,102931
102846,102860
102842,102932
102842,102933
102890,102856
102934,102856
102921,102873
102873,102866
102883,102866
102849,102935
102849,102848
102892,102862
102886,102857
102856,102890
102856,102890
102842,102936
102861,102846
102924,102856
102883,102882
102842,102930
102892,102862
102842,102931
102842,102932
102842,102936
102842,102933
102890,102856
102934,102856
102921,102873
102873,102866
102856,102919
102848,102849
102883,102866
102849,102935
102849,102848
102892,102862
102886,102857
102856,102890
102856,102890
102858,102885
102856,102924
102846,102866
102890,102856
102886,102925
102862,102929
102862,102892
102926,102851
102883,102901
102886,102857
102886,102857
102900,102850
102849,102873
102911,102910
102874,102851
102849,102875
102849,102873
102849,102873
102849,102913
102851,102874
102875,102849
102870,102842
102844,102857
102857,102844
102872,102873
102843,102844
102877,102873
102844,102843
102847,102846
102848,102849
102844,102878
102844,102879
102878,102844
102844,102843
102864,102866
102876,102844
102844,102867
102844,102866
102920,102844
102842,102871
102842,102866
102842,102870
102911,102910
102910,102911
102910,102909
102862,102914
102862,102914
102862,102892
102842,102841
102846,102915
102846,102891
102916,102846
102848,102849
102849,102848
102916,102846
102917,102846
102862,102892
102842,102918
102848,102849
102862,102892
102857,102846
102873,102866
102857,102846
102921,102873
102907,102906
102906,102907
102868,102842
102846,102847
102869,102851
102844,102876
102754,102786
102844,102867
102841,102842
102849,102848
102864,102857
102848,102849
102846,102847
102842,102863
102842,102863
102864,102865
102864,102866
102864,102865
102860,102846
102880,102873
102860,102846
102847,102846
102842,102863
102873,102866
102857,102886
102882,102883
102864,102899
102864,102899
102911,102910
102846,102860
102846,102860
102857,102864
102889,102856
102850,102900
102886,102857
102873,102866
102842,102863
102857,102864
102861,102862
102843,102844
102847,102846
102921,102873
102845,102844
102846,102847
102847,102846
102842,102841
102873,102880
102849,102848
102848,102849
102849,102848
102848,102849
102848,102849
102848,102849
102857,102850
102850,102850
102844,102922
102851,102852
102853,102854
102854,102855
102858,102859
102857,102856
102856,102857
102858,102859
102846,102860
102860,102846
102846,102860
102847,102846
102721,102833
102731,102743
102823,102824
102723,102731
102731,102937
102744,102938
102735,102760
102737,102939
102728,102769
102723,102764
102721,102809
102731,102743
102744,102769
102735,102755
102737,102940
102728,102721
102723,102731
102721,102733
102731,102743
102735,102786
102737,102939
102728,102749
102723,102764
102731,102941
102735,102753
102728,102727
102728,102721
102770,102729
102737,102940
102744,102769
102731,102721
102735,102721
102737,102940
102728,102736
102744,102753
102731,102721
102735,102755
102737,102939
102728,102727
102767,102828
102744,102734
102731,102721
102735,102760
102737,102744
102728,102734
102744,102724
102731,102743
102735,102736
102737,102744
102728,102737
102721,102762
102731,102942
102758,102766
102735,102721
102767,102829
102737,102744
102731,102743
102735,102786
102737,102744
102721,102741
102770,102729
102731,102743
102754,102730
102728,102736
102767,102822
102735,102755
102737,102940
102770,102771
102723,102749
102758,102800
102721,102807
102728,102737
102731,102837
102767,102835
102730,102726
102735,102736
102737,102744
102770,102784
102723,102734
102721,102722
102728,102721
102721,102805
102721,102793
102770,102784
102735,102736
102728,102736
102770,102800
102737,102744
102721,102781
102731,102743
102735,102760
102728,102734
102737,102940
102770,102729
102721,102790
102758,102724
102731,102943
102735,102721
102728,102769
102770,102771
102737,102939
102721,102944
102758,102736
102723,102736
102731,102943
102735,102755
102728,102749
102737,102939
102723,102724
102728,102769
102737,102939
102721,102804
102728,102734
102737,102744
102754,102755
102731,102736
102721,102815
102744,102724
102737,102939
102731,102736
102728,102727
102737,102940
102731,102734
102744,102769
102728,102721
102735,102755
102737,102939
102731,102941
102744,102734
102728,102769
102735,102786
102737,102744
102754,102730
102731,102721
102731,102734
102744,102736
102744,102736
102728,102736
102728,102736
102737,102744
102754,102794
102731,102736
102728,102769
102737,102940
102744,102724
102731,102734
102728,102727
102737,102939
102744,102726
102735,102760
102731,102945
102728,102721
102737,102939
102744,102753
102731,102946
102728,102734
102737,102744
102744,102840
102731,102947
102770,102771
102721,102783
102737,102940
102728,102753
102735,102736
102737,102940
102758,102721
102723,102764
102737,102939
102728,102727
102758,102750
102731,102721
102735,102755
102723,102736
102728,102736
102737,102744
102721,102818
102735,102736
102728,102734
102723,102734
102737,102940
102721,102763
102779,102752
102731,102743
102735,102760
102728,102721
102723,102749
102731,102743
102735,102736
102735,102721
102737,102940
102758,102838
102735,102786
102731,102743
102744,102726
102728,102737
102735,102736
102737,102940
102735,102755
102737,102939
102737,102744
102731,102743
102735,102786
102737,102939
102728,102769
102731,102721
102735,102721
102737,102744
102754,102786
102731,102721
102728,102769
102737,102939
102735,102760
102779,102761
102731,102743
102728,102734
102737,102940
102728,102727
102730,102770
102731,102743
102735,102760
102730,102726
102724,102721
102770,102784
102728,102721
102731,102943
102735,102721
102721,102834
102725,102734
102729,102736
102737,102751
102723,102734
102730,102736
102724,102743
102728,102749
102770,102729
102735,102760
102721,102785
102731,102732
102729,102730
102725,102726
102723,102764
102730,102736
102737,102742
102723,102736
102728,102727
102737,102746
102721,102821
102728,102787
102735,102745
102721,102817
102725,102736
102758,102760
102770,102771
102737,102742
102723,102764
102730,102739
102728,102734
102721,102819
102735,102786
102725,102730
102729,102732
102737,102738
102724,102727
102723,102749
102770,102800
102730,102730
102731,102837
102728,102769
102735,102755
102725,102777
102729,102782
102724,102743
102770,102771
102735,102736
102724,102721
102737,102746
102723,102734
102735,102721
102731,102753
102730,102726
102721,102831
102729,102734
102728,102736
102737,102740
102723,102736
102724,102727
102731,102734
102735,102755
102721,102809
102729,102732
102730,102721
102737,102742
102723,102736
102724,102743
102731,102743
102721,102834
102729,102723
102725,102726
102728,102787
102758,102838
102729,102730
102721,102765
102731,102839
102729,102721
102758,102721
102725,102750
102723,102749
102730,102730
102737,102738
102728,102737
102724,102721
102735,102753
102730,102730
102721,102833
102729,102723
102758,102732
102725,102734
102728,102769
102724,102727
102737,102740
102723,102724
102735,102786
102730,102739
102731,102789
102721,102832
102731,102736
102721,102757
102723,102724
102725,102734
102735,102786
102725,102726
102723,102734
102721,102813
102737,102940
102728,102749
102735,102753
102730,102726
102725,102734
102723,102749
102758,102736
102721,102806
102737,102744
102728,102734
102735,102760
102730,102736
102725,102736
102723,102731
102721,102832
102767,102768
102737,102939
102728,102769
102735,102721
102730,102730
102730,102770
102728,102721
102721,102814
102737,102940
102770,102784
102723,102724
102721,102791
102754,102780
102730,102730
102728,102734
102731,102943
102737,102939
102723,102731
102721,102811
102728,102727
102730,102726
102735,102721
102737,102939
102723,102764
102721,102801
102728,102736
102725,102777
102730,102736
102735,102755
102737,102744
102723,102736
102754,102794
102725,102777
102723,102734
102758,102786
102730,102730
102721,102820
102737,102751
102728,102727
102735,102721
102725,102726
102770,102800
102723,102734
102730,102726
102767,102772
102721,102748
102728,102734
102737,102746
102735,102755
102725,102736
102729,102734
102770,102729
102723,102724
102730,102736
102721,102831
102728,102749
102737,102740
102735,102745
102723,102764
102729,102723
102735,102760
102728,102787
102721,102816
102737,102940
102728,102749
102735,102736
102730,102736
102723,102764
102725,102726
102721,102803
102728,102769
102737,102744
102735,102736
102770,102784
102730,102726
102721,102796
102725,102734
102770,102729
102728,102736
102737,102939
102735,102753
102723,102724
102730,102770
102721,102798
102725,102777
102770,102771
102723,102736
102754,102736
102728,102736
102728,102769
102721,102812
102737,102939
102754,102794
102744,102753
102754,102726
102737,102744
102728,102727
102754,102730
102737,102948
102754,102736
102728,102749
102737,102939
102754,102737
102721,102795
102737,102939
102728,102749
102721,102788
102731,102736
102754,102739
102737,102744
102728,102737
102721,102792
102728,102734
102737,102744
102779,102825
102744,102736
102735,102721
102728,102737
102754,102721
102731,102912
102779,102751
102823,102827
102721,102797
102728,102721
102754,102737
102744,102769
102737,102948
102737,102948
102823,102830
102754,102726
102754,102755
102744,102734
102728,102736
102823,102826
102737,102948
102721,102808
102731,102734
102731,102912
