105832,105833
105834,105835
105836,105837
105836,105838
105839,105840
105841,105842
105843,105842
105844,105842
105842,105844
105842,105844
105845,105846
105847,105848
105848,105847
105848,105849
105850,105848
105848,105850
105851,105848
105848,105851
105852,105845
105852,105845
105842,105853
105839,105854
105839,105855
105856,105839
105839,105856
105839,105855
105842,105853
105834,105857
105847,105848
105832,105858
105843,105842
105859,105860
105859,105860
105845,105861
105845,105861
105845,105861
105845,105861
105862,105863
105848,105864
105848,105849
105848,105849
105859,105860
105859,105860
105859,105865
105845,105861
105832,105866
105834,105833
105834,105867
105834,105868
105834,105869
105834,105835
105834,105870
105834,105871
105834,105857
105832,105833
105834,105869
105834,105867
105832,105866
105872,105873
105832,105833
105874,105845
105847,105848
105862,105863
105848,105864
105848,105849
105848,105849
105859,105860
105859,105860
105859,105865
105875,105848
105865,105859
105845,105861
105843,105842
105847,105848
105848,105849
105848,105847
105847,105848
105843,105842
105842,105843
105846,105845
105849,105848
105843,105842
105843,105842
105842,105843
105845,105876
105865,105845
105865,105848
105875,105848
105865,105859
105845,105861
105845,105861
105845,105861
105845,105861
105862,105863
105846,105845
105849,105848
105843,105842
105843,105842
105842,105843
105845,105876
105847,105848
105839,105877
105878,105848
105845,105865
105863,105879
105865,105845
105842,105843
105850,105848
105880,105845
105845,105874
105848,105849
105848,105865
105848,105865
105865,105848
105848,105851
105839,105881
105848,105847
105848,105849
105848,105849
105859,105860
105859,105860
105849,105848
105848,105847
105872,105882
105848,105851
105834,105870
105883,105884
105834,105872
105883,105870
105834,105833
105839,105881
105832,105833
105883,105884
105834,105885
105832,105886
105883,105887
105834,105888
105832,105833
105883,105870
105834,105870
105832,105833
105883,105889
105834,105872
105832,105833
105883,105890
105834,105871
105832,105886
105883,105857
105883,105889
105832,105833
105834,105885
105834,105871
105834,105835
105883,105857
105836,105891
105834,105833
105883,105887
105834,105857
105872,105892
105834,105872
105883,105889
105834,105835
105883,105889
105883,105857
105883,105890
105834,105833
105872,105892
105883,105884
105834,105869
105872,105893
105883,105887
105834,105857
105883,105870
105834,105835
105883,105857
105883,105887
105834,105835
105883,105884
105834,105894
105832,105895
105834,105857
105832,105833
105834,105869
105832,105833
105872,105882
105883,105887
105834,105835
105872,105870
105883,105884
105834,105885
105883,105887
105872,105896
105883,105889
105872,105897
105834,105894
105883,105857
105872,105835
105834,105894
105883,105870
105872,105892
105834,105869
105883,105890
105834,105871
105832,105833
105834,105867
105834,105870
105883,105889
105834,105869
105883,105887
105834,105867
105883,105857
105834,105868
105883,105890
105834,105894
105883,105884
105834,105867
105883,105857
105883,105884
105834,105857
105883,105890
105834,105885
105834,105871
105832,105886
105883,105870
105834,105870
105883,105889
105834,105869
105832,105833
105834,105872
105834,105835
105832,105833
105872,105870
105883,105890
105872,105893
105845,105846
105842,105844
105842,105844
105844,105842
105841,105842
105839,105840
105834,105868
105834,105870
105834,105835
105872,105871
105832,105833
105834,105871
105836,105838
105872,105835
105834,105872
105872,105892
105834,105857
105872,105897
105834,105867
105872,105870
105834,105898
105872,105882
105834,105872
105850,105848
105848,105850
105851,105848
105848,105851
105848,105865
105848,105865
105848,105849
105845,105874
105880,105845
105849,105848
105850,105848
105863,105879
105845,105865
105878,105848
105839,105877
105872,105896
105847,105848
105847,105848
105874,105845
105842,105853
105839,105855
105883,105890
105856,105839
105839,105855
105839,105854
105842,105853
105852,105845
105852,105845
105862,105863
105832,105833
105839,105856
105872,105899
105872,105892
105872,105871
105872,105893
105872,105897
105872,105882
105872,105871
105872,105870
105872,105892
105872,105893
105872,105870
105836,105900
105872,105870
105872,105871
105832,105901
105872,105892
105872,105899
105872,105873
105872,105897
105872,105902
105872,105871
105872,105882
105883,105870
105834,105872
105834,105835
105872,105893
105872,105897
105836,105891
105834,105870
105872,105870
105832,105866
105834,105868
105872,105897
105834,105871
105872,105892
105834,105867
105872,105893
105834,105870
105872,105893
105834,105857
105872,105835
105872,105835
105872,105892
105834,105833
105872,105893
105834,105872
105883,105870
105834,105857
105872,105870
105872,105871
105834,105868
105872,105882
105834,105867
105834,105869
