105903,105904
105905,105906
105905,105907
105905,105908
105904,105903
105904,105903
105903,105904
105904,105903
105903,105904
105903,105904
105904,105903
105903,105904
105909,105905
105904,105903
105910,105911
105903,105912
105904,105903
105905,105913
105910,105911
105914,105903
105915,105903
105916,105917
105904,105903
105917,105918
105917,105919
105917,105916
105920,105903
105919,105917
105903,105921
105903,105922
105905,105907
105911,105923
105903,105922
105905,105906
105903,105914
105904,105903
105910,105911
105910,105911
105919,105917
105919,105917
105921,105903
105924,105925
105911,105910
105925,105924
105926,105903
105925,105924
105917,105919
105924,105925
105926,105903
105905,105927
105924,105925
105903,105904
105910,105911
105910,105911
105928,105925
105925,105929
105929,105925
105925,105929
105905,105908
105905,105930
105911,105910
105917,105931
105932,105905
105933,105905
105910,105911
105911,105910
105910,105911
105914,105903
105929,105925
105925,105934
105935,105936
105916,105917
105937,105938
105939,105940
105937,105941
105939,105940
105937,105942
105939,105943
105935,105944
105937,105938
105939,105940
105935,105945
105946,105947
105937,105948
105939,105949
105946,105950
105937,105941
105935,105951
105939,105950
105939,105949
105935,105952
105937,105942
105937,105941
105935,105945
105939,105953
105937,105948
105935,105954
105939,105949
105937,105942
105935,105950
105937,105941
105937,105938
105939,105940
105935,105946
105937,105942
105939,105955
105937,105941
105939,105940
105946,105956
105939,105941
105937,105941
105946,105957
105939,105940
105937,105942
105946,105958
105939,105950
105937,105941
105939,105949
105937,105950
105939,105941
105935,105952
105937,105948
105939,105959
105960,105961
105935,105951
105935,105954
105937,105950
105939,105959
105937,105950
105937,105942
105946,105962
105939,105959
105946,105958
105937,105938
105939,105949
105935,105946
105946,105957
105939,105950
105946,105954
105937,105963
105939,105941
105937,105942
105946,105964
105939,105940
105946,105950
105937,105965
105937,105948
105937,105938
105946,105964
105935,105966
105946,105958
105946,105956
105946,105957
105946,105940
105946,105946
105935,105945
105946,105954
105946,105954
105935,105951
105946,105956
105946,105950
105946,105962
105935,105950
105946,105950
105946,105946
105946,105962
105946,105964
105946,105946
105946,105962
105946,105956
105946,105954
105946,105957
105946,105950
105946,105962
105946,105967
105946,105954
105946,105946
105946,105956
105935,105968
105946,105957
105946,105940
105935,105957
105946,105966
105939,105949
105939,105969
105946,105957
105935,105944
105946,105956
105939,105940
105946,105954
105935,105946
105939,105940
105946,105950
105960,105970
105946,105958
105939,105949
105946,105957
105939,105949
105939,105940
105939,105940
105935,105944
105939,105949
105946,105958
105946,105962
105939,105971
105910,105911
105946,105962
105939,105959
105946,105957
105939,105969
105946,105958
105939,105959
105946,105954
105939,105941
105946,105946
105939,105959
105935,105954
105946,105950
105939,105971
105946,105956
105935,105952
105939,105946
105939,105941
105937,105965
105905,105906
105928,105925
105905,105908
105905,105930
105917,105931
105932,105905
105933,105905
105903,105914
105910,105911
105910,105911
105919,105917
105919,105917
105921,105903
105925,105934
105926,105903
105905,105907
105917,105919
105905,105906
105909,105905
105946,105956
105946,105958
105946,105954
105946,105957
105905,105913
105914,105903
105915,105903
105903,105912
105919,105917
105903,105921
105903,105922
105905,105907
105911,105923
105903,105922
105910,105911
105905,105908
105946,105962
105926,105903
105924,105925
105904,105903
105903,105904
105904,105903
105903,105904
105904,105903
105903,105904
105904,105903
105904,105903
105903,105904
105904,105903
105920,105903
105917,105916
105917,105919
105917,105918
105935,105950
105903,105904
105905,105927
105904,105903
105904,105903
105925,105924
105924,105925
105925,105924
105924,105925
105910,105911
105911,105910
105910,105911
105911,105910
105910,105911
105914,105903
105910,105911
105911,105910
105929,105925
105925,105929
105925,105929
105903,105904
105946,105950
105929,105925
105946,105954
105935,105972
105937,105950
105935,105973
105937,105941
105946,105956
105937,105942
105946,105954
105935,105957
105937,105974
105946,105966
105937,105965
105946,105945
105935,105946
105937,105948
105946,105947
105937,105948
105946,105964
105935,105975
105937,105965
105939,105940
105946,105957
105937,105948
105939,105976
105960,105961
105935,105950
105937,105950
105935,105946
105937,105941
105935,105950
105937,105942
105937,105941
105935,105936
105937,105942
105935,105946
105935,105952
105935,105945
105935,105957
105935,105977
105935,105978
105935,105979
105946,105962
105935,105962
105935,105980
105935,105981
105935,105982
105935,105983
105939,105941
105935,105984
105935,105985
105935,105983
105935,105985
105935,105977
105946,105956
105935,105952
105939,105950
105935,105986
105935,105954
105935,105975
105935,105952
105946,105950
105937,105965
105937,105942
105935,105957
105937,105974
105937,105941
105946,105958
105935,105954
105935,105950
105935,105945
105935,105973
105935,105936
105937,105950
105935,105962
