2524,2525
2524,2526
2524,2527
2524,2528
2529,2530
2524,2531
2524,2525
2532,2533
2530,2534
2535,2536
2524,2527
2537,2538
2539,2530
2524,2524
2540,2541
2524,2526
2524,2528
2542,2541
2524,2527
2543,2544
2524,2531
2532,2545
2529,2530
2524,2526
2530,2534
2540,2534
2524,2541
2537,2546
2537,2541
2524,2525
2547,2541
2530,2548
2524,2524
2529,2549
2550,2551
2532,2545
2524,2528
2524,2526
2535,2530
2537,2552
2539,2553
2540,2554
2555,2556
2540,2530
2524,2527
2524,2531
2524,2524
2524,2526
2529,2541
2524,2525
2524,2528
2530,2541
2535,2534
2524,2528
2555,2557
2524,2531
2532,2558
2535,2559
2524,2531
2524,2531
2529,2530
2524,2526
2540,2534
2524,2527
2542,2534
2524,2528
2530,2546
2524,2531
2539,2533
2524,2524
2524,2531
2535,2545
2532,2533
2524,2527
2524,2528
2529,2546
2524,2526
2540,2530
2524,2533
2524,2527
2530,2544
2524,2526
2555,2557
2529,2560
2524,2524
2524,2531
2532,2533
2543,2561
2550,2562
2524,2528
2524,2541
2532,2533
2524,2527
2530,2563
2524,2528
2535,2559
2543,2564
2532,2545
2524,2527
2529,2541
2540,2554
2524,2531
2524,2531
2524,2527
2542,2534
2524,2528
2524,2528
2530,2548
2535,2530
2524,2526
2532,2537
2524,2527
2529,2534
2524,2528
2540,2541
2524,2531
2524,2528
2542,2565
2524,2527
2539,2534
2530,2541
2524,2526
2524,2531
2524,2526
2524,2524
2540,2530
2524,2527
2537,2538
2540,2530
2529,2541
2524,2531
2524,2528
2547,2566
2524,2527
2530,2530
2524,2531
2542,2534
2524,2541
2524,2528
2524,2528
2537,2534
2529,2534
2524,2531
2524,2541
2547,2567
2524,2531
2524,2568
2530,2541
2524,2528
2569,2546
2524,2531
2524,2569
2531,2530
2524,2528
2524,2527
2524,2531
2530,2570
2542,2565
2530,2534
2524,2525
2524,2527
2524,2531
2535,2534
2540,2534
2524,2527
2524,2528
2529,2549
2524,2526
2524,2525
2542,2541
2524,2524
2530,2541
2569,2546
2524,2531
2524,2528
2524,2527
2537,2546
2555,2557
2540,2554
2529,2530
2524,2525
2547,2567
2524,2541
2542,2541
2524,2525
2524,2524
2529,2560
2540,2534
2555,2556
2529,2549
2555,2556
2535,2536
2540,2534
2524,2526
2524,2531
2524,2527
2530,2546
2532,2545
2524,2528
2524,2525
2537,2534
2524,2527
2532,2545
2535,2571
2524,2528
2524,2531
2524,2526
2524,2524
2532,2558
2530,2544
2524,2527
2529,2534
2524,2525
2537,2530
2535,2545
2539,2533
2524,2524
2540,2541
2524,2531
2524,2531
2569,2541
2524,2528
2547,2532
2524,2528
2524,2531
2524,2528
2524,2526
2529,2541
2555,2557
2524,2526
2537,2530
2540,2541
2524,2527
2524,2528
2524,2528
2524,2531
2530,2546
2532,2558
2524,2526
2524,2527
2529,2549
2540,2538
2524,2525
2530,2544
2532,2558
2529,2541
2537,2552
2540,2554
2535,2530
2524,2525
2524,2527
2524,2531
2524,2528
2572,2573
2574,2575
2574,2576
2574,2575
2577,2578
2574,2579
2580,2581
2577,2582
2577,2582
2583,2584
2585,2586
2584,2583
2587,2588
2589,2590
2572,2573
2590,2589
2577,2582
2587,2588
2588,2587
2591,2592
2592,2591
2593,2577
2594,2577
2595,2596
2597,2598
2597,2598
2524,2531
2599,2600
2599,2601
2599,2590
2599,2601
2540,2534
2535,2571
2524,2526
2537,2530
2524,2527
2524,2531
2532,2602
2555,2603
2539,2541
2542,2541
2524,2604
2530,2548
2562,2534
2598,2605
2524,2531
2606,2541
2524,2526
2540,2554
2524,2524
2535,2533
2524,2604
2552,2534
2524,2527
2532,2545
2524,2526
2530,2546
2524,2604
2573,2572
2524,2527
2607,2598
2598,2597
2598,2608
2580,2609
2587,2588
2610,2599
2598,2611
2599,2612
2613,2595
2599,2614
2615,2616
2599,2612
2599,2617
2587,2588
2595,2618
2583,2619
2580,2620
2587,2588
2587,2588
2595,2596
2621,2622
2623,2583
2577,2624
2572,2573
2622,2621
2598,2625
2625,2598
2616,2590
2590,2595
2595,2626
2619,2583
2587,2588
2524,2531
2618,2595
2580,2620
2598,2611
2598,2597
2577,2627
2627,2577
2628,2595
2629,2595
2620,2580
2589,2590
2629,2595
2587,2588
2630,2599
2588,2587
2589,2631
2620,2580
2621,2632
2621,2633
2634,2621
2599,2635
2572,2573
2621,2636
2621,2632
2577,2589
2577,2589
2599,2635
2591,2637
2597,2598
2580,2609
2573,2638
2597,2598
2529,2549
2552,2639
2529,2541
2524,2527
2524,2533
2530,2561
2524,2531
2524,2527
2529,2534
2569,2534
2524,2525
2524,2531
2535,2534
2524,2527
2524,2524
2555,2556
2524,2524
2530,2640
2524,2531
2524,2527
2529,2530
2524,2527
2540,2541
2569,2546
2524,2531
2535,2559
2524,2525
2543,2641
2539,2642
2524,2524
2532,2643
2543,2544
2524,2525
2535,2536
2540,2554
2524,2531
2535,2571
2543,2644
2524,2531
2532,2645
2524,2528
2530,2646
2524,2527
2542,2565
2524,2531
2524,2527
2524,2527
2532,2545
2529,2541
2524,2531
2532,2647
2543,2648
2524,2527
2530,2564
2524,2527
2542,2541
2524,2531
2524,2527
2529,2549
2569,2534
2524,2531
2524,2525
2524,2531
2555,2545
2524,2527
2542,2565
2529,2546
2524,2527
2524,2526
2540,2541
2535,2533
2524,2531
2524,2527
2532,2537
2555,2649
2524,2526
2530,2534
2524,2526
2524,2527
2524,2531
2529,2534
2524,2526
2540,2530
2535,2530
2524,2527
2537,2549
2539,2553
2543,2561
2532,2545
2524,2524
2530,2541
2542,2534
2524,2527
2524,2526
2524,2531
2550,2533
2524,2526
2530,2546
2530,2650
2524,2525
2524,2531
2529,2549
2524,2531
2540,2530
2524,2527
2535,2534
2524,2524
2543,2535
2524,2527
2532,2545
2524,2527
2542,2565
2530,2646
2524,2527
2552,2569
2529,2541
2524,2531
2550,2569
2540,2534
2524,2651
2535,2545
2524,2527
2524,2526
2543,2529
2532,2537
2524,2527
2524,2524
2524,2528
2524,2527
2530,2546
2542,2541
2555,2652
2552,2653
2547,2531
2642,2541
2550,2562
2552,2553
2547,2566
2540,2541
2642,2524
2552,2534
2642,2534
2550,2532
2542,2534
2642,2549
2642,2524
2642,2534
2642,2541
2550,2534
2552,2532
2550,2560
2547,2533
2540,2554
2550,2569
2562,2534
2542,2534
2552,2534
2547,2654
2539,2530
2540,2541
2642,2546
2550,2551
2642,2549
2552,2553
2547,2566
2550,2541
2540,2538
2542,2565
2555,2556
2552,2530
2542,2565
2535,2655
2642,2524
2552,2541
2543,2544
2543,2644
2543,2561
2543,2535
2543,2641
2543,2648
2543,2656
2543,2535
2543,2564
2543,2641
2543,2561
2543,2564
2543,2544
2543,2544
2543,2644
2543,2561
2543,2535
2543,2648
2543,2648
2642,2541
2543,2656
2543,2544
2642,2549
2535,2530
2552,2530
2535,2657
2552,2534
2552,2530
2547,2552
2552,2541
2543,2641
2543,2564
2543,2648
2552,2532
2543,2641
2543,2561
2543,2564
2543,2561
2543,2648
2543,2535
2543,2535
2547,2537
2552,2541
2542,2541
2524,2560
2542,2658
2524,2560
2552,2541
2524,2552
2547,2567
2524,2530
2524,2528
2524,2552
2540,2534
2524,2530
2524,2528
2524,2560
2542,2541
2524,2552
2552,2553
2524,2560
2547,2566
2550,2553
2540,2541
2524,2528
2540,2541
2547,2569
2524,2560
2535,2559
2524,2552
2540,2530
2550,2526
2524,2560
2524,2528
2550,2532
2542,2565
2524,2560
2552,2569
2524,2528
2547,2537
2524,2552
2539,2642
2524,2530
2535,2536
2524,2530
2550,2562
2542,2534
2552,2560
2550,2569
2552,2532
2547,2532
2535,2657
2540,2530
2550,2560
2542,2534
2552,2532
2540,2554
2547,2534
2540,2534
2550,2551
2542,2565
2552,2653
2547,2569
2535,2534
2540,2538
2550,2639
2535,2545
2524,2528
2547,2541
2552,2653
2547,2654
2524,2530
2540,2538
2550,2534
2524,2528
2542,2541
2524,2541
2524,2530
2552,2534
2524,2560
2547,2567
2524,2552
2535,2571
2524,2528
2540,2530
2550,2541
2524,2530
2524,2552
2542,2565
2533,2659
2543,2564
2543,2641
2543,2544
2572,2573
2599,2635
2634,2621
2621,2633
2597,2598
2621,2632
2589,2631
2588,2587
2621,2636
2630,2599
2589,2590
2628,2595
2627,2577
2577,2627
2598,2597
2598,2611
2598,2608
2598,2597
2587,2588
2607,2598
2621,2632
2577,2589
2587,2588
2583,2619
2595,2618
2587,2588
2599,2617
2599,2612
2615,2616
2599,2614
2577,2589
2599,2612
2610,2599
2587,2588
2580,2609
2618,2595
2573,2638
2580,2609
2597,2598
2599,2635
2598,2611
2598,2605
2591,2660
2598,2661
2599,2612
2599,2590
2662,2599
2580,2663
2664,2580
2665,2577
2577,2666
2577,2666
2599,2614
2630,2599
2612,2599
2612,2599
2591,2660
2591,2626
2599,2614
2621,2633
2577,2582
2667,2668
2669,2668
2670,2574
2577,2594
2583,2626
2598,2611
2598,2597
2598,2671
2577,2594
2573,2672
2573,2590
2598,2673
2622,2621
2583,2674
2630,2599
2621,2633
2621,2622
2621,2675
2676,2599
2677,2591
2599,2635
2583,2623
2583,2619
2678,2621
2587,2588
2552,2553
2587,2588
2621,2622
2621,2580
2580,2621
2629,2595
2629,2595
2679,2595
2680,2595
2629,2595
2681,2595
2580,2621
2681,2595
2680,2595
2682,2595
2590,2598
2591,2592
2629,2595
2620,2580
2629,2595
2591,2637
2629,2595
2580,2620
2590,2583
2590,2599
2543,2644
2543,2561
2543,2564
2543,2648
2543,2535
2543,2641
2543,2641
2543,2561
2621,2580
2543,2644
2591,2660
2580,2621
2580,2621
2621,2580
2580,2621
2590,2591
2592,2591
2590,2599
2543,2564
2620,2580
2580,2620
2613,2595
2572,2573
2577,2582
2587,2588
2588,2587
2593,2577
2594,2577
2595,2596
2597,2598
2589,2590
2597,2598
2595,2626
2616,2590
2625,2598
2598,2625
2622,2621
2572,2573
2577,2624
2623,2583
2619,2583
2587,2588
2584,2583
2585,2586
2590,2595
2592,2591
2591,2592
2590,2589
2573,2572
2599,2601
2599,2590
2599,2601
2599,2600
2572,2573
2574,2575
2574,2576
2574,2575
2577,2578
2574,2579
2580,2581
2577,2582
2577,2582
2583,2584
2595,2596
2524,2528
2524,2530
2542,2541
2524,2541
2524,2524
2555,2557
2524,2524
2535,2545
2524,2541
2530,2541
2552,2534
2524,2524
2524,2524
2531,2541
2524,2524
2524,2541
2524,2524
2524,2524
2555,2557
2524,2541
2535,2571
2550,2639
2540,2541
2524,2524
2530,2546
2524,2541
2524,2524
2524,2524
2555,2556
2524,2541
2524,2524
2524,2541
2530,2570
2524,2541
2524,2524
2540,2538
2524,2524
2524,2569
2547,2541
2555,2556
2524,2541
2524,2524
2524,2524
2524,2524
2524,2541
2524,2541
2542,2534
2524,2530
2524,2541
2552,2532
2524,2530
2547,2659
2524,2530
2555,2556
2524,2530
2542,2565
2524,2530
2550,2526
2524,2530
2552,2553
2524,2530
2524,2530
2547,2654
2642,2541
2524,2530
2524,2541
2524,2530
2524,2530
2540,2541
2552,2530
2524,2541
2524,2541
2524,2541
2547,2533
2524,2541
2524,2530
2535,2559
2524,2530
2524,2530
2552,2541
2542,2541
2524,2530
2524,2683
2524,2683
2547,2532
2524,2683
2555,2556
2524,2530
2524,2524
2535,2536
2524,2524
2524,2524
2524,2531
2524,2528
2524,2531
2524,2528
2555,2556
2524,2524
2524,2531
2524,2541
2569,2534
2530,2548
2524,2531
2524,2528
2524,2531
2524,2541
2555,2557
2524,2569
2524,2524
2524,2531
2524,2528
2530,2534
2530,2548
2524,2524
2524,2531
2569,2541
2524,2531
2524,2528
2524,2531
2524,2524
2524,2528
2547,2541
2524,2528
2524,2531
2524,2531
2530,2534
2524,2528
2524,2531
2524,2531
2524,2524
2524,2528
2547,2566
2542,2541
2524,2528
2524,2531
2524,2541
2542,2534
2524,2541
2540,2554
2524,2531
2524,2541
2547,2534
2555,2557
2524,2541
2524,2531
2524,2541
2524,2524
2552,2553
2524,2524
2524,2541
2524,2524
2524,2524
2547,2567
2524,2541
2530,2532
2524,2524
2530,2546
2524,2531
2529,2546
2524,2524
2524,2531
2532,2545
2547,2684
2524,2524
2524,2531
2530,2541
2524,2531
2524,2524
2542,2565
2524,2524
2540,2530
2529,2530
2524,2531
2524,2531
2547,2569
2532,2545
2524,2524
2530,2685
2542,2565
2524,2530
2524,2560
2524,2528
2535,2530
2524,2541
2540,2530
2550,2541
2524,2528
2524,2560
2542,2534
2547,2554
2524,2530
2552,2541
2524,2530
2547,2537
2524,2528
2535,2655
2524,2552
2540,2554
2550,2551
2524,2560
2524,2528
2529,2549
2552,2569
2540,2538
2524,2560
2524,2528
2524,2528
2542,2565
2524,2560
2552,2534
2524,2530
2524,2560
2547,2564
2524,2530
2535,2530
2540,2541
2524,2528
2524,2560
2524,2528
2542,2541
2524,2530
2524,2560
2524,2560
2542,2541
2524,2552
2542,2534
2524,2560
2552,2532
2547,2533
2540,2538
2550,2639
2542,2565
2524,2528
2524,2552
2552,2653
2547,2541
2524,2528
2535,2571
2524,2552
2540,2534
2550,2534
2524,2530
2524,2552
2524,2560
2550,2532
2540,2554
2535,2534
2552,2534
2524,2530
2524,2552
2529,2560
2547,2648
2524,2528
2535,2545
2524,2560
2540,2534
2550,2569
2524,2530
2524,2528
2542,2565
2524,2560
2524,2552
2552,2530
2524,2530
2547,2535
2529,2530
2550,2562
2524,2560
2535,2545
2547,2641
2524,2533
2562,2541
2524,2530
2542,2541
2524,2560
2552,2530
2524,2560
2529,2541
2555,2557
2524,2560
2524,2541
2535,2534
2550,2541
2524,2528
2524,2560
2524,2528
2542,2541
2524,2560
2547,2644
2524,2524
2524,2560
2524,2560
2542,2565
2524,2530
2552,2541
2524,2530
2524,2560
2547,2566
2550,2560
2524,2560
2535,2559
2524,2530
2524,2530
2542,2534
2524,2560
2552,2534
2524,2530
2524,2554
2547,2544
2550,2532
2524,2560
2552,2553
2529,2549
2524,2530
2524,2528
2524,2560
2552,2569
2524,2530
2529,2541
2547,2656
2524,2530
2524,2560
2542,2565
2550,2553
2524,2528
2524,2530
2524,2528
2542,2534
2524,2560
2552,2530
2524,2528
2524,2530
2540,2530
2562,2541
2524,2528
2524,2530
2547,2686
2524,2560
2535,2571
2550,2526
2524,2528
2540,2554
2524,2683
2562,2546
2524,2560
2542,2534
2524,2528
2552,2541
2524,2530
2529,2530
2524,2528
2547,2687
2524,2530
2550,2560
2540,2534
2524,2560
2598,2661
2539,2533
2598,2611
2639,2561
2530,2530
2639,2640
2530,2541
2537,2549
2639,2564
2530,2551
2562,2534
2606,2541
2562,2546
2530,2534
2537,2546
2524,2552
2606,2688
2530,2532
2606,2541
2530,2546
2639,2689
2555,2530
2606,2532
2530,2546
2639,2690
2555,2691
2524,2528
2530,2541
2537,2530
2547,2553
2530,2551
2555,2692
2529,2530
2550,2534
2530,2532
2537,2538
2639,2641
2555,2693
2529,2549
2550,2553
2530,2534
2524,2531
2555,2694
2529,2546
2530,2551
2550,2562
2639,2644
2555,2695
2529,2541
2530,2541
2639,2650
2524,2552
2530,2530
2524,2526
2537,2534
2639,2696
2530,2546
2639,2650
2530,2532
2555,2697
2530,2534
2537,2549
2524,2531
2532,2545
2543,2641
2524,2527
2530,2541
2524,2604
2529,2530
2524,2552
2606,2688
2524,2569
2535,2698
2540,2541
2524,2526
2524,2527
2552,2532
2555,2699
2524,2531
2524,2604
2532,2545
2530,2546
2524,2653
2531,2533
2529,2549
2524,2552
2524,2604
2524,2526
2524,2569
2540,2554
2535,2700
2532,2558
2530,2532
2532,2545
2530,2532
2529,2534
2639,2641
2537,2538
2532,2545
2530,2546
2562,2546
2532,2545
2529,2534
2530,2530
2535,2701
2524,2528
2532,2558
2524,2552
2552,2569
2529,2546
2530,2551
2606,2569
2537,2546
2524,2604
2606,2541
2532,2558
2524,2524
2530,2534
2639,2640
2530,2546
2550,2532
2537,2534
2530,2530
2529,2549
2529,2534
2530,2532
2529,2549
2530,2546
2529,2546
2537,2546
2535,2530
2552,2534
2529,2530
2547,2541
2530,2534
2530,2546
2530,2534
2530,2551
2530,2541
2530,2530
2537,2549
2530,2530
2537,2538
2530,2534
2547,2569
2530,2551
2530,2541
2540,2554
2552,2553
2530,2551
2530,2551
2552,2532
2535,2701
2540,2554
2530,2534
2530,2546
2552,2642
2540,2534
2530,2541
2529,2702
2530,2532
2530,2532
2530,2546
2535,2533
2530,2534
2529,2530
2530,2530
2540,2554
2530,2541
2537,2530
2540,2541
2530,2551
2529,2534
2540,2530
2530,2546
2540,2534
2540,2530
2529,2541
2547,2659
2555,2703
2550,2560
2555,2704
2530,2546
2529,2546
2550,2533
2524,2525
2537,2546
2555,2530
2530,2551
2529,2541
2524,2528
2547,2552
2529,2560
2524,2526
2530,2530
2529,2549
2555,2530
2530,2534
2529,2530
2550,2569
2639,2564
2555,2705
2530,2541
2524,2541
2639,2561
2529,2560
2555,2697
2535,2533
2530,2534
2550,2541
2530,2532
2529,2702
2550,2526
2547,2706
2555,2707
2530,2541
2529,2702
2550,2534
2547,2533
2524,2526
2530,2541
2555,2530
2524,2531
2550,2639
2530,2530
2524,2528
2530,2532
2555,2697
2524,2552
2529,2534
2550,2551
2537,2534
2547,2684
2524,2525
2555,2697
2530,2551
2524,2526
2540,2541
2524,2526
2524,2531
2530,2541
2524,2604
2552,2642
2524,2552
2537,2541
2547,2532
2524,2526
2543,2544
2524,2552
2524,2552
2524,2526
2535,2530
2524,2604
2524,2604
2530,2551
2529,2534
2524,2531
2537,2534
2524,2526
2543,2529
2524,2552
2524,2552
2524,2526
2524,2531
2524,2604
2524,2531
2524,2526
2524,2604
2524,2531
2562,2534
2535,2708
2524,2531
2529,2541
2530,2534
2524,2531
2552,2639
2524,2604
2547,2534
2524,2526
2543,2641
2524,2552
2530,2546
2542,2541
2524,2531
2535,2533
2524,2526
2529,2549
2530,2551
2524,2604
2537,2534
2552,2541
2524,2552
2524,2526
2543,2561
2550,2639
2524,2552
2529,2546
2524,2541
2552,2531
2532,2558
2524,2526
2524,2604
2524,2531
2524,2552
2535,2530
2530,2530
2529,2541
2524,2531
2524,2526
2552,2532
2542,2565
2537,2552
2524,2541
2524,2528
2606,2534
2524,2552
2524,2531
2524,2526
2529,2530
2530,2530
2552,2530
2532,2545
2535,2533
2639,2648
2542,2541
2532,2545
2524,2604
2524,2541
2524,2604
2543,2564
2524,2552
2537,2530
2524,2526
2532,2545
2524,2531
2524,2604
2540,2541
2524,2552
2524,2531
2535,2533
2529,2549
2552,2541
2530,2532
2543,2641
2524,2552
2552,2553
2524,2526
2532,2545
2524,2531
2524,2541
2524,2526
2524,2531
2530,2534
2524,2552
2543,2544
2524,2526
2535,2709
2524,2552
2606,2569
2532,2558
2524,2526
2529,2530
2524,2526
2530,2548
2524,2531
2535,2533
2540,2554
2537,2546
2524,2552
2524,2526
2542,2534
2524,2552
2552,2642
2543,2529
2524,2531
2532,2545
2524,2531
2524,2526
2530,2546
2524,2604
2524,2552
2524,2541
2524,2526
2543,2644
2524,2552
2555,2710
2552,2711
2524,2531
2552,2530
2524,2524
2543,2544
2539,2530
2524,2526
2532,2558
2530,2541
2524,2552
2529,2546
2524,2604
2524,2531
2540,2534
2552,2531
2524,2526
2524,2552
2552,2712
2524,2524
2524,2604
2530,2534
2524,2552
2524,2526
2535,2530
2540,2530
2524,2604
2524,2524
2542,2565
2524,2531
2524,2531
2539,2534
2532,2545
2562,2541
2552,2534
2524,2604
2530,2532
2540,2534
2529,2541
2537,2552
2524,2531
2524,2526
2542,2534
2524,2552
2543,2648
2524,2531
2524,2526
2524,2604
2562,2541
2535,2701
2530,2541
2524,2531
2529,2530
2552,2530
2524,2604
2524,2526
2524,2552
2543,2535
2550,2534
2524,2552
2524,2526
2524,2552
2524,2526
2524,2552
2529,2549
2524,2552
2535,2530
2524,2604
2530,2534
2524,2526
2524,2531
2524,2604
2543,2564
2552,2532
2524,2526
2532,2558
2606,2534
2562,2534
2524,2552
2524,2531
2524,2552
2530,2530
2540,2530
2537,2538
2524,2526
2524,2604
2542,2565
2524,2604
2543,2564
2532,2558
2530,2541
2552,2642
2524,2531
2535,2530
2524,2526
2606,2688
2524,2604
2529,2534
2524,2531
2667,2668
2577,2582
2580,2621
2540,2530
2621,2633
2580,2621
2590,2591
2599,2614
2591,2626
2592,2591
2591,2660
2612,2599
2612,2599
2590,2599
2580,2621
2552,2541
2524,2527
2532,2558
2591,2592
2529,2546
2524,2526
2530,2534
2524,2527
2539,2541
2532,2558
2543,2535
2524,2531
2524,2604
2540,2534
2524,2524
2606,2569
2524,2527
2529,2560
2524,2531
2524,2526
2562,2546
2530,2548
2543,2648
2524,2524
2669,2668
2630,2599
2621,2580
2577,2666
2621,2633
2630,2599
2583,2674
2622,2621
2598,2673
2573,2590
2573,2672
2590,2599
2629,2595
2679,2595
2680,2595
2629,2595
2681,2595
2681,2595
2629,2595
2680,2595
2682,2595
2577,2594
2590,2598
2598,2671
2598,2597
2621,2622
2621,2675
2629,2595
2599,2590
2676,2599
2665,2577
2664,2580
2580,2663
2621,2580
2662,2599
2599,2612
2599,2614
2577,2666
2577,2594
2670,2574
2583,2626
2678,2621
2583,2619
2583,2623
2580,2621
2621,2580
2580,2621
2599,2635
2677,2591
2590,2583
