108018,108019
108018,108020
108018,108021
108018,108022
108018,108023
108018,108022
108018,108024
108018,108021
108018,108020
108018,108022
108018,108021
108018,108024
108018,108023
108018,108023
108018,108019
108018,108020
108018,108023
108018,108024
108018,108022
108018,108020
108018,108019
108025,108026
108018,108020
108025,108026
108025,108027
108026,108025
108025,108028
108025,108029
108025,108028
108018,108022
108025,108026
108025,108029
108025,108027
108018,108021
108025,108026
108018,108023
108018,108021
108018,108022
108018,108023
108018,108020
108018,108024
108026,108025
108018,108019
