108065,108066
108065,108066
108065,108067
108065,108066
108065,108068
108065,108069
108065,108069
108065,108069
108065,108067
108065,108068
108065,108070
108065,108069
108065,108070
108065,108069
108065,108067
108065,108066
108065,108070
108065,108067
108065,108066
108065,108069
108065,108067
108065,108066
108065,108069
108065,108068
108065,108068
108065,108069
108065,108070
108065,108066
108065,108067
108065,108067
108065,108070
108065,108066
108065,108067
108065,108069
108065,108067
108071,108072
108072,108073
108072,108071
108072,108073
108072,108071
108072,108073
108072,108071
108071,108072
108071,108072
108072,108071
108072,108073
108072,108071
108071,108072
108072,108071
108072,108073
108071,108072
108071,108072
108072,108071
108072,108073
108071,108072
108072,108071
108074,108072
108072,108075
108071,108072
108074,108072
108065,108066
108072,108075
108071,108072
108071,108072
108071,108072
108071,108072
