108076,108077
108078,108077
108077,108079
108079,108077
108077,108079
108077,108080
108077,108078
108079,108077
108077,108081
108077,108076
108076,108077
108078,108077
108077,108078
108079,108077
108077,108079
108077,108079
108077,108081
108079,108077
108081,108077
108078,108077
108077,108082
108079,108077
108079,108077
108083,108084
108077,108076
108077,108082
108077,108081
108077,108078
108077,108080
108077,108079
108077,108079
108077,108078
108077,108079
108083,108085
108077,108081
108081,108077
108077,108079
108083,108085
108083,108086
108083,108087
108078,108077
108083,108084
108083,108085
108083,108084
108083,108086
108083,108086
108083,108086
108083,108087
108083,108087
