3275,3276
3277,3278
3277,3279
3277,3280
3278,3281
3277,3280
3277,3279
3282,3283
3277,3278
3284,3285
3279,3286
3277,3278
3277,3280
3279,3287
3280,3288
3277,3279
3289,3290
3277,3291
3277,3278
3277,3291
3284,3292
3277,3280
3293,3294
3277,3291
3295,3278
3280,3276
3296,3297
3284,3276
3277,3291
3293,3298
3293,3299
3296,3291
3295,3300
3277,3279
3277,3280
3277,3278
3301,3302
3277,3279
3289,3290
3277,3280
3277,3291
3279,3293
3303,3304
3277,3278
3293,3278
3279,3278
3296,3305
3277,3280
3277,3306
3277,3291
3277,3279
3301,3302
3277,3281
3277,3306
3284,3294
3277,3291
3280,3298
3284,3299
3280,3285
3284,3292
3289,3307
3280,3299
3277,3291
3295,3278
3277,3308
3309,3276
3307,3295
3296,3276
3277,3306
3310,3276
3311,3312
3277,3277
3278,3313
3314,3315
3294,3311
3277,3285
3277,3299
3280,3278
3277,3306
3295,3276
3284,3276
3277,3291
3309,3316
3307,3280
3277,3279
3310,3299
3277,3308
3314,3317
3280,3292
3278,3305
3294,3280
3277,3278
3294,3278
3277,3279
3314,3318
3277,3279
3278,3319
3301,3320
3277,3285
3277,3285
3282,3321
3277,3280
3277,3291
3279,3322
3293,3294
3284,3299
3309,3276
3293,3299
3277,3308
3296,3291
3277,3298
3277,3285
3278,3298
3277,3298
3296,3297
3277,3291
3309,3309
3307,3323
3277,3306
3284,3278
3277,3306
3280,3292
3277,3277
3294,3279
3314,3324
3278,3319
3277,3279
3277,3278
3279,3325
3289,3307
3277,3280
3280,3311
3277,3306
3277,3285
3279,3322
3277,3278
3277,3291
3277,3280
3277,3279
3280,3285
3277,3291
3277,3278
3277,3279
3303,3326
3277,3285
3277,3280
3277,3291
3277,3279
3277,3278
3277,3277
3277,3278
3277,3327
3277,3280
3277,3279
3277,3291
3277,3277
3277,3291
3284,3299
3279,3295
3296,3319
3277,3285
3277,3278
3277,3328
3277,3291
3277,3328
3277,3291
3277,3299
3277,3279
3280,3311
3277,3291
3277,3280
3277,3277
3303,3299
3277,3306
3277,3280
3275,3299
3277,3277
3277,3285
3277,3279
3280,3276
3277,3328
3303,3276
3277,3278
3279,3324
3277,3291
3275,3329
3277,3279
3277,3328
3277,3280
3280,3288
3277,3285
3277,3306
3303,3304
3279,3293
3277,3291
3277,3327
3277,3279
3277,3280
3282,3330
3277,3306
3280,3299
3284,3294
3303,3309
3277,3328
3296,3276
3279,3325
3277,3306
3275,3329
3277,3278
3295,3276
3277,3279
3301,3331
3277,3279
3278,3279
3277,3280
3277,3280
3284,3332
3280,3278
3303,3299
3296,3319
3277,3291
3279,3324
3275,3299
3277,3279
3277,3278
3301,3333
3277,3279
3277,3280
3277,3291
3278,3298
3277,3280
3277,3291
3277,3291
3284,3276
3303,3276
3293,3291
3279,3278
3277,3279
3277,3278
3277,3285
3277,3277
3277,3280
3277,3280
3280,3292
3284,3285
3277,3278
3293,3309
3279,3287
3296,3305
3277,3278
3279,3295
3296,3313
3293,3276
3303,3299
3277,3278
3277,3291
3284,3292
3277,3291
3277,3285
3277,3279
3277,3280
3277,3279
3277,3291
3280,3298
3280,3298
3296,3319
3277,3291
3277,3291
3295,3276
3277,3279
3277,3306
3293,3278
3277,3299
3296,3291
3277,3279
3277,3299
3277,3277
3280,3292
3277,3306
3295,3299
3277,3291
3277,3296
3294,3280
3277,3334
3293,3291
3296,3313
3277,3306
3277,3291
3289,3307
3277,3303
3280,3311
3277,3279
3295,3298
3277,3291
3277,3303
3277,3277
3301,3320
3277,3306
3280,3288
3277,3291
3284,3278
3293,3276
3279,3324
3277,3277
3277,3279
3298,3335
3280,3278
3289,3307
3277,3291
3277,3279
3277,3278
3277,3279
3295,3278
3279,3278
3296,3319
3293,3328
3296,3297
3277,3291
3298,3336
3277,3306
3280,3285
3277,3278
3301,3320
3277,3291
3277,3306
3277,3279
3277,3278
3296,3305
3277,3279
3298,3336
3277,3277
3296,3297
3284,3332
3277,3306
3295,3300
3277,3291
3284,3332
3296,3291
3277,3277
3289,3303
3277,3285
3301,3337
3277,3291
3280,3299
3277,3278
3277,3279
3309,3299
3277,3306
3277,3285
3277,3306
3289,3290
3277,3279
3301,3337
3277,3298
3280,3278
3277,3291
3314,3338
3309,3309
3277,3308
3303,3276
3282,3339
3279,3295
3277,3278
3303,3309
3277,3278
3277,3279
3280,3288
3289,3290
3277,3285
3301,3337
3280,3276
3277,3291
3277,3279
3277,3306
3277,3303
3293,3278
3296,3276
3277,3277
3289,3290
3277,3278
3277,3306
3293,3294
3309,3309
3277,3279
3277,3285
3277,3299
3293,3298
3277,3291
3309,3299
3280,3276
3277,3277
3282,3309
3296,3313
3293,3309
3277,3298
3277,3306
3309,3316
3280,3299
3277,3306
3277,3291
3277,3278
3296,3313
3309,3276
3277,3285
3277,3306
3314,3318
3277,3291
3280,3276
3277,3278
3277,3279
3294,3280
3277,3299
3277,3308
3296,3305
3277,3278
3277,3306
3314,3340
3277,3308
3280,3285
3277,3277
3277,3291
3278,3313
3294,3280
3277,3279
3293,3276
3277,3306
3296,3319
3277,3291
3309,3332
3277,3285
3277,3279
3277,3308
3277,3306
3294,3278
3295,3298
3277,3278
3293,3278
3309,3299
3296,3291
3277,3279
3277,3308
3307,3293
3298,3336
3277,3291
3314,3315
3280,3288
3278,3276
3277,3278
3314,3341
3294,3280
3296,3319
3284,3299
3277,3306
3295,3300
3282,3330
3309,3332
3277,3308
3298,3336
3277,3285
3314,3324
3277,3291
3280,3285
3277,3278
3278,3298
3293,3298
3277,3306
3277,3278
3277,3279
3280,3278
3277,3291
3301,3320
3277,3280
3277,3306
3277,3278
3303,3276
3277,3285
3296,3291
3284,3292
3279,3325
3277,3277
3277,3291
3298,3336
3280,3307
3289,3290
3277,3280
3277,3279
3277,3277
3277,3278
3296,3313
3295,3299
3279,3287
3277,3291
3277,3280
3298,3342
3280,3298
3289,3303
3277,3279
3277,3279
3277,3279
3284,3276
3296,3276
3289,3290
3277,3308
3277,3277
3296,3276
3294,3279
3277,3278
3280,3311
3277,3306
3277,3279
3277,3291
3277,3285
3277,3280
3282,3343
3303,3326
3280,3298
3277,3306
3293,3298
3284,3311
3277,3278
3298,3335
3277,3279
3280,3299
3289,3290
3277,3285
3301,3320
3277,3291
3277,3306
3277,3291
3277,3280
3279,3338
3279,3340
3303,3326
3277,3279
3277,3306
3344,3345
3346,3347
3348,3349
3350,3351
3352,3353
3351,3350
3351,3350
3296,3313
3354,3349
3349,3354
3349,3354
3349,3348
3349,3354
3349,3354
3355,3356
3357,3358
3351,3359
3357,3358
3360,3361
3362,3363
3349,3354
3364,3365
3363,3362
3366,3345
3363,3367
3345,3366
3345,3368
3366,3345
3369,3370
3351,3350
3369,3370
3344,3345
3351,3350
3344,3351
3371,3372
3348,3349
3360,3361
3361,3360
3373,3345
3360,3374
3375,3347
3348,3357
3348,3376
3344,3351
3344,3351
3375,3347
3372,3371
3360,3361
3348,3377
3378,3379
3348,3349
3380,3349
3381,3349
3382,3349
3381,3383
3352,3376
3352,3376
3384,3385
3385,3386
3348,3376
3348,3383
3350,3351
3350,3351
3351,3359
3357,3387
3357,3387
3347,3388
3389,3377
3362,3363
3386,3385
3390,3347
3364,3365
3391,3392
3363,3393
3357,3394
3395,3372
3395,3372
3357,3348
3357,3396
3357,3396
3357,3348
3397,3349
3395,3372
3377,3348
3347,3398
3347,3398
3349,3399
3351,3359
3377,3400
3383,3401
3377,3402
3377,3348
3362,3363
3363,3362
3362,3363
3352,3376
3347,3403
3357,3348
3352,3404
3357,3405
3366,3345
3345,3366
3406,3383
3407,3408
3383,3409
3351,3410
3355,3411
3363,3412
3352,3404
3385,3413
3385,3414
3385,3414
3355,3415
3348,3377
3383,3416
3416,3383
3383,3417
3385,3418
3354,3349
3385,3386
3385,3386
3419,3345
3345,3420
3421,3345
3345,3421
3345,3421
3351,3410
3357,3422
3357,3422
3355,3415
3348,3376
3423,3347
3277,3279
3277,3278
3280,3311
3277,3280
3318,3276
3277,3308
3277,3306
3280,3285
3318,3278
3277,3308
3277,3306
3277,3298
3277,3291
3277,3279
3277,3278
3277,3298
3277,3279
3277,3291
3277,3308
3277,3278
3277,3308
3277,3306
3277,3279
3277,3291
3424,3309
3318,3294
3314,3286
3318,3313
3280,3288
3277,3280
3277,3291
3318,3305
3277,3299
3277,3306
3277,3308
3277,3280
3277,3308
3277,3280
3277,3279
3277,3291
3277,3306
3288,3299
3277,3280
3277,3308
3288,3276
3288,3425
3288,3316
3288,3277
3277,3298
3288,3276
3318,3313
3277,3279
3277,3291
3277,3308
3277,3279
3277,3291
3277,3280
3280,3292
3277,3279
3296,3276
3277,3308
3277,3291
3318,3319
3277,3278
3288,3425
3407,3408
3277,3306
3277,3308
3277,3280
3277,3299
3277,3308
3277,3306
3277,3280
3277,3279
3277,3278
3277,3291
3277,3306
3277,3299
3277,3279
3277,3291
3277,3308
3314,3338
3277,3280
3277,3278
3277,3299
3277,3306
3307,3328
3277,3278
3277,3308
3277,3279
3277,3291
3277,3280
3277,3299
3277,3308
3277,3280
3277,3291
3277,3278
3318,3294
3318,3276
3277,3291
3277,3306
3277,3291
3277,3298
3277,3280
3277,3279
3277,3291
3277,3278
3277,3279
3277,3298
3277,3308
3277,3280
3277,3306
3277,3298
3277,3278
3293,3309
3314,3315
3318,3305
3277,3280
3277,3306
3277,3308
3277,3291
3277,3280
3277,3278
3277,3308
3293,3328
3314,3286
3277,3279
3277,3291
3277,3279
3277,3299
3277,3308
3277,3279
3347,3388
3351,3350
3351,3410
3277,3308
3277,3306
3277,3291
3279,3294
3280,3298
3277,3279
3277,3280
3277,3306
3311,3426
3277,3279
3277,3291
3277,3280
3279,3288
3280,3299
3277,3306
3277,3277
3277,3308
3277,3427
3277,3279
3277,3280
3277,3291
3280,3288
3279,3293
3277,3306
3277,3308
3277,3279
3277,3291
3277,3306
3277,3291
3277,3279
3293,3276
3277,3280
3277,3291
3279,3299
3277,3280
3277,3306
3277,3279
3277,3291
3277,3308
3277,3279
3277,3308
3311,3287
3277,3306
3277,3291
3277,3291
3277,3308
3275,3299
3277,3280
3277,3280
3277,3291
3311,3340
3279,3428
3277,3279
3277,3280
3277,3308
3277,3280
3275,3276
3277,3308
3277,3291
3277,3306
3279,3300
3277,3279
3311,3325
3277,3306
3277,3306
3279,3338
3277,3277
3277,3280
3280,3285
3277,3291
3303,3304
3279,3286
3277,3278
3293,3294
3298,3336
3277,3328
3277,3279
3280,3288
3277,3280
3282,3309
3279,3278
3277,3277
3303,3309
3311,3429
3277,3308
3277,3291
3277,3280
3280,3278
3282,3343
3277,3279
3279,3322
3277,3291
3277,3277
3295,3298
3277,3308
3280,3299
3277,3279
3277,3277
3277,3308
3277,3291
3296,3291
3277,3308
3277,3306
3277,3280
3280,3285
3277,3279
3279,3325
3277,3291
3277,3279
3277,3291
3277,3277
3277,3308
3277,3291
3280,3292
3277,3308
3277,3280
3277,3308
3298,3336
3277,3277
3277,3280
3277,3308
3277,3279
3277,3291
3280,3276
3282,3430
3277,3279
3303,3309
3277,3308
3298,3336
3277,3306
3303,3299
3277,3280
3311,3338
3277,3308
3431,3432
3431,3432
3431,3432
3433,3377
3431,3432
3363,3434
3435,3363
3435,3363
3363,3393
3351,3410
3351,3410
3436,3377
3377,3348
3431,3437
3431,3432
3372,3438
3358,3357
3363,3439
3363,3393
3345,3420
3345,3345
3277,3278
3277,3306
3277,3279
3277,3306
3277,3291
3303,3276
3277,3308
3277,3278
3372,3440
3351,3441
3360,3404
3360,3442
3391,3443
3391,3443
3431,3444
3363,3362
3363,3393
3350,3351
3345,3366
3431,3432
3431,3437
3345,3373
3345,3445
3345,3373
3345,3366
3345,3345
3277,3280
3345,3445
3431,3446
3447,3349
3379,3448
3449,3379
3379,3450
3379,3451
3379,3449
3349,3447
3379,3450
3447,3349
3379,3449
3379,3451
3372,3452
3360,3453
3441,3351
3277,3279
3277,3275
3277,3308
3277,3279
3277,3291
3298,3336
3277,3278
3311,3312
3277,3308
3280,3292
3277,3306
3277,3279
3275,3329
3277,3306
3277,3280
3277,3308
3277,3291
3311,3286
3277,3291
3277,3280
3277,3279
3277,3308
3277,3291
3277,3279
3298,3336
3277,3308
3311,3324
3277,3280
3277,3291
3280,3276
3293,3278
3277,3280
3277,3308
3277,3291
3277,3279
3277,3306
3277,3280
3280,3298
3277,3278
3277,3306
3277,3291
3277,3279
3277,3280
3277,3308
3277,3291
3280,3276
3277,3306
3277,3306
3277,3308
3277,3280
3277,3279
3277,3278
3277,3279
3277,3306
3277,3279
3277,3291
3277,3308
3280,3311
3277,3280
3275,3276
3277,3278
3293,3298
3277,3298
3277,3299
3277,3280
3311,3426
3277,3291
3307,3454
3288,3316
3277,3306
3364,3365
3363,3362
3366,3345
3363,3367
3345,3366
3345,3368
3366,3345
3369,3370
3369,3370
3351,3359
3357,3387
3357,3387
3357,3405
3344,3345
3366,3345
3351,3350
3344,3345
3346,3347
3345,3366
3349,3354
3360,3361
3277,3306
3311,3429
3351,3350
3351,3350
3352,3353
3350,3351
3354,3349
3349,3354
3349,3354
3349,3348
3348,3349
3349,3354
3349,3354
3355,3356
3357,3358
3351,3359
3357,3358
3362,3363
3406,3383
3407,3408
3383,3409
3345,3421
3348,3383
3345,3421
3351,3410
3348,3376
3357,3422
3385,3386
3384,3385
3357,3422
3352,3404
3357,3348
3347,3403
3352,3376
3352,3376
3381,3383
3352,3376
3347,3388
3421,3345
3345,3420
3419,3345
3385,3386
3350,3351
3351,3350
3350,3351
3351,3410
3355,3411
3363,3412
3352,3404
3385,3413
3303,3326
3385,3414
3355,3415
3383,3416
3355,3415
3416,3383
3383,3417
3385,3418
3354,3349
3385,3386
3385,3414
3277,3277
3277,3279
3277,3308
3307,3455
3277,3306
3294,3456
3277,3278
3277,3291
3282,3457
3458,3328
3289,3459
3277,3279
3277,3308
3277,3278
3277,3279
3307,3287
3277,3308
3294,3313
3277,3291
3277,3279
3309,3299
3277,3291
3277,3308
3277,3306
3309,3309
3277,3291
3277,3308
3277,3279
3294,3276
3277,3291
3301,3460
3458,3311
3277,3291
3277,3278
3277,3291
3307,3290
3280,3278
3309,3332
3277,3279
3277,3308
3277,3278
3277,3279
3277,3278
3389,3377
3310,3316
3277,3278
3277,3277
3277,3306
3277,3308
3277,3279
3307,3325
3294,3276
3277,3291
3277,3277
3289,3459
3303,3276
3277,3291
3311,3340
3277,3306
3309,3276
3278,3319
3307,3286
3277,3277
3294,3309
3307,3312
3277,3306
3309,3276
3277,3277
3307,3340
3277,3279
3294,3456
3277,3291
3277,3308
3277,3306
3458,3328
3277,3308
3277,3308
3277,3279
3307,3338
3277,3278
3294,3311
3277,3308
3277,3279
3310,3299
3277,3291
3277,3291
3307,3461
3362,3363
3390,3347
3277,3279
3278,3279
3307,3324
3277,3308
3277,3291
3277,3291
3303,3299
3277,3278
3311,3286
3278,3298
3307,3426
3277,3279
3277,3308
3289,3459
3310,3276
3277,3279
3303,3304
3423,3347
3277,3291
3345,3345
3363,3393
3363,3434
3371,3372
3435,3363
3435,3363
3363,3393
3344,3351
3351,3410
3351,3410
3436,3377
3377,3348
3348,3377
3431,3437
3431,3432
3348,3376
3372,3438
3358,3357
3363,3439
3345,3420
3311,3325
3309,3316
3277,3278
3295,3298
3309,3332
3277,3278
3278,3276
3294,3334
3277,3291
3277,3279
3310,3299
3277,3291
3303,3299
3311,3426
3277,3279
3278,3297
3277,3278
3307,3340
3295,3299
3277,3298
3277,3462
3311,3324
3303,3326
3277,3291
3277,3308
3307,3429
3294,3311
3277,3279
3277,3291
3277,3308
3289,3459
3458,3311
3431,3432
3310,3316
3277,3278
3311,3338
3277,3278
3307,3325
3277,3279
3277,3306
3310,3276
3289,3463
3303,3309
3433,3377
3431,3432
3431,3432
3360,3361
3351,3359
3377,3400
3383,3401
3377,3402
3377,3348
3362,3363
3363,3362
3362,3363
3372,3371
3407,3408
3375,3347
3347,3388
3351,3350
3344,3351
3351,3410
3391,3443
3348,3377
3349,3399
3347,3398
3347,3398
3364,3365
3382,3349
3381,3349
3380,3349
3348,3349
3391,3392
3363,3393
3357,3394
3344,3351
3395,3372
3357,3348
3357,3396
3378,3379
3357,3396
3357,3348
3397,3349
3395,3372
3377,3348
3395,3372
3386,3385
3391,3443
3348,3357
3449,3379
3379,3450
3379,3451
3379,3449
3348,3349
3349,3447
3379,3450
3447,3349
3379,3449
3379,3451
3372,3452
3360,3453
3360,3442
3360,3404
3351,3441
3372,3440
3431,3432
3379,3448
3447,3349
3360,3361
3431,3446
3375,3347
3431,3444
3360,3374
3363,3362
3363,3393
3350,3351
3345,3366
3431,3432
3348,3376
3431,3437
3345,3445
3345,3373
3345,3366
3373,3345
3345,3345
3345,3445
3441,3351
3361,3360
3345,3373
3277,3291
3277,3308
3310,3316
3277,3299
3277,3425
3277,3464
3294,3311
3277,3299
3277,3276
3277,3316
3277,3465
3309,3276
3277,3291
3277,3278
3277,3278
3277,3291
3277,3291
3277,3278
3289,3466
3277,3278
3277,3316
3277,3291
3309,3299
3277,3276
3277,3316
3277,3276
3277,3276
3277,3299
3277,3316
3277,3276
3294,3309
3277,3316
3277,3299
3277,3316
3289,3467
3309,3309
3277,3425
3310,3316
3277,3299
3277,3276
3294,3276
3277,3425
3277,3291
3277,3277
3280,3311
3277,3278
3289,3466
3277,3308
3277,3291
3309,3309
3277,3278
3277,3278
3277,3291
3277,3308
3277,3308
3277,3278
3277,3291
3309,3299
3277,3291
3277,3278
3277,3308
3277,3306
3277,3291
3277,3291
3311,3312
3277,3278
3293,3278
3277,3278
3294,3281
3277,3277
3277,3278
3277,3291
3277,3277
3309,3276
3277,3425
3277,3278
3277,3291
3294,3276
3277,3278
3277,3291
3277,3277
3277,3278
3309,3332
3277,3291
3277,3291
3277,3299
3277,3316
3277,3299
3458,3294
3277,3299
3277,3316
3294,3311
3277,3290
3289,3334
3277,3468
3277,3425
3309,3332
3277,3316
3458,3311
3277,3276
3294,3313
3277,3276
3277,3425
3277,3316
3277,3299
3277,3276
3277,3468
3277,3425
3277,3316
3284,3298
3277,3464
3277,3300
3277,3276
3294,3276
3277,3468
3277,3316
3277,3425
3277,3464
3309,3299
3277,3300
3277,3468
3294,3297
3277,3299
3289,3290
3277,3276
3277,3464
3277,3425
3277,3299
3277,3291
3277,3300
3277,3425
3277,3290
3277,3316
3294,3456
3289,3278
3309,3276
3458,3300
3277,3276
3277,3425
3294,3313
3277,3299
3277,3276
3289,3458
3277,3316
3309,3332
3277,3425
3277,3276
3294,3311
3309,3309
3277,3290
3277,3276
3294,3276
3277,3276
3277,3316
3277,3299
3277,3425
3294,3456
3277,3464
3309,3332
3277,3425
3277,3300
3458,3328
3277,3299
3294,3309
3277,3276
3309,3299
3277,3425
3277,3316
3277,3299
3277,3276
3277,3316
3277,3278
3289,3467
3277,3308
3294,3281
3277,3279
3277,3308
3277,3306
3277,3306
3277,3279
3277,3308
3282,3469
3309,3332
3277,3278
3294,3309
3277,3291
3277,3299
3277,3277
3277,3279
3277,3306
3277,3308
3277,3291
3309,3332
3277,3278
3277,3277
3277,3308
3294,3276
3277,3291
3277,3278
3277,3306
3295,3276
3277,3299
3277,3279
3309,3299
3277,3306
3277,3278
3294,3313
3277,3291
3277,3279
3277,3308
3277,3299
3295,3300
3309,3309
3277,3291
3282,3309
3277,3278
3277,3308
3294,3311
3277,3278
3277,3308
3277,3291
3277,3291
3277,3306
3307,3425
3309,3309
3277,3308
3277,3278
3282,3343
3277,3279
3294,3313
3301,3470
3277,3279
3277,3306
3282,3309
3277,3278
3277,3279
3277,3291
3294,3281
3277,3303
3277,3277
3289,3471
3458,3276
3277,3278
3310,3299
3277,3308
3277,3306
3307,3316
3309,3299
3277,3291
3282,3472
3277,3279
3294,3309
3277,3306
3277,3303
3310,3276
3277,3303
3277,3308
3309,3276
3277,3279
3277,3278
3294,3313
3295,3299
3277,3279
3277,3308
3277,3291
3289,3473
3277,3306
3277,3291
3309,3332
3277,3308
3277,3278
3277,3279
3277,3278
3277,3279
3289,3474
3277,3308
3277,3279
3309,3309
3277,3278
3277,3291
3309,3299
3277,3278
3277,3279
3294,3456
3277,3306
3277,3308
3277,3291
3277,3278
3277,3291
3277,3279
3277,3306
3295,3300
3277,3291
3294,3309
3277,3308
3277,3306
3289,3466
3277,3308
3309,3276
3277,3278
3277,3306
3277,3308
3277,3308
3277,3291
3277,3308
3277,3278
3277,3279
3295,3278
3277,3299
3309,3309
3277,3308
3277,3306
3277,3279
3294,3311
3277,3291
3277,3278
3277,3291
3458,3278
3295,3278
3277,3291
3277,3306
3277,3278
3277,3277
3277,3306
3277,3291
3289,3475
3277,3278
3309,3299
3277,3306
3277,3308
3277,3291
3277,3279
3277,3278
3277,3306
3277,3476
3309,3332
3277,3278
3277,3291
3284,3332
3277,3308
3277,3279
3277,3279
3277,3279
3294,3456
3277,3278
3280,3298
3295,3298
3303,3304
3277,3279
3289,3290
3282,3321
3277,3277
3296,3276
3311,3426
3277,3308
3278,3313
3277,3308
3293,3328
3298,3336
3284,3276
3277,3279
3307,3324
3277,3291
3280,3285
3277,3306
3277,3296
3314,3340
3303,3299
3307,3338
3289,3307
3277,3285
3293,3276
3294,3311
3314,3315
3277,3308
3311,3287
3296,3313
3278,3298
3293,3278
3284,3332
3307,3286
3309,3316
3301,3337
3277,3306
3280,3299
3295,3299
3277,3306
3303,3309
3294,3477
3311,3429
3296,3305
3478,3296
3277,3298
3278,3281
3277,3291
3284,3292
3277,3296
3277,3277
3311,3340
3303,3304
3277,3291
3277,3279
3296,3319
3309,3276
3307,3286
3280,3299
3311,3429
3277,3308
3277,3298
3277,3299
3295,3298
3294,3477
3277,3279
3278,3319
3277,3291
3298,3336
3314,3479
3315,3280
3277,3306
3301,3480
3277,3308
3307,3324
3315,3290
3296,3319
3314,3338
3278,3313
3277,3298
3277,3279
3293,3309
3298,3335
3284,3481
3278,3319
3277,3308
3307,3286
3301,3480
3277,3291
3277,3306
3309,3309
3280,3292
3277,3285
3277,3277
3296,3297
3311,3338
3314,3338
3277,3279
3284,3298
3293,3298
3277,3291
3298,3342
3301,3480
3280,3276
3295,3276
3280,3311
3314,3341
3278,3276
3277,3291
3311,3286
3277,3306
3277,3277
3309,3309
3277,3285
3293,3328
3307,3426
3284,3311
3277,3306
3301,3337
3277,3291
3280,3288
3295,3276
3277,3298
3294,3292
3314,3286
3277,3279
3278,3305
3311,3340
3277,3308
3294,3279
3478,3322
3277,3308
3277,3279
3310,3299
3277,3291
3280,3292
3295,3299
3277,3308
3294,3280
3314,3338
3278,3281
3277,3291
3310,3299
3277,3306
3282,3430
3296,3276
3277,3308
3293,3281
3309,3299
3277,3279
3289,3303
3284,3311
3307,3312
3277,3285
3301,3337
3280,3285
3295,3299
3277,3291
3277,3285
3284,3299
3311,3338
3296,3319
3277,3291
3277,3285
3277,3279
3284,3278
3307,3287
3309,3332
3280,3278
3277,3296
3295,3300
3277,3306
3294,3280
3314,3324
3277,3308
3311,3324
3277,3285
3296,3305
3277,3277
3278,3276
3284,3298
3307,3325
3301,3337
3277,3285
3277,3277
3314,3318
3277,3296
3307,3324
3277,3308
3280,3276
3277,3291
3295,3298
3294,3477
3277,3279
3314,3340
3277,3306
3311,3325
3296,3313
3277,3285
3289,3307
3278,3279
3277,3279
3277,3306
3293,3299
3284,3294
3307,3340
3277,3308
3280,3298
3277,3291
3295,3278
3294,3292
3277,3285
3311,3324
3277,3279
3284,3292
3277,3298
3314,3318
3303,3304
3277,3296
3315,3303
3311,3286
3277,3306
3277,3277
3309,3299
3307,3325
3280,3276
3277,3308
3277,3291
3301,3482
3298,3336
3284,3299
3314,3479
3303,3276
3277,3285
3315,3280
3277,3279
3309,3276
3298,3336
3277,3291
3277,3285
3277,3306
3309,3332
3277,3298
3307,3340
3277,3285
3280,3285
3289,3307
3277,3306
3294,3477
3277,3277
3298,3336
3284,3278
3277,3308
3314,3315
3293,3281
3277,3291
3303,3309
3277,3279
3277,3308
3310,3299
3309,3316
3277,3291
3280,3288
3307,3426
3278,3305
3277,3279
3307,3312
3298,3336
3280,3278
3309,3299
3277,3279
3307,3338
3277,3308
3278,3281
3298,3335
3277,3306
3277,3291
3293,3281
3284,3332
3277,3299
3314,3286
3277,3483
3311,3325
3296,3291
3282,3283
3277,3296
3303,3326
3289,3290
3277,3308
3309,3332
3280,3299
3277,3285
3278,3319
3315,3484
3303,3299
3284,3311
3293,3309
3314,3317
3303,3326
3294,3334
3315,3290
3296,3319
3310,3316
3309,3316
3280,3288
3307,3340
3277,3306
3278,3298
3277,3308
3298,3336
3284,3309
3293,3291
3277,3285
3314,3341
3277,3277
3311,3312
3294,3311
3296,3276
3277,3306
3309,3299
3277,3299
3303,3309
3277,3299
3315,3296
3303,3299
3277,3291
3293,3278
3277,3308
3307,3429
3296,3291
3309,3276
3277,3291
3280,3311
3277,3308
3277,3279
3277,3279
3284,3298
3278,3485
3314,3324
3277,3308
3315,3306
3277,3291
3293,3309
3295,3276
3277,3306
3298,3336
3307,3287
3314,3317
3277,3279
3296,3276
3277,3306
3277,3308
3295,3299
3294,3311
3277,3277
3277,3291
3314,3338
3298,3336
3315,3279
3303,3326
3293,3280
3277,3299
3277,3291
3307,3312
3280,3288
3296,3313
3277,3279
3309,3332
3277,3308
3277,3306
3289,3290
3295,3278
3278,3276
3315,3484
3296,3305
3309,3309
3298,3336
3314,3341
3277,3291
3303,3276
3293,3291
3277,3306
3295,3278
3277,3277
3296,3291
3458,3294
3309,3309
3277,3308
3307,3338
3277,3279
3280,3298
3277,3291
3294,3280
3277,3306
3298,3336
3284,3294
3314,3340
3277,3294
3293,3299
3284,3276
3277,3299
3277,3279
3277,3308
3280,3278
3277,3294
3277,3279
3289,3486
3294,3281
3277,3291
3284,3481
3277,3308
3298,3336
3314,3286
3301,3480
3277,3306
3293,3276
3295,3300
3277,3298
3277,3308
3296,3313
3309,3276
3307,3325
3277,3291
3280,3276
3277,3279
3275,3329
3294,3334
3301,3337
3307,3287
3307,3338
3289,3290
3278,3276
3303,3304
3314,3318
3277,3306
3315,3280
3293,3309
3280,3276
3311,3429
3279,3293
3309,3309
3307,3325
3282,3309
3289,3487
3303,3299
3315,3306
3277,3280
3311,3324
3280,3278
3309,3332
3282,3488
3294,3477
3277,3291
3289,3303
3314,3324
3303,3309
3315,3484
3282,3339
3294,3311
3307,3340
3309,3332
3277,3291
3277,3306
3277,3277
3277,3306
3277,3280
3280,3307
3277,3278
3309,3299
3311,3426
3278,3305
3282,3321
3296,3319
3307,3338
3277,3278
3294,3279
3277,3291
3311,3340
3309,3309
3278,3485
3282,3283
3307,3325
3296,3291
3294,3334
3478,3489
3314,3341
3315,3303
3280,3298
3311,3338
3280,3292
3294,3477
3280,3307
3309,3299
3277,3298
3277,3277
3295,3276
3277,3306
3294,3279
3277,3298
3277,3294
3298,3336
3314,3315
3315,3280
3277,3308
3303,3304
3277,3291
3280,3292
3296,3305
3277,3278
3311,3287
3309,3309
3307,3286
3277,3279
3277,3294
3295,3278
3294,3490
3289,3290
3277,3306
3277,3298
3298,3336
3307,3324
3309,3332
3311,3426
3280,3298
3307,3287
3282,3491
3289,3307
3314,3340
3278,3281
3303,3326
3315,3296
3311,3325
3280,3285
3296,3297
3309,3299
3307,3312
3294,3280
3311,3286
3478,3485
3282,3492
3310,3316
3277,3306
3289,3303
3277,3291
3298,3336
3277,3280
3278,3313
3303,3276
3314,3286
3315,3303
3277,3278
3277,3279
3277,3279
3307,3287
3303,3276
3277,3278
3295,3298
3478,3275
3277,3278
3310,3299
3278,3276
3311,3429
3282,3330
3277,3279
3294,3279
3277,3298
3307,3324
3296,3319
3478,3322
3307,3338
3277,3278
3310,3316
3277,3294
3277,3291
3277,3298
3309,3316
3277,3278
3294,3311
3277,3291
3307,3286
3296,3276
3277,3279
3277,3298
3277,3291
3277,3277
3310,3276
3294,3334
3315,3306
3277,3277
3303,3309
3311,3278
3277,3298
3277,3294
3315,3484
3278,3279
3307,3312
3295,3300
3277,3279
3277,3278
3310,3276
3277,3291
3277,3277
3311,3324
3278,3305
3307,3287
3277,3291
3295,3299
3277,3278
3277,3279
3277,3298
3310,3316
3277,3279
3277,3298
3311,3325
3309,3299
3277,3291
3277,3306
3289,3493
3309,3309
3277,3279
3282,3330
3294,3279
3277,3291
3307,3286
3277,3306
3277,3280
3277,3306
3277,3278
3277,3279
3280,3288
3277,3291
3309,3276
3311,3340
3278,3313
3282,3343
3278,3319
3307,3340
3294,3281
3277,3494
3277,3299
3310,3276
3277,3277
3277,3279
3277,3278
3277,3280
3309,3276
3311,3287
3282,3488
3277,3280
3311,3338
3277,3298
3277,3278
3309,3309
3277,3277
3311,3286
3278,3485
3309,3332
3294,3490
3307,3312
3277,3278
3277,3291
3277,3298
3277,3277
3280,3285
3277,3278
3277,3291
3282,3309
3282,3430
3311,3312
3277,3278
3277,3306
3277,3279
3277,3291
3296,3313
3277,3279
3307,3324
3294,3477
3277,3279
3278,3281
3309,3299
