5273,5274
5275,5276
5277,5278
5279,5280
5279,5281
5282,5281
5279,5283
5284,5280
5285,5274
5286,5287
5288,5280
5289,5290
5281,5291
5292,5293
5279,5281
5294,5295
5296,5297
5279,5287
5282,5287
5292,5298
5299,5300
5301,5302
5279,5281
5279,5287
5299,5278
5303,5281
5274,5304
5279,5280
5305,5280
5306,5307
5279,5281
5308,5309
5310,5309
5303,5281
5296,5311
5279,5312
5274,5286
5305,5280
5279,5287
5308,5313
5306,5314
5279,5280
5288,5315
5294,5287
5279,5287
5289,5290
5281,5316
5279,5281
5286,5280
5275,5317
5285,5318
5279,5319
5274,5280
5303,5281
5279,5281
5279,5283
5305,5319
5279,5320
5308,5321
5306,5298
5279,5319
5294,5280
5288,5287
5289,5274
5286,5280
5285,5322
5292,5307
5279,5287
5279,5280
5282,5319
5299,5287
5286,5319
5299,5280
5289,5306
5308,5323
5324,5325
5326,5327
5279,5280
5288,5287
5289,5328
5277,5286
5286,5319
5285,5329
5279,5281
5292,5298
5330,5280
5282,5287
5279,5280
5331,5332
5279,5287
5301,5333
5279,5319
5294,5287
5286,5287
5285,5274
5279,5280
5292,5298
5279,5280
5274,5287
5284,5286
5282,5281
5299,5287
5279,5287
5301,5302
5279,5280
5303,5334
5310,5321
5306,5335
5305,5319
5285,5336
5279,5281
5303,5337
5282,5295
5301,5338
5279,5280
5299,5295
5274,5339
5303,5340
5279,5316
5306,5308
5279,5316
5305,5295
5279,5280
5308,5323
5294,5286
5324,5280
5279,5287
5296,5341
5274,5280
5279,5287
5292,5342
5279,5287
5306,5343
5305,5281
5279,5281
5294,5295
5279,5287
5308,5331
5324,5344
5279,5280
5288,5315
5286,5280
5326,5345
5277,5339
5285,5346
5279,5281
5273,5347
5292,5348
5324,5349
5279,5319
5279,5350
5282,5295
5330,5278
5331,5351
5279,5305
5274,5286
5279,5350
5305,5295
5308,5323
5279,5298
5326,5352
5277,5319
5279,5353
5279,5350
5306,5307
5303,5281
5285,5354
5294,5355
5285,5329
5303,5281
5279,5350
5330,5286
5282,5281
5331,5314
5279,5305
5305,5281
5274,5295
5279,5305
5308,5309
5279,5350
5326,5356
5277,5279
5279,5350
5306,5335
5279,5357
5279,5305
5279,5357
5303,5281
5282,5281
5279,5313
5274,5280
5279,5323
5331,5358
5308,5321
5305,5295
5279,5357
5279,5323
5292,5280
5279,5313
5285,5286
5306,5358
5289,5290
5294,5295
5279,5359
5294,5286
5303,5360
5285,5336
5279,5342
5330,5287
5282,5287
5331,5307
5279,5361
5274,5278
5305,5319
5279,5319
5308,5347
5279,5293
5277,5339
5279,5307
5279,5295
5306,5298
5296,5362
5294,5287
5282,5280
5294,5355
5306,5308
5279,5287
5296,5274
5279,5281
5303,5281
5299,5278
5279,5280
5274,5295
5305,5295
5279,5281
5279,5319
5308,5347
5306,5293
5279,5287
5294,5286
5285,5336
5279,5280
5279,5361
5286,5287
5281,5295
5363,5364
5279,5281
5303,5281
5299,5316
5279,5319
5330,5280
5274,5287
5305,5304
5279,5280
5308,5365
5279,5281
5306,5342
5294,5278
5279,5319
5289,5328
5285,5329
5292,5319
5282,5319
5331,5366
5303,5324
5279,5305
5299,5295
5330,5297
5279,5350
5274,5304
5279,5305
5367,5279
5308,5321
5279,5305
5326,5368
5279,5350
5277,5339
5285,5322
5279,5350
5331,5343
5279,5348
5279,5323
5292,5316
5279,5313
5303,5281
5299,5300
5279,5357
5305,5319
5274,5278
5279,5361
5279,5313
5308,5313
5306,5369
5279,5357
5277,5287
5294,5339
5285,5346
5279,5348
5282,5280
5281,5339
5288,5315
5279,5287
5279,5280
5303,5281
5310,5370
5294,5295
5279,5287
5279,5319
5279,5281
5286,5280
5284,5285
5285,5358
5279,5280
5274,5278
5281,5291
5279,5287
5308,5309
5306,5335
5279,5281
5299,5300
5301,5333
5303,5371
5299,5295
5279,5319
5310,5309
5284,5328
5324,5305
5286,5287
5285,5346
5274,5295
5331,5372
5281,5316
5277,5319
5308,5321
5279,5287
5305,5295
5273,5373
5273,5365
5305,5281
5299,5285
5299,5278
5306,5298
5279,5281
5279,5287
5279,5280
5324,5305
5284,5280
5279,5316
5285,5280
5288,5374
5286,5319
5281,5295
5279,5287
5274,5295
5308,5309
5301,5375
5301,5290
5279,5280
5331,5293
5306,5307
5279,5319
5303,5371
5310,5376
5279,5287
5294,5339
5279,5280
5279,5281
5286,5319
5284,5287
5279,5287
5285,5329
5274,5280
5281,5297
5279,5281
5308,5323
5279,5287
5301,5375
5306,5314
5294,5339
5279,5287
5324,5336
5284,5280
5279,5281
5285,5322
5288,5287
5286,5280
5279,5281
5274,5304
5279,5281
5281,5316
5292,5280
5279,5287
5299,5316
5310,5323
5306,5307
5279,5281
5301,5375
5310,5309
5286,5280
5284,5377
5279,5281
5285,5318
5331,5378
5274,5286
5279,5287
5299,5278
5281,5291
5306,5298
5279,5281
5308,5313
5279,5319
5303,5281
5296,5311
5308,5313
5308,5347
5303,5281
5303,5281
5301,5333
5279,5287
5296,5274
5279,5280
5279,5280
5279,5281
5286,5287
5331,5379
5324,5305
5284,5377
5285,5336
5281,5278
5274,5280
5305,5319
5275,5380
5279,5316
5299,5355
5306,5342
5296,5282
5279,5280
5310,5321
5294,5278
5279,5287
5324,5305
5284,5328
5279,5319
5286,5319
5285,5322
5279,5280
5331,5381
5274,5287
5281,5295
5279,5319
5279,5281
5301,5290
5296,5297
5299,5287
5306,5369
5294,5280
5305,5304
5279,5287
5279,5316
5279,5281
5281,5295
5289,5328
5277,5278
5285,5346
5286,5319
5308,5313
5292,5298
5279,5319
5382,5319
5279,5280
5284,5285
5303,5371
5301,5302
5279,5281
5281,5316
5277,5319
5286,5280
5285,5336
5308,5321
5382,5280
5279,5280
5284,5377
5292,5342
5274,5286
5282,5280
5331,5358
5279,5316
5299,5295
5279,5319
5324,5383
5274,5304
5299,5316
5284,5287
5274,5295
5282,5295
5279,5280
5299,5278
5331,5298
5301,5338
5279,5287
5303,5384
5279,5319
5306,5294
5294,5355
5305,5378
5279,5281
5308,5309
5279,5287
5279,5287
5292,5307
5286,5287
5301,5375
5331,5342
5279,5280
5303,5281
5279,5281
5306,5293
5294,5280
5279,5316
5279,5281
5326,5385
5279,5280
5288,5286
5289,5306
5281,5278
5277,5287
5285,5325
5279,5287
5305,5280
5279,5287
5279,5287
5310,5323
5306,5343
5303,5340
5279,5316
5294,5278
5279,5281
5305,5295
5279,5287
5324,5305
5279,5280
5284,5346
5286,5280
5285,5322
5281,5339
5299,5280
5279,5319
5296,5311
5308,5321
5279,5281
5306,5308
5279,5316
5305,5304
5294,5295
5279,5280
5279,5281
5324,5336
5279,5287
5284,5286
5286,5287
5285,5329
5281,5278
5279,5281
5274,5286
5279,5280
5277,5287
5292,5316
5308,5323
5279,5281
5292,5293
5308,5313
5382,5339
5274,5304
5279,5316
5331,5369
5282,5281
5296,5381
5299,5362
5279,5280
5303,5281
5306,5342
5279,5281
5294,5287
5277,5286
5285,5358
5281,5297
5284,5328
5274,5287
5331,5386
5279,5281
5296,5362
5299,5300
5301,5290
5279,5280
5279,5281
5303,5281
5279,5281
5294,5286
5279,5287
5305,5319
5279,5319
5279,5280
5286,5305
5306,5335
5279,5357
5279,5287
5279,5361
5279,5319
5285,5329
5279,5295
5279,5281
5279,5287
5279,5306
5279,5280
5277,5286
5279,5305
5273,5365
5279,5295
5324,5336
5296,5362
5285,5316
5279,5319
5279,5281
5294,5295
5277,5339
5279,5287
5279,5280
5285,5336
5296,5381
5279,5295
5279,5319
5279,5306
5279,5280
5279,5295
5273,5274
5279,5287
5279,5281
5285,5316
5279,5319
5279,5306
5279,5280
5279,5295
5279,5319
5279,5287
5279,5306
5279,5305
5279,5281
5279,5287
5279,5280
5279,5306
5305,5316
5285,5339
5279,5319
5279,5305
5279,5319
5279,5281
5279,5287
5277,5279
5279,5295
5279,5306
5279,5281
5279,5280
5279,5306
5285,5346
5279,5319
5279,5287
5273,5347
5305,5280
5279,5295
5285,5336
5279,5280
5279,5305
5292,5316
5279,5306
5279,5281
5279,5295
5279,5287
5273,5288
5279,5280
5279,5319
5285,5286
5273,5288
5279,5287
5279,5287
5289,5328
5279,5281
5279,5319
5279,5295
5279,5306
5277,5305
5273,5373
5279,5280
5285,5322
5296,5341
5279,5287
5279,5281
5289,5290
5303,5387
5279,5280
5326,5388
5296,5274
5279,5319
5296,5381
5285,5339
5279,5280
5279,5287
5326,5389
5303,5342
5279,5319
5289,5306
5279,5287
5279,5306
5279,5280
5305,5319
5277,5305
5279,5306
5273,5373
5285,5294
5277,5280
5279,5306
5279,5280
5279,5281
5279,5295
5279,5287
5279,5319
5277,5319
5273,5347
5279,5281
5285,5318
5279,5306
5296,5311
5279,5280
5279,5295
5326,5390
5279,5306
5279,5281
5279,5316
5279,5295
5279,5306
5324,5325
5279,5287
5273,5323
5279,5280
5285,5329
5296,5297
5279,5295
5279,5319
5279,5287
5279,5306
5279,5281
5279,5319
5277,5287
5273,5365
5305,5281
5279,5280
5285,5286
5279,5295
5279,5280
5279,5305
5279,5280
5279,5319
5279,5280
5279,5306
5279,5287
5279,5319
5279,5280
5273,5347
5279,5306
5279,5319
5279,5287
5279,5295
5279,5281
5279,5306
5279,5319
5273,5365
5273,5288
5279,5295
5279,5281
5279,5319
5279,5287
5273,5288
5279,5280
5279,5306
5279,5281
5279,5306
5279,5319
5279,5305
5279,5287
5273,5347
5279,5280
5279,5295
5279,5281
5279,5306
5279,5287
5279,5295
5279,5280
5279,5287
5279,5287
5273,5323
5279,5281
5279,5287
5279,5295
5279,5306
5279,5319
5279,5280
5279,5281
5279,5287
5273,5365
5279,5281
5279,5319
5279,5280
5279,5306
5279,5280
5279,5295
5279,5295
5279,5319
5279,5281
5279,5281
5279,5295
5279,5287
5273,5323
5279,5306
5279,5319
5279,5280
5279,5319
5279,5281
5279,5295
5279,5280
5273,5373
5279,5306
5279,5287
5279,5306
5305,5304
5279,5305
5279,5305
5279,5287
5279,5319
5279,5280
5279,5295
5296,5297
5285,5339
5279,5306
5279,5281
5279,5281
5279,5305
5273,5323
5279,5306
5279,5287
5285,5316
5296,5381
5279,5305
5279,5295
5279,5281
5285,5336
5279,5306
5279,5287
5279,5319
5279,5305
5279,5295
5285,5318
5279,5280
5279,5281
5279,5287
5279,5306
5273,5274
5279,5319
5279,5305
5279,5295
5296,5279
5279,5280
5279,5319
5279,5280
5279,5319
5279,5287
5279,5319
5279,5281
5279,5287
5279,5281
5279,5306
5279,5305
5279,5295
5279,5280
5279,5319
5279,5280
5279,5306
5279,5287
5279,5281
5279,5295
5273,5365
5310,5323
5279,5305
5279,5306
5279,5287
5279,5280
5279,5306
5279,5319
5285,5329
5279,5295
5279,5281
5279,5306
5279,5305
5273,5323
5279,5287
5279,5280
5279,5281
5285,5346
5279,5280
5279,5295
5277,5391
5279,5281
5279,5319
5363,5392
5331,5366
5296,5362
5282,5287
5303,5281
5279,5287
5294,5295
5285,5285
5305,5280
5331,5293
5303,5281
5285,5358
5331,5332
5292,5280
5284,5280
5330,5278
5305,5281
5303,5281
5285,5393
5308,5313
5330,5280
5277,5287
5292,5287
5285,5286
5303,5281
5308,5323
5294,5355
5277,5319
5331,5298
5305,5319
5279,5319
5303,5281
5277,5280
5331,5386
5305,5295
5303,5281
5331,5293
5303,5281
5331,5307
5308,5318
5305,5280
5279,5295
5285,5329
5277,5287
5331,5366
5305,5304
5285,5346
5277,5319
5331,5358
5303,5282
5308,5321
5292,5319
5305,5295
5279,5306
5296,5274
5285,5336
5294,5280
5294,5286
5331,5298
5277,5279
5296,5311
5305,5287
5285,5294
5331,5342
5277,5339
5303,5281
5308,5347
5289,5274
5305,5319
5285,5325
5331,5386
5296,5274
5305,5287
5285,5339
5296,5297
5285,5346
5294,5280
5279,5394
5331,5369
5305,5281
5279,5305
5279,5280
5285,5318
5310,5323
5306,5293
5279,5319
5282,5287
5279,5287
5308,5309
5281,5297
5330,5395
5281,5291
5305,5281
5324,5286
5279,5313
5282,5280
5279,5295
5279,5348
5308,5323
5279,5361
5331,5342
5305,5280
5279,5357
5279,5323
5285,5346
5306,5342
5279,5313
5279,5348
5282,5295
5330,5287
5279,5323
5310,5321
5277,5286
5363,5362
5296,5341
5303,5396
5282,5281
5308,5321
5294,5306
5277,5286
5331,5314
5305,5319
5285,5322
5303,5281
5308,5309
5277,5285
5363,5279
5331,5307
5305,5295
5285,5318
5284,5285
5305,5304
5308,5331
5296,5341
5285,5329
5279,5306
5282,5319
5279,5281
5308,5313
5330,5286
5331,5332
5305,5280
5277,5287
5284,5377
5285,5336
5303,5281
5306,5369
5282,5295
5277,5339
5331,5369
5308,5347
5305,5281
5289,5306
5279,5295
5279,5319
5279,5287
5279,5280
5285,5336
5279,5306
5303,5387
5279,5319
5326,5397
5289,5274
5279,5280
5279,5287
5279,5295
5305,5316
5279,5281
5279,5306
5284,5286
5279,5281
5285,5286
5279,5287
5279,5319
5279,5281
5289,5290
5279,5280
5279,5319
5305,5295
5279,5306
5279,5287
5277,5285
5273,5365
5285,5329
5296,5362
5279,5295
5303,5398
5273,5288
5277,5287
5279,5287
5279,5281
5279,5281
5279,5287
5305,5281
5277,5286
5279,5319
5273,5323
5285,5346
5296,5297
5279,5295
5279,5306
5303,5293
5279,5280
5289,5285
5279,5306
5279,5280
5273,5347
5326,5345
5279,5287
5285,5316
5296,5311
5279,5280
5279,5319
5303,5307
5289,5290
5279,5295
5279,5306
5279,5281
5279,5306
5279,5295
5273,5274
5285,5294
5296,5341
5279,5319
5303,5369
5277,5286
5279,5306
5279,5295
5285,5286
5277,5285
5279,5319
5294,5287
5279,5287
5308,5313
5279,5280
5310,5321
5279,5281
5285,5322
5273,5323
5277,5279
5279,5306
5279,5295
5289,5306
5279,5306
5279,5281
5279,5295
5273,5365
5285,5316
5277,5286
5331,5314
5303,5308
5279,5280
5273,5288
5279,5281
5279,5287
5285,5318
5277,5285
5279,5280
5279,5281
5303,5369
5279,5319
5308,5309
5305,5316
5279,5295
5305,5319
5279,5306
5279,5287
5305,5304
5279,5280
5378,5399
5279,5287
5277,5285
5273,5347
5285,5318
5279,5280
5279,5319
5303,5301
5279,5306
5289,5328
5279,5295
5279,5280
5289,5285
5285,5346
5273,5373
5277,5287
5285,5294
5303,5307
5289,5280
5279,5319
5285,5313
5277,5280
5303,5293
5303,5396
5284,5328
5285,5274
5277,5319
5289,5274
5285,5339
5277,5339
5303,5342
5289,5280
5305,5280
5324,5336
5275,5400
5294,5287
5279,5287
5281,5291
5279,5280
5294,5286
5279,5287
5289,5274
5279,5319
5285,5280
5279,5287
5296,5362
5286,5280
5279,5281
5282,5280
5308,5347
5279,5319
5363,5392
5363,5362
5288,5374
5273,5323
5279,5280
5363,5279
5279,5287
5279,5281
5289,5328
5279,5287
5365,5401
5279,5319
5279,5281
5296,5402
5286,5280
5279,5280
5282,5281
5308,5313
5279,5281
5310,5403
5273,5294
5279,5281
5279,5280
5294,5306
5289,5290
5279,5287
5279,5281
5292,5287
5279,5280
5296,5297
5286,5319
5279,5281
5324,5404
5308,5365
5282,5319
5285,5285
5305,5304
5279,5280
5279,5287
5299,5278
5299,5287
5281,5316
5294,5362
5279,5281
5289,5280
5279,5280
5292,5319
5285,5346
5279,5287
5286,5287
5282,5319
5279,5287
5308,5309
5273,5347
5279,5281
5363,5280
5279,5280
5284,5287
5273,5274
5288,5280
5279,5319
5299,5300
5279,5281
5284,5328
5279,5287
5294,5278
5289,5274
5279,5280
5365,5295
5285,5280
5279,5287
5326,5405
5279,5319
5296,5285
5282,5319
5279,5281
5279,5280
5308,5347
5363,5280
5279,5307
5308,5313
5363,5362
5279,5293
5299,5285
5279,5342
5279,5319
5294,5280
5279,5280
5279,5281
5286,5280
5279,5287
5305,5319
5296,5341
5282,5280
5308,5365
5288,5287
5308,5323
5288,5286
5279,5319
5281,5278
5279,5281
5294,5280
5289,5406
5279,5287
5365,5346
5285,5325
5279,5319
5286,5319
5326,5356
5296,5274
5279,5287
5305,5382
5324,5407
5282,5295
5279,5280
5363,5408
5279,5281
5288,5374
5299,5295
5279,5287
5281,5316
5279,5280
5294,5278
5289,5328
5279,5281
5285,5344
5279,5280
5286,5287
5279,5319
5296,5297
5282,5287
5279,5287
5308,5321
5273,5365
5282,5295
5288,5315
5277,5409
5279,5319
5284,5328
5365,5344
5279,5287
5296,5311
5279,5280
5301,5410
5324,5404
5279,5281
5282,5287
5285,5325
5308,5321
5279,5287
5305,5280
5288,5280
5299,5316
5279,5280
5281,5295
5310,5323
5279,5281
5365,5346
5279,5287
5279,5281
5301,5411
5286,5287
5279,5316
5308,5321
5282,5295
5273,5294
5285,5329
5279,5287
5305,5319
5277,5412
5279,5280
5279,5319
5284,5346
5277,5412
5294,5287
5279,5319
5288,5374
5279,5281
5310,5323
5294,5286
5277,5278
5281,5339
5299,5285
5279,5280
5284,5358
5279,5280
5365,5295
5279,5287
5301,5410
5279,5280
5305,5295
5310,5309
5308,5309
5279,5287
5281,5316
5299,5285
5279,5319
5289,5406
5284,5413
5279,5281
5365,5325
5279,5280
5301,5410
5279,5281
5324,5414
5286,5319
5273,5347
5282,5281
5285,5316
5275,5285
5310,5321
5289,5290
5299,5300
5273,5288
5279,5287
5277,5415
5288,5280
5363,5393
5281,5278
5310,5309
5279,5280
5284,5377
5299,5295
5279,5281
5279,5287
5365,5280
5292,5319
5279,5319
5282,5280
5296,5341
5279,5280
5285,5329
5279,5287
5284,5280
5281,5297
5279,5281
5294,5316
5279,5287
5289,5406
5279,5280
5279,5281
5326,5389
5286,5287
5301,5416
5279,5281
5324,5414
5308,5313
5305,5281
5279,5319
5301,5410
5279,5287
5279,5281
5286,5319
5308,5323
5279,5319
5282,5281
5273,5323
5285,5344
5279,5287
5305,5304
5288,5315
5277,5412
5279,5281
5310,5321
5294,5339
5281,5278
5301,5410
5286,5280
5279,5280
5279,5287
5308,5309
5285,5336
5279,5281
5273,5365
5279,5280
5277,5412
5288,5287
5363,5364
5279,5287
5310,5323
5281,5339
5299,5278
5279,5280
5284,5346
5289,5280
5365,5336
5273,5365
5279,5353
5305,5295
5296,5274
5310,5321
5296,5402
5296,5341
5296,5285
5310,5323
5296,5294
5310,5309
5296,5297
5296,5402
5310,5309
5296,5274
5296,5381
5296,5311
5310,5321
5296,5297
5296,5294
5310,5323
5296,5311
5273,5373
5296,5381
5303,5417
5273,5288
5296,5358
5303,5418
5296,5297
5296,5341
5296,5402
5310,5374
5296,5274
5296,5294
5296,5311
5296,5285
5273,5323
5296,5381
5296,5285
5296,5341
5296,5402
5296,5297
5324,5414
5310,5323
5296,5274
5284,5358
5294,5280
5296,5402
5294,5287
5296,5341
5289,5274
5294,5316
5296,5285
5310,5321
5289,5274
5294,5286
5310,5309
5296,5274
5284,5287
5279,5358
5310,5323
5296,5311
5296,5279
5310,5321
5296,5294
5310,5323
5296,5297
5296,5297
5310,5309
5282,5281
5296,5311
5296,5402
5310,5403
5296,5274
5296,5285
5296,5311
5279,5287
5303,5350
5303,5419
5303,5350
5279,5280
5296,5341
5303,5418
5275,5420
5296,5402
5303,5378
5284,5274
5296,5294
5303,5419
5296,5297
5303,5421
5273,5373
5296,5402
5303,5422
5303,5417
5296,5311
5273,5288
5296,5381
5282,5281
5303,5366
5296,5341
5339,5423
5296,5294
5303,5424
5339,5423
5282,5295
5279,5281
5296,5274
5303,5324
5339,5423
5296,5297
5296,5311
5273,5323
5303,5422
5296,5358
5303,5418
5303,5350
5289,5290
5303,5350
5296,5341
5289,5328
5303,5366
5303,5422
5303,5418
5303,5324
5303,5378
5303,5417
5296,5402
5273,5347
5303,5366
5296,5311
5296,5381
5303,5419
5303,5424
5289,5280
5289,5306
5303,5417
5296,5274
5303,5419
5296,5341
5303,5324
5310,5309
5296,5381
5273,5274
5296,5285
5303,5366
5273,5294
5296,5274
5303,5421
5273,5365
5296,5297
5296,5294
5288,5315
5296,5279
5279,5319
5279,5281
5279,5280
5286,5287
5296,5285
5308,5321
5279,5287
5310,5321
5279,5319
5281,5295
5279,5281
5279,5281
5279,5319
5308,5365
5279,5280
5279,5287
5279,5280
5299,5287
5294,5306
5279,5287
5285,5336
5279,5281
5279,5280
5286,5280
5308,5347
5279,5319
5279,5425
5305,5280
5279,5287
5279,5280
5279,5319
5308,5323
5279,5425
5279,5319
5310,5309
5305,5304
5326,5352
5279,5287
5285,5325
5279,5287
5282,5287
5308,5323
5279,5319
5279,5280
5273,5288
5299,5295
5281,5339
5279,5298
5294,5287
5279,5353
5326,5426
5279,5298
5286,5287
5296,5311
5305,5280
5279,5280
5296,5381
5279,5280
5326,5427
5279,5281
5279,5319
5286,5319
5305,5294
5308,5321
5279,5287
5279,5319
5299,5285
5279,5280
5279,5319
5281,5291
5279,5287
5294,5286
5326,5428
5279,5281
5273,5274
5274,5287
5294,5362
5294,5306
5277,5429
5294,5286
5296,5274
5275,5420
5299,5300
5277,5430
5279,5319
5326,5397
5294,5278
5382,5287
5294,5339
5279,5280
5296,5297
5310,5323
5277,5339
5277,5431
5294,5280
5277,5326
5289,5328
5294,5278
5279,5281
5296,5311
5279,5287
5289,5290
5294,5324
5296,5402
5277,5319
5289,5290
5294,5362
5277,5279
5365,5294
5294,5316
5288,5286
5324,5432
5279,5287
5281,5339
5285,5285
5308,5323
5279,5319
5279,5280
5279,5358
5279,5287
5305,5295
5279,5319
5279,5281
5279,5281
5286,5319
5308,5321
5279,5287
5279,5319
5279,5280
5305,5319
5279,5425
5326,5433
5279,5281
5279,5358
5279,5358
5294,5287
5279,5281
5279,5287
5279,5425
5277,5303
5279,5280
5279,5319
5279,5358
5308,5365
5279,5281
5279,5287
5294,5316
5279,5280
5275,5285
5305,5281
5279,5316
5282,5295
5308,5323
5273,5373
5296,5297
5279,5319
5294,5339
5274,5287
5279,5281
5324,5404
5275,5434
5282,5281
5331,5373
5279,5287
5285,5288
5279,5281
5279,5280
5281,5316
5301,5435
5308,5313
5310,5323
5308,5323
5279,5281
5324,5436
5275,5380
5282,5319
5277,5317
5365,5336
5331,5437
5279,5287
5285,5344
5279,5319
5279,5281
5303,5421
5284,5287
5281,5295
5289,5339
5279,5287
5305,5280
5279,5287
5289,5288
5279,5287
5289,5274
5303,5324
5279,5281
5284,5287
5296,5279
5301,5302
5339,5280
5273,5323
5279,5319
5310,5321
5294,5278
5286,5319
5279,5281
5330,5395
5281,5295
5303,5421
5308,5309
5279,5287
5284,5346
5279,5287
5301,5333
5279,5280
5294,5295
5310,5323
5274,5278
5279,5287
5324,5414
5275,5323
5282,5280
5277,5279
5279,5280
5331,5305
5285,5329
5279,5281
5275,5434
5274,5286
5273,5274
5305,5281
5296,5362
5274,5339
5301,5438
5294,5362
5365,5295
5273,5365
5331,5381
5275,5439
5282,5295
5285,5336
5308,5313
5284,5274
5279,5281
5289,5274
5310,5321
5281,5278
5382,5440
5279,5281
5279,5281
5382,5355
5294,5280
5279,5287
5305,5280
5274,5304
5296,5274
5301,5438
5331,5441
5324,5404
5275,5290
5282,5287
5285,5295
5308,5323
5284,5346
5281,5339
5330,5278
5310,5323
5382,5442
5275,5323
5282,5280
5324,5414
5363,5279
5331,5319
5277,5279
5365,5346
5285,5322
5284,5280
5308,5309
5281,5291
5289,5290
5310,5309
5279,5287
5301,5438
5305,5304
5330,5286
5330,5287
5382,5295
5305,5319
5296,5311
5301,5443
5294,5278
5274,5304
5331,5378
5275,5444
5282,5281
5285,5358
5284,5328
5281,5297
5289,5280
5310,5321
5296,5341
5301,5410
5274,5295
5308,5321
5274,5339
5279,5287
5308,5321
5279,5287
5296,5274
5303,5281
5301,5333
5279,5281
5310,5309
5294,5339
5279,5280
5284,5287
5324,5336
5286,5287
5279,5319
5282,5280
5277,5286
5292,5287
5274,5286
5279,5319
5279,5281
5279,5280
5301,5302
5284,5365
5279,5281
5324,5414
5282,5295
5286,5287
5279,5280
5277,5280
5274,5295
5331,5379
5285,5346
5279,5287
5305,5295
5288,5286
5281,5297
5273,5274
5279,5287
5305,5362
5274,5287
5279,5281
5285,5336
5305,5280
5331,5305
5279,5281
5281,5339
5279,5316
5308,5323
5306,5293
5279,5281
5303,5445
5301,5302
5279,5281
5310,5323
5282,5319
5285,5329
5279,5316
5324,5446
5331,5350
5288,5280
5279,5319
5281,5297
5279,5319
5308,5309
5279,5287
5303,5281
5296,5297
5301,5375
5279,5280
5310,5321
5294,5280
5284,5286
5279,5281
5286,5319
5277,5287
5303,5324
5308,5323
5274,5280
5330,5286
5282,5287
5279,5287
5331,5372
5285,5346
5279,5280
5279,5287
5308,5313
5281,5291
5279,5319
5289,5306
5303,5303
5279,5280
5296,5341
5324,5414
5284,5286
5275,5444
5279,5281
5282,5319
5331,5378
5285,5336
5279,5281
5279,5280
5308,5321
5279,5287
5281,5339
5289,5290
5303,5419
5279,5281
5284,5280
5296,5339
5301,5333
5273,5347
5294,5287
5279,5319
5273,5288
5279,5287
5284,5328
5279,5280
5294,5280
5324,5404
5275,5328
5279,5281
5286,5280
5282,5287
5277,5278
5274,5304
5279,5280
5331,5391
5285,5322
5279,5287
5279,5287
5301,5302
5301,5333
5273,5323
5296,5362
5310,5309
5294,5286
5275,5434
5279,5281
5282,5295
5279,5287
5274,5278
5331,5381
5285,5318
5279,5281
5279,5280
5281,5278
5308,5321
5279,5319
5279,5281
5303,5419
5279,5287
5330,5395
5275,5400
5324,5404
5286,5319
5285,5447
5308,5313
5305,5280
5277,5355
5299,5295
5289,5328
5281,5297
5310,5321
5306,5294
5294,5306
5330,5278
5365,5336
5292,5319
5282,5295
5296,5311
5273,5347
5294,5339
5299,5278
5279,5287
5294,5287
5292,5287
5296,5341
5301,5410
5284,5358
5273,5274
5282,5281
5286,5280
5308,5321
5285,5444
5305,5319
5277,5319
5299,5300
5296,5297
5305,5281
5301,5410
5275,5339
5281,5316
5289,5274
5301,5410
5296,5341
5330,5278
5294,5286
5282,5319
5324,5407
5273,5323
5275,5295
5286,5287
5285,5323
5308,5309
5281,5291
5299,5300
5305,5295
5273,5323
5308,5321
5285,5379
5339,5280
5286,5287
5308,5313
5285,5323
5305,5281
5288,5287
5277,5286
5299,5287
5310,5309
5330,5287
5306,5369
5296,5274
5273,5288
5324,5282
5339,5401
5286,5280
5289,5290
5308,5309
5286,5319
5324,5407
5282,5287
5308,5313
5286,5280
5285,5313
5279,5281
5305,5319
5279,5287
5277,5279
5279,5281
5281,5295
5299,5300
5279,5287
5294,5306
5365,5294
5279,5280
5279,5281
5301,5443
5284,5280
5286,5280
5285,5379
5279,5281
5305,5304
5279,5281
5310,5309
5294,5280
5277,5280
5281,5297
5299,5295
5279,5287
5289,5306
5365,5401
5279,5281
5292,5280
5279,5281
5285,5321
5296,5285
5324,5432
5282,5287
5285,5309
5308,5323
5305,5295
5299,5316
5310,5321
5294,5355
5365,5344
5292,5287
5296,5274
5284,5328
5324,5414
5273,5274
5282,5280
5275,5285
5273,5323
5301,5410
5324,5407
5279,5281
5273,5288
5282,5280
5275,5339
5285,5323
5286,5287
5308,5365
5305,5280
5363,5392
5277,5287
5281,5339
5299,5287
5294,5295
5365,5325
5284,5280
5296,5274
5301,5410
5285,5329
5301,5410
5292,5280
5303,5422
5305,5304
5310,5309
5296,5311
5274,5286
5301,5410
5273,5373
5282,5287
5324,5404
5275,5400
5284,5280
5308,5321
5285,5325
5330,5287
5281,5339
5289,5274
5365,5401
5281,5278
5284,5346
5284,5287
5324,5414
5330,5278
5308,5313
5285,5321
5305,5280
5281,5297
5289,5290
5310,5321
5296,5362
5301,5410
5274,5295
5273,5323
5282,5319
5308,5323
5285,5339
5275,5400
5289,5280
5310,5323
5275,5400
5284,5287
5285,5346
5308,5365
5281,5316
5289,5328
5382,5319
5310,5309
5305,5295
5365,5294
5296,5285
5301,5443
5273,5288
5331,5305
5282,5295
5282,5281
5305,5319
5273,5288
5296,5341
5292,5319
5296,5274
5301,5443
5273,5274
5282,5280
5275,5400
5308,5309
5284,5328
5285,5280
5303,5378
5281,5291
5382,5306
5289,5306
5305,5304
5365,5280
5301,5410
5296,5362
5282,5280
5301,5438
5286,5287
5285,5448
5308,5321
5299,5287
5289,5328
5281,5278
5310,5323
5296,5311
5274,5280
5301,5443
5284,5287
5273,5323
5282,5295
5275,5449
5324,5404
5275,5339
5286,5280
5282,5281
5273,5450
5330,5280
5294,5287
5324,5414
5273,5288
5275,5393
5286,5319
5285,5379
5308,5323
5299,5295
5281,5339
5289,5274
5310,5323
5301,5443
5296,5297
5284,5346
5324,5404
5273,5373
5285,5447
5308,5323
5296,5297
5274,5278
5273,5274
5282,5287
5275,5301
5284,5280
5324,5414
5285,5313
5330,5280
5308,5313
5277,5390
5289,5328
5281,5316
5305,5319
5274,5362
5310,5321
5330,5286
5281,5291
5305,5304
5305,5285
5281,5316
5310,5309
5296,5339
5274,5287
5301,5410
5273,5288
5282,5319
5275,5301
5324,5407
5284,5328
5308,5309
5286,5319
5285,5309
5330,5395
5289,5280
5289,5306
5279,5281
5451,5452
5453,5454
5455,5456
5457,5458
5456,5459
5456,5459
5459,5456
5453,5454
5460,5461
5462,5463
5452,5464
5465,5463
5466,5467
5463,5468
5469,5470
5463,5471
5472,5473
5474,5451
5474,5475
5476,5477
5478,5479
5476,5477
5476,5477
5480,5458
5476,5477
5476,5477
5476,5477
5476,5477
5476,5477
5474,5475
5474,5481
5482,5483
5484,5485
5463,5486
5463,5462
5476,5477
5466,5467
5487,5488
5463,5489
5463,5462
5463,5490
5463,5491
5463,5492
5463,5462
5463,5490
5487,5480
5493,5494
5495,5496
5497,5453
5494,5494
5453,5497
5498,5499
5496,5495
5495,5496
5463,5490
5490,5463
5457,5458
5495,5500
5495,5500
5495,5500
5495,5500
5453,5501
5498,5502
5503,5504
5463,5489
5503,5504
5463,5505
5506,5482
5482,5506
5482,5483
5463,5505
5482,5507
5503,5508
5476,5477
5476,5509
5476,5477
5476,5477
5476,5477
5451,5478
5480,5458
5476,5477
5476,5477
5476,5477
5476,5477
5476,5477
5503,5508
5476,5477
5476,5509
5478,5510
5478,5479
5476,5477
5474,5475
5474,5481
5453,5454
5453,5454
5472,5473
5511,5472
5451,5474
5474,5451
5474,5475
5512,5513
5512,5452
5512,5452
5512,5513
5486,5463
5463,5486
5484,5485
5482,5483
5514,5472
5476,5477
5515,5476
5476,5509
5516,5517
5503,5518
5519,5472
5472,5519
5453,5454
5472,5520
5516,5521
5516,5522
5523,5524
5480,5525
5476,5509
5515,5476
5476,5477
5514,5472
5478,5510
5463,5526
5494,5527
5463,5462
5528,5476
5480,5525
5523,5524
5516,5522
5516,5521
5472,5520
5453,5454
5472,5519
5519,5472
5503,5518
5516,5517
5463,5526
5463,5462
5463,5529
5528,5476
5451,5478
5463,5529
5455,5456
5530,5503
5497,5453
5531,5463
5532,5463
5478,5533
5462,5463
5512,5513
5478,5487
5463,5531
5482,5534
5463,5462
5463,5462
5463,5532
5487,5478
5535,5513
5513,5535
5463,5532
5463,5531
5463,5462
5463,5532
5536,5460
5537,5513
5513,5538
5513,5451
5513,5537
5513,5537
5537,5513
5513,5512
5513,5537
5539,5495
5540,5463
5463,5491
5463,5491
5463,5540
5463,5531
5462,5463
5472,5473
5541,5463
5542,5512
5498,5498
5478,5487
5512,5513
5474,5543
5514,5472
5463,5544
5498,5545
5472,5546
5547,5548
5548,5547
5503,5504
5463,5549
5487,5550
5551,5503
5472,5546
5498,5552
5498,5552
5452,5510
5478,5553
5503,5503
5503,5503
5503,5503
5512,5452
5503,5503
5512,5513
5503,5554
5512,5452
5478,5555
5512,5513
5514,5472
5498,5556
5545,5498
5552,5498
5503,5508
5513,5537
5470,5557
5558,5516
5559,5451
5559,5451
5559,5451
5480,5458
5498,5498
5560,5516
5559,5451
5477,5476
5476,5509
5476,5561
5476,5477
5463,5491
5463,5491
5457,5458
5516,5516
5559,5451
5559,5451
5559,5451
5498,5502
5503,5508
5503,5504
5496,5495
5562,5559
5496,5495
5495,5496
5480,5487
5480,5487
5482,5510
5463,5544
5495,5496
5495,5563
5559,5451
5564,5548
5535,5513
5516,5522
5523,5524
5495,5565
5515,5476
5453,5566
5453,5567
5474,5568
5474,5451
5474,5451
5499,5498
5559,5451
5559,5451
5513,5512
5516,5516
5472,5473
5503,5508
5458,5569
5470,5570
5478,5571
5453,5572
5503,5508
5498,5552
5457,5458
5563,5495
5495,5563
5472,5573
5526,5463
5495,5574
5522,5516
5522,5516
5575,5456
5460,5461
5494,5493
5513,5576
5452,5577
5503,5508
5498,5499
5577,5452
5487,5478
5451,5474
5578,5512
5516,5516
5472,5473
5503,5508
5458,5569
5470,5570
5451,5495
5513,5512
5558,5516
5513,5537
5511,5472
5472,5473
5511,5472
5536,5460
5537,5513
5470,5557
5579,5478
5478,5579
5580,5559
5503,5508
5478,5571
5581,5476
5515,5476
5559,5582
5453,5566
5453,5567
5474,5568
5474,5451
5474,5451
5499,5498
5559,5582
5559,5451
5451,5559
5559,5451
5513,5538
5577,5452
5513,5451
5513,5537
5531,5463
5532,5463
5540,5463
5478,5533
5583,5512
5462,5463
5463,5531
5512,5513
5482,5534
5463,5532
5463,5462
5463,5462
5463,5532
5487,5478
5478,5487
5463,5531
5463,5462
5463,5532
5513,5537
5537,5513
5513,5512
5513,5537
5584,5470
5584,5470
5585,5470
5585,5470
5586,5470
5539,5495
5540,5463
5463,5491
5463,5491
5463,5540
5463,5531
5451,5513
5498,5552
5498,5499
5451,5516
5463,5544
5495,5496
5495,5563
5559,5451
5564,5548
5559,5587
5482,5510
5451,5559
5559,5451
5559,5451
5559,5451
5559,5451
5559,5451
5559,5451
5587,5559
5480,5487
5480,5487
5495,5496
5497,5453
5494,5494
5453,5497
5498,5499
5494,5527
5530,5503
5453,5572
5497,5453
5588,5478
5498,5502
5503,5508
5503,5504
5496,5495
5562,5559
5496,5495
5559,5451
5451,5513
5480,5458
5498,5498
5563,5495
5495,5563
5472,5573
5526,5463
5495,5574
5522,5516
5522,5516
5451,5513
5451,5456
5575,5456
5460,5461
5494,5493
5513,5576
5452,5577
5503,5508
5457,5458
5535,5513
5495,5565
5516,5522
5560,5516
5477,5476
5516,5516
5476,5509
5476,5561
5476,5477
5451,5516
5463,5491
5452,5512
5581,5476
5463,5491
5451,5482
5589,5478
5457,5458
5535,5513
5523,5524
5457,5458
5513,5535
5541,5463
5512,5452
5512,5452
5451,5452
5487,5480
5463,5462
5463,5492
5496,5495
5463,5491
5463,5462
5463,5489
5463,5490
5495,5496
5463,5490
5490,5463
5463,5490
5493,5494
5476,5477
5548,5547
5590,5463
5528,5476
5463,5590
5452,5510
5451,5452
5476,5477
5548,5510
5494,5494
5476,5477
5476,5477
5479,5478
5476,5477
5451,5548
5476,5477
5476,5477
5463,5505
5478,5479
5584,5470
5584,5470
5463,5462
5469,5470
5463,5468
5466,5467
5511,5472
5465,5463
5466,5467
5452,5464
5463,5471
5460,5461
5459,5456
5456,5459
5451,5456
5456,5459
5462,5463
5482,5507
5487,5488
5457,5458
5585,5470
5591,5470
5482,5483
5482,5506
5506,5482
5463,5505
5503,5504
5463,5489
5503,5504
5498,5502
5453,5501
5495,5500
5495,5500
5495,5500
5495,5500
5592,5470
5474,5451
5474,5593
5463,5594
5498,5552
5498,5552
5512,5583
5512,5583
5512,5583
5512,5583
5452,5510
5512,5583
5478,5595
5595,5478
5498,5545
5511,5498
5498,5498
5511,5498
5512,5583
5552,5498
5545,5498
5451,5474
5503,5508
5542,5512
5478,5553
5503,5503
5503,5503
5503,5503
5512,5452
5503,5503
5512,5513
5503,5554
5512,5452
5478,5555
5512,5513
5514,5472
5498,5556
5478,5487
5512,5513
5474,5543
5514,5472
5596,5451
5463,5526
5597,5598
5512,5583
5477,5476
5503,5508
5599,5494
5462,5463
5463,5462
5463,5462
5476,5509
5476,5509
5476,5509
5600,5503
5601,5463
5602,5503
5462,5463
5463,5526
5532,5463
5463,5544
5472,5546
5472,5546
5547,5548
5548,5547
5503,5504
5463,5549
5487,5550
5551,5503
5487,5478
5487,5603
5596,5604
5605,5503
5455,5456
5482,5606
5508,5503
5487,5603
5495,5496
5605,5503
5451,5516
5452,5512
5581,5476
5451,5482
5589,5478
5451,5513
5451,5456
5451,5516
5581,5476
5559,5582
5559,5582
5451,5559
5580,5559
5478,5579
5579,5478
5451,5495
5511,5472
5511,5472
5451,5513
5584,5470
5584,5470
5585,5470
5585,5470
5451,5513
5586,5470
5587,5559
5559,5587
5596,5604
5451,5478
5486,5463
5512,5513
5512,5452
5451,5548
5512,5452
5512,5513
5451,5474
5511,5472
5451,5474
5451,5456
5511,5472
5591,5470
5585,5470
5584,5470
5592,5470
5584,5470
5451,5452
5512,5452
5512,5452
5451,5478
5588,5478
5451,5559
5540,5463
5578,5512
5451,5474
5474,5451
5474,5593
5463,5594
5601,5463
5600,5503
5476,5509
5476,5509
5476,5509
5463,5462
5463,5462
5462,5463
5599,5494
5503,5508
5477,5476
5597,5598
5463,5526
5602,5503
5463,5526
5508,5503
5532,5463
5482,5606
5583,5512
5455,5456
5478,5479
5590,5463
5596,5451
5463,5590
5512,5583
5528,5476
5512,5583
5512,5583
5512,5583
5512,5583
5478,5595
5595,5478
5511,5498
5511,5498
5512,5583
5512,5583
5494,5494
5476,5477
5452,5510
5548,5510
5476,5477
5476,5477
5476,5477
5476,5477
5476,5477
5476,5477
5548,5547
5479,5478
