8514,8515
8515,8516
8517,8518
8515,8516
8515,8516
8515,8516
8515,8516
8515,8516
8515,8514
8515,8519
8520,8520
8521,8522
8515,8523
8515,8524
8514,8515
8525,8526
8515,8527
8515,8514
8518,8517
8528,8528
8515,8527
8529,8525
8525,8530
8525,8529
8515,8516
8525,8529
8531,8532
8525,8530
8515,8514
8515,8516
8533,8534
8515,8516
8525,8529
8518,8535
8536,8537
8515,8538
8539,8522
8515,8514
8540,8541
8515,8527
8540,8541
8536,8537
8515,8514
8533,8534
8542,8543
8544,8545
8546,8547
8546,8548
8535,8518
8549,8546
8550,8522
8515,8551
8536,8537
8535,8518
8515,8552
8515,8553
8514,8515
8515,8553
8515,8516
8520,8554
8555,8525
8536,8537
8556,8557
8556,8558
8537,8559
8518,8535
8556,8560
8514,8515
8537,8559
8528,8561
8515,8527
8515,8514
8529,8525
8515,8514
8540,8562
8546,8563
8564,8525
8525,8565
8540,8566
8540,8562
8540,8562
8525,8567
8525,8567
8525,8567
8568,8569
8570,8535
8561,8528
8548,8525
8571,8528
8572,8573
8535,8518
8546,8548
8574,8575
8546,8563
8532,8531
8528,8571
8514,8515
8540,8562
8516,8515
8516,8515
8515,8514
8515,8527
8528,8576
8515,8514
8515,8514
8515,8514
8575,8577
8570,8519
8542,8578
8579,8580
8542,8581
8542,8581
8527,8515
8532,8582
8527,8515
8515,8514
8515,8514
8583,8525
8532,8519
8546,8584
8535,8518
8515,8514
8572,8585
8535,8570
8576,8528
8572,8586
8587,8532
8515,8514
8546,8563
8515,8519
8542,8588
8573,8589
8546,8590
8548,8546
8579,8591
8592,8593
8590,8546
8546,8590
8546,8548
8594,8595
8594,8595
8596,8597
8596,8597
8569,8598
8599,8519
8600,8601
8548,8546
8573,8602
8573,8603
8548,8546
8525,8583
8514,8515
8583,8525
8546,8563
8546,8548
8514,8515
8546,8548
8546,8548
8546,8548
8546,8604
8588,8542
8520,8605
8606,8528
8515,8514
8518,8535
8607,8569
8530,8525
8576,8528
8515,8514
8579,8591
8608,8609
8591,8579
8515,8514
8579,8591
8610,8569
8609,8611
8591,8579
8612,8609
8569,8610
8546,8613
8546,8614
8548,8546
8548,8546
8615,8546
8546,8616
8548,8546
8579,8591
8528,8606
8609,8617
8618,8619
8519,8575
8519,8575
8609,8608
8556,8556
8620,8621
8620,8621
8622,8623
8609,8624
8623,8622
8608,8609
8625,8596
8596,8625
8625,8596
8626,8627
8596,8625
8596,8628
8620,8537
8519,8592
8629,8630
8631,8537
8625,8596
8609,8608
8608,8609
8519,8632
8519,8575
8620,8540
8620,8540
8633,8609
8519,8629
8519,8600
8634,8627
8635,8627
8634,8627
8636,8542
8636,8542
8609,8617
8620,8621
8620,8621
8519,8609
8519,8596
8631,8537
8519,8575
8519,8637
8620,8621
8617,8609
8620,8621
8620,8540
8620,8540
8519,8594
8609,8608
8638,8546
8620,8537
8620,8540
8620,8540
8540,8562
8639,8569
8569,8639
8636,8542
8519,8532
8636,8542
8519,8570
8639,8569
8519,8515
8596,8640
8519,8515
8620,8520
8639,8569
8537,8631
8631,8537
8620,8537
8639,8569
8620,8540
8639,8569
8609,8608
8519,8641
8642,8627
8643,8622
8519,8637
8519,8641
8644,8569
8519,8518
8594,8645
8634,8627
8620,8646
8620,8646
8620,8646
8643,8522
8647,8629
8643,8648
8519,8599
8598,8569
8569,8649
8598,8569
8569,8598
8569,8649
8647,8629
8620,8540
8647,8629
8588,8542
8596,8650
8632,8651
8632,8651
8596,8650
8652,8653
8620,8652
8632,8654
8525,8583
8525,8655
8525,8656
8607,8569
8583,8525
8525,8583
8525,8547
8540,8562
8657,8525
8546,8658
8519,8527
8596,8650
8527,8545
8540,8562
8652,8566
8542,8588
8652,8566
8596,8545
8627,8659
8660,8525
8588,8542
8525,8660
8620,8652
8537,8661
8537,8661
8540,8662
8542,8588
8663,8622
8663,8622
8519,8596
8537,8661
8573,8664
8629,8519
8596,8665
8665,8596
8525,8583
8525,8666
8667,8544
8596,8650
8519,8515
8647,8629
8596,8650
8562,8540
8540,8562
8562,8540
8540,8562
8540,8562
8636,8542
8636,8542
8668,8540
8562,8540
8540,8562
8540,8562
8562,8540
8540,8562
8562,8540
8540,8562
8519,8527
8620,8652
8519,8515
8665,8596
8519,8596
8542,8588
8620,8652
8540,8562
8669,8527
8540,8562
8562,8540
8588,8542
8540,8562
8562,8540
8540,8562
8540,8562
8562,8540
8629,8670
8629,8671
8671,8629
8668,8540
8636,8542
8525,8530
8542,8578
8636,8542
8542,8672
8540,8562
8540,8562
8525,8529
8573,8603
8573,8603
8573,8673
8540,8562
8599,8519
8621,8621
8599,8674
8522,8519
8675,8676
8631,8537
8594,8645
8594,8519
8677,8535
8678,8522
8621,8679
8676,8675
8575,8574
8620,8621
8679,8621
8621,8679
8680,8681
8596,8597
8621,8679
8620,8540
8540,8566
8620,8540
8646,8682
8632,8683
8646,8684
8646,8684
8596,8685
8629,8630
8596,8597
8621,8686
8619,8687
8688,8619
8641,8519
8535,8677
8681,8680
8515,8514
8621,8566
8596,8628
8621,8566
8648,8689
8648,8690
8621,8686
8648,8689
8648,8689
8600,8691
8619,8692
8535,8677
8535,8677
8574,8575
8641,8693
8535,8677
8694,8627
8600,8695
8556,8556
8620,8537
8525,8526
8592,8696
8522,8521
8519,8592
8629,8630
8680,8681
8537,8631
8537,8631
8641,8693
8596,8697
8540,8698
8621,8686
8687,8619
8540,8662
8699,8619
8700,8572
8701,8572
8572,8701
8572,8701
8572,8702
8556,8556
8572,8701
8572,8702
8525,8530
8530,8525
8519,8641
8518,8517
8644,8569
8646,8682
8703,8540
8525,8530
8518,8519
8519,8518
8518,8704
8518,8704
8705,8706
8594,8645
8707,8527
8556,8556
8629,8683
8680,8681
8619,8687
8629,8647
8619,8702
8527,8708
8596,8628
8641,8629
8596,8709
8641,8629
8519,8594
8622,8545
8596,8710
8519,8641
8629,8641
8622,8622
8670,8629
8596,8711
8622,8622
8596,8712
8641,8713
8622,8714
8642,8627
8622,8545
8596,8709
8643,8622
8622,8715
8641,8519
8641,8716
8621,8715
8596,8717
8637,8519
8519,8637
8594,8645
8596,8625
8619,8718
8546,8719
8680,8681
8621,8686
8621,8720
8528,8528
8575,8721
8556,8722
8723,8724
8724,8725
8621,8720
8522,8527
8522,8527
8594,8726
8727,8520
8726,8594
8525,8728
8594,8726
8617,8609
8519,8632
8667,8544
8650,8596
8650,8596
8729,8621
8608,8609
8722,8556
8609,8608
8540,8662
8608,8609
8619,8699
8621,8720
8724,8545
8622,8622
8621,8621
8722,8556
8629,8730
8515,8514
8731,8528
8624,8609
8528,8732
8537,8661
8537,8661
8519,8596
8537,8661
8537,8661
8733,8546
8556,8557
8528,8576
8631,8537
8537,8661
8528,8734
8594,8645
8528,8576
8528,8561
8519,8575
8735,8575
8621,8686
8528,8734
8528,8734
8525,8736
8637,8519
8519,8637
8621,8729
8620,8621
8720,8621
8687,8619
8682,8646
8622,8737
8682,8646
8623,8622
8704,8535
8625,8596
8625,8596
8621,8720
8596,8625
8542,8738
8596,8739
8625,8596
8596,8709
8517,8518
8535,8677
8609,8624
8546,8740
8525,8741
8535,8517
8626,8627
8535,8677
8535,8677
8742,8594
8629,8743
8535,8677
8535,8677
8569,8649
8540,8744
8742,8594
8515,8514
8535,8677
8622,8623
8698,8540
8622,8622
8540,8662
8540,8662
8619,8699
8575,8745
8540,8662
8619,8746
8619,8699
8575,8745
8619,8699
8575,8745
8519,8575
8575,8545
8575,8545
8575,8545
8518,8517
8519,8575
8609,8608
8609,8617
8570,8747
8556,8748
8620,8621
8518,8517
8621,8720
8621,8720
8646,8682
8518,8517
8540,8698
8621,8749
8620,8621
8619,8699
8528,8750
8634,8627
8646,8751
8546,8563
8515,8514
8546,8563
8519,8532
8515,8514
8525,8583
8514,8515
8583,8525
8636,8542
8546,8563
8546,8548
8514,8515
8515,8514
8515,8527
8515,8527
8515,8527
8528,8528
8515,8527
8529,8525
8525,8530
8525,8529
8525,8529
8525,8529
8531,8532
8525,8530
8519,8570
8515,8514
8515,8516
8528,8561
8533,8534
8515,8527
8515,8514
8516,8515
8516,8515
8515,8514
8639,8569
8587,8532
8572,8586
8576,8528
8535,8570
8572,8585
8535,8518
8546,8584
8532,8519
8583,8525
8528,8576
8515,8514
8515,8514
8527,8515
8527,8515
8542,8581
8542,8581
8569,8639
8636,8542
8579,8580
8542,8578
8570,8519
8575,8577
8515,8514
8515,8514
8515,8514
8515,8516
8515,8514
8515,8516
8556,8557
8556,8558
8537,8559
8518,8535
8556,8560
8514,8515
8535,8518
8555,8525
8639,8569
8536,8537
8515,8514
8539,8522
8515,8514
8537,8559
8540,8541
8540,8541
8536,8537
8533,8534
8550,8522
8542,8543
8544,8545
8537,8631
8631,8537
8546,8547
8620,8537
8546,8548
8535,8518
8549,8546
8536,8537
8536,8537
8520,8554
8515,8516
8525,8526
8514,8515
8514,8515
8515,8516
8517,8518
8515,8516
8515,8516
8515,8516
8515,8516
8515,8516
8515,8514
8639,8569
8515,8519
8519,8515
8520,8520
8521,8522
8596,8640
8515,8523
8519,8515
8515,8524
8518,8517
8518,8535
8515,8551
8515,8538
8515,8552
8515,8553
8514,8515
8515,8553
8620,8520
8540,8562
8529,8525
8540,8562
8515,8514
8599,8519
8599,8519
8519,8599
8556,8556
8548,8546
8573,8603
8573,8602
8548,8546
8600,8601
8599,8519
8569,8598
8596,8597
8598,8569
8599,8674
8596,8597
8594,8595
8594,8595
8598,8569
8569,8598
8546,8548
8546,8590
8590,8546
8592,8593
8579,8591
8548,8546
8546,8590
8573,8589
8546,8548
8569,8649
8546,8548
8546,8548
8546,8548
8646,8751
8646,8751
8646,8751
8619,8699
8619,8699
8752,8753
8533,8754
8619,8699
8592,8696
8646,8682
8592,8755
8641,8756
8646,8751
8596,8710
8619,8699
8620,8646
8620,8646
8620,8646
8599,8757
8753,8758
8753,8759
8619,8702
8643,8522
8619,8699
8647,8629
8548,8546
8643,8648
8546,8548
8652,8760
8546,8548
8619,8687
8546,8548
8548,8546
8514,8515
8528,8571
8532,8531
8609,8608
8638,8546
8528,8606
8574,8575
8546,8548
8535,8518
8572,8573
8571,8528
8548,8525
8561,8528
8532,8582
8570,8535
8525,8567
8525,8567
8525,8567
8620,8537
8540,8562
8540,8562
8620,8540
8540,8566
8620,8540
8525,8565
8564,8525
8546,8563
8540,8562
8568,8569
8515,8519
8515,8514
8542,8588
8546,8616
8569,8649
8615,8546
8548,8546
8548,8546
8609,8608
8546,8614
8546,8613
8569,8610
8612,8609
8647,8629
8591,8579
8609,8611
8639,8569
8610,8569
8579,8591
8579,8591
8591,8579
8608,8609
8579,8591
8576,8528
8530,8525
8607,8569
8518,8535
8515,8514
8606,8528
8639,8569
8520,8605
8588,8542
8546,8604
8693,8641
8519,8609
8761,8609
8682,8646
8698,8540
8622,8622
8621,8749
8540,8698
8518,8517
8646,8682
8621,8720
8621,8720
8518,8517
8556,8748
8570,8747
8518,8517
8704,8535
8575,8545
8575,8545
8575,8745
8619,8699
8575,8745
8619,8699
8619,8746
8540,8662
8575,8745
8619,8699
8540,8662
8540,8662
8622,8737
8619,8699
8575,8545
8682,8646
8621,8720
8596,8739
8648,8689
8648,8689
8621,8686
8648,8690
8648,8689
8621,8566
8621,8566
8515,8514
8619,8718
8546,8719
8680,8681
8515,8514
8742,8594
8542,8738
8540,8744
8535,8677
8535,8677
8629,8743
8742,8594
8535,8677
8535,8677
8535,8517
8525,8741
8535,8677
8546,8740
8535,8677
8517,8518
8596,8709
8569,8649
8720,8621
8621,8720
8619,8699
8594,8645
8528,8734
8537,8661
8528,8576
8556,8557
8733,8546
8537,8661
8537,8661
8537,8661
8537,8661
8528,8732
8624,8609
8731,8528
8528,8576
8515,8514
8528,8750
8693,8641
8761,8609
8575,8545
8762,8632
8575,8545
8762,8632
8680,8681
8631,8537
8681,8763
8572,8702
8681,8763
8681,8763
8629,8730
8528,8561
8735,8575
8621,8686
8540,8662
8722,8556
8729,8621
8650,8596
8650,8596
8667,8544
8724,8545
8594,8726
8726,8594
8727,8520
8594,8726
8522,8527
8522,8527
8621,8720
8724,8725
8723,8724
8556,8722
8575,8721
8528,8528
8621,8720
8621,8686
8525,8728
8622,8622
8722,8556
8621,8729
8637,8519
8525,8736
8528,8734
8528,8734
8600,8691
8619,8692
8535,8677
8535,8677
8518,8704
8518,8704
8518,8519
8525,8530
8703,8540
8646,8682
8576,8528
8680,8681
8518,8517
8530,8525
8525,8530
8572,8702
8572,8701
8705,8706
8556,8556
8572,8701
8572,8701
8701,8572
8700,8572
8699,8619
8540,8662
8687,8619
8619,8687
8629,8647
8619,8702
8594,8645
8637,8519
8596,8717
8572,8702
8707,8527
8556,8556
8629,8683
8546,8548
8546,8548
8546,8548
8652,8760
8546,8548
8548,8546
8619,8699
8619,8702
8753,8759
8753,8758
8599,8757
8619,8699
8596,8710
8646,8751
8641,8756
8592,8755
8646,8682
8592,8696
8619,8699
8533,8754
8752,8753
8619,8699
8619,8699
8646,8751
8646,8751
8646,8751
8646,8751
8619,8687
8687,8619
8621,8715
8681,8680
8641,8716
8622,8715
8596,8597
8621,8679
8679,8621
8575,8574
8676,8675
8621,8679
8678,8522
8677,8535
8594,8519
8594,8645
8675,8676
8522,8519
8680,8681
8688,8619
8535,8677
8681,8680
8537,8631
8537,8631
8680,8681
8522,8521
8592,8696
8525,8526
8556,8556
8600,8695
8694,8627
8535,8677
8641,8693
8641,8693
8574,8575
8621,8679
8540,8566
8646,8682
8596,8709
8622,8545
8622,8714
8641,8713
8596,8712
8622,8622
8596,8711
8670,8629
8622,8622
8629,8641
8596,8710
8622,8545
8641,8629
8596,8709
8641,8629
8596,8628
8527,8708
8621,8686
8540,8698
8596,8697
8641,8519
8619,8687
8621,8686
8596,8597
8629,8630
8596,8685
8646,8684
8646,8684
8632,8683
8641,8519
8764,8528
8530,8525
8528,8561
8525,8567
8540,8765
8540,8703
8540,8698
8620,8540
8525,8525
8525,8525
8540,8566
8525,8525
8620,8540
8525,8766
8540,8698
8525,8766
8767,8540
8525,8766
8766,8525
8525,8555
8515,8514
8621,8768
8515,8514
8515,8514
8600,8691
8515,8514
8515,8514
8633,8609
8525,8657
8519,8629
8525,8769
8726,8594
8519,8575
8705,8770
8540,8698
8629,8671
8671,8629
8525,8530
8542,8578
8542,8672
8525,8529
8573,8603
8573,8603
8573,8673
8540,8771
8540,8765
8540,8772
8540,8773
8596,8650
8620,8540
8596,8650
8540,8566
8528,8561
8596,8650
8540,8698
8620,8540
8540,8698
8540,8662
8540,8562
8540,8771
8705,8774
8540,8771
8540,8703
8533,8534
8569,8775
8629,8670
8519,8600
8776,8600
8681,8680
8573,8664
8573,8777
8520,8605
8576,8528
8575,8574
8572,8778
8779,8619
8641,8780
8700,8572
8572,8700
8528,8561
8546,8616
8681,8763
8528,8561
8764,8528
8681,8680
8681,8763
8681,8763
8572,8702
8681,8763
8631,8537
8680,8681
8762,8632
8620,8621
8575,8545
8762,8632
8575,8545
8530,8525
8572,8700
8681,8680
8681,8680
8540,8662
8680,8681
8514,8515
8619,8692
8621,8768
8629,8781
8634,8627
8635,8627
8634,8627
8629,8630
8629,8671
8629,8782
8542,8738
8636,8542
8542,8578
8542,8578
8636,8542
8515,8783
8540,8662
8784,8525
8574,8575
8609,8617
8681,8763
8621,8686
8530,8525
8620,8621
8537,8661
8621,8621
8621,8720
8594,8785
8599,8519
8588,8542
8596,8650
8629,8781
8621,8768
8619,8692
8514,8515
8680,8681
8540,8662
8776,8600
8594,8785
8569,8775
8525,8769
8525,8657
8515,8514
8515,8514
8629,8630
8600,8691
8515,8514
8621,8768
8515,8514
8525,8555
8766,8525
8726,8594
8525,8766
8525,8766
8540,8698
8525,8766
8525,8525
8540,8566
8525,8525
8515,8514
8629,8671
8629,8782
8542,8738
8546,8616
8528,8561
8572,8700
8700,8572
8641,8780
8779,8619
8572,8778
8575,8574
8576,8528
8520,8605
8573,8777
8573,8664
8681,8680
8681,8763
8572,8700
8681,8680
8681,8680
8621,8720
8621,8621
8537,8661
8530,8525
8621,8686
8681,8763
8574,8575
8784,8525
8540,8662
8515,8783
8542,8578
8542,8578
8525,8525
8669,8527
8540,8698
8540,8765
8629,8519
8596,8665
8525,8583
8525,8666
8667,8544
8596,8650
8596,8545
8652,8566
8652,8566
8596,8650
8632,8651
8632,8651
8596,8650
8573,8664
8652,8653
8525,8583
8525,8655
8525,8656
8607,8569
8583,8525
8525,8583
8525,8547
8540,8562
8657,8525
8546,8658
8596,8650
8527,8545
8542,8588
8632,8654
8537,8661
8663,8622
8663,8622
8525,8567
8767,8540
8705,8770
8540,8698
8533,8534
8540,8703
8540,8771
8705,8774
8540,8771
8540,8562
8540,8662
8540,8698
8540,8698
8596,8650
8528,8561
8540,8566
8596,8650
8596,8650
8540,8773
8540,8772
8540,8765
8540,8771
8618,8619
8627,8659
8660,8525
8525,8660
8537,8661
8537,8661
8540,8662
8540,8703
8576,8528
8786,8787
8788,8789
8790,8791
8792,8793
8794,8795
8796,8793
8797,8798
8799,8800
8801,8802
8803,8804
8805,8806
8807,8808
8786,8809
8810,8811
8812,8813
8790,8814
8815,8816
8817,8818
8819,8820
8821,8791
8822,8823
8824,8825
8800,8821
8796,8806
8801,8826
8805,8796
8799,8827
8819,8808
8828,8829
8786,8830
8810,8831
8815,8832
8833,8806
8817,8796
8834,8789
8823,8835
8792,8793
8836,8837
8835,8838
8834,8839
8833,8823
8823,8796
8792,8812
8833,8806
8823,8840
8792,8812
8817,8841
8822,8806
8821,8835
8803,8791
8842,8829
8796,8823
8790,8829
8805,8806
8788,8789
8794,8823
8799,8843
8844,8845
8819,8831
8807,8821
8845,8803
8846,8791
8834,8847
8790,8806
8824,8798
8835,8838
8822,8848
8821,8806
8803,8806
8790,8814
8788,8823
8800,8849
8794,8825
8796,8791
8797,8829
8805,8791
8799,8843
8819,8850
8807,8806
8786,8851
8810,8811
8815,8852
8853,8854
8794,8796
8855,8856
8824,8838
8797,8814
8821,8791
8846,8798
8822,8787
8800,8856
8794,8857
8792,8793
8796,8808
8799,8827
8820,8835
8805,8796
8807,8823
8786,8858
8859,8860
8817,8861
8801,8862
8836,8863
8823,8808
8845,8811
8800,8814
8822,8794
8807,8821
8799,8845
8796,8791
8820,8835
8805,8791
8819,8831
8786,8858
8817,8852
8859,8864
8835,8838
8810,8811
8815,8865
8833,8806
8866,8860
8834,8793
8812,8806
8835,8867
8810,8868
8815,8865
8853,8833
8786,8841
8810,8868
8817,8806
8815,8869
8790,8806
8835,8867
8833,8791
8866,8870
8834,8823
8845,8871
8823,8806
8792,8793
8836,8872
8821,8806
8790,8835
8788,8806
8819,8820
8797,8791
8805,8791
8799,8800
8790,8835
8833,8794
8866,8873
8834,8791
8845,8874
8823,8791
8836,8875
8792,8812
8821,8791
8797,8794
8822,8797
8790,8806
8788,8791
8794,8876
8800,8789
8796,8823
8801,8826
8820,8833
8794,8833
8786,8815
8810,8831
8786,8830
8810,8868
8815,8877
8834,8789
8866,8878
8801,8858
8845,8879
8819,8808
8836,8880
8822,8881
8835,8867
8821,8806
8800,8791
8817,8882
8805,8806
8797,8794
8823,8823
8859,8860
8807,8806
8792,8812
8834,8835
8845,8821
8836,8814
8823,8840
8822,8883
8835,8838
8821,8884
8842,8814
8800,8833
8797,8794
8805,8806
8796,8791
8794,8806
8790,8835
8788,8798
8799,8827
8844,8885
8796,8791
8794,8795
8799,8845
8790,8791
8805,8796
8794,8886
8799,8800
8887,8888
8796,8793
8792,8793
8853,8889
8819,8808
8807,8789
8890,8891
8786,8841
8790,8814
8812,8825
8815,8842
8834,8847
8801,8858
8858,8806
8842,8823
8892,8889
8817,8852
8822,8881
8788,8850
8792,8793
8819,8831
8807,8839
8893,8806
8786,8894
8790,8829
8812,8895
8810,8877
8815,8896
8866,8870
8834,8793
8801,8858
8836,8897
8823,8835
8824,8898
8835,8867
8821,8791
8893,8796
8801,8899
8790,8829
8819,8806
8807,8839
8859,8900
8786,8894
8810,8868
8812,8838
8790,8835
8887,8788
8815,8901
8834,8791
8845,8811
8836,8902
8823,8796
8833,8823
8792,8793
8835,8867
8866,8878
8801,8899
8799,8800
8796,8808
8790,8791
8815,8903
8834,8882
8833,8791
8823,8798
8792,8793
8835,8867
8822,8854
8821,8835
8803,8806
8817,8825
8800,8806
8797,8814
8805,8796
8790,8814
8794,8798
8788,8791
8822,8889
8817,8861
8842,8838
8800,8854
8824,8882
8835,8838
8822,8833
8821,8808
8842,8813
8800,8789
8797,8798
8790,8806
8788,8794
8805,8796
8796,8793
8794,8798
8799,8904
8792,8812
8807,8793
8786,8809
8810,8811
8823,8791
8815,8811
8836,8905
8866,8860
8797,8791
8805,8791
8796,8806
8790,8791
8788,8806
8799,8827
8794,8823
8819,8806
8807,8791
8859,8906
8786,8815
8810,8868
8907,8908
8812,8857
8790,8814
8815,8909
8801,8899
8834,8839
8823,8823
8846,8910
8792,8793
8786,8812
8821,8806
8822,8833
8820,8804
8877,8806
8794,8787
8815,8896
8805,8796
8823,8806
8834,8835
8800,8794
8797,8798
8792,8911
8846,8835
8786,8841
8799,8845
8810,8811
8799,8800
8866,8873
8792,8904
8792,8904
8790,8814
8788,8791
8799,8843
8786,8830
8805,8791
8822,8792
8820,8912
8815,8842
8823,8840
8833,8791
8810,8831
8834,8882
8893,8806
8800,8791
8797,8829
8846,8794
8790,8829
8805,8806
8788,8823
8821,8791
8834,8847
8892,8882
8797,8829
8845,8879
8792,8904
8800,8857
8846,8791
8799,8800
8821,8808
8805,8806
8822,8794
8835,8913
8786,8809
8790,8791
8788,8806
8820,8854
8815,8896
8794,8876
8835,8807
8815,8842
8820,8852
8822,8882
8807,8823
8820,8833
8815,8811
8823,8796
8834,8882
8892,8889
8797,8794
8845,8852
8792,8904
8846,8798
8800,8814
8799,8843
8805,8791
8821,8806
8822,8823
8786,8858
8877,8806
8877,8791
8845,8914
8834,8791
8786,8809
8799,8858
8877,8806
8817,8787
8812,8806
8794,8823
8815,8879
8820,8823
8834,8915
8845,8811
8846,8916
8792,8904
8917,8797
8786,8894
8799,8843
8822,8882
8797,8794
8792,8904
8797,8814
8800,8814
8822,8791
8801,8918
8823,8798
8815,8811
8834,8793
8800,8821
8797,8794
8845,8874
8792,8793
8805,8796
8786,8841
8799,8901
8822,8823
8812,8857
8823,8791
8815,8842
8834,8789
8877,8791
8794,8876
8812,8813
8815,8896
8834,8839
8797,8791
8907,8919
8845,8920
8792,8921
8786,8851
8799,8845
8805,8791
8820,8904
8796,8823
8877,8791
8794,8798
8812,8835
8815,8922
8823,8823
8853,8833
8800,8835
8828,8806
8797,8814
8800,8798
8835,8913
8835,8919
8834,8823
8800,8835
8819,8808
8797,8791
8845,8852
8792,8904
8799,8904
8786,8815
8822,8889
8820,8833
8807,8915
8877,8796
8794,8795
8812,8854
8815,8922
8823,8835
8810,8868
8797,8814
8823,8808
8833,8823
8819,8808
8835,8838
8815,8923
8877,8835
8810,8868
8821,8884
8823,8840
8805,8796
8845,8879
8792,8911
8797,8798
8794,8798
8822,8882
8800,8857
8924,8925
8803,8786
8834,8847
8786,8841
8820,8854
8817,8926
8805,8791
8786,8809
8819,8806
8815,8927
8877,8791
8810,8811
8821,8791
8823,8796
8797,8791
8834,8789
8792,8904
8794,8795
8800,8821
8799,8800
8790,8806
8788,8794
8892,8823
8790,8835
8788,8789
8799,8827
8817,8882
8803,8791
8799,8845
8801,8862
8842,8806
8820,8804
8805,8806
8817,8787
8819,8850
8835,8838
8844,8800
8815,8928
8810,8831
8892,8882
8821,8808
8834,8793
8845,8821
8823,8791
8855,8791
8820,8835
8822,8791
8797,8794
8820,8833
8786,8830
8805,8806
8819,8820
8812,8835
8835,8867
8892,8929
8815,8865
8810,8831
8790,8791
8823,8835
8833,8791
8866,8870
8821,8806
8834,8839
8792,8904
8846,8916
8794,8823
8794,8857
8835,8930
8803,8821
8810,8831
8794,8825
8790,8829
8797,8791
8834,8839
8792,8904
8845,8874
8853,8798
8800,8789
8892,8929
8799,8845
8822,8787
8855,8850
8803,8806
8835,8807
8786,8851
8846,8857
8877,8806
8823,8808
8815,8811
8834,8789
8797,8794
8892,8787
8845,8803
8792,8911
8800,8849
8846,8806
8803,8821
8799,8843
8821,8791
8822,8889
8924,8931
8835,8807
8805,8796
8786,8894
8820,8833
8904,8823
8805,8806
8807,8793
8820,8804
8815,8922
8805,8796
8819,8839
8821,8806
8815,8928
8810,8811
8823,8806
8833,8823
8834,8882
8797,8798
8845,8811
8792,8904
8794,8806
8892,8794
8822,8792
8800,8856
8799,8800
8932,8871
8786,8894
8817,8823
8835,8933
8788,8798
8812,8825
8819,8806
8821,8808
8823,8823
8810,8868
8833,8794
8797,8814
8834,8793
8794,8796
8845,8821
8792,8904
8800,8806
8892,8833
8822,8791
8803,8804
8799,8845
8790,8814
8817,8926
8793,8794
8835,8838
8821,8806
8890,8846
8877,8806
8807,8821
8833,8791
8934,8833
8834,8882
8793,8935
8866,8878
8924,8925
8790,8814
8815,8835
8812,8838
8932,8936
8836,8937
8817,8841
8821,8884
8822,8791
8797,8794
8859,8864
8819,8806
8833,8806
8835,8806
8790,8791
8924,8806
8834,8839
8822,8835
8845,8879
8815,8842
8820,8854
8932,8938
8836,8939
8817,8882
8821,8806
8799,8845
8794,8796
8790,8791
8788,8850
8799,8800
8794,8825
8859,8940
8819,8850
8836,8941
8821,8791
8799,8843
8819,8806
8805,8791
8794,8796
8859,8864
8797,8829
8792,8812
8810,8871
8907,8817
8866,8873
8801,8942
8890,8943
8807,8789
8835,8825
8833,8806
8817,8852
8934,8944
8932,8871
8815,8877
8805,8796
8797,8814
8810,8834
8866,8864
8842,8806
8890,8805
8796,8808
8807,8823
8934,8787
8835,8821
8858,8806
8833,8791
8877,8835
8834,8789
8924,8945
8822,8792
8845,8803
8790,8806
8796,8793
8807,8791
8866,8900
8834,8823
8793,8796
8822,8946
8815,8922
8812,8813
8932,8938
8794,8787
8924,8806
8836,8947
8821,8835
8790,8835
8788,8823
8799,8845
8819,8806
8797,8791
8842,8838
8817,8806
8786,8841
8835,8842
8796,8806
8924,8931
8834,8835
8822,8815
8815,8811
8836,8897
8817,8818
8799,8800
8821,8791
8790,8806
8788,8850
8819,8806
8797,8814
8810,8877
8866,8873
8890,8805
8807,8835
8790,8835
8934,8944
8866,8870
8890,8891
8807,8839
8834,8793
8822,8833
8815,8879
8845,8811
8812,8825
8932,8948
8794,8835
8836,8949
8817,8861
8821,8808
8859,8860
8790,8791
8788,8791
8819,8808
8797,8791
8810,8811
8842,8825
8924,8833
8890,8794
8934,8857
8807,8806
8835,8818
8786,8851
8924,8931
8834,8847
8822,8823
8815,8896
8932,8948
8794,8806
8817,8796
8821,8884
8799,8904
8790,8829
8788,8798
8819,8808
8797,8798
8907,8919
8890,8815
8790,8814
8786,8809
8934,8791
8834,8791
8877,8791
8815,8879
8820,8833
8817,8904
8799,8800
8794,8806
8790,8829
8796,8793
8821,8884
8932,8871
8810,8834
8797,8794
8792,8812
8790,8814
8788,8789
8907,8950
8805,8806
8934,8794
8834,8789
8836,8951
8815,8811
8845,8914
8817,8952
8799,8845
8794,8794
8790,8791
8821,8791
8932,8799
8805,8806
8810,8871
8797,8791
8792,8812
8866,8870
8824,8898
8859,8860
8835,8838
8833,8791
8824,8882
8890,8894
8866,8860
8833,8806
8932,8938
8833,8823
8836,8953
8835,8835
8834,8839
8866,8873
8859,8954
8796,8806
8822,8850
8934,8829
8820,8804
8815,8909
8845,8879
8800,8814
8799,8845
8817,8794
8877,8835
8842,8813
8796,8823
8797,8829
8821,8884
8836,8955
8835,8806
8859,8864
8834,8791
8796,8808
8812,8806
8877,8806
8934,8944
8815,8922
8820,8854
8845,8811
8799,8843
8817,8861
8790,8835
8794,8818
8805,8791
8810,8868
8792,8793
8877,8791
8934,8857
8946,8808
8866,8860
8842,8829
8890,8841
8835,8814
8934,8829
8877,8835
8796,8798
8810,8799
8834,8835
8822,8946
8815,8896
8845,8879
8956,8857
8821,8791
8799,8843
8817,8882
8924,8833
8792,8812
8797,8794
8788,8806
8924,8931
8822,8889
8815,8842
8845,8811
8786,8812
8820,8833
8790,8835
8932,8938
8817,8787
8836,8814
8821,8835
8799,8800
8819,8808
8805,8796
8794,8957
8859,8900
8790,8835
8932,8948
8819,8806
8836,8905
8794,8857
8790,8791
8821,8806
8932,8817
8794,8796
8797,8814
8805,8791
8810,8868
8824,8806
8792,8793
8859,8906
8866,8864
8836,8958
8890,8786
8807,8835
8835,8821
8833,8794
8834,8823
8956,8835
8877,8806
8799,8845
8845,8874
8790,8829
8788,8794
8797,8791
8810,8811
8792,8793
8859,8860
8866,8870
8890,8809
8807,8793
8835,8835
8833,8823
8877,8791
8834,8793
8796,8791
8934,8806
8924,8931
8822,8792
8820,8804
8790,8806
8807,8808
8890,8846
8835,8838
8799,8843
8819,8850
8797,8814
8794,8823
8807,8808
8786,8851
8821,8806
8810,8858
8834,8791
8836,8959
8956,8798
8823,8823
8820,8835
8842,8825
8800,8849
8815,8896
8805,8791
8817,8787
8820,8833
8819,8806
8844,8845
8797,8829
8807,8823
8893,8825
8786,8830
8810,8960
8890,8815
8815,8811
8834,8847
8845,8811
8858,8823
8932,8938
8836,8961
8846,8791
8823,8840
8800,8806
8821,8791
8835,8930
8859,8906
8799,8800
8805,8791
8807,8839
8866,8873
8797,8798
8842,8814
8796,8808
8790,8806
8786,8841
8834,8882
8815,8842
8833,8791
8794,8807
8845,8811
8932,8936
8836,8962
8859,8963
8835,8838
8819,8850
8799,8845
8821,8835
8823,8791
8819,8808
8797,8794
8805,8796
8893,8806
8866,8864
8807,8789
8786,8812
8794,8854
8796,8793
8890,8964
8834,8793
8815,8879
8833,8794
8824,8813
8845,8879
8932,8948
8800,8814
8799,8904
8821,8808
8835,8867
8805,8806
8792,8812
8844,8942
8797,8791
8819,8839
8796,8823
8807,8791
8786,8812
8799,8845
8790,8835
8834,8839
8845,8803
8836,8937
8823,8840
8821,8791
8800,8857
8820,8854
8815,8879
8805,8791
8800,8856
8821,8791
8817,8796
8805,8791
8859,8864
8794,8825
8799,8843
8844,8819
8792,8812
8797,8829
8796,8798
8807,8835
8786,8858
8815,8922
8812,8825
8834,8882
8845,8874
8836,8965
8823,8835
8805,8806
8859,8900
8835,8838
8799,8800
8819,8839
8828,8825
8796,8808
8844,8800
8807,8821
8792,8793
8786,8966
8810,8811
8815,8922
8834,8789
8845,8874
8793,8935
8836,8967
8846,8835
8823,8835
8800,8821
8820,8912
8797,8814
8821,8884
8799,8843
8821,8806
8887,8882
8797,8798
8796,8806
8792,8793
8807,8793
8786,8851
8815,8877
8866,8873
8834,8835
8845,8968
8801,8969
8836,8970
8822,8883
8823,8791
8800,8798
8820,8804
8805,8796
8835,8867
8799,8845
8790,8814
8788,8806
8817,8971
8821,8835
8800,8856
8799,8843
8887,8893
8859,8860
8805,8791
8836,8972
8812,8895
8907,8814
8893,8825
8797,8829
8866,8860
8796,8791
8835,8854
8790,8814
8819,8808
8815,8811
8794,8787
8822,8971
8821,8806
8887,8919
8799,8845
8805,8806
8819,8806
8893,8825
8797,8814
8807,8791
8823,8806
8810,8973
8796,8798
8835,8867
8790,8835
8786,8858
8793,8823
8845,8879
8834,8835
8858,8840
8823,8791
8845,8874
8834,8800
8822,8974
8815,8877
8845,8874
8932,8948
8820,8835
8817,8913
8799,8843
8821,8808
8790,8806
8788,8789
8859,8906
8887,8975
8819,8850
8805,8806
8797,8794
8907,8976
8810,8977
8812,8978
8836,8979
8834,8839
8793,8884
8822,8950
8815,8842
8794,8795
8836,8980
8817,8952
8821,8791
8799,8800
8800,8842
8859,8954
8805,8796
8819,8808
8907,8981
8866,8878
8835,8912
8890,8894
8790,8829
8807,8823
8924,8833
8800,8806
8812,8857
8834,8789
8788,8794
8805,8796
8823,8823
8797,8791
8796,8823
8807,8793
8842,8823
8866,8870
8890,8982
8790,8791
8786,8894
8833,8806
8815,8922
8794,8796
8845,8874
8793,8983
8834,8847
8790,8835
8932,8938
8799,8800
8859,8900
8819,8808
8823,8835
8805,8806
8797,8791
8796,8791
8807,8806
8866,8860
8812,8813
8834,8823
8786,8809
8815,8896
8833,8823
8845,8879
8932,8817
8836,8984
8820,8804
8835,8867
8821,8791
8799,8858
8812,8838
8820,8904
8800,8814
8821,8806
8835,8867
8887,8904
8799,8843
8859,8864
8805,8791
8907,8871
8797,8794
8807,8821
8823,8798
8810,8858
8796,8823
8790,8806
8815,8877
8794,8806
8845,8803
8817,8841
8836,8985
8836,8986
8812,8806
8800,8791
8859,8906
8799,8827
8819,8806
8805,8806
8823,8840
8797,8798
8807,8835
8866,8878
8796,8806
8790,8791
8833,8823
8815,8879
8858,8791
8845,8811
8794,8798
8834,8791
8932,8871
8790,8806
8786,8851
8792,8904
8934,8806
8907,8908
8859,8864
8819,8808
8817,8787
8812,8987
8932,8938
8799,8800
8866,8873
8836,8988
8917,8823
8893,8825
8790,8829
8805,8806
8815,8811
8820,8794
8792,8812
8810,8871
8820,8804
8805,8796
8805,8806
8820,8830
8799,8843
8934,8829
8859,8860
8932,8938
8819,8806
8812,8989
8792,8812
8866,8864
8924,8882
8877,8791
8836,8990
8790,8814
8917,8787
8822,8792
8834,8806
8810,8834
8799,8991
8934,8791
8859,8860
8932,8817
8788,8791
8790,8806
8836,8992
8822,8850
8834,8839
8790,8814
8805,8796
8820,8854
8810,8871
8815,8842
8799,8993
8821,8884
8807,8806
8819,8806
8812,8821
8866,8900
8817,8818
8890,8809
8792,8793
8819,8839
8819,8835
8812,8825
8932,8938
8866,8878
8792,8812
8817,8893
8836,8897
8917,8787
8790,8854
8834,8791
8805,8791
8815,8877
8820,8833
8810,8868
8799,8835
8934,8787
8859,8954
8812,8813
8859,8906
8834,8793
8822,8889
8917,8857
8822,8850
8890,8841
8805,8806
8807,8839
8934,8857
8799,8845
8836,8972
8859,8900
8819,8806
8812,8825
8790,8791
8866,8900
8877,8806
8836,8994
8917,8787
8932,8938
8877,8796
8924,8882
8790,8835
8924,8995
8877,8806
8836,8996
8803,8806
8917,8787
8822,8946
8890,8851
8834,8791
8805,8796
8934,8806
8887,8896
8810,8997
8859,8864
8821,8791
8817,8857
8932,8896
8866,8878
8822,8791
8890,8982
8805,8791
8934,8829
8836,8998
8917,8857
8833,8791
8890,8858
8805,8791
8934,8814
8810,8868
8807,8835
8859,8906
8817,8971
8932,8817
8819,8835
8812,8857
8866,8864
8924,8794
8836,8999
8917,8806
8877,8835
8893,8825
8866,8860
8812,8806
8810,8868
8859,8864
8932,8817
8819,8882
8812,8821
8866,8873
8924,8794
8836,9000
8917,8797
8890,8786
8805,8796
8934,8857
8810,8997
8820,8841
8859,8860
8932,8938
8819,8808
8790,8806
8866,8864
8824,8825
8796,8793
8934,8796
8817,8904
8803,8821
8859,8864
8822,8792
8924,8931
8866,8864
8807,8823
8877,8791
8932,8817
8842,8814
8788,8806
8790,8814
8890,8964
8805,8796
8790,8791
8836,9001
8815,8896
8812,8978
8819,8806
8859,8864
8924,8882
8866,8878
8788,8794
8790,8791
8834,8793
8836,9002
8833,8806
8932,8938
8917,8791
8842,8823
8890,8830
8805,8791
8810,8834
8790,8835
8799,8843
8887,8888
8799,8800
8887,8812
8819,8808
8934,8857
8815,8842
8807,8839
8859,8906
8817,8882
8803,8850
8821,8808
8866,8864
8924,8806
8877,8835
8836,8962
8834,8835
8842,8825
8932,8938
8890,8815
8788,8823
8790,8806
8805,8791
8934,8833
8803,8786
8819,8839
8790,8806
8815,8811
8807,8808
8859,8860
8822,8946
8924,8945
8866,8873
8877,8806
8834,8791
8836,9003
8932,8817
8842,8813
8788,8789
8790,8835
8890,8982
8805,8806
8810,8868
8799,8835
8820,8804
8817,8841
8821,8806
8934,8806
8803,8821
8877,8835
8917,8806
8834,8793
8890,8891
8790,8835
8792,8812
8859,8860
8805,8806
8799,8843
8887,8888
8820,8835
8815,8811
8819,8806
8934,8833
8821,8806
8810,8997
8817,8861
8866,8860
8812,8806
8877,8791
8924,9004
8788,8823
8790,8791
8932,8871
8822,8946
8836,9005
8917,8823
8792,8793
8834,8835
8790,8806
8805,8791
8810,8834
8799,8800
8887,8788
8815,8922
8819,8808
8817,8952
8866,8873
8859,8954
8788,8798
8803,8804
8822,8791
8924,8794
8834,8839
8836,9006
8833,8823
8932,8938
8917,8797
8842,8806
8805,8796
8790,8829
8799,8845
8887,8788
8820,8835
8819,8882
8815,8877
8807,8806
8859,8906
8817,8856
8866,8900
8821,8791
8790,8829
8877,8806
8822,8850
8836,9007
8842,8814
8834,8789
8917,8882
8890,8894
8805,8806
8790,8791
8810,8803
8799,8845
8820,8833
8887,8882
8819,8808
8815,8879
8934,8791
8817,8794
8810,8871
8819,8882
8859,8860
8822,8794
8810,8871
8822,8835
8793,8794
8810,8868
8822,8946
8822,8794
8810,8799
8822,8792
8973,8786
8810,8871
8822,8889
8822,8850
8822,8946
8810,8868
8822,8792
8810,8868
8822,8792
8810,8811
8822,8946
8822,8889
8810,9008
8822,8850
8822,8791
8822,8792
8973,8858
8822,8791
8822,8792
8822,8835
8822,8791
8810,8868
8822,8946
8810,8871
8822,8889
8810,8868
8822,8835
8810,8871
8810,8997
8973,8894
8822,8835
8822,8850
8859,9009
8790,8835
8934,8857
8855,8791
8817,8852
8820,8894
8866,8900
8932,8815
8877,8835
8836,9010
8917,8798
8859,9009
8790,8814
8855,8882
8934,8814
8866,8878
8812,9011
8917,8842
8810,8854
8836,9012
8877,8791
8801,8843
8822,8889
8973,8809
8822,8946
8810,8871
8810,8811
8855,8835
8817,8823
8932,8846
8824,8857
8790,8794
8855,8882
8866,8860
8824,8835
8819,8808
8810,8868
8855,8835
8810,8997
8932,8846
8822,8833
8810,8831
8810,8811
8823,8840
8824,8838
8924,8882
8842,8813
8790,8806
8796,8806
8859,9009
8859,9009
8810,8831
8823,8835
8842,8825
8796,8791
8896,9013
8859,9009
8810,8833
8845,8874
8790,8835
8924,8882
8824,8825
8824,8898
8842,8806
8924,8794
8796,8808
8790,8794
8859,9014
8834,8789
8810,8833
8824,8882
8842,8814
8924,8794
8796,8823
8859,9009
8834,8839
8810,8896
8794,8854
8823,8823
8973,8989
8887,8800
8824,8814
8924,8794
8887,8812
8801,8885
8924,8794
8973,8830
8810,8831
8810,8833
8924,8882
8924,9015
8822,8792
8973,8913
8810,8811
8822,8850
8810,8831
8822,8889
8810,8833
8822,8823
8822,8792
8853,8833
8810,8811
8801,9016
8801,8885
8810,9008
8824,8798
8790,8814
8801,8942
8810,8811
8824,8838
8810,8833
8887,8852
8824,8814
8810,8831
8801,8819
8810,8833
8810,8811
8801,8942
8810,8877
8924,9017
8797,8794
8796,8808
8821,8808
8836,9018
8859,9009
8855,8907
8934,8833
8932,8817
8800,8789
8866,8878
8836,8941
8917,8787
8790,8791
8822,8794
8805,8791
8855,8882
8934,8814
8817,8835
8790,8814
8932,8938
8812,8976
8859,8860
8801,9016
8973,9019
8805,8796
8836,9020
8877,8835
8917,8806
8859,8864
8805,8806
8790,8854
8821,8884
8855,8792
8934,8829
8932,8871
8820,8858
8924,8882
8866,8860
8877,8791
8836,8905
8917,8976
8859,8900
8866,8900
8836,9021
8917,8806
8822,8792
8790,8835
8866,8873
8924,9022
8877,8835
8836,9023
8917,8797
8890,8815
8834,8847
8842,8838
8805,8796
8807,8808
8934,8791
8907,8814
8799,8800
8817,8833
8810,8871
8932,8871
8859,8900
8819,8808
8810,8834
8932,8799
8859,8906
8805,8791
8934,8944
8790,8806
8799,8843
8932,8936
8810,8871
8812,8835
8866,8860
8792,8793
8877,8791
8836,9024
8917,8806
8822,8792
8805,8806
8934,8814
8799,8843
8817,8789
8917,8847
8866,8873
8932,8950
8934,8787
8866,8878
8836,9025
8877,8806
8917,8794
8859,9026
8855,8833
8855,8791
8934,8829
8866,8860
8836,9027
8917,8796
8859,9028
8822,8835
8842,8813
8790,8794
8932,9029
8790,8835
8859,9009
8917,8857
8790,8806
8855,8791
8934,8833
8817,8856
8820,8809
8866,8873
8877,8806
8836,9030
8917,8903
8973,9031
8859,9009
8790,8791
8855,8882
8932,8871
8934,8944
8820,9032
8866,8864
8855,8856
8934,8857
8932,9033
8866,8873
8836,9034
8917,8889
8859,8900
8855,8833
8934,8944
8932,8901
8866,8878
8788,8798
8790,8835
8836,9035
8917,8850
8790,8791
8822,8850
8859,8906
8805,8796
8855,8789
8934,8787
8866,8864
8820,8943
8932,9036
8934,8791
8819,8839
8836,9037
8917,9038
8859,8860
8822,8889
8855,8791
8790,8806
8934,8806
8932,8805
8866,8900
8819,8806
8836,9039
8917,8791
8859,8860
8807,8796
8855,8882
8790,8814
8817,8904
8799,8843
8820,8854
8790,8814
8824,8798
8807,8806
8794,8829
8805,8796
8786,8830
8887,8896
8822,8854
8799,8858
8835,8919
8823,8796
8799,8858
8824,8806
8805,8791
8786,8841
8834,8793
8835,8851
8834,8882
8792,8820
8823,8806
8844,8942
8786,8894
8822,8792
8834,8789
8796,8806
8799,8858
8794,8796
8786,8858
8817,8806
8822,8794
8834,8791
8844,8819
8794,8823
8824,8835
8805,8796
8786,8812
8822,8848
8834,8823
8844,8800
8805,8806
8824,8829
8786,8851
8834,9040
8845,8874
8844,8845
8805,8796
8786,9041
8824,8814
8834,8791
8797,8791
8823,8840
8805,8791
8786,8812
8822,8787
8834,8839
8797,8794
8823,8835
8805,8806
8786,8815
8822,8791
8799,8832
8887,8919
8794,8876
8822,8794
8817,8861
8834,8839
8835,8919
8859,8864
8823,8823
8792,9042
8799,8858
8824,8857
8805,8806
8794,8794
8786,8809
8834,8882
8844,8819
8823,8791
8805,8791
8786,8894
8824,8835
8887,8975
8796,8793
8845,8879
8836,9043
8824,8838
8834,8793
8844,8819
8805,8806
8834,8839
8807,8915
8807,8793
8805,8796
8844,8885
8835,8807
8834,8835
8853,8854
8828,8794
8810,8868
8805,8791
8836,9044
8810,8811
8844,8942
8834,8789
8853,8889
8810,8831
8836,9045
8822,8809
8805,8791
8834,8791
8792,9046
8810,8868
8836,8788
8822,8830
8805,8806
8834,8823
8810,8831
8836,8984
8805,8796
8824,8857
8924,8833
8834,8793
8824,8814
8810,8803
8805,8806
8805,8791
8842,8825
8834,8882
8824,8825
8822,8868
8842,8806
8799,8815
8822,8792
8844,8845
8834,8791
8828,8825
8799,8938
8807,8791
8887,8975
8786,8830
8822,8854
8844,8885
8822,8882
8834,8806
8807,8839
8853,8833
8801,9047
8844,8845
8834,8789
8904,8823
8824,8898
8810,8811
8807,8823
8805,8796
8834,8823
8800,8849
8824,8838
8859,8900
8810,8831
8887,8919
8805,8806
8844,8800
8834,8839
8824,8882
8834,8835
8817,8796
8834,8835
8805,8791
8799,8858
8786,8894
8794,8806
8815,8922
8797,8791
8893,8825
8917,8787
8805,8796
8786,8809
8823,8806
8815,8811
8834,8791
8853,8798
8797,8798
8805,8806
8799,8858
8797,8814
8853,8823
8834,8823
8805,8796
8794,8823
8823,8835
8855,9048
8834,8789
8800,8794
8797,8791
8805,8791
8786,8830
8794,8825
8796,8808
8834,8793
8797,8794
8786,8815
8794,8835
8815,8896
8904,8806
8799,8858
8786,8858
8877,8835
8934,8829
8822,8806
8823,8840
8815,8922
8834,8789
8797,8791
8845,8879
8792,8904
8799,8858
8805,8796
8786,8830
8822,8833
8815,8896
8800,8856
8834,8839
8853,8889
8797,8798
8819,8839
8786,8812
8786,8851
8805,8806
8792,8820
8823,8808
8794,8857
8815,8879
8834,8915
8835,8851
8797,8829
8819,8794
8792,9046
8799,8858
8805,8791
8786,8815
8817,8841
8815,8842
8834,8882
8797,8814
8828,8829
8790,8814
8799,8858
8893,8825
8807,8839
8819,8850
8786,8841
8824,8806
8805,8796
8794,8835
8834,8823
8797,8798
8819,8806
8828,8794
8786,8894
8824,8813
8794,8806
8822,8882
8924,8931
8842,8829
8834,8835
8797,8794
8805,8806
8844,8942
8845,8874
8797,8829
8797,8814
8835,8807
8810,8868
8805,8796
8786,8809
8822,8889
8834,8789
8845,8811
8797,8798
8835,8913
8823,8796
8786,8851
8805,8791
8794,8857
8887,8893
8822,8848
8834,8793
8819,8808
8845,8811
8866,8878
8786,8830
8823,8823
8805,8796
8794,8795
8855,9049
8822,8823
8834,8791
8844,8885
8797,8814
8819,8839
8845,8879
8786,8841
8799,8858
8805,8806
8823,8791
8822,8791
8834,8839
8797,8798
8786,8812
8799,8858
8807,8791
8907,8871
8805,8806
8794,8798
8834,8823
8797,8791
8819,8806
8907,8908
8799,8858
8786,8858
8823,8798
8805,8791
8801,8858
8842,8814
8834,8793
8904,8808
8797,8829
8828,8825
8819,8850
8799,8858
8801,9050
8805,8791
8822,8807
8836,8959
8932,8938
8805,8791
8810,8871
8799,8904
8820,8804
8887,8852
8807,8791
8934,8857
8822,8792
8853,8854
8817,8806
8790,8814
8859,8906
8866,8864
8834,8806
8815,8922
8842,8838
8834,8823
8917,8806
8834,8839
8833,8823
8932,8938
8842,8806
8807,8821
8836,9051
8890,8964
8805,8796
8810,8834
8799,8993
8800,8856
8934,8806
8815,8811
8822,8946
8790,8791
8866,8873
8859,8860
8835,8838
8836,8967
8932,8817
8842,8829
8800,8806
8934,8794
8815,8842
8822,8889
8796,8806
8866,8873
8859,8906
8924,8806
8834,8882
8836,9052
8835,8806
8833,8791
8932,8938
8790,8835
8792,8793
8805,8806
8810,8868
8799,8800
8866,8860
8810,8834
8792,8812
8805,8796
8810,8871
8799,8843
8800,8794
8820,8833
8934,8833
8815,8896
8796,8791
8822,8946
8853,8889
8790,8806
8866,8860
8859,8860
8834,8835
8835,8825
8836,9053
8932,8817
8805,8791
8893,8806
8859,8860
8822,8889
8790,8791
8934,8814
8822,8889
8859,8906
8866,8900
8834,8793
8836,9054
8819,8839
8833,8791
8821,8791
8890,8794
8877,8835
8805,8791
8810,8811
8799,8800
8820,8804
8932,8938
8820,8833
8799,8845
8810,8997
8812,8854
8934,8829
8815,8879
8859,8864
8866,8878
8924,8787
8803,8804
8834,8789
8842,8823
8836,9055
8932,8871
8833,8823
8821,8806
8877,8806
8788,8798
8790,8806
8805,8806
8819,8808
8790,8814
8934,8787
8815,8922
8834,8806
8799,9056
8810,8868
8822,8792
8859,8906
8866,8878
8834,8791
8932,8817
8807,8793
8836,8970
8890,8891
8877,8791
8805,8806
8810,8811
8799,8904
8934,8814
8815,8896
8805,8791
8790,8806
8799,8846
8934,8852
8822,8791
8859,8860
8866,8870
8924,8945
8834,8789
8836,9057
8932,8817
8890,8830
8877,8791
8821,8808
8805,8796
8810,8868
8799,8843
8820,8854
8887,8896
8819,8806
8790,8835
8815,8877
8799,8845
8800,8798
8887,8800
8842,8813
8834,8791
8853,8854
8822,8815
8799,8896
8836,9058
8924,8787
8836,9025
8842,8823
8834,8823
8800,8789
8799,8922
8810,8803
8887,8803
8836,9059
8790,8806
8794,8825
8799,9060
8834,8789
8842,8838
8799,8919
8823,8808
8792,9061
8836,8996
8834,8823
8836,8970
8834,8789
8799,9056
8823,8798
8792,9042
8836,8959
8834,8791
8799,8846
8836,8814
8834,8793
8799,8922
8836,9062
8788,8823
8794,8798
8834,8839
8828,8806
8834,8806
8904,8806
8810,8842
8836,8996
8822,9063
8805,8796
8834,8793
8836,9037
8822,8794
8834,8823
8810,8803
8836,9064
8805,8806
8812,8838
8834,8806
8810,8811
8836,8953
8824,8825
8834,8882
8788,8794
8836,9065
8799,8904
8810,8831
8836,9066
8824,8898
8834,8839
8828,8806
8799,8811
8836,9067
8834,8789
8810,8842
8799,8879
8836,9068
8822,9069
8794,8876
8834,8791
8800,8857
8810,8811
8790,8835
8794,8806
8836,8897
8792,8820
8934,8791
8796,8793
8859,8906
8866,8870
8834,8803
8835,8835
8836,9070
8833,8806
8932,8948
8817,8796
8792,8812
8805,8796
8877,8835
8790,8814
8799,8843
8800,8791
8820,8835
8815,8879
8815,9071
8800,8835
8810,8799
8820,8854
8815,8877
8934,9072
8822,8946
8796,8808
8866,8878
8859,8900
8834,8847
8836,9073
8835,8821
8833,8791
8932,8938
8817,8818
8790,8829
8792,8812
8877,8806
8805,8806
8799,8800
8805,8806
8934,8787
8822,8889
8823,8840
8810,8803
8834,8789
8805,8806
8790,8791
8834,8823
8799,8919
8842,8796
8834,8835
8810,8868
8834,8793
8800,8806
8799,9060
8792,9046
8834,8839
8853,8889
8799,8919
8799,9060
8812,8821
8834,8839
8822,8894
8796,8823
8859,8860
8866,8878
8834,8882
8835,8825
8836,8961
8833,8823
8932,8948
8797,8791
8834,8793
8836,8872
8834,8791
8799,8922
8792,9042
8836,8961
8834,8882
8800,8854
8956,8814
8805,8796
