27007,27008
27009,27010
27011,27012
27013,27014
27015,27016
27017,27018
27019,27020
27021,27022
27023,27018
27021,27022
27021,27022
27024,27018
27019,27025
27019,27026
27027,27028
27019,27029
27027,27028
27030,27031
27032,27033
27021,27022
27022,27021
27008,27034
27027,27028
27035,27036
27037,27038
27038,27037
27039,27040
27041,27042
27009,27043
27044,27045
27039,27040
27046,27047
27048,27049
27040,27039
27050,27048
27038,27051
27052,27053
27018,27054
27017,27018
27055,27056
27015,27057
27053,27018
27053,27018
27031,27030
27038,27058
27038,27058
27018,27017
27044,27059
27060,27061
27031,27031
27062,27063
27064,27065
27046,27047
27015,27016
27066,27067
27055,27068
27069,27053
27070,27071
27070,27072
27062,27063
27062,27073
27008,27074
27064,27065
27064,27075
27076,27021
27019,27029
27019,27025
27077,27078
27019,27017
27027,27028
27008,27074
27062,27063
27079,27080
27062,27063
27081,27082
27083,27027
27035,27084
27085,27053
27086,27087
27044,27045
27044,27088
27021,27022
27089,27090
27091,27092
27092,27091
27091,27058
27038,27093
27038,27058
27019,27094
27019,27029
27038,27095
27038,27095
27038,27095
27027,27028
27062,27096
27055,27068
27081,27081
27081,27097
27098,27099
27077,27100
27070,27101
27102,27103
27091,27092
27091,27092
27102,27103
27079,27080
27104,27105
27104,27106
27091,27107
27103,27102
27104,27108
27109,27110
27066,27067
27111,27112
27113,27011
27021,27114
27077,27115
27116,27077
27022,27021
27110,27109
27091,27117
27118,27119
27091,27058
27120,27062
27062,27120
27019,27094
27096,27062
27121,27060
27122,27018
27123,27124
27077,27100
27125,27126
27125,27127
27091,27128
27062,27129
27130,27123
27019,27025
27077,27131
27108,27104
27132,27133
27060,27134
27109,27135
27010,27009
27010,27009
27116,27077
27136,27137
27021,27022
27021,27022
27066,27067
27062,27063
27062,27120
27138,27008
27062,27058
27066,27139
27140,27141
27062,27096
27098,27142
27066,27067
27008,27074
27066,27058
27053,27058
27041,27042
27060,27143
27021,27022
27060,27134
27060,27121
27080,27079
27021,27022
27077,27043
27077,27144
27077,27145
27145,27077
27064,27146
27147,27070
27109,27110
27127,27125
27070,27147
27011,27148
27070,27147
27070,27147
27149,27019
27070,27147
27019,27094
27018,27087
27150,27043
27151,27150
27018,27152
27070,27147
27152,27018
27109,27135
27021,27022
27080,27079
27019,27149
27070,27147
27153,27081
27154,27155
27081,27156
27098,27058
27157,27140
27140,27157
27058,27098
27158,27159
27064,27146
27058,27077
27105,27104
27160,27161
27053,27162
27066,27058
27040,27163
27040,27163
27040,27040
27040,27163
27064,27065
27164,27158
27064,27065
27064,27146
27146,27064
27150,27165
27067,27066
27166,27167
27111,27168
27146,27064
27146,27064
27041,27043
27041,27043
27169,27118
27080,27079
27158,27164
27058,27081
27098,27142
27170,27086
27048,27171
27086,27087
27086,27172
27077,27173
27086,27087
27174,27066
27016,27015
27172,27086
27086,27087
27175,27041
27176,27047
27177,27158
27009,27178
27179,27048
27165,27150
27167,27180
27181,27182
27183,27048
27048,27183
27008,27058
27183,27048
27077,27144
27063,27062
27158,27164
27184,27185
27186,27008
27150,27165
27150,27043
27183,27048
27048,27183
27058,27150
27150,27187
27066,27188
27189,27062
27077,27144
27158,27177
27048,27190
27048,27190
27047,27176
27081,27191
27051,27038
27081,27081
27013,27014
27192,27077
27193,27150
27048,27179
27077,27194
27064,27146
27174,27066
27058,27066
27177,27158
27041,27175
27118,27169
27057,27041
27195,27089
27041,27057
27048,27196
27174,27066
27041,27042
27173,27077
27158,27164
27197,27027
27077,27043
27185,27198
27134,27060
27015,27199
27027,27200
27103,27201
27019,27202
27203,27055
27027,27028
27150,27204
27019,27094
27150,27205
27015,27206
27009,27043
27207,27015
27208,27060
27027,27028
27109,27209
27158,27210
27211,27160
27104,27108
27009,27043
27212,27213
27205,27214
27215,27104
27118,27216
27027,27217
27118,27218
27027,27217
27150,27204
27038,27051
27027,27217
27027,27217
27027,27217
27219,27150
27077,27220
27077,27220
27015,27016
27015,27016
27016,27015
27221,27222
27038,27058
27198,27185
27160,27043
27223,27224
27027,27225
27038,27051
27174,27066
27185,27198
27027,27225
27060,27134
27062,27096
27077,27027
27077,27027
27044,27045
27053,27162
27118,27226
27041,27227
27044,27059
27077,27228
27015,27199
27062,27120
27118,27169
27081,27081
27229,27041
27158,27164
27230,27015
27231,27014
27077,27173
27064,27146
27164,27158
27077,27232
27233,27104
27044,27059
27027,27083
27193,27150
27027,27217
27185,27198
27031,27234
27015,27235
27027,27028
27027,27028
27031,27236
27027,27173
27109,27209
27027,27083
27015,27207
27060,27237
27185,27198
27038,27051
27038,27238
27239,27060
27197,27027
27027,27240
27062,27120
27079,27080
27066,27188
27066,27174
27183,27048
27241,27221
27009,27242
27058,27008
27009,27243
27120,27062
27058,27205
27244,27081
27245,27167
27136,27137
27058,27154
27246,27247
27120,27062
27248,27031
27062,27120
27019,27094
27096,27062
27121,27060
27122,27018
27123,27124
27077,27100
27009,27010
27030,27031
27009,27249
27242,27009
27250,27247
27062,27120
27154,27251
27096,27066
27066,27067
27094,27019
27092,27091
27058,27035
27050,27048
27042,27041
27035,27043
27252,27160
27249,27009
27062,27253
27009,27249
27104,27254
27009,27242
27255,27080
27081,27256
27009,27257
27249,27009
27125,27126
27058,27098
27125,27127
27130,27123
27104,27105
27021,27114
27104,27106
27048,27258
27258,27048
27259,27247
27260,27048
27244,27081
27261,27048
27079,27080
27205,27262
27238,27038
27047,27263
27264,27015
27031,27248
27212,27213
27051,27038
27205,27265
27266,27205
27103,27201
27047,27267
27058,27091
27102,27103
27091,27092
27268,27247
27246,27247
27019,27025
27058,27077
27077,27131
27108,27104
27132,27133
27060,27134
27058,27062
27109,27135
27010,27009
27010,27009
27259,27247
27091,27058
27118,27119
27091,27117
27091,27107
27077,27100
27070,27101
27102,27103
27091,27092
27091,27128
27077,27269
27154,27270
27041,27271
27035,27036
27009,27243
27243,27009
27185,27272
27273,27167
27197,27027
27027,27240
27018,27149
27197,27185
27058,27009
27274,27048
27197,27185
27027,27275
27058,27080
27062,27120
27062,27096
27016,27015
27120,27062
27276,27157
27197,27027
27185,27071
27185,27272
27027,27277
27058,27081
27154,27251
27048,27183
27200,27027
27058,27154
27041,27278
27058,27038
27183,27048
27066,27096
27033,27279
27048,27183
27033,27280
27048,27274
27197,27033
27066,27174
27033,27033
27058,27008
27009,27043
27185,27184
27197,27027
27027,27240
27281,27018
27062,27282
27254,27104
27157,27283
27120,27062
27092,27091
27058,27053
27134,27060
27062,27096
27123,27284
27284,27123
27008,27020
27008,27096
27048,27274
27053,27058
27048,27274
27285,27066
27096,27066
27050,27048
27041,27057
27057,27041
27066,27067
27195,27089
27274,27048
27018,27286
27287,27288
27288,27287
27066,27285
27285,27066
27289,27137
27014,27043
27157,27043
27016,27015
27062,27120
27058,27157
27031,27290
27015,27016
27203,27055
27062,27291
27292,27104
27086,27087
27092,27091
27086,27087
27077,27100
27174,27066
27077,27192
27066,27174
27293,27048
27048,27179
27066,27285
27197,27031
27294,27111
27205,27150
27205,27150
27104,27295
27160,27150
27160,27205
27066,27174
27288,27296
27041,27297
27160,27298
27160,27043
27041,27175
27154,27299
27160,27205
27041,27300
27288,27301
27288,27302
27057,27041
27104,27058
27104,27058
27041,27057
27288,27296
27041,27057
27160,27150
27154,27155
27154,27299
27288,27303
27300,27041
27041,27297
27041,27297
27019,27094
27019,27304
27019,27304
27160,27150
27296,27288
27160,27150
27019,27058
27104,27058
27288,27296
27254,27104
27041,27297
27154,27155
27288,27302
27089,27305
27155,27154
27089,27306
27295,27104
27154,27299
27104,27233
27154,27307
27288,27296
27041,27227
27048,27308
27205,27309
27205,27310
27104,27311
27160,27150
27288,27312
27311,27104
27313,27048
27205,27310
27104,27106
27048,27258
27205,27309
27137,27314
27150,27160
27313,27048
27137,27314
27137,27314
27315,27316
27317,27104
27316,27315
27318,27104
27301,27288
27155,27154
27319,27315
27227,27041
27041,27227
27041,27227
27057,27041
27041,27320
27288,27321
27041,27227
27080,27079
27080,27079
27288,27296
27080,27079
27080,27079
27041,27297
27322,27091
27322,27091
27104,27254
27031,27236
27041,27227
27041,27297
27288,27296
27104,27254
27104,27323
27104,27058
27324,27021
27027,27083
27035,27036
27019,27325
27035,27036
27019,27325
27091,27092
27022,27021
27033,27326
27327,27328
27035,27036
27035,27036
27329,27223
27223,27329
27181,27269
27329,27223
27017,27018
27021,27330
27021,27022
27223,27329
27008,27074
27122,27018
27036,27035
27036,27035
27019,27325
27022,27021
27156,27081
27104,27254
27060,27143
27041,27320
27081,27156
27027,27083
27120,27062
27331,27062
27062,27331
27062,27286
27060,27239
27062,27120
27332,27150
27062,27120
27062,27096
27241,27221
27103,27102
27221,27333
27058,27060
27103,27102
27027,27083
27008,27334
27062,27073
27062,27073
27079,27080
27077,27043
27091,27335
27091,27335
27091,27128
27033,27336
27033,27033
27337,27033
27212,27043
27021,27324
27338,27062
27079,27080
27326,27033
27123,27058
27123,27339
27339,27123
27327,27328
27288,27303
27021,27058
27018,27017
27027,27083
27021,27058
27091,27335
27340,27062
27062,27073
27031,27341
27031,27342
27019,27094
27031,27290
27022,27021
27019,27343
27091,27128
27012,27011
27019,27343
27336,27033
27019,27344
27019,27344
27019,27345
27033,27336
27033,27033
27322,27091
27027,27346
27027,27346
27027,27346
27059,27044
27069,27053
27011,27195
27081,27191
27292,27104
27104,27292
27015,27235
27048,27347
27348,27150
27015,27235
27015,27235
27349,27111
27060,27134
27118,27169
27104,27058
27221,27350
27221,27222
27351,27295
27243,27009
27221,27333
27288,27312
27288,27312
27352,27315
27353,27111
27014,27354
27221,27350
27315,27316
27015,27235
27169,27118
27169,27118
27315,27352
27159,27158
27315,27043
27312,27288
27086,27355
27055,27056
27048,27347
27356,27015
27060,27237
27060,27357
27060,27208
27060,27134
27060,27239
27358,27104
27016,27015
27235,27015
27048,27048
27060,27208
27060,27208
27288,27359
27104,27142
27222,27221
27360,27109
27118,27223
27027,27240
27014,27354
27042,27041
27104,27254
27205,27214
27205,27150
27205,27150
27361,27104
27150,27160
27104,27254
27014,27354
27140,27157
27205,27214
27113,27011
27009,27362
27011,27363
27009,27243
27205,27150
27205,27150
27009,27249
27048,27048
27089,27364
27221,27365
27157,27351
27077,27116
27015,27016
27366,27150
27009,27249
27015,27016
27118,27223
27009,27243
27027,27367
27350,27221
27015,27016
27041,27271
27368,27104
27015,27235
27027,27173
27369,27041
27055,27068
27055,27203
27077,27116
27116,27077
27104,27295
27011,27363
27150,27366
27150,27160
27048,27370
27048,27347
27221,27365
27371,27041
27154,27155
27009,27249
27351,27372
27351,27372
27009,27373
27150,27160
27134,27060
27374,27351
27150,27375
27308,27048
27009,27376
27089,27305
27377,27150
27205,27378
27205,27379
27214,27205
27110,27109
27060,27143
27009,27010
27205,27214
27150,27375
27380,27048
27160,27150
27308,27048
27016,27015
27154,27299
27048,27308
27154,27155
27154,27155
27305,27089
27351,27374
27210,27158
27295,27104
27295,27351
27150,27160
27154,27155
27351,27374
27154,27299
27154,27155
27104,27106
27104,27106
27048,27381
27351,27295
27205,27214
27382,27089
27360,27109
27214,27205
27150,27377
27015,27235
27104,27106
27015,27235
27044,27045
27222,27221
27309,27205
27383,27015
27221,27333
27164,27158
27104,27105
27150,27377
27150,27332
27150,27332
27150,27332
27384,27150
27385,27386
27385,27058
27011,27113
27235,27015
27387,27009
27150,27332
27235,27015
27064,27146
27150,27332
27110,27109
27109,27110
27295,27351
27041,27388
27009,27387
27060,27134
27041,27389
27109,27110
27041,27297
27109,27110
27390,27351
27351,27390
27391,27015
27208,27060
27118,27392
27044,27393
27044,27059
27288,27312
27111,27394
27164,27158
27158,27210
27109,27360
27120,27062
27145,27077
27081,27256
27315,27352
27159,27158
27315,27043
27395,27040
27040,27395
27312,27288
27086,27355
27055,27056
27395,27040
27048,27347
27395,27040
27356,27015
27060,27237
27060,27357
27060,27208
27360,27109
27048,27347
27360,27109
27221,27365
27384,27150
27040,27395
27040,27395
27385,27386
27385,27058
27395,27040
27011,27113
27060,27134
27235,27015
27332,27150
27387,27009
27040,27395
27150,27332
27395,27040
27040,27395
27395,27040
27040,27395
27060,27239
27048,27258
27358,27104
27015,27235
27015,27235
27349,27111
27060,27134
27118,27169
27104,27058
27118,27169
27348,27150
27058,27104
27315,27316
27351,27295
27241,27221
27243,27009
27221,27333
27288,27312
27288,27312
27221,27222
27150,27332
27058,27048
27040,27395
27016,27015
27235,27015
27048,27048
27060,27208
27060,27208
27288,27359
27104,27142
27048,27347
27058,27104
27169,27118
27197,27118
27169,27118
27015,27235
27396,27247
27221,27350
27015,27235
27169,27118
27352,27315
27150,27332
27395,27040
27214,27205
27110,27109
27060,27143
27058,27060
27009,27010
27382,27089
27214,27205
27109,27360
27150,27377
27110,27109
27109,27110
27295,27351
27041,27388
27009,27387
27060,27134
27058,27060
27205,27379
27058,27205
27205,27378
27397,27160
27009,27249
27058,27351
27351,27372
27058,27009
27351,27372
27009,27373
27041,27389
27150,27160
27134,27060
27374,27351
27308,27048
27205,27214
27009,27376
27089,27305
27377,27150
27058,27205
27109,27110
27041,27297
27109,27110
27235,27015
27104,27105
27015,27235
27104,27106
27015,27235
27395,27040
27044,27045
27064,27146
27222,27221
27383,27015
27221,27333
27164,27158
27150,27377
27150,27332
27395,27040
27150,27332
27309,27205
27395,27040
27064,27146
27158,27210
27058,27288
27390,27351
27351,27390
27058,27288
27391,27015
27058,27205
27208,27060
27150,27332
27118,27392
27044,27393
27044,27059
27288,27312
27111,27394
27164,27158
27398,27064
27036,27035
27390,27351
27154,27155
27353,27111
27014,27354
27058,27315
27150,27205
27009,27043
27058,27060
27015,27206
27009,27043
27207,27015
27208,27060
27027,27028
27160,27161
27109,27209
27158,27210
27211,27160
27058,27038
27104,27108
27150,27204
27027,27028
27058,27385
27203,27055
27223,27224
27027,27225
27215,27104
27205,27214
27212,27213
27019,27094
27185,27198
27038,27051
27197,27031
27015,27199
27027,27200
27248,27031
27103,27201
27019,27202
27058,27385
27197,27055
27134,27060
27027,27399
27399,27027
27400,27062
27399,27027
27038,27238
27103,27201
27266,27205
27205,27265
27051,27038
27212,27213
27038,27051
27031,27248
27264,27015
27058,27038
27047,27263
27238,27038
27047,27267
27205,27262
27261,27048
27248,27031
27160,27043
27185,27198
27015,27207
27185,27198
27079,27080
27027,27225
27027,27083
27193,27150
27027,27217
27185,27198
27060,27237
27031,27234
27027,27028
27027,27028
27031,27236
27027,27173
27109,27209
27027,27083
27027,27399
27015,27235
27241,27221
27198,27185
27221,27222
27015,27235
27027,27173
27369,27041
27055,27068
27055,27203
27077,27116
27116,27077
27104,27295
27077,27116
27011,27363
27150,27366
27077,27116
27157,27351
27221,27365
27014,27354
27368,27104
27041,27271
27015,27016
27350,27221
27009,27243
27221,27350
27222,27221
27118,27223
27197,27027
27150,27160
27027,27240
27014,27354
27197,27027
27015,27016
27366,27150
27009,27249
27015,27016
27118,27223
27009,27243
27027,27367
27197,27070
27042,27041
27104,27254
27205,27214
27077,27269
27118,27216
27027,27217
27118,27218
27027,27217
27150,27204
27038,27051
27294,27111
27027,27217
27027,27217
27219,27150
27077,27220
27077,27220
27015,27016
27015,27016
27016,27015
27027,27217
27038,27058
27205,27150
27048,27048
27205,27150
27205,27150
27161,27160
27361,27104
27150,27160
27104,27254
27140,27157
27205,27150
27089,27364
27113,27011
27009,27362
27011,27363
27009,27243
27205,27150
27205,27150
27009,27249
27205,27214
27371,27041
27154,27155
27150,27375
27091,27128
27012,27011
27019,27343
27336,27033
27019,27344
27019,27344
27019,27345
27033,27336
27033,27033
27322,27091
27027,27346
27027,27346
27058,27091
27027,27346
27059,27044
27019,27343
27197,27031
27058,27212
27031,27248
27008,27074
27122,27018
27008,27334
27062,27073
27011,27195
27401,27053
27079,27080
27069,27053
27197,27031
27031,27341
27031,27342
27019,27094
27031,27248
27248,27031
27031,27290
27022,27021
27248,27031
27062,27073
27340,27062
27091,27335
27123,27339
27058,27123
27339,27123
27327,27328
27091,27402
27167,27403
27403,27167
27123,27058
27167,27403
27403,27167
27021,27058
27018,27017
27027,27083
27027,27083
27083,27027
27062,27073
27288,27303
27223,27329
27167,27403
27021,27058
27338,27062
27077,27043
27091,27335
27053,27404
27091,27335
27091,27128
27058,27077
27326,27033
27033,27336
27033,27033
27021,27022
27337,27033
27212,27043
27197,27033
27021,27324
27079,27080
27197,27033
27058,27021
27021,27022
27021,27330
27019,27029
27019,27094
27038,27058
27058,27038
27038,27093
27091,27058
27092,27091
27091,27092
27169,27118
27058,27091
27089,27090
27021,27022
27044,27088
27044,27045
27086,27087
27038,27095
27038,27095
27038,27095
27153,27081
27070,27071
27069,27053
27021,27022
27113,27011
27197,27055
27055,27068
27066,27067
27021,27114
27015,27016
27064,27065
27062,27063
27062,27063
27062,27063
27079,27080
27062,27063
27062,27096
27046,27047
27085,27053
27197,27031
27035,27084
27019,27325
27035,27036
27019,27325
27092,27091
27058,27091
27091,27092
27022,27021
27035,27036
27033,27326
27035,27036
27329,27223
27036,27035
27223,27329
27181,27269
27329,27223
27017,27018
27327,27328
27058,27021
27035,27036
27019,27325
27083,27027
27081,27082
27114,27021
27031,27031
27405,27021
27197,27031
27060,27061
27036,27035
27021,27405
27044,27059
27035,27036
27008,27034
27022,27021
27021,27022
27032,27033
27022,27021
27021,27114
27324,27021
27058,27091
27347,27048
27205,27310
27104,27311
27058,27205
27160,27150
27288,27312
27311,27104
27313,27048
27205,27310
27048,27258
27318,27104
27205,27309
27137,27314
27150,27160
27313,27048
27137,27314
27205,27309
27048,27308
27104,27106
27301,27288
27288,27296
27080,27079
27080,27079
27041,27297
27322,27091
27322,27091
27104,27254
27137,27314
27031,27236
27041,27297
27058,27160
27288,27296
27104,27254
27406,27160
27319,27315
27155,27154
27041,27227
27058,27315
27315,27316
27317,27104
27150,27160
27154,27155
27351,27374
27154,27299
27154,27155
27104,27106
27104,27106
27295,27351
27048,27381
27351,27295
27205,27214
27160,27150
27058,27205
27380,27048
27150,27375
27058,27150
27058,27104
27080,27079
27295,27104
27351,27374
27316,27315
27104,27058
27398,27064
27292,27104
27058,27104
27398,27064
27048,27370
27210,27158
27104,27292
27016,27015
27154,27299
27048,27308
27154,27155
27154,27155
27351,27295
27305,27089
27308,27048
27080,27079
27041,27227
27288,27321
27288,27296
27254,27104
27041,27297
27407,27104
27154,27155
27288,27302
27288,27408
27058,27104
27089,27305
27089,27306
27295,27104
27154,27299
27288,27303
27154,27299
27154,27155
27154,27299
27155,27154
27104,27409
27104,27058
27160,27150
27405,27021
27058,27212
27404,27053
27053,27404
27154,27307
27300,27041
27041,27297
27019,27058
27041,27297
27019,27304
27019,27304
27160,27150
27058,27104
27021,27022
27296,27288
27022,27021
27019,27094
27008,27074
27409,27104
27160,27150
27058,27104
27041,27057
27288,27296
27160,27406
27041,27057
27104,27233
27288,27296
27104,27058
27104,27323
27104,27410
27104,27254
27227,27041
27041,27227
27041,27227
27057,27041
27041,27320
27041,27227
27104,27295
27104,27058
27288,27302
27160,27205
27066,27174
27288,27296
27041,27297
27160,27298
27104,27295
27160,27043
27057,27041
27104,27411
27104,27409
27041,27175
27160,27205
27104,27412
27160,27150
27041,27300
27288,27301
27104,27407
27008,27074
27064,27065
27064,27075
27077,27116
27161,27160
27197,27031
27248,27031
27058,27385
27197,27055
27058,27385
27058,27315
27058,27060
27160,27161
27058,27038
27027,27399
27399,27027
27400,27062
27027,27399
27197,27070
27197,27027
27197,27027
27009,27243
27395,27040
27395,27040
27040,27395
27395,27040
27395,27040
27048,27258
27058,27104
27399,27027
27197,27118
27396,27247
27040,27395
27058,27048
27118,27169
27058,27104
27241,27221
27241,27221
27169,27118
27248,27031
27058,27038
27081,27191
27077,27232
27077,27228
27062,27096
27077,27027
27077,27027
27044,27045
27053,27162
27233,27104
27118,27226
27044,27059
27015,27199
27164,27158
27118,27169
27081,27081
27229,27041
27158,27164
27041,27227
27040,27395
27044,27059
27027,27240
27104,27254
27060,27143
27041,27320
27081,27156
27027,27083
27120,27062
27062,27286
27062,27120
27060,27239
27062,27120
27062,27096
27103,27102
27221,27333
27103,27102
27027,27083
27239,27060
27332,27150
27230,27015
27395,27040
27040,27395
27405,27021
27058,27212
27404,27053
27053,27404
27058,27104
27021,27022
27022,27021
27058,27104
27407,27104
27288,27408
27104,27409
27409,27104
27104,27295
27104,27411
27104,27407
27347,27048
27058,27091
27058,27021
27083,27027
27031,27248
27058,27212
27197,27031
27058,27091
27053,27404
27058,27077
27197,27033
27104,27409
27021,27022
27167,27403
27058,27123
27091,27402
27167,27403
27403,27167
27167,27403
27403,27167
27197,27033
27104,27412
27058,27104
27160,27406
27058,27288
27058,27288
27058,27205
27390,27351
27398,27064
27036,27035
27064,27146
27058,27060
27395,27040
27395,27040
27395,27040
27040,27395
27040,27395
27395,27040
27040,27395
27332,27150
27395,27040
27150,27332
27058,27060
27058,27205
27104,27410
27104,27254
27058,27160
27406,27160
27058,27205
27058,27315
27398,27064
27058,27205
27058,27104
27351,27295
27058,27104
27058,27205
27058,27150
27397,27160
27058,27351
27058,27009
27398,27064
27231,27014
27077,27043
27158,27164
27062,27096
27016,27015
27276,27157
27062,27282
27157,27283
27120,27062
27014,27043
27157,27043
27016,27015
27062,27120
27031,27290
27015,27016
27203,27055
27062,27291
27292,27104
27027,27275
27185,27071
27018,27149
27027,27240
27066,27096
27033,27279
27033,27280
27066,27174
27033,27033
27009,27043
27185,27184
27086,27087
27027,27240
27027,27277
27185,27272
27035,27036
27009,27243
27243,27009
27185,27272
27273,27167
27281,27018
27092,27091
27086,27087
27077,27100
27018,27286
27041,27271
27254,27104
27154,27270
27062,27120
27154,27251
27096,27066
27195,27089
27066,27067
27050,27048
27042,27041
27035,27043
27252,27160
27062,27253
27104,27254
27255,27080
27094,27019
27041,27278
27066,27067
27041,27057
27174,27066
27077,27192
27066,27174
27293,27048
27048,27179
27053,27058
27092,27091
27057,27041
27134,27060
27123,27284
27284,27123
27008,27020
27008,27096
27048,27274
27096,27066
27050,27048
27062,27096
27200,27027
27154,27251
27066,27174
27098,27058
27157,27140
27140,27157
27158,27159
27105,27104
27066,27058
27150,27165
27053,27162
27040,27163
27040,27040
27040,27163
27064,27065
27164,27158
27064,27065
27067,27066
27177,27158
27040,27163
27179,27048
27166,27167
27111,27168
27041,27043
27041,27043
27169,27118
27080,27079
27158,27164
27098,27142
27048,27171
27170,27086
27176,27047
27086,27172
27086,27087
27174,27066
27016,27015
27172,27086
27086,27087
27175,27041
27086,27087
27248,27031
27047,27176
27051,27038
27165,27150
27167,27180
27181,27182
27008,27058
27077,27144
27063,27062
27184,27185
27158,27164
27077,27144
27150,27165
27150,27043
27150,27187
27066,27188
27189,27062
27174,27066
27066,27188
27186,27008
27081,27191
27158,27177
27048,27190
27081,27081
27013,27014
27192,27077
27193,27150
27048,27179
27077,27194
27174,27066
27048,27190
27177,27158
27118,27169
27057,27041
27195,27089
27041,27057
27048,27196
27174,27066
27041,27042
27041,27175
27030,27031
27031,27248
27197,27031
27405,27021
27080,27079
27021,27022
27109,27135
27152,27018
27070,27147
27018,27152
27151,27150
27150,27043
27018,27087
27019,27094
27070,27147
27149,27019
27070,27147
27197,27070
27019,27149
27062,27331
27077,27145
27077,27144
27058,27077
27077,27043
27008,27074
27058,27038
27098,27142
27062,27096
27058,27062
27070,27147
27140,27141
27066,27139
27062,27058
27138,27008
27062,27120
27062,27063
27066,27067
27066,27067
27120,27062
27011,27148
27070,27147
27127,27125
27396,27247
27268,27247
27104,27108
27396,27247
27268,27247
27396,27247
27110,27109
27109,27110
27250,27247
27250,27247
27396,27247
27259,27247
27268,27247
27103,27102
27250,27247
27048,27260
27268,27247
27066,27058
27066,27067
27111,27112
27109,27110
27197,27070
27147,27070
27064,27146
27021,27022
27070,27147
27021,27022
27260,27048
27116,27077
27116,27077
27021,27114
27077,27115
27021,27114
27021,27114
27114,27021
27113,27011
27022,27021
27259,27247
27053,27058
27041,27042
27023,27018
27021,27022
27022,27021
27019,27020
27017,27018
27015,27016
27013,27014
27011,27012
27024,27018
27037,27038
27038,27051
27048,27413
27058,27038
27038,27037
27038,27058
27021,27022
27021,27022
27027,27399
27019,27025
27076,27021
27021,27022
27019,27029
27019,27025
27077,27078
27019,27017
27027,27028
27038,27058
27007,27008
27027,27028
27030,27031
27027,27028
27019,27029
27027,27028
27019,27026
27027,27028
27062,27129
27031,27030
27048,27413
27053,27018
27039,27040
27197,27055
27055,27068
27197,27055
27081,27081
27081,27097
27058,27060
27041,27042
27098,27099
27080,27079
27060,27121
27060,27134
27021,27022
27060,27143
27058,27150
27197,27033
27021,27022
27058,27053
27009,27043
27039,27040
27053,27018
27015,27057
27055,27056
27091,27402
27017,27018
27058,27091
27414,27132
27044,27045
27018,27054
27018,27017
27052,27053
27050,27048
27040,27039
27058,27081
27048,27049
27046,27047
27058,27066
27260,27048
27062,27331
27081,27156
27259,27247
27396,27247
27250,27247
27268,27247
27250,27247
27396,27247
27268,27247
27396,27247
27268,27247
27396,27247
27260,27048
27114,27021
27021,27114
27021,27114
27197,27070
27268,27247
27250,27247
27048,27260
27259,27247
27058,27205
27245,27167
27246,27247
27248,27031
27268,27247
27246,27247
27058,27077
27197,27070
27058,27062
27058,27091
27021,27114
27048,27258
27258,27048
27259,27247
27260,27048
27260,27048
27259,27247
27405,27021
27120,27062
27058,27062
27113,27011
27197,27055
27058,27038
27169,27118
27058,27091
27021,27114
27197,27031
27021,27022
27114,27021
27197,27031
27021,27405
27021,27114
27092,27091
27058,27091
27058,27021
27401,27053
27405,27021
27009,27243
27021,27022
27022,27021
27058,27038
27058,27077
27058,27053
27197,27033
27058,27150
27058,27060
27197,27055
27027,27399
27197,27055
27058,27066
27414,27132
27058,27091
27091,27402
27048,27413
27058,27038
27048,27413
27058,27081
27058,27008
27009,27242
27241,27221
27160,27161
27064,27146
27146,27064
27009,27178
27064,27146
27058,27066
27183,27048
27058,27077
27048,27183
27183,27048
27048,27183
27058,27150
27183,27048
27048,27183
27058,27154
27058,27038
27183,27048
27183,27048
27064,27146
27077,27173
27156,27081
27331,27062
27062,27331
27062,27120
27241,27221
27058,27060
27197,27027
27058,27098
27060,27134
27077,27173
27064,27146
27197,27027
27173,27077
27146,27064
27146,27064
27058,27081
27062,27120
27248,27031
27048,27183
27197,27033
27048,27274
27287,27288
27285,27066
27274,27048
27058,27098
27250,27247
27092,27091
27058,27053
27058,27035
27009,27249
27009,27242
27009,27257
27249,27009
27242,27009
27009,27249
27058,27154
27249,27009
27048,27274
27288,27287
27285,27066
27058,27008
27197,27027
27058,27081
27058,27009
27197,27027
27197,27185
27274,27048
27066,27285
27197,27185
27062,27120
27120,27062
27197,27027
27197,27031
27289,27137
27058,27157
27066,27285
27058,27080
27070,27072
27062,27073
27415,27416
27417,27418
27419,27420
27421,27422
27423,27424
27425,27416
27426,27427
27415,27428
27429,27430
27431,27432
27433,27434
27435,27436
27437,27438
27439,27429
27440,27441
27442,27443
27444,27445
27446,27447
27448,27449
27450,27451
27437,27452
27453,27454
27455,27456
27457,27458
27459,27451
27430,27460
27461,27462
27463,27464
27465,27466
27467,27468
27421,27469
27470,27416
27461,27430
27437,27449
27417,27471
27419,27443
27423,27472
27425,27473
27431,27443
27433,27443
27435,27436
27438,27474
27430,27416
27475,27462
27440,27476
27457,27419
27442,27477
27444,27451
27446,27478
27459,27445
27455,27446
27479,27428
27480,27481
27445,27445
27480,27482
27465,27430
27467,27429
27463,27483
27461,27430
27470,27428
27417,27418
27437,27427
27421,27484
27423,27485
27419,27481
27425,27486
27426,27445
27435,27487
27431,27477
27442,27488
27489,27462
27438,27490
27440,27476
27446,27491
27444,27428
27415,27428
27433,27456
27455,27481
27465,27438
27430,27460
27445,27416
27480,27492
27463,27483
27463,27464
27465,27493
27479,27416
27467,27494
27479,27428
27461,27428
27470,27445
27437,27452
27417,27495
27421,27496
27423,27497
27419,27482
27425,27427
27431,27455
27498,27499
27429,27500
27435,27487
27433,27477
27430,27416
27475,27501
27442,27456
27438,27474
27440,27502
27446,27430
27415,27416
27455,27488
27457,27445
27459,27428
27465,27445
27480,27503
27470,27460
27480,27504
27479,27460
27442,27488
27475,27445
27444,27505
27455,27506
27507,27488
27479,27416
27465,27501
27470,27416
27463,27508
27419,27420
27437,27416
27459,27509
27450,27510
27423,27511
27438,27512
27431,27455
27498,27467
27513,27446
27457,27501
27440,27441
27435,27436
27442,27456
27480,27514
27446,27515
27433,27443
27480,27415
27435,27487
27440,27502
27459,27493
27429,27462
27446,27516
27440,27476
27435,27436
27480,27517
27442,27434
27444,27518
27445,27445
27507,27416
27455,27477
27421,27484
27463,27483
27465,27466
27419,27481
27467,27429
27450,27470
27437,27488
27433,27456
27423,27519
27431,27477
27438,27520
27513,27521
27457,27416
27446,27522
27459,27523
27455,27477
27445,27416
27421,27524
27465,27428
27463,27508
27470,27460
27421,27525
27461,27419
27437,27438
27417,27418
27419,27526
27423,27497
27433,27488
27431,27488
27527,27528
27513,27529
27435,27487
27438,27530
27430,27428
27440,27502
27457,27510
27442,27432
27489,27531
27444,27416
27446,27532
27448,27416
27455,27434
27459,27416
27480,27488
27445,27419
27479,27416
27459,27428
27465,27533
27470,27445
27463,27534
27535,27486
27467,27498
27417,27471
27461,27428
27437,27536
27419,27443
27433,27434
27423,27537
27431,27434
27513,27538
27438,27539
27440,27476
27435,27504
27457,27540
27430,27460
27442,27541
27489,27542
27444,27458
27446,27455
27448,27470
27455,27461
27445,27419
27507,27505
27461,27419
27479,27445
27459,27523
27446,27543
27438,27544
27450,27430
27454,27434
27467,27429
27433,27477
27445,27506
27455,27456
27470,27460
27461,27428
27430,27416
27507,27473
27480,27415
27437,27501
27423,27545
27465,27462
27457,27458
27419,27482
27429,27500
27479,27428
27435,27546
27489,27538
27463,27464
27448,27427
27417,27495
27444,27430
27442,27443
27440,27547
27415,27428
27467,27494
27521,27540
27445,27548
27470,27416
27465,27428
27461,27416
27430,27416
27480,27434
27417,27418
27479,27460
27437,27427
27423,27511
27419,27443
27457,27506
27429,27500
27435,27546
27459,27445
27463,27483
27489,27549
27431,27432
27439,27550
27425,27473
27421,27551
27552,27550
27425,27501
27431,27477
27552,27553
27459,27509
27442,27456
27425,27505
27421,27445
27446,27451
27450,27554
27438,27555
27440,27556
27552,27467
27535,27486
27467,27415
27415,27428
27557,27548
27445,27558
27433,27488
27461,27430
27470,27460
27437,27452
27480,27506
27423,27472
27457,27559
27417,27471
27419,27460
27435,27487
27475,27523
27430,27460
27459,27523
27433,27432
27444,27540
27463,27516
27421,27484
27444,27560
27442,27488
27440,27561
27446,27562
27535,27416
27467,27415
27415,27416
27445,27540
27455,27446
27433,27456
27461,27419
27470,27416
27437,27449
27417,27418
27480,27477
27423,27519
27465,27501
27457,27563
27419,27481
27429,27430
27479,27445
27435,27436
27430,27428
27475,27445
27431,27564
27446,27562
27444,27473
27438,27565
27470,27428
27479,27460
27459,27416
27457,27563
27463,27516
27437,27566
27461,27416
27417,27495
27419,27487
27423,27567
27421,27445
27425,27419
27429,27462
27435,27436
27431,27564
27442,27432
27439,27550
27552,27467
27440,27502
27446,27501
27438,27568
27444,27518
27507,27458
27433,27432
27455,27504
27445,27463
27535,27419
27480,27477
27467,27415
27417,27471
27457,27559
27437,27536
27421,27569
27423,27537
27419,27420
27425,27416
27429,27430
27435,27546
27431,27570
27475,27493
27426,27416
27442,27434
27489,27504
27438,27571
27439,27572
27440,27573
27446,27516
27444,27416
27507,27473
27433,27488
27455,27443
27450,27416
27415,27540
27465,27416
27430,27428
27513,27448
27415,27416
27445,27419
27445,27416
27480,27443
27470,27445
27430,27460
27479,27416
27465,27533
27461,27462
27417,27495
27437,27449
27457,27470
27419,27420
27423,27574
27463,27575
27425,27446
27429,27430
27459,27445
27435,27436
27421,27445
27489,27452
27431,27434
27439,27429
27576,27509
27552,27499
27440,27441
27442,27541
27467,27468
27467,27498
27415,27428
27450,27540
27465,27523
27480,27506
27430,27428
27479,27445
27461,27501
27417,27471
27437,27452
27457,27577
27419,27526
27423,27578
27463,27579
27421,27484
27425,27560
27459,27451
27435,27487
27475,27533
27489,27430
27431,27580
27552,27572
27446,27581
27440,27476
27438,27539
27442,27477
27444,27546
27433,27434
27455,27455
27527,27528
27438,27582
27423,27583
27454,27455
27437,27501
27498,27467
27425,27560
27423,27584
27465,27523
27461,27430
27552,27467
27535,27428
27431,27580
27480,27506
27448,27427
27417,27495
27429,27585
27446,27540
27463,27572
27489,27586
27527,27587
27557,27428
27442,27432
27467,27429
27457,27416
27433,27443
27454,27434
27513,27529
27467,27542
27457,27419
27442,27488
27446,27419
27527,27528
27489,27572
27457,27509
27444,27505
27454,27434
27433,27456
27437,27416
27588,27476
27425,27486
27552,27553
27465,27428
27423,27511
27431,27488
27461,27430
27459,27523
27417,27418
27430,27416
27429,27585
27513,27425
27446,27554
27463,27454
27527,27445
27489,27429
27589,27523
27437,27438
27415,27428
27586,27445
27465,27533
27489,27590
27527,27445
27591,27453
27467,27542
27438,27592
27557,27548
27454,27477
27552,27593
27498,27499
27535,27446
27415,27416
27461,27428
27423,27594
27430,27460
27480,27503
27513,27501
27425,27548
27553,27595
27446,27543
27489,27499
27439,27499
27527,27596
27467,27494
27438,27597
27444,27486
27446,27523
27463,27499
27425,27419
27553,27598
27535,27486
27431,27432
27461,27419
27435,27436
27599,27443
27423,27600
27430,27428
27480,27506
27542,27427
27513,27427
27446,27438
27429,27601
27489,27454
27527,27528
27438,27602
27444,27428
27557,27416
27454,27526
27433,27434
27415,27416
27535,27535
27461,27428
27423,27603
27430,27416
27542,27416
27513,27521
27429,27604
27513,27446
27479,27428
27461,27419
27421,27605
27417,27418
27423,27606
27430,27428
27535,27416
27480,27443
27527,27587
27463,27607
27429,27601
27513,27608
27446,27609
27557,27430
27457,27416
27467,27542
27588,27610
27552,27572
27437,27515
27433,27434
27431,27443
27454,27443
27465,27416
27425,27611
27459,27509
27423,27493
27425,27427
27461,27428
27465,27501
27454,27477
27552,27612
27421,27445
27454,27434
27459,27428
27425,27473
27423,27470
27430,27416
27461,27428
27480,27481
27417,27495
27535,27486
27527,27445
27463,27499
27429,27613
27433,27443
27513,27419
27446,27614
27489,27615
27588,27616
27457,27419
27467,27429
27552,27572
27437,27438
27431,27434
27448,27430
27459,27493
27448,27449
27421,27445
27535,27419
27463,27550
27513,27423
27446,27576
27489,27514
27426,27540
27457,27445
27467,27429
27433,27477
27448,27416
27454,27477
27425,27617
27437,27427
27588,27616
27465,27533
27552,27499
27459,27451
27431,27564
27423,27470
27461,27416
27421,27445
27535,27535
27417,27471
27438,27618
27480,27482
27430,27460
27527,27587
27430,27460
27429,27601
27480,27488
27417,27495
27480,27455
27527,27528
27463,27619
27429,27604
27513,27529
27446,27453
27489,27499
27457,27501
27433,27488
27588,27620
27454,27443
27437,27529
27425,27416
27465,27501
27459,27416
27552,27550
27431,27477
27423,27545
27421,27621
27461,27419
27430,27428
27535,27428
27438,27622
27417,27471
27521,27473
27465,27438
27437,27536
27454,27455
27442,27434
27425,27560
27454,27477
27448,27540
27433,27477
27465,27501
27444,27486
27599,27455
27440,27441
27535,27446
27623,27458
27527,27596
27461,27428
27430,27428
27421,27624
27557,27548
27513,27625
27553,27626
27489,27514
27417,27471
27415,27428
27463,27619
27446,27562
27480,27481
27423,27627
27446,27493
27463,27607
27480,27443
27513,27453
27415,27416
27553,27428
27480,27434
27417,27418
27489,27454
27446,27515
27425,27473
27527,27587
27467,27429
27457,27416
27437,27438
27433,27443
27444,27416
27535,27419
27507,27628
27461,27430
27435,27487
27423,27497
27430,27460
27557,27460
27553,27523
27513,27521
27489,27499
27415,27428
27498,27499
27445,27445
27527,27445
27467,27429
27437,27449
27444,27445
27461,27430
27423,27629
27429,27604
27513,27440
27421,27630
27417,27495
27557,27460
27480,27488
27446,27559
27463,27499
27415,27631
27467,27542
27507,27428
27455,27443
27465,27445
27463,27632
27417,27495
27589,27430
27591,27633
27419,27482
27467,27468
27450,27554
27433,27432
27448,27634
27430,27428
27454,27443
27457,27416
27457,27445
27425,27419
27454,27526
27448,27416
27433,27456
27535,27419
27444,27427
27435,27436
27552,27467
27461,27419
27423,27635
27430,27416
27513,27492
27421,27445
27489,27586
27557,27416
27439,27553
27465,27523
27415,27416
27417,27418
27446,27444
27463,27572
27445,27540
27442,27477
27498,27553
27425,27473
27421,27636
27423,27637
27435,27638
27423,27639
27430,27460
27513,27608
27553,27428
27480,27415
27425,27416
27489,27514
27446,27451
27467,27429
27457,27501
27438,27640
27444,27445
27437,27427
27433,27477
27454,27443
27440,27441
27557,27430
27465,27416
27535,27416
27435,27546
27461,27430
27415,27428
27423,27641
27542,27540
27417,27471
27435,27638
27513,27425
27421,27445
27535,27486
27557,27445
27535,27416
27461,27430
27435,27546
27423,27642
27430,27416
27521,27643
27480,27455
27513,27453
27425,27611
27553,27523
27446,27546
27489,27615
27450,27510
27527,27587
27467,27429
27457,27445
27442,27443
27438,27644
27444,27416
27448,27427
27437,27515
27433,27456
27454,27443
27557,27501
27461,27419
27433,27488
27553,27416
27463,27550
27454,27526
27498,27467
27535,27535
27552,27572
27557,27445
27461,27428
27435,27487
27423,27645
27513,27529
27553,27416
27415,27416
27480,27514
27417,27495
27489,27572
27446,27516
27425,27617
27527,27596
27457,27501
27437,27529
27433,27488
27454,27434
27444,27518
27535,27428
27557,27428
27461,27419
27433,27434
27425,27427
27444,27546
27448,27470
27489,27586
27446,27646
27527,27445
27467,27542
27457,27419
27438,27647
27444,27428
27433,27456
27454,27477
27465,27428
27440,27610
27535,27446
27557,27416
27435,27436
27461,27419
27421,27445
27423,27648
27415,27428
27513,27507
27553,27523
27489,27429
27425,27486
27446,27541
27527,27528
27442,27477
27437,27501
27465,27416
27489,27427
27463,27464
27433,27434
27444,27428
27599,27477
27435,27436
27513,27453
27489,27531
27461,27416
27430,27460
27450,27523
27421,27649
27423,27650
27425,27427
27446,27543
27557,27548
27426,27445
27463,27566
27521,27445
27576,27523
27415,27428
27448,27427
27433,27488
27444,27486
27425,27458
27599,27443
27417,27495
27535,27486
27448,27427
27454,27477
27415,27416
27576,27523
27454,27477
27448,27430
27425,27560
27535,27416
27433,27456
27444,27505
27599,27506
27435,27487
27461,27430
27513,27453
27489,27501
27498,27467
27465,27523
27423,27651
27521,27501
27480,27443
27557,27460
27426,27634
27463,27492
27445,27449
27467,27652
27576,27509
27415,27416
27435,27491
27513,27653
27461,27430
27430,27428
27446,27590
27480,27506
27463,27654
27426,27507
27467,27652
27576,27428
27557,27416
27457,27445
27454,27434
27415,27416
27535,27446
27444,27427
27599,27455
27425,27419
27435,27491
27552,27499
27489,27427
27430,27428
27498,27467
27465,27416
27461,27419
27423,27535
27446,27522
27480,27514
27463,27540
27419,27428
27467,27416
27423,27655
27465,27428
27498,27553
27465,27501
27423,27656
27446,27438
27480,27503
27426,27416
27463,27643
27445,27416
27467,27652
27576,27428
27557,27501
27415,27428
27457,27419
27454,27443
27448,27430
27535,27486
27444,27473
27440,27610
27425,27473
27435,27436
27513,27521
27461,27416
27430,27460
27501,27554
27489,27430
27450,27554
27426,27540
27445,27445
27463,27619
27415,27428
27425,27419
27448,27470
27498,27499
27433,27488
27535,27428
27440,27441
27444,27560
27435,27546
27461,27416
27430,27428
27507,27428
27421,27445
27429,27604
27423,27657
27465,27438
27557,27548
27446,27581
27480,27504
27415,27416
27463,27454
27445,27416
27467,27429
27454,27443
27489,27429
27419,27428
27513,27538
27489,27430
27513,27608
27419,27460
27415,27416
27557,27548
27445,27449
27535,27446
27576,27523
27448,27416
27459,27428
27467,27429
27463,27540
27438,27658
27480,27426
27552,27467
27446,27543
27461,27428
27421,27445
27423,27659
27425,27473
27430,27416
27429,27585
27440,27610
27479,27416
27435,27487
27660,27427
27425,27416
27448,27540
27433,27477
27440,27610
27429,27585
27521,27540
27557,27501
27446,27516
27417,27418
27480,27477
27463,27550
27445,27558
27415,27428
27454,27434
27425,27486
27433,27443
27444,27458
27440,27441
27507,27505
27461,27428
27513,27425
27498,27499
27421,27445
27465,27533
27423,27470
27446,27464
27417,27471
27480,27415
27426,27449
27423,27661
27557,27428
27489,27662
27552,27550
27444,27473
27437,27416
27435,27491
27461,27428
27430,27416
27513,27452
27489,27454
27423,27541
27557,27430
27446,27430
27480,27482
27426,27419
27463,27607
27445,27548
27415,27428
27454,27526
27448,27449
27425,27611
27433,27434
27535,27535
27444,27505
27440,27610
27435,27638
27498,27467
27461,27419
27513,27521
27467,27652
27557,27428
27457,27576
27421,27649
27451,27546
27430,27460
27429,27604
27479,27416
27470,27445
27489,27415
27425,27427
27513,27625
27440,27616
27415,27428
27446,27501
27535,27535
27521,27416
27576,27523
27557,27416
27454,27477
27417,27418
27463,27509
27467,27415
27426,27540
27419,27460
27480,27481
27552,27553
27445,27548
27423,27650
27461,27419
27552,27572
27479,27416
27429,27585
27425,27473
27513,27663
27440,27616
27433,27443
27623,27416
27437,27576
27444,27540
27591,27664
27415,27428
27535,27486
27445,27416
27431,27665
27576,27428
27454,27443
27557,27445
27457,27501
27463,27540
27467,27498
27426,27416
27419,27416
27480,27434
27450,27416
27465,27533
27423,27666
27450,27510
27446,27607
27461,27430
27429,27601
27489,27549
27479,27460
27513,27538
27433,27477
27444,27458
27415,27416
27535,27416
27445,27444
27576,27428
27557,27445
27454,27526
27438,27667
27467,27470
27426,27419
27521,27416
27417,27495
27419,27416
27480,27455
27446,27668
27465,27416
27461,27501
27423,27669
27498,27499
27552,27499
27430,27460
27470,27445
27501,27554
27423,27627
27451,27428
27421,27649
27430,27428
27429,27601
27489,27452
27553,27428
27479,27428
27425,27419
27440,27441
27444,27518
27535,27419
27415,27416
27445,27445
27576,27428
27557,27428
27521,27445
27467,27468
27426,27445
27463,27427
27419,27428
27417,27471
27480,27488
27552,27550
27446,27662
27461,27428
27421,27445
27451,27460
27430,27428
27491,27430
27479,27416
27513,27452
27489,27542
27444,27505
27445,27558
27535,27535
27557,27501
27576,27428
27467,27415
27463,27427
27438,27670
27461,27419
27421,27649
27430,27460
27425,27451
27429,27604
27479,27460
27489,27493
27513,27446
27437,27416
27426,27449
27415,27428
27535,27419
27445,27449
27557,27460
27425,27416
27521,27501
27444,27546
27415,27428
27454,27526
27576,27523
27445,27430
27415,27671
27535,27428
27444,27560
27425,27560
27435,27638
27513,27507
27489,27466
27430,27460
27461,27428
27421,27445
27423,27645
27552,27553
27417,27418
27480,27477
27463,27416
27426,27419
27467,27462
27557,27430
27454,27434
27448,27416
27576,27523
27445,27672
27433,27432
27489,27549
27576,27509
27450,27430
27421,27445
27430,27416
27425,27486
27470,27428
27451,27546
27479,27428
27429,27585
27660,27428
27440,27441
27437,27452
27444,27560
27415,27428
27445,27419
27419,27460
27576,27523
27557,27430
27417,27471
27463,27416
27467,27415
27426,27576
27450,27540
27480,27504
27461,27416
27446,27581
27421,27445
27423,27541
27467,27429
27446,27464
27465,27428
27446,27516
27461,27416
27423,27485
27421,27445
27430,27428
27451,27416
27589,27416
27425,27416
27479,27460
27429,27604
27489,27470
27513,27448
27426,27427
27415,27416
27444,27427
27445,27506
27419,27416
27417,27495
27448,27540
27557,27501
27457,27449
27463,27427
27467,27468
27450,27449
27480,27455
27461,27462
27440,27610
27470,27416
27429,27673
27674,27449
27445,27548
27429,27430
27435,27436
27475,27428
27489,27531
27480,27504
27433,27456
27448,27430
27437,27449
27507,27675
27465,27428
27419,27676
27576,27523
27591,27677
27446,27464
27535,27446
27479,27460
27431,27455
27425,27446
27467,27415
27430,27428
27440,27616
27463,27483
27459,27428
27589,27428
27423,27650
27470,27462
27475,27493
27489,27462
27480,27443
27433,27477
27437,27438
27419,27460
27459,27451
27444,27505
27448,27449
27507,27416
27576,27428
27446,27419
27479,27445
27535,27416
27431,27443
27425,27548
27467,27468
27430,27416
27552,27499
27415,27428
27421,27422
27463,27516
27438,27678
27461,27430
27557,27416
27557,27501
27461,27428
27415,27416
27438,27555
27674,27649
27429,27430
27589,27430
27465,27438
27438,27520
27435,27546
27475,27523
27489,27538
27445,27540
27444,27416
27576,27523
27591,27679
27448,27540
27535,27486
27446,27516
27419,27416
27431,27434
27467,27429
27479,27416
27552,27467
27507,27628
27425,27416
27440,27610
27430,27460
27461,27419
27423,27537
27435,27487
27470,27428
27421,27484
27423,27578
27429,27500
27465,27416
27435,27638
27475,27523
27445,27506
27480,27434
27444,27458
27437,27427
27448,27416
27507,27428
27459,27523
27419,27680
27576,27509
27591,27453
27446,27447
27535,27428
27431,27665
27425,27419
27467,27494
27479,27428
27440,27610
27430,27460
27557,27548
27461,27416
27415,27428
27429,27500
27589,27523
27423,27485
27419,27416
27465,27533
27448,27634
27463,27464
27444,27427
27431,27580
27507,27488
27479,27428
27421,27681
27430,27428
27446,27625
27552,27550
27442,27541
27535,27419
27415,27416
27467,27494
27438,27682
27459,27428
27557,27428
27461,27416
27470,27428
27445,27445
27423,27567
27480,27481
27591,27683
27489,27542
27433,27488
27475,27428
27457,27672
27426,27419
27431,27488
27437,27625
27453,27445
27425,27560
27421,27524
27479,27460
27442,27434
27446,27478
27552,27572
27467,27429
27415,27428
27438,27684
27440,27685
27557,27416
27459,27416
27461,27430
27470,27445
27423,27511
27445,27515
27433,27443
27480,27488
27437,27427
27417,27418
27429,27462
27435,27546
27415,27416
27437,27501
27429,27501
27475,27501
27437,27451
27489,27501
27433,27443
27480,27514
27591,27686
27448,27470
27419,27428
27576,27523
27507,27505
27446,27543
27479,27416
27425,27486
27535,27428
27430,27416
27467,27429
27457,27536
27552,27553
27415,27428
27438,27687
27440,27688
27463,27464
27470,27445
27461,27419
27557,27460
27435,27546
27417,27471
27429,27462
27589,27428
27435,27436
27457,27577
27475,27462
27489,27504
27419,27416
27576,27428
27444,27486
27479,27416
27465,27523
27446,27491
27425,27427
27535,27446
27430,27460
27552,27572
27421,27469
27431,27570
27467,27468
27440,27689
27415,27416
27442,27432
27438,27690
27557,27430
27463,27575
27461,27428
27423,27574
27445,27449
27448,27540
27470,27416
27423,27519
27430,27428
27429,27673
27440,27616
27415,27428
27489,27501
27475,27559
27445,27419
27557,27430
27535,27428
27448,27430
27576,27428
27479,27416
27431,27570
27446,27430
27467,27498
27463,27523
27442,27443
27480,27446
27425,27427
27461,27428
27423,27691
27479,27445
27430,27460
27470,27428
27438,27565
27423,27650
27419,27416
27470,27416
27415,27416
27491,27428
27489,27452
27513,27529
27465,27523
27475,27523
27557,27460
27437,27501
27444,27430
27459,27509
27445,27515
27591,27453
27535,27486
27450,27449
27438,27555
27448,27449
27576,27523
27417,27495
27431,27488
27446,27447
27467,27468
27463,27692
27480,27455
27425,27486
27461,27430
27429,27585
27419,27416
27489,27486
27513,27625
27415,27416
27459,27509
27444,27546
27445,27558
27591,27693
27557,27428
27535,27428
27448,27634
27417,27418
27576,27523
27431,27443
27467,27468
27438,27694
27446,27478
27463,27416
27450,27554
27480,27455
27552,27572
27442,27434
27425,27419
27421,27445
27461,27430
27423,27648
27430,27460
27479,27428
27433,27432
27429,27430
27419,27428
27489,27531
27415,27428
27465,27523
27433,27434
27475,27577
27459,27445
27444,27518
27557,27416
27591,27693
27535,27446
27448,27427
27576,27428
27431,27455
27446,27429
27438,27695
27467,27415
27463,27696
27450,27540
27425,27560
27421,27445
27461,27419
27423,27637
27430,27428
27440,27616
27479,27428
27429,27585
27513,27453
27430,27416
27479,27460
27423,27497
27674,27493
27513,27423
27465,27416
27489,27427
27438,27697
27445,27449
27444,27473
27591,27453
27450,27523
27535,27419
27576,27428
27417,27495
27446,27450
27467,27494
27419,27428
27507,27458
27552,27550
27479,27428
27425,27548
27463,27509
27442,27488
27480,27503
27470,27416
27415,27428
27421,27525
27423,27698
27461,27416
27415,27416
27480,27482
27674,27445
27429,27462
27438,27699
27513,27453
27435,27638
27465,27533
27489,27452
27445,27515
27475,27428
27444,27428
27459,27451
27576,27428
27591,27453
27450,27509
27535,27535
27446,27581
27467,27415
27419,27460
27552,27553
27507,27501
27425,27473
27479,27460
27463,27566
27430,27428
27461,27428
27470,27428
27557,27430
27430,27428
27429,27500
27489,27430
27465,27428
27513,27462
27475,27428
27557,27460
27459,27416
27444,27458
27445,27558
27591,27700
27535,27419
27450,27609
27438,27701
27448,27470
27576,27509
27431,27477
27446,27419
27419,27460
27467,27429
27425,27416
27463,27449
27552,27467
27480,27426
27470,27445
27461,27416
27440,27610
27435,27436
27423,27545
27429,27506
27423,27424
27674,27451
27489,27549
27475,27533
27557,27428
27444,27486
27438,27702
27445,27445
27591,27664
27535,27535
27417,27471
27448,27634
27576,27523
27431,27564
27446,27491
27467,27468
27419,27428
27552,27499
27425,27451
27442,27456
27470,27462
27480,27446
27461,27430
27415,27428
27421,27445
27479,27445
27430,27460
27457,27501
27437,27449
27588,27620
27557,27416
27467,27429
27417,27471
27430,27416
27457,27576
27459,27416
27588,27441
27435,27436
27480,27514
27546,27477
27433,27456
27421,27445
27446,27662
27442,27488
27513,27427
27465,27501
27591,27703
27421,27445
27417,27495
27557,27501
27457,27416
27459,27451
27435,27487
27480,27455
27425,27419
27465,27428
27591,27693
27552,27550
27552,27553
27591,27664
27465,27523
27467,27429
27421,27704
27417,27495
27457,27501
27459,27523
27480,27482
27425,27416
27433,27477
27552,27499
27591,27453
27557,27460
27465,27533
27467,27542
27421,27705
27417,27471
27457,27509
27459,27445
27435,27487
27480,27504
27425,27548
27433,27456
27442,27461
27433,27488
27546,27443
27442,27443
27425,27617
27435,27706
27433,27434
27480,27503
27546,27506
27442,27434
27446,27510
27552,27467
27513,27453
27425,27611
27591,27664
27421,27445
27417,27471
27557,27460
27457,27501
27459,27445
27498,27499
27433,27477
27480,27443
27546,27514
27442,27456
27446,27543
27552,27612
27425,27501
27465,27533
27454,27477
27498,27467
27442,27443
27459,27416
27557,27501
27446,27707
27552,27553
27465,27416
27591,27453
27421,27708
27467,27429
27417,27495
27557,27445
27457,27445
27459,27523
27435,27436
27433,27443
27480,27434
27546,27434
27442,27477
27425,27458
27446,27516
27552,27572
27513,27440
27465,27523
27591,27693
27461,27430
27467,27542
27421,27649
27417,27471
27457,27419
27417,27495
27433,27434
27425,27473
27417,27495
27457,27445
27459,27509
27435,27709
27425,27505
27480,27415
27433,27477
27442,27477
27591,27453
27465,27523
27421,27445
27421,27710
27417,27471
27459,27416
27435,27436
27557,27430
27480,27514
27433,27456
27442,27456
27552,27553
27591,27711
27672,27460
27465,27445
27421,27445
27457,27419
27465,27462
27672,27535
27513,27553
27465,27416
27421,27712
27417,27471
27457,27501
27459,27451
27435,27487
27480,27504
27433,27713
27442,27461
27552,27572
27513,27608
27672,27460
27465,27493
27467,27542
27421,27445
27417,27495
27457,27416
27459,27416
27435,27451
27425,27419
27480,27488
27433,27488
27442,27434
27591,27453
27552,27612
27417,27471
27457,27509
27459,27428
27435,27487
27442,27477
27513,27521
27591,27453
27552,27467
27557,27428
27439,27572
27465,27428
27421,27445
27417,27471
27457,27419
27459,27523
27435,27436
27425,27560
27480,27455
27433,27488
27442,27434
27552,27550
27591,27693
27557,27430
27465,27501
27421,27714
27417,27471
27457,27445
27459,27428
27435,27436
27433,27443
27480,27434
27480,27506
27535,27446
27425,27427
27480,27481
27433,27443
27442,27432
27557,27428
27591,27453
27552,27550
27672,27535
27465,27416
27421,27710
27417,27495
27457,27576
27459,27451
27425,27486
27480,27503
27433,27434
27442,27488
27557,27501
27552,27572
27465,27533
27421,27445
27417,27495
27457,27416
27459,27445
27435,27487
27425,27501
27557,27416
27457,27509
27433,27488
27437,27427
27457,27416
27442,27477
27425,27501
27527,27596
27417,27471
27459,27523
27480,27415
27423,27493
27463,27572
27430,27416
27421,27715
27461,27430
27431,27665
27588,27476
27465,27501
27513,27448
27557,27416
27446,27464
27552,27553
27421,27445
27437,27515
27457,27445
27442,27434
27433,27443
27552,27612
27446,27548
27553,27716
27588,27441
27552,27572
27557,27501
27421,27445
27446,27523
27459,27451
27437,27548
27457,27419
27425,27462
27527,27587
27442,27488
27417,27495
27480,27481
27433,27456
27467,27429
27423,27574
27463,27499
27461,27428
27431,27564
27435,27546
27623,27416
27588,27616
27465,27438
27557,27548
27513,27419
27527,27445
27417,27418
27425,27451
27480,27415
27435,27506
27588,27441
27513,27452
27431,27665
27557,27430
27446,27501
27465,27416
27552,27553
27437,27438
27442,27443
27421,27445
27457,27419
27480,27503
27459,27445
27467,27542
27527,27528
27425,27505
27417,27418
27423,27574
27461,27428
27463,27607
27433,27456
27588,27620
27513,27529
27489,27425
27463,27454
27465,27416
27433,27488
27417,27471
27459,27445
27467,27429
27423,27717
27430,27460
27461,27416
27433,27477
27535,27486
27463,27550
27435,27706
27718,27488
27588,27620
27431,27432
27557,27501
27446,27416
27465,27533
27552,27499
27437,27449
27457,27416
27442,27432
27421,27719
27459,27428
27480,27434
27527,27596
27423,27470
27425,27473
27461,27416
27623,27416
27435,27436
27431,27434
27552,27499
27421,27445
27465,27523
27459,27428
27557,27460
27417,27471
27435,27487
27527,27587
27457,27419
27479,27416
27433,27443
27498,27499
27446,27430
27442,27432
27425,27419
27589,27416
27463,27550
27423,27470
27461,27416
27588,27620
27535,27535
27421,27445
27465,27428
27527,27445
27557,27430
27463,27572
27417,27471
27425,27486
27546,27501
27480,27506
27507,27501
27442,27461
27446,27720
27513,27625
27425,27473
27465,27501
27454,27455
27557,27428
27417,27418
27535,27450
27435,27706
27433,27541
27446,27562
27442,27432
27425,27560
27465,27416
27417,27495
27557,27430
27435,27436
27457,27445
27433,27456
27446,27515
27589,27428
27513,27426
27442,27434
27513,27425
27459,27509
27513,27446
27454,27477
27430,27428
27461,27428
27435,27638
27465,27501
27588,27620
27552,27467
27557,27428
27513,27507
27421,27721
27446,27438
27459,27416
27437,27501
27457,27576
27417,27495
27433,27434
27425,27548
27527,27528
27442,27443
27480,27477
27423,27545
27463,27454
27454,27443
27461,27416
27535,27419
27463,27607
27479,27428
27423,27641
27433,27434
27446,27451
27433,27477
27457,27501
27425,27416
27442,27477
27521,27722
27589,27430
27463,27619
27461,27419
27535,27428
27588,27476
27465,27533
27421,27723
27459,27451
27552,27550
27557,27416
27513,27423
27498,27467
27417,27418
27446,27554
27457,27416
27437,27416
27527,27596
27425,27427
27480,27488
27442,27456
27442,27456
27591,27724
27433,27434
27435,27487
27623,27458
27546,27506
27439,27499
27423,27645
27425,27560
27419,27460
27437,27416
27445,27540
27435,27609
27431,27570
27419,27428
27433,27477
27425,27415
27421,27725
27445,27416
27435,27487
27448,27540
27425,27611
27513,27507
27431,27477
27435,27436
27588,27476
27546,27443
27588,27441
27425,27419
27589,27430
27435,27504
27674,27510
27419,27416
27445,27430
27589,27428
27501,27491
27425,27427
27421,27726
27419,27416
27437,27515
27433,27443
27445,27501
27435,27436
27429,27585
27425,27548
27419,27428
27437,27548
27435,27436
27445,27515
27589,27416
27448,27449
27425,27505
27513,27727
27419,27416
27431,27580
27445,27506
27425,27473
27419,27460
27435,27706
27491,27419
27435,27487
27431,27455
27623,27458
27546,27477
27467,27468
27425,27486
27421,27728
27435,27546
27433,27434
27425,27560
27672,27460
27435,27609
27431,27488
27448,27540
27623,27416
27439,27550
27425,27501
27421,27725
27435,27609
27467,27468
27425,27611
27435,27504
27513,27487
27672,27535
27435,27546
27425,27415
27513,27507
27513,27638
27437,27438
27546,27514
27425,27486
27421,27445
27419,27428
27435,27546
27431,27443
27448,27430
27425,27548
27419,27416
27435,27546
27445,27509
27448,27634
27425,27501
27435,27487
27445,27449
27448,27449
27425,27416
27513,27729
27419,27428
27445,27430
27467,27494
27425,27473
27435,27436
27445,27730
27425,27419
27435,27436
27425,27617
27463,27454
27440,27502
27448,27451
27425,27415
27419,27428
27439,27429
27552,27499
27542,27416
27423,27574
27431,27434
27435,27731
27440,27610
27445,27445
27552,27572
27439,27499
27431,27580
27435,27436
27440,27616
27445,27506
27419,27460
27513,27638
27552,27467
27542,27554
27437,27501
27431,27477
27435,27706
27440,27610
27438,27732
27467,27733
27588,27476
27433,27456
27419,27460
27425,27427
27513,27729
27591,27453
27734,27434
27437,27416
27433,27488
27435,27609
27588,27620
27438,27735
27445,27430
27425,27419
27429,27585
27437,27536
27734,27443
27440,27502
27435,27706
27588,27441
27467,27733
27445,27416
27425,27419
27419,27428
27542,27554
27501,27554
27431,27455
27435,27487
27433,27443
27445,27430
27446,27607
27674,27416
27437,27449
27672,27535
27501,27554
27435,27706
27461,27419
27438,27736
27467,27542
27442,27432
27419,27460
27425,27611
27445,27416
27437,27427
27501,27554
27435,27487
27623,27416
27448,27416
27467,27468
27425,27486
27513,27487
27421,27737
27419,27428
27437,27501
27445,27445
27435,27487
27419,27428
27425,27473
27439,27553
27445,27506
27419,27416
27552,27499
27542,27540
27437,27515
27734,27477
27431,27443
27435,27609
27491,27460
27445,27540
27425,27560
27419,27416
27501,27554
27431,27564
27435,27638
27440,27502
27588,27620
27623,27458
27467,27738
27445,27445
27425,27501
27419,27460
27501,27491
27437,27427
27435,27436
27623,27416
27425,27416
27431,27570
27461,27428
27423,27641
27467,27429
27435,27653
27513,27557
27433,27477
27435,27491
27425,27427
27513,27608
27435,27499
27425,27586
27513,27739
27435,27740
27513,27529
27425,27611
27435,27436
27425,27546
27435,27487
27425,27470
27423,27641
27557,27416
27467,27443
27433,27488
27435,27546
27425,27462
27435,27436
27513,27453
27435,27436
27513,27466
27425,27462
27425,27501
27423,27717
27513,27440
27433,27434
27421,27741
27435,27451
27425,27742
27467,27429
27435,27436
27425,27560
27513,27625
27435,27487
27425,27416
27672,27460
27467,27542
27513,27553
27433,27456
27435,27504
27425,27505
27423,27743
27425,27452
27513,27507
27435,27487
27425,27470
27433,27443
27425,27506
27672,27428
27513,27425
27433,27456
27433,27477
27513,27440
27435,27709
27425,27473
27433,27443
27446,27429
27513,27625
27467,27429
27421,27725
27435,27436
27425,27416
27513,27419
27435,27487
27425,27560
27513,27426
27672,27428
27465,27445
27435,27436
27425,27548
27442,27443
27446,27566
27513,27557
27672,27675
27421,27725
27425,27611
27425,27473
27435,27460
27421,27445
27513,27608
27423,27470
27513,27446
27435,27487
27425,27493
27435,27436
27425,27451
27672,27535
27513,27507
27467,27503
27435,27436
27425,27501
27513,27427
27439,27553
27467,27434
27433,27488
27435,27487
27425,27419
27672,27675
27513,27521
27465,27501
27435,27487
27425,27744
27467,27481
27435,27436
27425,27505
27465,27462
27513,27425
27557,27460
27425,27458
27513,27706
27425,27416
27435,27745
27513,27507
27421,27737
27425,27548
27467,27429
27435,27745
27425,27611
27423,27493
27435,27746
27425,27486
27435,27747
27513,27727
27425,27427
27435,27611
27467,27542
27433,27456
27513,27729
27435,27709
27425,27419
27435,27546
27433,27434
27435,27487
27425,27505
27435,27748
27513,27487
27425,27473
27435,27748
27513,27487
27425,27427
27421,27445
27435,27487
27425,27548
27435,27436
27672,27428
27439,27429
27513,27507
27425,27416
27423,27470
27467,27542
27435,27419
27425,27617
27421,27725
27437,27576
27435,27749
27672,27416
27513,27729
27425,27505
27435,27706
27433,27477
27442,27488
27425,27542
27421,27728
27513,27727
27535,27461
27435,27749
27513,27507
27435,27436
27433,27434
27425,27427
27435,27487
27423,27545
27513,27727
27425,27416
27513,27487
27425,27470
27435,27436
27467,27542
27513,27521
27425,27473
27435,27535
27513,27419
27433,27443
27513,27426
27435,27436
27425,27506
27513,27427
27435,27487
27425,27450
27513,27446
27433,27477
27435,27504
27425,27506
27425,27451
27513,27727
27435,27436
27435,27436
27425,27505
27513,27727
27435,27504
27425,27501
27467,27429
27672,27460
27513,27487
27435,27487
27425,27462
27421,27750
27435,27436
27425,27419
27433,27456
27435,27436
27425,27452
27513,27507
27435,27487
27425,27473
27467,27494
27435,27487
27425,27458
27433,27488
27513,27487
27423,27574
27425,27560
27557,27428
27446,27449
27465,27428
27589,27428
27553,27428
27507,27501
27419,27481
27417,27495
27450,27430
27423,27537
27444,27518
27513,27529
27415,27540
27455,27500
27546,27434
27435,27487
27475,27428
27470,27460
27433,27477
27553,27416
27589,27416
27507,27488
27479,27428
27438,27751
27419,27482
27417,27471
27450,27554
27445,27540
27433,27434
27475,27523
27445,27419
27498,27752
27423,27578
27444,27540
27455,27456
27513,27507
27501,27554
27429,27430
27445,27445
27470,27428
27435,27546
27589,27523
27489,27427
27546,27477
27448,27509
27419,27482
27467,27498
27426,27576
27423,27567
27444,27458
27542,27554
27513,27446
27415,27540
27429,27500
27470,27445
27435,27436
27572,27488
27423,27424
27527,27445
27444,27560
27489,27542
27444,27505
27455,27504
27470,27445
27553,27523
27507,27501
27419,27526
27589,27523
27433,27432
27438,27753
27450,27438
27461,27416
27586,27754
27426,27445
27423,27497
27513,27446
27429,27462
27435,27487
27591,27755
27445,27515
27455,27446
27489,27462
27470,27416
27507,27416
27553,27416
27445,27451
27572,27541
27576,27523
27429,27430
27513,27538
27415,27416
27429,27500
27455,27506
27435,27436
27576,27428
27489,27486
27439,27553
27470,27460
27553,27523
27507,27473
27433,27488
27479,27428
27438,27756
27419,27481
27417,27471
27535,27446
27467,27468
27557,27430
27461,27428
27426,27416
27423,27545
27527,27596
27446,27668
27513,27440
27435,27487
27450,27449
27417,27418
27467,27429
27572,27734
27501,27554
27444,27458
27415,27428
27513,27440
27433,27456
27429,27462
27489,27462
27435,27436
27475,27462
27445,27463
27672,27535
27674,27458
27553,27428
27426,27540
27417,27495
27444,27540
27415,27416
27513,27423
27429,27430
27470,27460
27489,27486
27435,27504
27475,27533
27672,27460
27450,27416
27445,27558
27417,27418
27546,27443
27501,27491
27450,27540
27415,27540
27586,27757
27572,27456
27444,27560
27433,27443
27470,27416
27435,27706
27475,27523
27672,27428
27546,27506
27419,27420
27501,27554
27423,27511
27415,27416
27433,27488
27429,27500
27470,27445
27489,27531
27435,27487
27445,27558
27475,27493
27672,27675
27426,27445
27419,27481
27419,27420
27419,27526
27426,27509
27572,27446
27423,27583
27444,27518
27501,27554
27513,27423
27429,27462
27435,27487
27489,27504
27475,27493
27439,27499
27672,27675
27553,27416
27419,27526
27426,27427
27450,27523
27444,27473
27423,27519
27513,27448
27501,27491
27429,27462
27433,27456
27435,27436
27489,27531
27419,27420
27553,27523
27426,27548
27553,27416
27553,27428
27445,27416
27572,27443
27444,27473
27501,27491
27513,27448
27415,27428
27429,27500
27470,27416
27435,27436
27475,27501
27672,27428
27546,27456
27445,27449
27419,27443
27553,27509
27426,27427
27450,27501
27423,27574
27501,27554
27513,27538
27527,27528
27433,27443
27429,27430
27435,27487
27475,27428
27672,27416
27419,27443
27491,27486
27589,27428
27467,27415
27433,27477
27450,27449
27572,27443
27438,27758
27423,27574
27459,27445
27527,27596
27513,27625
27440,27441
27429,27500
27446,27543
27419,27526
27435,27436
27489,27486
27444,27473
27445,27449
27527,27445
27423,27545
27430,27460
27461,27430
27535,27416
27438,27759
27435,27487
27463,27499
27442,27541
27467,27415
27417,27418
27470,27428
27445,27445
27417,27495
27589,27523
27467,27494
27419,27482
27433,27477
27450,27416
27461,27416
27438,27760
27423,27578
27459,27523
27426,27540
27513,27507
27440,27476
27429,27462
27446,27447
27435,27487
27442,27477
27489,27452
27444,27427
27546,27456
27445,27416
27455,27456
27507,27458
27463,27464
27429,27761
27433,27443
27521,27762
27588,27476
27431,27455
27552,27550
27437,27416
27457,27576
27465,27428
27467,27429
27421,27445
27459,27451
27442,27456
27454,27455
27480,27514
27425,27419
27417,27471
27423,27545
27430,27416
27461,27430
27535,27460
27463,27454
27527,27596
27429,27763
27433,27434
27513,27521
27446,27419
27489,27764
27431,27432
27489,27427
27455,27488
27588,27476
27433,27477
27557,27460
27446,27540
27489,27765
27431,27580
27439,27572
27437,27501
27552,27499
27457,27509
27421,27766
27465,27533
27442,27456
27459,27523
27480,27477
27425,27611
27454,27767
27417,27418
27430,27428
27461,27419
27423,27493
27535,27446
27438,27768
27463,27619
27527,27587
27513,27739
27429,27586
27446,27470
27470,27460
27421,27469
27448,27769
27445,27558
27455,27455
27470,27428
27591,27770
27507,27628
27589,27548
27433,27432
27419,27526
27438,27771
27467,27494
27557,27445
27586,27772
27450,27523
27423,27424
27426,27540
27440,27773
27446,27572
27513,27427
27501,27491
27435,27436
27444,27535
27445,27540
27507,27428
27455,27481
27591,27774
27444,27427
27589,27450
27576,27523
27429,27462
27461,27430
27513,27507
27429,27500
27435,27436
27480,27775
27444,27416
27445,27506
27591,27776
27470,27428
27489,27430
27455,27434
27479,27460
27419,27443
27589,27430
27433,27488
27438,27777
27467,27498
27461,27416
27450,27510
27426,27419
27423,27485
27660,27523
27440,27773
27513,27529
27501,27554
27435,27706
27438,27778
27438,27779
27419,27481
27440,27502
27446,27581
27435,27436
27442,27443
27444,27445
27421,27445
27489,27531
27576,27428
27445,27419
27470,27416
27455,27461
27467,27429
27419,27420
27433,27443
27450,27540
27437,27491
27438,27760
27423,27545
27426,27576
27513,27501
27440,27476
27446,27501
27435,27487
27444,27560
27489,27501
27513,27557
27467,27415
27527,27445
27461,27419
27433,27434
27557,27460
27450,27501
27461,27430
27498,27752
27423,27472
27426,27449
27542,27427
27459,27451
27440,27476
27527,27587
27513,27538
27446,27532
27435,27487
27442,27432
27444,27540
27445,27449
27507,27505
27455,27535
27479,27428
27591,27780
27467,27468
27419,27443
27433,27456
27438,27644
27423,27567
27430,27416
27553,27509
27546,27514
27501,27554
27513,27781
27438,27782
27455,27477
27433,27432
27419,27420
27450,27451
27444,27518
27513,27783
27438,27784
27455,27456
27444,27458
27419,27482
27513,27785
27438,27786
27455,27455
27419,27481
27426,27427
27513,27787
27455,27430
27438,27788
27419,27482
27444,27458
27501,27540
27450,27510
27467,27468
27419,27526
27426,27445
27521,27722
27444,27505
27546,27443
27455,27434
27450,27510
27501,27540
27444,27560
27513,27789
27435,27436
27546,27477
27455,27446
27419,27420
27450,27540
27423,27424
27501,27554
27421,27524
27455,27481
27419,27443
27450,27449
27444,27473
27501,27540
27513,27789
27439,27429
27438,27790
27455,27443
27513,27783
27437,27449
27421,27524
27455,27504
27419,27420
27444,27505
27501,27523
27513,27791
27455,27434
27438,27792
27480,27448
27419,27482
27444,27473
27501,27449
27435,27487
27455,27461
27426,27416
27444,27416
27513,27748
27435,27436
27546,27456
27455,27481
27438,27793
27521,27449
27467,27498
27419,27443
27444,27428
27513,27546
27435,27706
27433,27443
27467,27429
27438,27794
27435,27706
27438,27795
27419,27526
27426,27416
27444,27486
27501,27554
27513,27781
27435,27706
27439,27550
27455,27488
27438,27796
27480,27452
27419,27481
27444,27560
27501,27449
27513,27783
27435,27487
27415,27428
27421,27525
27448,27501
27438,27797
27480,27798
27419,27443
27444,27427
27501,27416
27513,27791
27455,27477
27423,27574
27450,27554
27455,27504
27442,27432
27437,27515
27455,27436
27507,27473
27586,27799
27513,27800
27431,27665
27435,27487
27437,27416
27455,27521
27423,27583
27467,27494
27501,27554
27444,27458
27513,27801
27431,27443
27442,27488
27421,27422
27439,27429
27437,27576
27455,27729
27415,27416
27444,27427
27535,27428
27513,27802
27491,27535
27431,27434
27455,27487
27442,27488
27552,27467
27437,27426
27442,27488
27421,27445
27457,27445
27459,27416
27480,27504
27425,27470
27454,27434
27417,27495
27455,27727
27513,27803
27431,27580
27421,27484
27437,27646
27455,27470
27421,27525
27455,27493
27431,27432
27457,27449
27437,27548
27439,27550
27455,27727
27507,27488
27458,27503
27421,27569
27455,27446
27448,27427
27455,27638
27421,27445
27455,27500
27521,27445
27444,27428
27458,27443
27513,27804
27431,27564
27439,27553
27442,27443
27455,27479
27467,27415
27501,27554
27458,27455
27513,27789
27446,27470
27455,27488
27442,27434
27535,27416
27444,27427
27458,27514
27513,27789
27672,27675
27435,27506
27448,27416
27442,27477
27442,27432
27491,27501
27435,27546
27513,27804
27444,27473
27513,27803
27446,27450
27431,27488
27435,27706
27455,27436
27521,27540
27501,27449
27444,27416
27458,27517
27513,27804
27431,27580
27442,27521
27455,27487
27419,27526
27501,27554
27444,27486
27589,27416
27535,27535
27458,27482
27442,27541
27455,27727
27433,27456
27501,27540
27458,27488
27431,27570
27419,27482
27589,27509
27419,27481
27446,27515
27513,27446
27672,27416
27489,27427
27435,27706
27455,27504
27475,27523
27415,27428
27444,27416
27433,27434
27470,27445
27419,27420
27513,27415
27489,27486
27435,27436
27439,27429
27461,27419
27546,27434
27455,27444
27419,27443
27421,27422
27501,27554
27415,27540
27572,27477
27429,27462
27470,27416
27444,27428
27415,27416
27572,27477
27444,27416
27470,27460
27419,27526
27445,27540
27513,27521
27435,27436
27439,27572
27546,27443
27501,27805
27455,27477
27415,27540
27586,27451
27423,27650
27572,27434
27444,27560
27470,27445
27419,27443
27445,27419
27429,27806
27513,27448
27435,27546
27455,27434
27553,27523
27501,27554
27444,27486
27470,27416
27433,27477
27513,27487
27423,27635
27444,27427
27433,27434
27513,27727
27429,27500
27445,27419
27470,27460
27489,27452
27435,27436
27546,27477
27426,27419
27419,27526
27501,27554
27415,27428
27444,27505
27433,27432
27513,27507
27429,27430
27445,27445
27470,27428
27489,27549
27435,27546
27475,27445
27672,27535
27439,27499
27572,27807
27423,27519
27586,27808
27501,27554
27426,27427
27672,27428
27445,27506
27489,27427
27475,27428
27435,27487
27419,27482
27553,27523
27455,27481
27501,27491
27415,27416
27423,27567
27444,27809
27542,27523
27470,27428
27513,27507
27426,27416
27445,27540
27591,27453
27672,27460
27435,27487
27439,27550
27475,27462
27419,27481
27455,27488
27415,27540
27429,27500
27415,27428
27553,27428
27455,27456
27438,27810
27429,27430
27445,27445
27535,27535
27419,27526
27444,27811
27513,27553
27501,27493
27435,27487
27415,27416
27455,27461
27445,27515
27557,27428
27419,27482
27444,27427
27513,27461
27501,27812
27415,27540
27455,27446
27445,27540
27419,27443
27444,27505
27426,27548
27513,27440
27421,27569
27501,27449
27442,27456
27461,27430
27444,27518
27501,27540
27513,27415
27435,27436
27455,27455
27445,27445
27589,27548
27557,27416
27521,27509
27419,27420
27444,27576
27501,27554
27513,27423
27435,27487
27546,27514
27415,27540
27448,27493
27455,27443
27438,27813
27445,27449
27521,27428
27419,27526
27446,27455
27513,27427
27501,27470
27415,27428
27433,27477
27435,27436
27445,27419
27415,27428
27437,27438
27453,27589
27423,27511
27419,27481
27444,27428
27446,27521
27501,27554
27435,27546
27439,27572
27546,27506
27415,27540
27438,27814
27535,27428
27467,27494
27423,27497
27419,27420
27572,27541
27444,27518
27446,27488
27445,27515
27426,27445
27435,27706
27501,27554
27455,27443
27455,27455
27455,27506
27435,27487
27426,27419
27419,27481
27444,27486
27513,27557
27501,27540
27435,27706
27437,27427
27453,27428
27445,27463
27423,27578
27419,27420
27521,27438
27444,27458
27513,27546
27501,27416
27439,27499
27435,27504
27415,27416
27437,27536
27453,27433
27479,27416
27423,27545
27586,27815
27445,27445
27419,27482
27444,27473
27501,27523
27435,27487
