30835,30836
30837,30838
30839,30840
30841,30842
30843,30844
30845,30846
30847,30848
30849,30850
30851,30839
30852,30853
30854,30855
30856,30857
30858,30859
30860,30861
30862,30854
30863,30850
30837,30864
30865,30866
30858,30867
30868,30869
30847,30848
30870,30871
30872,30873
30854,30874
30843,30875
30876,30836
30849,30850
30863,30850
30852,30853
30835,30877
30878,30877
30879,30877
30880,30881
30882,30881
30883,30884
30885,30886
30887,30888
30886,30885
30889,30890
30885,30886
30887,30890
30887,30891
30892,30893
30868,30894
30858,30895
30896,30853
30845,30897
30845,30846
30898,30899
30851,30839
30900,30901
30902,30903
30904,30877
30905,30877
30856,30867
30906,30877
30907,30839
30908,30839
30909,30910
30841,30911
30912,30857
30913,30914
30915,30916
30917,30918
30919,30920
30896,30867
30835,30836
30919,30920
30905,30903
30856,30921
30880,30922
30906,30923
30908,30877
30909,30881
30913,30924
30882,30918
30917,30849
30907,30925
30841,30926
30879,30927
30852,30877
30835,30928
30902,30836
30863,30929
30876,30930
30857,30931
30849,30881
30892,30857
30847,30932
30870,30863
30843,30844
30854,30855
30933,30927
30858,30934
30845,30914
30919,30920
30900,30935
30902,30867
30872,30936
30900,30932
30919,30904
30851,30927
30857,30910
30900,30937
30902,30867
30880,30938
30905,30939
30856,30940
30906,30941
30942,30874
30908,30943
30909,30857
30917,30881
30841,30944
30913,30929
30907,30945
30879,30937
30837,30838
30863,30946
30845,30947
30858,30948
30933,30949
30870,30853
30847,30848
30854,30877
30851,30950
30951,30877
30878,30950
30843,30952
30876,30953
30954,30955
30849,30850
30872,30956
30892,30957
30958,30959
30887,30960
30961,30962
30963,30964
30964,30963
30963,30964
30964,30963
30963,30964
30964,30963
30887,30965
30887,30966
30967,30961
30954,30968
30954,30968
30887,30969
30970,30971
30972,30883
30964,30963
30887,30973
30974,30975
30976,30977
30975,30978
30978,30975
30887,30979
30975,30974
30975,30978
30978,30975
30975,30978
30978,30975
30887,30980
30887,30981
30887,30982
30954,30968
30983,30984
30963,30964
30964,30963
30963,30964
30851,30950
30985,30986
30837,30838
30870,30927
30856,30857
30954,30968
30954,30968
30954,30968
30983,30984
30987,30988
30988,30989
30887,30883
30954,30990
30886,30885
30954,30991
30983,30992
30887,30973
30964,30963
30963,30964
30964,30963
30993,30994
30954,30995
30954,30995
30975,30974
30954,30996
30983,30992
30994,30993
30954,30995
30993,30994
30885,30886
30997,30998
30887,30999
30960,31000
30887,31001
31002,30965
31002,31003
30887,30965
31004,30982
31005,30999
30954,30968
30887,31006
30954,30968
31007,30971
30887,31008
30887,30883
30887,30971
30887,30979
30905,30877
31009,30984
31010,31011
31011,31010
31012,30883
30887,30999
30887,30973
30887,30975
30887,31011
30884,30883
30883,30884
30887,30890
30884,30883
30887,31013
30887,30979
30887,30999
31011,31014
31011,31015
30883,31012
30883,30884
30958,31016
31017,30968
30887,30890
31002,30960
30887,30965
30974,30975
30887,30965
30887,30966
30971,31018
30971,30970
31019,30977
31020,30961
30954,30968
31020,30963
30954,30968
30887,31021
30887,30965
30887,30977
30887,30980
30967,30968
30887,31021
30964,30963
30954,30963
31022,30968
30954,30963
30887,31023
30954,30968
30887,30980
30887,30965
30887,31006
31024,30958
30887,31006
31025,30994
30887,31026
30954,30963
30856,31027
30876,31028
30908,30950
30857,30910
30878,31029
30835,31030
30872,31031
30841,31030
30863,30881
30839,31032
30912,30877
30879,30839
31033,30877
30909,30910
30913,31034
30908,30839
30917,30914
30843,30875
30906,30902
30902,30857
30948,31035
30919,30904
30856,30867
30905,30939
30870,30927
30904,30867
30845,30897
30865,30918
31036,30937
30854,30877
30876,31037
30858,30950
30847,30932
30880,30922
30933,30948
30858,30895
30847,30848
30878,31030
30839,30903
30835,30839
30854,30877
30872,31038
30863,31039
30879,31030
30912,30910
31033,30839
30907,30849
30908,30943
30917,30897
30913,30986
30916,30845
30860,30947
30906,31040
30902,30836
30876,31041
30852,31042
30849,30850
30865,30914
30845,30846
30900,30839
30933,30878
30904,30877
30856,30921
30854,30874
30919,31043
30948,31035
30880,30881
30905,30877
30870,30877
30843,31044
30892,31045
30862,30908
30849,30881
31046,31035
30863,30918
30872,31047
30835,30921
30841,31048
31033,30853
30879,30857
30880,31049
30912,31050
30907,30849
30913,31051
30917,30858
30909,30857
30852,31052
30908,31050
30856,30921
30905,30877
30904,30867
30870,31053
30919,30904
30845,30918
30900,31054
30865,30914
30854,30867
30927,30867
30858,31029
30876,31055
30847,30848
30843,30952
30902,30857
30843,31044
30892,31056
30933,31057
30852,31058
30849,30850
30910,30853
30872,30936
30863,31051
30835,30839
30912,30857
30841,31059
31033,30857
30879,30927
30907,30925
30909,30857
30913,30918
30908,30867
30917,30849
30906,31060
30902,30867
30847,30848
30858,30867
30876,31061
30927,30874
30854,30874
30865,30918
30843,30875
30845,30986
30904,30935
30870,30932
30905,30903
30856,30836
30948,30867
30919,30904
30857,30910
30892,30951
30858,30946
30847,30848
30917,30897
30857,30931
30912,30910
30879,31032
30835,30867
30863,30897
30872,31031
31046,30839
30852,31042
30878,30839
30862,30854
30892,31042
30849,31060
30879,30903
30913,31030
31033,31062
30880,30918
31063,31057
30917,31064
30913,30897
30908,30932
30905,30877
30902,30857
30900,31065
30919,30857
30948,31035
30856,30836
30870,30932
30857,30931
30904,30910
30912,30857
30880,31066
30909,30910
30908,31050
30909,30881
30913,30846
30917,31067
30916,30947
30912,31035
30907,30839
30841,31068
30909,30881
30898,30937
30879,31030
30835,30910
30863,31069
30872,31070
31046,31071
30849,31060
30878,31032
30847,30932
30948,30877
30856,30867
30905,30903
30919,30920
30845,30881
30902,30836
30927,30874
30900,31072
30851,31053
30865,30897
30854,30855
30858,30857
30843,31073
30892,31074
30870,30937
30852,30857
30849,31060
30845,30986
30878,31040
30839,31052
30835,30877
30841,31075
30854,30867
30872,31076
30863,31034
30879,30877
30912,31050
30909,30881
30913,30924
30908,31035
30857,30931
30917,30918
30860,31035
30880,30897
30900,31077
30876,31078
30849,31060
30852,31035
30865,30897
30851,30932
30845,30881
30843,31073
30927,30877
31036,30910
30856,30877
30919,30900
30948,30867
30905,31032
30902,30867
30870,30910
30880,31079
30933,30932
30876,31080
30847,31081
30858,30934
30843,30952
30841,30944
30837,30864
30835,30867
30854,30874
30872,31082
30863,30916
30909,30910
30879,30937
31033,31030
30912,31035
30880,30914
30913,30914
30908,30877
30917,30881
30858,31029
30865,30914
30849,30881
30852,30877
30927,30910
30904,30910
30847,30932
30870,30853
30856,30877
30919,30910
30948,30877
30902,30836
30905,30939
30900,30943
31036,31083
30858,30895
30872,31084
30909,30910
30857,30910
30841,31085
30863,30914
30900,31065
30862,31086
30919,31087
30865,30897
30933,30949
30915,30916
30856,31042
30841,31030
30863,31088
30900,30917
30854,30855
30851,30927
30919,30857
30857,30910
30933,30878
30912,31089
30841,31059
30854,30874
30948,30867
30862,31090
31091,31035
30919,30935
30858,30857
30912,31092
30933,30949
30856,30853
30915,31090
30858,30950
30858,30934
30919,31053
30948,31035
30900,30857
30879,31032
30851,31093
30912,31094
30933,30948
30927,30874
30841,31095
30863,30881
30900,30950
30919,31087
30857,30910
30872,31096
30915,30851
30841,31097
30863,31039
30927,30910
30900,30932
30900,30937
30841,30855
30915,30912
30851,30950
30862,31090
30857,30931
30863,30897
30854,30874
30841,30944
30915,30912
30878,30877
30904,30935
30862,31086
30854,30877
30863,30910
30857,30910
30900,30877
30857,30931
30841,31030
30900,30935
30863,30881
30927,30874
30854,30877
30862,30908
30919,30877
31098,30912
30912,31099
30933,31057
30895,30952
31100,30877
30841,31095
30856,30877
30895,30952
30900,30950
30857,30910
30862,30908
30919,30935
30912,31101
30895,31102
30841,30911
30915,31103
30900,31050
30863,30986
30927,30910
30858,31035
30862,30908
30919,30857
31098,30851
30854,30867
30933,31057
30912,31104
31098,31090
30862,31090
30919,30877
30879,30948
31063,31105
30851,30927
30933,30948
30878,30836
30841,31106
30900,30943
30862,30908
30919,30877
30852,31058
31098,31107
30912,31089
30933,30878
31035,30867
30857,30910
30919,30935
30862,31108
30863,31039
30841,31097
30878,31050
30933,30927
30854,30867
30912,31104
30919,30857
30862,31090
30863,30946
30849,31109
30900,31072
30841,31085
31098,31110
30912,31111
30863,30929
31112,31113
30839,30863
31063,30917
30904,30877
30933,31057
30872,31114
30841,31030
30863,30850
30900,31065
30854,30877
30852,30857
31063,31057
30933,30878
30841,31095
30863,31034
30854,30867
30900,30877
30839,31032
30879,30927
31063,31105
30933,30949
30841,30926
30863,30946
30900,30839
30854,30874
30857,30910
30912,30940
30851,31065
31112,30914
30841,31115
30900,31072
30854,30855
30863,30986
30841,31116
30878,31030
30912,31117
30851,31035
30933,31057
31098,31086
30841,31097
31112,31064
30854,31118
30839,30877
30851,31065
30933,30927
30909,30857
31098,31103
30841,31119
30854,31105
30839,31120
31091,30867
31063,31105
30933,30927
31063,31057
30858,30867
30839,31058
30854,30917
30927,30874
30854,30877
30841,31121
30839,30910
30854,31122
31035,31053
30910,31032
30841,31123
30851,31065
30933,30932
30841,30948
30839,30836
30851,30910
30900,30935
30854,30867
30839,31052
30912,31124
30851,31125
30933,30948
30857,30910
30872,31126
30910,30839
30841,31127
30863,30897
30900,30943
30851,31125
30933,30949
30863,31030
30927,30867
30863,31069
30900,30839
30857,30931
30912,31128
30851,31129
30933,30927
30839,31072
30841,31130
30863,31088
30900,31072
30851,31131
30912,31092
30933,31057
30872,31132
30841,31133
30841,31116
31033,30853
30910,31035
30927,30877
30863,30986
30900,30901
30854,30855
30851,30862
30933,30927
30841,31134
30863,31051
30900,30877
30854,30874
30857,30931
30879,30839
30839,30877
30872,31135
30841,31136
30863,30918
30854,30867
30909,30910
30907,30925
30851,31125
30839,31040
30854,30855
30900,30849
30912,31117
30857,30910
30841,31137
31112,30845
30910,30839
30933,31057
30839,31120
30900,31050
30863,30914
30933,30948
30857,30931
30895,31102
30948,30877
30902,30836
30910,31064
30933,30949
30858,30950
30854,30877
30985,30908
30851,31053
30837,30838
30845,30881
30863,30918
31036,31035
30856,30877
30900,30943
30917,30914
30849,30836
30916,30947
30880,31066
30852,31042
30865,30918
30841,31095
30919,30874
30892,31050
30917,31067
30948,31035
30908,30839
30839,30928
30933,30948
30986,31105
30855,31053
30927,30877
30857,30910
30912,30877
30892,30893
30863,30914
30880,30922
30849,30877
30900,30857
30852,31035
30916,31079
30841,31048
30917,31064
30919,30877
30912,30857
30948,30877
30902,30857
30908,30950
30872,31138
30933,30878
30986,31139
30858,30836
30919,30857
30841,30911
30865,30914
30916,30897
30852,30853
30880,31079
30876,31140
30900,30950
30849,30840
30863,31034
30837,30864
30851,30932
30854,30877
31063,31057
30856,30853
31036,30937
30858,30934
30851,30950
30852,31058
30919,30950
30892,31074
30917,31141
30841,31030
30839,31058
30909,30857
30986,31057
30878,30839
30858,30948
30857,30931
30854,30874
30837,30864
30856,30877
30865,30914
30900,31050
31086,30867
30849,30836
30865,30897
30845,30918
30852,30857
30880,30897
30919,30874
30892,31036
30917,30914
30912,31050
30841,31134
30948,30950
30839,30840
30933,31142
30863,31051
30880,30938
30916,31039
30849,30877
30985,30914
30837,31143
30863,31039
30870,30863
30942,30943
30845,30947
30856,30853
30900,30857
30896,31058
30857,30931
30849,31032
30916,30845
30880,30922
30865,30897
30919,31087
30912,30857
30892,31046
30900,30935
30856,30857
30845,30914
30863,30881
30837,30864
30851,30932
30854,30855
30854,30867
30986,31105
30948,30867
30910,31032
31035,30867
30917,30849
30841,31106
30858,30867
30856,30857
30845,30918
30854,30874
30951,30877
31098,31103
30872,31144
30839,30863
30841,30948
30863,31051
30900,30839
30948,30877
30856,30877
30854,30855
30845,30881
30862,30854
30919,30857
31098,31090
30879,30877
30851,31053
30857,30910
30839,31032
30986,31057
30863,31088
30900,30932
30841,30855
30854,30874
30950,30922
30862,30854
31030,31145
30933,30927
30912,30910
30872,31146
31100,31042
30907,30849
30919,30877
30862,30908
30857,30931
30841,31147
30856,30857
30863,31069
30854,30877
30862,30908
30919,30857
31098,30916
31030,31145
30907,30839
30912,31101
30892,30893
30841,31133
30863,30918
30900,30857
30854,30874
30862,30908
30857,30910
30900,30937
30863,30929
30841,31068
30915,30851
30912,31035
30919,30935
30915,30851
30950,30914
30856,30853
30863,31034
30841,30944
30912,31101
31030,31145
30919,31087
30900,30901
30863,31039
30900,30927
30841,31075
30916,31141
30919,31087
30902,30903
30917,30897
30948,30950
30912,30910
30908,30878
31112,30860
30907,30925
30933,30927
30854,30855
30858,30895
30845,30914
30856,30877
30849,31032
30863,31069
30880,30938
30857,30910
30858,31035
30933,30948
30908,30943
30910,31052
30902,30867
30841,31085
30917,30918
30919,30910
30916,31148
30852,30853
30896,30857
30927,30867
30900,31072
30841,30948
30986,31139
30852,31042
30849,30877
30854,30855
30950,30918
30862,30908
30857,30910
30919,31087
31030,31145
30933,30878
30878,30853
30986,31149
30900,31065
30854,30877
30870,30863
30841,31150
30862,30908
30919,30877
30951,30902
30892,31030
30863,31069
30915,31103
30892,31151
31098,31110
30862,30854
30919,30935
30927,30874
30858,30950
30854,30867
30857,30910
30900,30871
30839,30853
30863,30946
30912,30857
30841,31147
30927,30877
30890,30890
30919,30910
30845,30897
30856,30877
30882,31088
30900,30901
30863,30839
30916,30986
30892,30910
30919,31087
30862,30854
30880,30914
30865,30914
30948,30950
30854,30855
30845,30947
30878,30950
30900,30943
30863,30839
30892,31152
31100,31030
30863,30850
30900,30950
30878,30840
30856,30853
30854,30874
30841,30926
30880,31079
30986,31139
30852,30853
30910,30853
30892,31056
31046,31072
30948,30867
30912,30910
30857,30910
30880,30897
30919,30935
30933,31057
30986,31105
30841,31030
30865,30914
30854,30874
30845,30914
30878,30910
30857,30910
30900,30943
30863,31030
30892,31045
31086,30836
30852,31042
30912,31050
31035,30877
30919,30857
30919,30877
30852,30857
31035,30874
30912,31035
30892,30860
30863,30946
30865,30918
30900,30871
30845,30846
30854,30877
30865,30918
30986,30949
30948,30950
30880,30922
30856,31042
30912,30877
31035,31053
30880,30938
30919,30935
30880,30914
30841,31133
30858,30857
30851,30950
30854,30855
30856,30853
30915,31090
30900,30937
30863,30929
30878,31040
30892,31074
30919,31087
30880,30897
30841,30944
30854,30877
30856,30857
30863,31051
30915,31090
30854,30877
30845,30918
30858,31035
30880,30918
30862,30854
30841,30911
30862,30854
30851,30950
30933,30949
30892,30880
30900,31050
30915,30916
30919,30857
30862,30854
30892,30857
30878,30915
30841,31095
30851,31053
30854,30867
30856,30857
30863,30881
30857,30931
30912,31050
30852,30877
30892,31153
31030,31145
30919,30877
30862,30908
30858,31035
30880,31066
30841,31048
30854,30874
30856,30877
30863,30918
30900,30857
30854,30867
30841,30855
30880,30881
30919,30857
30912,30877
30862,30908
31030,31145
30892,31036
30852,31035
30863,30914
30900,30932
30948,30877
30951,30903
31100,30910
30852,30877
31086,30877
30916,30986
30849,30836
31086,30836
30845,30897
30880,31079
30852,31052
30919,30857
30912,31050
30917,30897
30948,31035
30933,31057
30839,30847
30841,31097
30986,31057
30878,30853
30904,30874
30854,30855
30919,30950
30852,31035
30892,31042
30880,30881
31086,30867
30849,31032
30863,30986
30905,30877
30863,31034
30900,30937
30856,30857
30837,31143
30985,30918
30847,31149
30857,30910
30917,30910
30900,30932
30870,30927
30854,30867
30858,30836
30879,30937
30851,30927
30856,30857
30845,30846
30880,30914
30863,31051
30857,30931
30900,30901
30942,30867
30863,30897
30916,30914
30849,30840
30852,30877
30845,30846
31086,30877
30837,31143
30854,30867
30858,30950
30986,31105
30839,30910
30933,30927
30856,30853
30841,31154
30892,30951
30857,30910
30912,30910
30919,30877
30865,30914
30880,30914
30917,31064
30880,30918
31035,31053
30933,31142
30948,30877
30986,30949
30865,30918
30841,31155
30854,30867
30878,31030
30845,30881
30856,30857
30900,30839
30863,31069
30837,30864
30849,31156
31086,30867
30880,30881
30912,30877
30857,30931
30917,30918
30837,30838
30905,30939
30839,30871
30863,30929
30900,30877
30856,30877
30917,30881
30845,30986
30854,30855
30865,30914
30841,31085
30986,31139
30948,30867
30933,30948
30878,30910
30910,31035
30919,30910
30880,31066
30865,30918
30841,31106
31098,30912
30858,30910
30878,30840
30854,30877
30851,30927
30856,30877
30863,30918
30900,30950
30849,30877
31086,30877
30880,30918
30892,31153
30852,31058
30919,31087
30917,30849
31086,30910
30849,30840
30900,31072
30863,30914
30837,30838
30856,30853
30892,31152
30851,30927
30878,30950
30857,30931
30841,30948
30986,31057
30865,30897
30910,30877
30854,30877
30878,30839
31035,30877
30910,31064
31157,31158
31157,31158
31157,31158
31157,31158
31157,31158
31157,31158
31157,31158
31157,31158
31157,31158
31157,31158
31157,31158
31157,31158
31157,31158
31159,31160
31157,31158
31157,31158
31157,31158
31160,31159
30965,31161
31157,31158
31157,31158
31157,31158
31160,31159
31157,31158
31157,31158
31157,31158
31157,31158
31162,31023
31163,30973
31164,30890
31023,31165
31157,31158
31157,31158
31157,31158
31157,31158
31157,31158
31157,31158
31025,30994
31157,31158
31157,31158
31157,31158
31166,31026
31157,31158
31157,31158
31157,31158
30887,31026
31006,31167
31026,30887
31157,31158
31157,31158
31157,31158
31006,31168
31157,31158
31006,31169
31157,31158
31160,31159
31157,31158
31170,30965
31157,31158
31157,31158
31160,31159
31160,31159
31157,31158
31157,31158
31157,31158
31157,31158
31157,31158
31157,31158
30965,30887
31160,31171
30971,31172
31157,31158
31157,31158
31157,31158
31157,31158
31006,31167
31173,31006
31157,31158
31157,31158
31174,30958
31175,31160
31160,31176
31160,31177
30999,31178
31179,31180
31160,31177
31160,31177
31157,31158
31181,31182
30887,30965
31183,30965
31157,31158
31181,31184
31006,31006
30995,31185
31186,31187
31186,31188
30984,31189
31006,31168
30977,30887
30973,31190
31191,31192
31157,31158
31193,30888
31194,31195
31196,30968
31157,31158
31157,31158
31157,31158
30977,31197
30965,31198
30977,31199
31006,31168
31200,31201
31161,30965
31201,31202
31203,31013
30967,30968
31204,30984
31006,31205
31006,31206
30961,31207
31191,31192
30887,30977
31208,30977
30887,30980
30885,31209
31207,30961
31191,31192
31210,30885
30961,31207
30890,30887
30961,31211
31212,31213
31214,31023
30975,31215
30961,31216
31157,31158
31157,31158
31157,31158
30900,31072
30965,30887
30887,30965
30965,31198
30965,31217
30887,30966
31191,31192
31218,31026
30971,31018
30965,31170
31191,31192
31023,31219
30965,31198
30961,31220
30965,31221
30965,31217
30890,31222
30968,31223
30963,30963
30963,31224
31219,31023
30968,31017
31019,30977
30854,30855
30968,31017
31225,31187
30966,31226
31001,31227
30971,30970
30971,31007
30963,31224
31219,31023
31205,31006
30841,30842
30892,30951
30933,30949
30892,31042
30841,31130
31091,30871
30854,30874
30856,31042
30882,30914
30948,31035
30863,31034
30900,30839
30892,30854
30951,31035
30862,30908
30919,30935
30841,31068
30856,31042
30915,30912
31086,30836
31100,30905
30863,30897
30900,30935
30854,30867
30841,31059
30862,30854
30919,30877
30862,30908
30951,30839
30892,31045
30878,31032
30900,30877
30863,30986
30865,30897
31209,30885
31020,30961
30965,31228
30887,31006
30992,31229
30992,31229
31227,31001
31175,31160
31160,31175
31160,31175
31160,31175
31160,31177
31191,31192
31201,31230
31231,30965
31157,31158
31157,31158
31157,31158
31024,30958
31157,31158
31157,31158
30968,31232
31160,31175
31201,31202
30887,31006
31160,31175
31201,31200
31201,31233
31234,31006
31201,31200
31160,31175
30968,31232
31201,30958
31157,31158
31160,31175
31235,30888
30963,31236
31187,31237
30965,31170
31238,31239
30958,31240
30954,30968
30979,30887
30965,31221
31023,31241
31238,31239
30965,31217
31201,30958
31201,30958
30968,31242
30965,31170
31021,31243
31001,31227
30933,30949
31023,31241
30958,31201
31157,31244
30963,31245
30992,31229
30887,31021
31238,31238
31026,31218
30968,31246
30954,30968
31238,31238
31238,31238
31020,30963
31238,31238
30965,31198
30965,31217
31238,31238
30907,30925
30872,31247
30895,30952
30958,30959
30961,31248
30958,31016
30991,31249
30891,31250
30991,31249
30891,31251
31187,30887
30961,31248
31252,31253
30991,31249
31187,30887
31195,31194
30961,30962
30961,30962
31254,30971
30977,30966
30971,31254
30999,31255
30971,31256
30971,31254
30999,31257
31011,31258
30891,31259
30999,31260
30973,31261
30887,30973
30999,31243
30887,30999
30960,31262
30973,31163
30999,31263
30999,31243
30891,30887
31264,30984
30966,31226
30887,30891
31265,31266
31266,31265
30988,31267
30883,31268
30887,30890
30890,30889
30890,31269
30885,30886
30890,31269
30890,30889
31270,31021
30889,30890
30984,31271
31272,30883
30984,31273
30955,31274
31275,30995
31276,30966
30883,30884
30885,30886
30887,30888
30954,30955
31193,30888
30991,31249
30991,31277
31265,31266
31273,30984
30886,30885
30984,31271
30888,31193
31204,30984
30999,31278
30999,31279
30999,31280
30999,31281
30999,31282
31204,30984
31005,30999
30999,31283
30887,31013
31013,30887
31284,31285
31011,31243
31013,30887
31013,31286
31287,30999
31287,30999
30887,30979
31257,30999
31288,31008
30988,31289
31011,31290
30887,30999
31291,30999
31011,31292
31192,31191
30999,31293
31294,30971
30988,31289
30891,31295
30891,31295
30891,31295
31295,30891
30961,30962
30971,31254
30999,31293
30992,31229
31229,30992
30984,31296
30966,31297
31298,30991
31299,31191
30999,31260
31300,31284
31301,30977
31011,31258
30887,30975
31251,30891
30962,30961
31302,30977
30977,30966
31011,31292
30979,31303
30999,31304
30975,31243
30960,31305
30973,31190
30984,31306
30883,30884
30992,31307
30884,30883
31306,30984
30883,30884
30884,30883
31308,31309
30975,31310
31261,30973
30887,31011
30966,31226
30992,31311
30890,31269
30913,30846
30910,30839
30906,30928
30902,30857
30908,31035
30917,30849
30912,30877
30909,30910
30879,30839
31033,31030
30872,31138
30854,30877
30835,30932
30907,30849
30839,30877
30841,30855
30933,31142
30880,31049
30858,30836
30919,30950
30900,30839
30870,30937
30852,31052
30927,30910
30863,31088
30905,31064
30856,30877
30845,30914
30865,30918
30847,31312
30837,31143
30843,31044
30878,30877
30849,31035
30948,30867
30900,31077
30870,30871
30870,31053
30948,30877
30902,30903
30905,30836
30908,30878
30913,31313
30917,31067
31033,30877
30909,30857
30879,30937
30872,31314
30854,30867
30835,30921
30907,30839
30857,30910
30878,31032
30839,31058
30919,30900
31036,31083
30927,30867
30856,30877
30849,30836
30845,30897
30948,30867
30865,30897
30837,31143
30858,30857
30843,30952
30863,31088
30892,30957
30880,30938
30847,30932
30905,30877
30902,30867
30906,30927
31033,31062
30872,31076
30854,30855
30835,30867
31030,31145
30909,30857
30839,31040
30933,31142
30892,31151
30858,31035
30880,30881
30843,30844
30876,31315
30841,30926
30865,30914
30847,31149
30845,30918
30912,30877
30986,31105
30908,30878
30917,30918
30919,30950
30948,31035
30879,30927
30852,30857
30870,30867
31036,31035
30856,30857
30863,31039
30849,30877
30857,30910
30900,30877
30912,31050
30913,31039
30908,30932
30878,31040
30880,31079
30892,31030
30907,30925
30909,30857
30835,30921
30858,30948
30854,30874
31033,30839
30879,30877
30912,30910
30913,31316
30917,31064
30908,30877
30872,31247
31289,30988
30843,30875
30865,30897
30917,30897
30948,30877
30919,30874
30905,30943
30902,30836
30900,30901
30876,31317
30870,30877
30927,30874
30863,30929
30856,30857
30849,30840
30845,30947
30847,30837
30852,30877
31036,30910
30888,31193
31181,31184
30862,30908
30839,31120
30933,30878
30858,30859
30880,30897
30879,31032
30843,31073
30876,31318
30841,31068
30865,30918
30849,31032
30863,30986
30856,30877
30900,30932
30852,31052
30902,30903
30916,31039
30880,30918
30879,30948
30843,31044
30858,30934
30933,31057
30907,30839
30909,30910
30839,30863
30857,30910
30912,31035
30917,30914
30908,30867
30948,30871
30919,30937
30854,30874
30865,30897
30835,30839
31035,30867
31001,31227
30977,31319
30887,30980
30963,30963
31233,31201
30954,30963
31245,30963
31319,30977
30890,31320
30890,31320
30890,31320
31321,31215
30890,31322
30890,31323
30890,31324
31023,30887
30890,31320
31026,31325
30992,31229
30992,31229
30992,31229
30963,31224
31326,31023
30854,30855
30963,31327
30963,31245
30963,31245
31236,30963
31026,31328
30887,30965
30958,31329
30963,31245
30977,30887
30837,30838
30849,30937
30900,31050
30915,30912
30852,31058
30905,30903
30916,30986
30919,30910
30892,30857
30902,30867
30908,31050
30917,31067
30857,30931
30912,31050
30839,30871
30909,30857
30854,30867
30858,30867
30856,30853
30917,30881
30908,30943
30902,30857
30948,30867
30892,31056
30919,30857
30927,30877
30916,30918
30927,30867
30849,31032
30896,30950
30863,30946
30847,30837
30845,30986
30900,30935
30841,31097
30870,30861
30863,30881
30847,31330
30863,30897
30845,30947
30856,31331
30896,30836
30900,30871
30868,31332
30852,31035
30905,31333
30916,30914
30948,31035
30919,30877
30902,30836
30917,30881
30908,30839
30912,30877
30872,31334
30856,31335
30849,30840
30845,30897
30985,31141
30847,31336
30841,31337
30896,30910
30880,31049
30858,30950
30839,30853
30854,30877
30835,30836
30910,30910
31035,30874
30865,30918
30887,31023
31192,31191
30954,30963
30960,31338
30960,31305
31339,31340
30971,30887
30979,30887
31163,30973
30960,31305
31008,31341
30887,31008
31339,31340
30960,31262
31339,31342
31305,30960
30971,31254
31007,30971
31257,30999
30960,31305
30973,31343
30958,31344
30973,31343
31236,30963
31201,31345
30954,30968
30887,30883
31001,31227
31023,31346
30973,31347
30973,31348
31008,30887
31292,31011
31292,31011
31349,30973
30973,31350
30887,30971
31351,30979
31181,31184
30955,31352
31353,31354
31354,31353
30891,31295
31011,31014
31011,31015
30883,31012
31012,30883
31011,31010
31261,30973
31295,30891
31193,30888
31011,31292
30971,31007
30988,31267
31010,31011
31210,30885
31011,31290
30887,30979
31191,31192
30973,31348
31290,31011
31009,30984
30887,30960
30984,31009
31009,30984
31292,31011
31305,30960
30988,31289
31190,30973
31191,31192
30973,31350
30958,31329
31355,30968
30890,31356
31222,30890
31201,31357
31164,30890
31358,30968
30890,31356
31006,31359
31023,31360
30890,30887
30887,30890
30890,30887
31006,31361
31006,31362
31363,30890
31006,31364
31026,31365
30887,31021
31164,30890
31022,30968
31175,31160
31201,31366
30954,30963
30964,30963
30890,31222
31201,31345
31367,30963
31238,31368
31181,31182
30975,31215
31181,31184
31181,31184
31369,31370
30890,31222
30965,31170
30954,30968
30968,31017
30968,31022
30995,31371
31004,30982
30999,31372
31005,30999
30995,31373
30999,31374
30973,31190
30954,30968
30968,31246
31163,30973
30887,31006
30973,31375
30999,31374
31181,31184
30995,31371
30988,31267
30965,30887
31017,30968
31376,31006
31377,31006
30996,31378
30887,30890
30988,31289
31002,31003
31267,30988
30887,30965
31170,30965
30996,31379
30982,30887
30988,31380
30996,31379
31298,30991
30890,31356
31112,31053
30912,30927
30872,30910
30898,30899
30857,30910
30909,30881
30845,31381
31050,31382
30870,30910
30919,30857
30917,30897
30862,30854
30837,31383
30841,31127
31030,31145
31086,30877
30927,30877
31046,31035
30913,31384
30865,30897
31385,30836
30900,31072
31033,30839
31112,31053
30835,30910
30876,31386
30907,30849
31385,30839
30912,30948
30872,31387
30854,30874
30942,30871
30909,31388
31050,31091
30870,31050
30919,31087
30917,30914
30841,31068
31030,31145
30862,30908
30837,31143
31046,30877
31086,30877
30892,30839
30927,30910
30860,31053
30879,30877
30913,30929
30878,30853
31033,30857
30865,30866
30900,31054
30898,31389
30872,30910
30912,31390
30898,31391
30835,30867
30909,30857
31050,31091
30845,30914
30919,30910
30870,30839
30917,30918
30841,31392
31086,30867
31030,31393
30892,31042
30837,31394
31046,30867
30878,31032
30913,30914
30865,30914
30900,31077
31385,30867
31033,30867
30876,31395
30912,30932
30872,31396
30872,31397
30912,31027
30876,31398
30986,30857
30835,30921
30909,31399
30845,30846
31050,31382
30919,30877
30870,30910
30862,30854
30917,31141
31030,31145
30841,31095
31086,30836
30835,30928
30837,31383
30927,30874
31046,31072
30851,30932
30913,31400
30865,30918
31385,30910
30900,30877
30839,31052
30857,30910
31112,31050
31033,30867
30892,30837
30898,31401
30900,30943
30878,30839
30913,31039
30865,30866
31385,30877
30858,31035
30876,31402
30917,31067
30898,31403
30854,30855
30912,31027
30872,31404
30942,30943
30951,31109
30837,30838
31050,31382
30909,30881
30870,30853
30919,30877
30908,31046
30917,31141
30841,30855
31046,31071
30862,30908
31086,30836
30878,30839
31033,31035
31033,30877
30862,31090
30892,30943
30878,30950
30927,30877
30985,30914
30913,30845
30865,30897
31385,30839
30858,30950
30876,31405
30835,30932
30912,30927
30854,30877
30898,31406
30872,31407
30837,31394
30942,30867
30847,30918
30857,30931
31050,31091
30909,31399
30919,30857
30908,30943
30917,30849
31046,31065
30865,30918
30913,31051
31385,30937
30905,31064
31112,30927
30917,30897
30898,31408
30912,30877
30854,30877
31050,31091
30909,30910
30870,30839
30919,30935
30908,30839
31100,30877
30917,31064
30841,30842
30862,30908
30857,30931
31046,30867
30892,31153
31086,30867
30927,30867
31033,31030
30913,30846
31385,30877
30865,30914
30900,30839
31385,30836
30851,31035
30900,30871
30839,30871
31112,30948
30857,30910
30917,31064
30898,31403
30912,31050
30872,30910
30854,30867
30942,31035
31050,31382
30865,30897
30909,30857
30919,31112
30908,30877
30841,31150
30862,30854
31086,30836
31046,30950
30878,30840
31033,30853
30860,31035
30879,30857
30913,31316
30870,30910
31033,31030
30909,31388
30854,31053
30857,30931
30919,30857
30908,31050
30892,30839
30895,31102
30905,31032
30841,31130
30851,30950
30839,30863
30906,30853
30900,31065
31033,30839
30907,30849
31409,30910
30912,30857
30951,30902
30854,30855
31050,31382
30863,31069
30845,30947
30908,30943
30896,31052
30919,30857
30845,30918
30892,30932
30863,30881
30849,31060
30863,30929
30868,31410
30854,31053
30909,30857
31050,31091
30919,31087
30908,31035
30985,30908
31030,31145
30892,31042
30927,30874
30837,31411
30882,30914
30865,30866
30841,30948
30906,31035
30900,31050
30913,30897
30907,30925
30917,30914
31033,31035
30951,30863
30854,31053
31050,31091
30860,30877
30879,30937
30865,30914
30865,30866
30905,30937
30841,31134
30858,30857
30882,30881
30985,30918
30906,30877
30860,30985
30839,31040
30900,30857
30913,31030
30986,31105
30907,30925
30837,31143
31409,30910
30879,30857
30951,30928
31030,31145
31033,30839
30854,30874
30849,30881
31050,31091
30835,30932
30927,30910
30892,30900
30908,31035
30896,30910
30905,30910
30841,31412
30858,30853
30839,30847
30985,30918
30837,30838
30906,30836
30851,30927
30900,30871
30913,31034
31409,30937
30876,31413
30872,31414
30879,31030
30951,30903
30876,31415
30912,30948
31033,31062
30854,30867
30909,31399
31050,31382
30863,31039
31086,30836
30845,30846
30857,30931
30863,31034
30849,31060
30879,30927
30919,30857
30870,30839
31050,31091
30835,30836
30933,30878
31086,30877
31030,31393
30862,30908
30895,30952
30841,31030
30927,30867
30837,31143
31046,30845
30865,30918
30913,30924
30900,30935
31033,30853
30876,31416
30879,31032
30849,30881
30912,31390
30872,31417
30898,30937
30845,30897
30857,30931
30854,30874
30915,31103
30845,30918
30870,30853
30835,30839
30857,30931
31036,31083
30862,30908
31086,30836
31030,31418
30841,31048
30892,30857
30837,30838
30849,30850
31046,30950
30865,30866
30913,30918
30900,30932
30907,31419
31385,30937
31033,30857
30986,30949
30912,30877
30872,31420
30898,30910
30909,31399
30909,30910
30854,30855
30919,30877
30942,30943
30854,30867
30909,30881
30919,30935
31050,31382
30845,30986
30908,30867
31086,30903
30933,31057
31030,31145
30895,30952
30927,30877
30837,30864
30841,30911
30882,30918
30865,30897
30857,30910
30900,30950
30913,30845
31385,30910
31033,31030
30986,31139
30912,31050
30876,31421
30898,31403
30912,30910
30849,30850
31050,31382
30870,30867
30904,30874
30845,30947
30908,30943
30933,31057
31086,30867
30835,30877
30892,30880
31030,31418
30862,30854
30951,30839
30895,31102
31046,31071
30837,31411
30882,31088
30865,30914
30851,30839
30839,31040
30913,30986
30900,30857
30907,31422
31033,30877
30879,30903
30927,30867
30845,30914
31086,30867
30862,30851
31006,31364
30968,31423
30984,31424
31023,31425
30966,31426
30890,31427
30890,31427
31006,31364
31428,30955
30979,30887
30954,30995
30995,31429
30979,30887
30995,31429
31430,30968
30995,31429
31431,31432
30995,31433
30954,30995
31425,31023
30958,31329
30954,30996
31017,30968
31226,30966
31434,31008
31255,30999
31435,30955
30963,30964
30999,31436
30995,31433
30964,30963
30963,30964
31432,31437
30964,30963
30977,31438
31432,31437
30994,31439
31242,30968
31157,31244
31440,30885
30991,31277
30966,31226
31441,30999
30999,31255
30977,30966
30999,31441
31017,30968
30999,31257
30966,31426
31201,31345
30993,30994
31442,30968
30999,31255
30887,30999
31191,31443
30997,30998
31444,31026
30887,30973
31369,31445
31369,31370
30992,31311
31244,31157
31367,30963
30983,30992
30954,30991
30958,31329
31302,30977
30966,31426
31302,30977
30886,30885
30951,30910
30973,31446
30982,31447
31159,30973
31244,31157
30958,31200
30998,31448
30977,30966
30977,30966
30995,31433
31226,30966
31297,30966
30999,31257
30999,31257
30983,30992
30994,30993
31449,31187
30954,30995
30993,30994
31191,31192
30958,31329
31450,31001
30963,30964
30885,31451
30890,31452
31321,31215
30890,31453
30991,31277
30890,31454
30885,30886
30990,31455
30990,31456
30977,30966
30977,31457
31185,30995
31013,31159
30973,31159
30964,30963
31458,31459
30963,30963
30965,31217
30965,31217
30974,30975
30999,31278
30999,31278
30977,30887
31278,30999
30977,31438
31204,30984
31204,30984
31204,30984
31001,30887
31001,31227
31460,31001
31226,30966
30983,30984
30887,30973
31461,30966
30973,31446
30972,30883
31425,31462
30984,31204
30965,31228
31425,31463
30963,30963
31464,30958
30965,31170
30965,31228
30965,31183
31157,31244
30991,31277
30890,31427
30965,31228
31170,30965
31157,31244
30978,30975
30975,30978
30978,30975
30975,30978
30975,30974
30887,30979
30978,30975
30975,30978
31021,31465
31183,30965
30981,30887
31466,31021
30981,30887
31438,30977
30976,30977
30984,31204
30970,30971
30984,31271
30995,31467
30995,31467
30995,31467
30995,31467
30967,30961
30887,30966
30973,31468
31469,30969
30887,30965
31447,30982
31006,31470
30964,30963
31439,30994
30963,30964
30964,30963
30965,30887
30963,30964
30968,31242
31440,30885
30964,30963
30963,30964
30964,30963
30963,30964
31008,31471
31458,31459
31458,31459
30954,30968
30961,31220
31183,30965
30991,31277
31472,31186
31473,31474
30955,31274
31204,30984
31191,31192
31473,31474
30955,31428
30969,31469
30999,31255
31428,30955
31475,30969
30887,30969
30969,30887
31476,30971
31477,30999
31178,30999
30954,30968
30965,31217
30965,31228
30968,31246
30965,31170
30961,31478
31046,31072
31426,30966
30998,31479
30960,31480
30979,31481
30960,31482
30979,31481
30979,31481
30984,31424
30960,31483
30960,31484
30927,30874
30851,30950
30865,30918
30876,31485
30843,30844
30858,30934
31112,30839
30905,30937
30912,30932
30857,30910
30907,31419
30854,31053
30872,31486
30847,30880
30837,31143
30968,31246
30870,30910
30960,31487
30979,31481
30960,31488
30960,31489
30885,31451
30954,30968
31187,31490
30960,31491
30966,31226
31253,31252
30960,31492
31493,31494
31187,31495
30966,31297
30960,31496
30960,31497
30960,31498
30960,31499
30960,31500
30960,31501
31026,30887
31026,30887
30999,31178
30960,31502
31493,31494
30960,31502
31050,31091
30909,31399
30908,30877
31086,30877
30857,30931
31033,30857
30878,30853
30913,31503
30860,30861
30879,31030
30865,30918
30843,31044
30858,30857
30851,30927
30876,31504
30835,30867
30912,30854
30854,30855
30872,31505
30942,30874
30837,31411
30870,30839
31050,31382
30909,31388
30919,31087
30908,30867
31046,30839
31385,30910
30908,30932
30919,30935
30919,30877
31086,30867
31385,30867
30878,30840
31033,31035
30933,30948
30913,30918
30865,30914
30843,30952
30851,30839
30876,31506
31179,31180
30858,30867
30835,30836
30907,30849
30854,30867
30912,30948
30872,31507
30942,30877
30837,31411
30847,31508
30870,31050
31050,31382
30909,30857
30905,31509
30982,31510
30960,31511
31191,31512
30977,30966
30955,31513
30955,31514
30955,31515
30960,31516
30955,31517
31426,30966
30960,31518
31519,30994
31455,30990
30960,31520
30955,31521
31426,30966
30987,30988
30999,31257
30982,31522
30955,31523
30960,31524
30960,31525
30999,31526
30960,31527
31319,30977
31369,31370
30960,31516
31369,31445
30988,30989
30960,31528
31187,31529
31187,31530
31194,31195
30960,31531
30966,31426
30960,31532
30960,31533
30887,30883
30960,31534
30960,31535
31284,31300
30960,31536
31284,31537
30960,31538
31473,31474
30960,31539
30977,30966
31284,31540
30990,31455
30994,31541
30960,31542
31023,31543
30960,31544
30960,31545
30960,31546
30999,31263
31547,30963
30999,31243
30954,30968
30960,31548
30960,31548
31493,30887
30960,31549
31434,31008
30960,31550
30960,31551
30960,31552
30960,31553
31179,31180
30968,31242
30960,31554
30968,31246
31187,31186
30960,31555
31192,31191
30954,30968
30960,31556
30960,31557
30960,31557
31181,31184
30960,31558
30999,31243
30960,31559
31493,31494
30990,31455
31006,31168
30960,31560
30999,31561
30960,31562
30979,31351
30960,31563
30960,31564
30960,31565
30960,31566
30960,31567
31181,31568
30960,31569
30960,31570
31561,30999
30960,31571
30960,31572
30960,31573
30960,31574
30983,30984
31023,31425
30960,31575
30960,31576
30960,31576
30960,31577
30919,30910
30892,31578
30895,30952
30892,31579
30933,30948
30862,30908
30902,30867
30865,30897
30948,30877
30896,30853
30858,30836
30845,30897
30919,30910
30985,30897
30855,30855
30913,30845
30856,30859
30857,30931
30900,30857
31050,30877
30917,31067
30908,30839
30915,31090
30876,31415
31033,31030
30843,30875
31046,31035
30878,30853
30951,30903
30839,30836
30858,31035
30919,30857
30845,30846
30837,31411
30985,30918
30927,30874
30913,31051
30856,30839
30900,30935
31050,30874
30917,30918
30908,30950
30882,30908
30915,30912
30876,31415
30879,30857
30878,30836
31033,31035
30843,31044
30870,30853
30854,30855
31100,31042
30847,30914
30904,30935
30872,31580
30854,30867
30904,30867
30878,30836
30872,31581
30863,30918
30854,30877
30870,30871
30868,31582
30951,30877
30904,30874
30880,30914
31046,30867
30857,30931
31098,30851
30933,31057
30835,30877
30905,30903
30902,30857
30896,30857
30845,31381
30985,31141
30919,30877
30851,30927
30856,30836
30913,30897
30849,30850
30843,31073
31033,30857
30876,31413
30868,31583
30951,31035
31046,31072
30892,31050
31098,30851
30933,30878
30902,30836
30905,30877
30896,31052
30845,30914
30919,31087
30896,30950
30985,30897
30851,30932
30913,31039
30856,30948
30900,30932
31050,30867
30917,30897
30912,30986
30882,31088
30908,30943
30915,30916
30942,30874
30927,30877
30900,30839
30948,30950
31098,31090
30917,31064
31050,31584
30882,30866
30908,30877
30942,31050
30841,31150
30878,30877
30879,30927
30868,31585
30849,31060
30951,30877
30898,31408
30854,30855
30909,30910
31046,31071
30857,30931
30933,30878
31098,30912
30902,30857
30858,30950
30905,30927
30948,30867
30919,31087
30906,30839
30845,30947
30913,31034
30900,31065
30876,31413
30878,30840
30915,31086
30841,31085
30951,30871
30849,30850
30854,31053
31063,31105
31046,30845
30933,31057
30835,30910
30892,30858
31098,31107
30902,30867
30948,31035
30986,31057
30919,30910
30858,30867
30896,30877
30985,30986
30927,30910
30845,30986
30837,30838
30851,30950
30837,31383
30856,30836
30913,31313
30913,31316
30851,31053
30917,30914
31050,31586
30908,30932
30907,30925
30876,31587
30915,30851
30879,31030
30878,31032
30843,30952
30857,30910
31033,30902
30872,30910
30841,31095
30868,31588
30870,30910
30854,30877
30847,31064
30909,31388
30951,31035
30892,30957
30933,30878
30856,30921
30900,31077
30985,30908
30837,30864
30851,30839
30906,30923
30917,30849
31050,31589
30882,30918
30908,30839
30907,30849
30915,30916
30878,31040
31033,31062
30849,31060
30902,30903
30870,30863
30854,30867
31046,30839
30892,31151
30835,30928
30933,31057
30902,30836
30948,30877
30858,30946
30927,30910
30919,30877
30845,30918
30898,31389
30908,30932
30948,30871
30908,30877
30882,30908
30843,31044
30876,31413
30837,31383
30878,30853
30863,30929
30849,30850
30870,31053
30847,30922
30910,31035
30868,31590
30892,30839
30854,30877
30857,30931
30880,30914
30858,30859
30896,31050
30905,30839
30845,30986
30835,30932
30851,31053
30985,30908
30919,30920
30915,31103
30900,31050
30917,31064
30908,30867
30863,31069
30847,30897
30868,31591
30910,30877
30892,31151
30854,30867
30880,30897
30905,30939
30933,31057
30896,30857
30858,31592
30845,30918
31036,31593
30835,30867
30851,30927
30919,30920
30900,30857
30902,30836
30856,31109
30906,30836
30841,30948
30913,30986
30909,30881
30942,31050
30902,30857
30856,31594
30841,30855
30985,31109
30856,30836
30906,30853
30913,31313
30909,30857
30908,30878
30841,30842
30917,31064
30857,30910
30876,31595
30835,30932
30872,31596
30837,31143
31100,30927
30843,31044
30852,31058
30863,31088
30847,30880
30870,30867
30849,31060
30878,30840
30910,30877
30854,30867
30904,30935
30902,30903
30905,30836
30900,30950
30913,31034
30908,31035
30909,30910
30917,30914
30912,31035
30876,31415
30843,31073
30878,31050
30837,31411
30863,31039
30870,30877
30878,30877
30847,31049
30849,30881
30892,31030
30868,31597
30951,30871
30880,30918
30858,30836
30896,30877
30865,30918
30845,30947
30851,30950
30919,30904
30839,30847
31050,31049
30872,31314
30843,30952
30913,30918
30900,31054
30906,31032
30841,31337
30948,30867
30912,30927
30908,31035
30909,30910
30876,31587
30917,30914
30882,30914
30879,31032
30857,30910
30878,30840
30849,31060
30872,31598
31050,30922
30870,30927
30847,30845
30863,31051
30868,31599
30854,30874
30880,31079
30856,30867
30933,31057
30851,30932
31036,30910
30912,30951
30882,30918
30915,31086
30876,31587
30917,30849
31033,30839
30843,30844
30878,30839
30849,30881
30872,31600
30870,30937
30863,30881
30904,30874
30892,31153
30854,30874
30933,30878
30880,30918
30835,31050
31098,31107
30896,31042
30845,30839
30985,30986
30919,30943
30902,30867
30865,30914
30835,30836
30896,31058
30880,31066
31098,30916
30933,31142
30835,30921
30896,30950
30858,30948
30919,30904
30845,30914
30985,30914
30851,30839
30900,30937
30902,30867
30856,30921
30857,30910
30841,31085
30948,31035
30906,31030
30912,30877
30909,31388
30876,31413
30917,31067
30908,30867
30942,30839
30854,30855
30951,30871
30868,31601
30863,31034
30845,30881
30985,30918
30919,30935
31036,31035
30902,30857
30900,30943
30856,30877
30841,31106
30948,30950
31112,31141
30906,30839
30849,30881
30912,31050
30876,31415
30909,30857
30917,30918
30915,30851
30843,30875
31033,30853
30872,30873
30878,30950
30898,31391
30870,30932
30847,31067
30908,30878
30882,30881
31050,31382
30917,30897
30900,31077
30913,30897
30908,30877
30863,30929
31091,31035
30879,30877
30951,30928
31033,31030
30854,30874
30849,30850
31030,31602
30837,31411
30909,31603
31050,31382
30912,31508
30948,30867
30862,30854
30892,30957
30919,31087
30896,30910
30865,30914
30845,30846
30905,31109
30839,30928
30927,30877
30841,30948
30906,30853
30913,31051
30863,31051
30879,31030
30951,30948
30857,30910
31033,30853
30909,31604
30854,30867
31030,31605
30837,30838
30835,31050
31050,31382
30912,31390
30948,31035
30896,31058
30892,31606
30919,30877
30845,30947
30905,31509
30878,30840
30927,30877
30858,30895
31046,30839
30860,30937
30857,30931
30858,30859
30906,31072
30878,31072
30906,30840
30841,31147
31046,31072
30985,31141
30839,31032
30851,30927
30913,30929
30917,30849
30908,31035
30907,30849
30879,30927
30915,30851
30872,31607
30863,30897
30854,30855
30849,30850
31030,31608
30857,30910
30909,31603
30933,30948
30837,31383
30948,31035
30845,30914
30858,30946
30927,30932
30905,30836
30841,31030
31046,31071
30985,31141
30917,30918
30851,30932
30900,31054
30908,30867
31091,30877
30863,30918
30907,31419
30951,31032
30900,31072
30854,30867
31030,31608
30837,31143
30909,31609
30933,31057
31050,31091
30912,30845
30948,30950
30892,31151
30919,30857
30896,30836
30865,30866
30849,31060
30892,31045
30839,31120
30841,31095
31050,31382
30868,31610
30845,30897
30919,31087
30892,30858
30878,30840
30927,30874
30865,30897
30905,31032
30908,30839
30858,30934
30841,30944
30863,31039
30882,31088
30985,30914
30860,30871
31046,30867
30851,30839
30839,30903
30900,30935
30913,30986
30986,31057
30907,30849
31100,30943
30951,30857
30909,31611
31033,30857
30863,31034
30878,30853
30927,30867
30865,30918
30905,30939
30841,31134
30858,30867
30857,30910
30908,30867
31046,30950
30985,30986
30906,30840
30839,30839
30900,30950
30986,31057
30907,30839
30872,31612
31409,30877
30879,31032
30837,30864
30951,30927
30942,30986
31030,31145
30854,30877
30879,30937
30837,31394
30942,30877
30907,30839
30872,30910
30951,31032
31033,30867
30837,31383
31030,31605
30854,30855
31050,31091
30912,30877
30892,31153
30896,31050
30948,30877
30919,30935
30849,30881
30927,30910
30845,30986
30905,30950
30878,30950
30882,30866
30858,30836
30985,30897
30906,30857
31046,30845
30863,30881
30986,31105
30913,31316
30902,30836
31033,31035
31030,31145
30909,31603
30854,31053
30857,30910
31050,31382
30912,31050
30919,30877
30896,30867
30892,31613
30895,30952
30908,31046
30849,30850
30905,30910
30858,30950
30878,31050
30985,30908
30906,31035
31046,30877
30841,31048
30908,30877
30839,30847
31385,30877
30900,30877
30865,30918
30919,30910
30905,31064
30927,30874
30854,30874
30902,30836
30849,30881
30839,30853
30985,30914
31046,31053
30909,30910
31030,31145
30933,31057
30948,31035
31098,30916
30858,30895
30912,30877
30837,31411
30919,30857
30896,30910
30845,30947
30841,30855
30882,31088
31050,31091
30900,30950
30913,31400
30851,31035
30872,31614
30906,31032
30915,30851
30908,31035
30854,30877
30902,30867
30849,31060
31030,31145
30933,30948
30892,30900
31098,31110
30948,30950
30858,30934
30919,30935
30837,30838
30905,30859
30896,31058
30845,30914
30927,30932
30841,31059
31050,31382
30906,30902
30900,31050
30851,30927
31385,30867
30878,30853
30917,30914
30951,30839
30878,30950
30917,31067
30908,30937
30915,31103
30849,30881
30854,30874
30847,30881
30835,30839
30902,30903
31046,30877
30933,31057
30892,31606
30948,30871
30858,30859
31098,31110
30919,30857
30896,30867
30845,30846
30927,30867
30837,31143
30912,31050
30900,30877
30851,30839
30913,30918
30857,30931
30906,31030
30908,30867
30878,30839
30917,30849
30906,30941
30876,31587
30879,30839
30915,31090
30942,30867
30849,30850
30854,30867
31046,30950
30902,30857
30909,30857
30933,30948
30892,31578
30839,30863
30948,30867
30919,30935
30865,30897
30896,30836
30927,30877
30845,30986
30912,31390
31050,31382
30900,31072
30913,31039
30841,31106
30851,30950
30837,31383
31046,31065
30915,30912
30907,30925
30919,30935
30837,30864
30986,31139
30896,30853
30905,31039
30927,30867
30878,30877
30845,30918
30860,30867
31050,31382
30841,31068
30906,31035
30900,31065
30913,30914
30851,30904
30917,31064
30908,30943
30839,30871
30951,30839
30879,30877
30915,30912
30872,31615
30863,30897
30862,30908
30892,30893
30933,31057
30948,30867
30858,31616
31050,31091
30845,30897
30878,30950
30882,30908
30906,30877
30841,31392
30900,30932
30913,30846
30851,30950
30917,31067
30854,31053
30839,30877
30951,30863
30879,30857
30907,30839
30915,31090
30942,31035
30863,31069
31033,30877
30854,31053
30868,31617
31030,31618
30909,31604
30908,30839
31201,31619
30849,31060
30909,31620
31030,31145
30909,30857
30933,31621
30948,30877
31098,31107
30858,30857
30919,30877
30837,30864
30905,30853
30896,30950
30845,30897
30882,30914
30927,30874
30841,30842
31050,31091
30900,30943
30906,30836
30913,30924
30878,31040
30851,30932
30917,30897
30908,30943
30951,30927
31036,30937
31622,30881
30849,30881
30854,30855
30933,31057
30892,31153
30948,30877
30858,31616
30919,30910
30837,31143
30986,30949
30896,30877
30845,30918
31050,31382
30841,30911
31030,31618
30878,31032
30900,30839
30906,30857
30913,30845
30851,30943
30917,30918
31046,31035
30908,31053
30915,30916
30879,31032
30839,30840
30872,31623
31385,30839
30965,31217
30954,30990
31200,30958
31157,31158
31157,31158
31157,31158
31157,31158
31157,31158
31157,31158
31157,31158
31157,31158
31157,31158
31159,31160
31157,31158
31157,31158
31157,31158
31023,31165
31164,30890
31163,30973
31162,31023
31157,31158
31157,31158
31157,31158
31157,31158
31160,31159
31157,31158
31157,31158
31157,31158
31157,31158
31157,31158
31026,30887
31157,31158
31157,31158
31157,31158
31006,31168
31157,31158
31157,31158
31157,31158
31157,31158
31160,31159
31160,31159
31157,31158
31157,31158
31170,30965
31157,31158
31160,31159
31157,31158
31006,31169
31157,31158
31157,31158
31157,31158
31157,31158
31157,31158
31157,31158
31157,31158
30965,31161
31160,31159
31207,30961
30885,31209
31208,30977
31191,31192
31194,31195
31191,31192
31193,30888
31006,31006
30971,31172
31157,31158
31157,31158
31157,31158
31157,31158
31006,31167
31173,31006
31157,31158
31157,31158
31174,30958
31175,31160
31160,31176
31160,31177
30999,31178
31179,31180
31210,30885
30961,31216
30961,31207
30890,30887
31157,31158
30965,30887
31157,31158
31160,31171
31196,30968
31157,31158
31157,31158
31157,31158
30977,31197
30965,31198
30977,31199
31006,31167
31006,31168
31161,30965
31201,31202
31203,31013
31204,30984
31006,31205
31006,31206
30961,31207
30975,31215
31214,31023
31212,31213
30961,31211
31200,31201
31160,31177
31157,31158
31157,31158
31201,31366
31175,31160
31164,30890
31192,31191
30977,30887
31001,31227
30977,31319
30963,30963
31233,31201
31245,30963
31319,30977
30890,31320
30890,31320
30890,31320
31321,31215
30890,31322
30890,31323
30890,31324
31023,30887
30890,31320
30958,31329
31026,31328
31236,30963
31201,31345
30963,31245
31369,31370
31238,31368
31376,31006
30965,30887
30965,31170
30890,31222
30890,31222
30890,31356
31222,30890
31201,31357
31164,30890
31358,30968
31006,31359
31023,31360
30890,30887
30890,30887
31006,31361
31006,31362
31363,30890
31006,31364
31026,31365
31181,31184
31181,31184
30975,31215
31181,31182
31367,30963
30963,31245
30963,31245
30963,31327
31157,31158
31201,30958
30968,31232
31160,31175
31201,31200
31234,31006
31160,31175
31201,31233
31160,31175
31201,31202
31160,31175
30968,31232
31157,31158
31157,31158
31157,31158
31157,31158
31157,31158
31157,31158
31157,31158
31157,31158
31157,31158
31157,31158
31166,31026
31157,31158
31157,31158
31157,31158
31157,31158
31326,31023
30963,31224
30992,31229
30992,31229
30992,31229
31026,31325
30992,31229
30963,31245
31157,31244
31187,31237
30963,31236
31157,31158
31235,30888
30992,31229
30992,31229
31227,31001
31175,31160
31160,31175
31160,31175
31160,31175
31160,31177
31191,31192
31201,31230
31231,30965
31201,31200
31377,31006
31160,31177
30977,30887
31226,30966
31461,30966
30973,31446
31425,31462
30984,31204
31425,31463
30984,31204
30984,31271
30961,31220
31183,30965
30991,31277
31472,31186
31473,31474
30955,31274
31204,30984
31191,31192
31473,31474
30955,31428
30969,31469
31428,30955
30961,31478
31475,30969
30969,30887
31460,31001
31476,30971
31001,31227
31204,30984
30890,31427
30965,31228
31170,30965
31157,31244
31021,31465
31183,30965
30981,30887
31466,31021
30981,30887
31438,30977
31464,30958
30963,30963
30965,31228
30963,30963
30965,31217
30965,31217
30999,31278
30999,31278
30977,30887
31278,30999
30977,31438
31204,30984
31204,30984
31001,30887
31477,30999
31178,30999
30965,31217
31157,31244
31440,30885
30991,31277
30966,31226
31441,30999
30999,31255
30977,30966
30999,31441
31017,30968
30999,31257
30966,31426
31201,31345
31435,30955
31255,30999
31226,30966
31006,31364
30968,31423
30984,31424
31023,31425
30966,31426
30890,31427
30890,31427
31006,31364
31242,30968
30994,31439
31432,31437
30977,31438
30965,31228
30968,31246
30965,31170
31458,31459
31458,31459
31008,31471
30995,31467
30995,31467
30995,31467
30995,31467
30973,31468
30991,31277
31469,30969
31006,31470
31439,30994
30965,30887
30968,31242
31440,30885
31458,31459
30999,31255
30963,30964
30999,31436
30995,31433
31432,31437
31447,30982
30973,31190
31157,31244
30965,31228
30958,31240
30979,30887
30965,31221
31238,31239
31001,31227
30965,31217
31201,30958
31201,30958
30968,31242
30965,31170
31021,31243
30965,31228
31209,30885
31205,31006
30968,31223
30963,30963
30963,31224
31219,31023
30968,31017
30968,31017
31219,31023
31225,31187
30966,31226
31238,31239
31001,31227
30965,31170
31023,31241
31006,31168
30984,31189
31186,31188
31186,31187
31191,31192
31200,30958
31181,31184
31157,31158
31183,30965
31181,31182
31157,31158
30890,30890
31270,31021
31238,31238
31026,31218
31238,31238
31238,31238
31238,31238
31238,31238
30965,31198
30965,31217
30958,31201
30968,31246
31023,31241
30971,31007
30963,31224
30890,31222
31369,31624
30965,31221
30958,31329
31017,30968
30977,31438
30995,31625
30958,31200
31626,31201
30965,31198
30968,31246
30965,30887
30965,31217
30982,31627
30982,31627
31319,30977
31277,30991
30965,31170
30965,31217
31200,30958
31200,30958
30965,31217
31201,31619
30965,31170
30965,31228
30965,31170
30965,31628
31369,31624
30965,31217
30965,31221
30961,31220
30965,31198
31023,31219
31191,31192
30965,31170
31218,31026
31191,31192
30965,31217
30965,31198
30965,31183
30965,30887
30965,30887
31191,31192
31001,31227
31006,31234
30965,31183
30965,31628
31450,30965
31194,31195
30995,31625
30958,31201
30958,31201
30971,31629
31428,30955
30996,31378
31267,30988
30915,30916
30950,30914
30933,31057
30917,31064
30950,31067
30933,31057
30915,31086
30950,30897
31112,31050
30917,31067
30933,30878
30950,31049
30950,30986
30933,31046
30917,30897
30950,30881
30950,30866
30933,30878
30917,30948
30933,31057
30950,30897
30933,31046
30933,31046
31030,31630
30917,30849
30917,30918
30950,31508
30933,30878
31030,31631
30933,31621
30917,31067
30841,31130
30917,31141
30854,30867
30917,30918
30950,30918
30841,31412
31112,30927
30917,31064
31632,30929
31030,31145
30933,31046
30917,30948
31030,31393
31098,31110
30841,31106
30933,30878
30917,30849
30917,30897
30915,30851
31030,31393
30933,31621
30933,31621
30933,31621
31030,31393
30933,31057
30933,31621
30917,30914
30917,30897
30933,30927
30917,30849
30907,30986
30917,30914
30851,30927
30933,30948
30917,31067
30872,31633
30933,31057
30917,31064
31098,30851
30917,30897
31634,31419
30854,30877
30933,30927
30915,31090
31098,30912
31086,30836
30917,30948
30933,30927
30917,30918
31098,31107
30933,31057
30933,31057
30933,31046
30950,30845
31030,31418
30933,30878
30933,31621
30933,31046
30933,31057
30933,31057
30933,31621
30950,30845
30854,30874
30917,31141
30933,30878
30933,31621
30917,31067
30933,31057
30917,31064
30933,31057
30933,30927
30933,31621
30933,31621
30933,31057
30933,31046
30933,31621
30907,30897
31030,31635
30904,30867
31632,31141
30950,30837
30849,30881
31098,30916
30951,30871
30933,31057
30917,31067
30906,31030
30849,30850
31098,31103
31632,30929
30841,31147
30849,30881
30933,31621
30917,31091
30849,31060
30950,30862
31632,30918
31030,31636
31098,31090
30951,31035
30933,31057
31098,31086
30841,31106
30849,31060
30951,30877
30933,30948
30904,30877
30900,30950
30950,31067
30849,31637
30858,30910
30933,31057
30841,31392
31112,31035
30933,31046
30904,30935
30900,30935
30915,30912
30950,31049
30849,31060
30858,30950
30933,31046
30841,30911
31632,30897
30906,30902
30950,30897
30854,31053
30849,30881
30915,31103
30854,30877
31030,31638
30950,31508
31030,31636
30841,31048
30933,31621
31030,31636
30950,31508
30933,31621
30917,31091
31030,31639
31632,30918
31030,31636
30909,30910
30841,31640
30950,30922
30898,31389
30854,31053
30933,31057
31030,31641
30916,31141
30917,31064
31030,31641
30854,30877
30933,31046
30917,30918
30917,30897
30933,31057
31112,31053
30854,30867
30915,30912
30933,31046
30917,30948
30841,30948
30907,30914
30933,30855
30933,31057
31632,31141
30841,31030
30854,30855
31098,30851
30841,31059
30933,31046
31112,30839
30933,31621
30841,31337
30854,30874
30950,31065
30951,30857
31112,30948
31632,30914
31112,31621
30933,31046
30852,31035
31098,30912
30996,31379
31098,30916
30843,30952
31289,30988
30888,31193
31181,31184
31181,31184
31181,31184
30955,31352
31353,31354
31354,31353
30891,31295
31261,30973
31295,30891
31193,30888
31011,31292
30971,31007
30988,31267
31190,30973
30988,31289
31305,30960
31292,31011
30984,31009
31191,31192
31290,31011
30973,31348
30988,31289
31191,31192
31011,31290
31011,31292
30999,31281
30999,31282
31204,30984
31005,30999
30999,31283
31013,30887
31284,31285
31011,31243
31013,30887
31013,31286
31287,30999
31287,30999
31257,30999
31288,31008
30961,30962
31295,30891
30891,31295
30891,31295
30891,31295
30988,31289
30971,31254
31294,30971
31192,31191
31291,30999
31011,31290
31210,30885
31351,30979
30973,31343
30973,31350
30973,31350
30958,31329
31355,30968
30973,31375
31163,30973
30968,31246
30973,31190
30999,31374
30999,31374
30999,31372
30995,31371
30968,31022
30968,31017
30995,31373
30995,31371
30988,31289
30988,31267
30988,31380
30982,30887
30996,31379
31170,30965
30958,31344
30973,31343
31236,30963
31201,31345
31009,30984
30960,31338
30960,31305
31339,31340
30971,30887
30979,30887
31163,30973
30960,31305
31008,31341
31339,31340
30960,31262
30999,31280
31339,31342
30971,31254
31257,30999
30960,31305
31292,31011
31292,31011
31008,30887
30973,31348
30973,31347
31023,31346
31349,30973
31001,31227
31305,30960
30917,30918
30999,31293
31306,30984
30883,31268
30890,30889
30890,31269
30890,31269
30890,30889
31298,30991
30984,31271
31272,30883
30984,31273
30984,31271
31273,30984
31265,31266
30991,31277
30991,31249
30888,31193
31193,30888
31276,30966
31275,30995
30955,31274
31264,30984
30891,30887
30891,31259
30961,31248
30988,31267
30991,31249
31266,31265
30966,31226
30905,30839
30841,31059
31030,31418
30835,30928
30907,30929
31036,31593
30854,30855
31086,30877
30835,30877
30857,30910
30851,30932
31098,31090
30876,31642
30907,31141
30917,30948
30942,30867
30872,31404
30913,30846
30876,31643
30870,30853
30917,31067
30890,31269
31204,30984
31265,31266
30891,31250
30991,31249
30891,31251
31299,31191
30999,31260
31300,31284
31301,30977
31011,31258
31251,30891
30962,30961
31302,30977
30977,30966
31011,31292
30979,31303
30999,31304
30975,31243
30966,31226
31261,30973
30975,31310
31308,31309
30992,31311
30992,31307
30984,31306
30973,31190
30960,31305
31229,30992
31298,30991
30966,31297
30984,31296
30999,31279
31187,30887
30961,31248
31252,31253
30991,31249
31187,30887
31195,31194
30961,30962
31254,30971
30977,30966
30973,31163
30960,31262
30992,31229
30999,31243
30999,31263
30999,31260
31011,31258
30999,31257
30971,31254
30971,31256
30999,31255
30971,31254
30999,31243
30999,31278
30999,31293
30973,31261
30979,30887
30995,31185
30979,30887
30843,30952
31086,30836
30913,31039
30905,31064
30900,31065
30857,30910
30898,30937
30909,30881
30942,30874
30862,30851
31033,31035
31050,31382
30876,31644
30908,31050
30858,31616
31385,30910
30851,30932
30835,30839
30907,31419
30986,31105
30870,30853
30858,30853
30847,30914
31086,30836
30905,30939
30900,31072
30843,30844
30913,31384
30909,30857
31033,30857
30872,31645
30876,31646
30847,30897
31100,30901
31050,31091
30933,30948
31385,30836
30896,31058
30907,31419
30835,30921
30872,31070
30857,30910
30851,30927
30870,30910
30986,31057
30847,30922
30858,30895
30843,30952
30986,31139
30913,30929
30900,31077
30909,30910
31033,30853
31091,30874
30876,30836
31050,31382
30933,31057
30863,30918
31385,30877
30907,30945
30872,30956
30870,31050
30851,31053
30835,30867
30905,30853
30908,30877
31050,31091
31385,30867
31385,30877
30908,30867
31050,31382
30857,30931
30872,31647
30851,30839
30835,30867
30907,31141
30858,30867
30870,30839
30900,30839
30847,31508
30843,30875
30913,30846
30933,31057
30909,31399
30905,31109
31385,30839
30908,31035
31050,31382
30872,31648
30876,31649
30851,30950
30835,31050
30907,30849
30858,30836
30870,30839
30900,30877
30847,30881
30878,30950
31033,30853
30876,31650
31033,30839
30905,30839
30872,31651
30851,30910
30835,30932
30907,31422
30857,30931
30858,30934
30870,31050
30847,31067
30900,31054
30843,30952
30913,30845
30909,31399
30905,30950
31033,31062
31091,30839
30876,31652
30933,30948
30909,30857
30913,30924
30843,30952
30900,31064
30847,30986
30870,30910
31033,30839
30858,30950
30835,30877
30851,30927
30872,31653
30908,30943
31385,30937
31050,31382
30907,30945
30876,31506
30837,31383
30878,30839
30876,31654
30843,31655
30835,30928
30907,31656
31033,30857
31050,31091
30933,31621
30847,30914
31385,30910
30905,30937
30913,30918
30870,31050
30909,31399
30858,30853
30858,30857
30876,31657
30843,30952
30835,30932
30907,31658
31033,30867
30986,31057
31050,31382
30847,30897
31385,30839
30905,30910
30913,30986
30857,30910
30870,30853
31035,30874
30860,30916
30900,30932
30909,30881
30870,30910
30913,30914
30870,30910
30909,31399
30876,31659
30843,30844
30835,30836
30907,30845
30942,31035
30847,30845
30905,30853
30913,31051
30870,30853
30909,30910
30876,30953
31086,30867
30843,31655
30835,30921
30907,30918
30905,31109
30847,30922
31033,30867
30907,30986
30835,30948
30843,30952
30879,31032
30876,30930
30870,30910
30857,30910
30913,30897
30905,31509
30847,31508
31033,30857
30909,30910
30913,31034
30909,31399
30876,31078
30876,31660
30835,30836
31033,30867
30907,30945
30986,31046
31050,31382
31385,30937
30843,30844
30847,30845
30882,30908
30909,30910
30913,31503
30858,30857
30857,30931
30858,31035
30876,31661
30872,31662
31033,30857
30835,30877
30907,30945
31050,31091
31385,30867
30843,30844
30905,31509
30851,30950
30986,30949
30858,30910
30913,31316
30909,30857
30908,30877
30837,30864
30913,31034
31634,31663
30917,30897
30843,30844
30835,31050
30872,30910
31091,30839
30907,31419
30942,30867
31033,30839
31050,31382
30986,30949
30933,31057
31385,30903
30847,30837
30905,31039
30910,30853
30870,30839
30913,31313
31035,31053
30847,30880
31385,30839
30892,30857
30986,31105
31033,30878
30995,31429
30858,30934
30843,30952
30857,30931
30876,31664
30858,30867
30909,30881
30879,30937
30860,30863
30835,30910
30843,30844
30857,30910
30837,31383
30913,30914
30908,30878
30919,31087
30878,30950
30872,31665
31385,30836
31033,30877
30851,31122
30927,30867
30865,30866
30843,30844
30876,31666
30858,30853
30905,31109
31086,30903
30912,31050
30835,30877
30854,31053
30942,30986
30847,31057
30870,30839
30837,31394
30857,30910
31086,30877
30909,31388
31050,31091
30908,31050
30913,31384
30878,30877
31385,30877
30907,31422
30909,30857
31050,31382
30870,30910
30847,30839
30942,31053
30837,31383
30870,30853
30951,31064
31086,30836
30909,31388
30913,30986
31050,31382
30908,31050
30919,30935
30878,30840
30843,31073
31385,30867
30872,31667
30851,30950
31033,30853
30837,31394
30847,31122
30854,30874
30907,30925
30912,30877
30905,30853
31033,30839
30835,31050
30876,31668
30865,30914
30933,30878
30927,30877
30857,30931
30862,31090
30858,31035
30854,30867
30851,30932
30876,31669
30965,31628
30965,31170
30965,31228
31369,31624
30965,31221
30958,31329
31017,30968
30977,31438
30995,31625
31002,30960
31002,30965
30958,31200
30887,31001
30960,31000
31369,31624
30975,30974
30965,31198
30968,31246
30965,30887
30954,30968
30965,31217
30887,30982
30887,30981
30982,31627
30982,31627
30887,30980
31319,30977
31277,30991
30965,31170
30965,31217
31626,31201
30958,31201
30958,31201
30995,31625
30858,30857
30905,31039
30835,30839
30912,30839
30907,30925
30854,30855
30872,31670
30847,30918
30870,31050
30837,31383
30909,30881
31050,31382
30908,31035
31086,30836
30919,31112
30913,30929
31385,30937
31194,31195
31450,30965
30965,31628
30965,31183
31006,31234
31001,31227
30843,31073
31191,31192
30887,30965
30974,30975
30971,31629
30933,31057
31033,30867
30878,31032
30965,30887
30913,31051
30907,30849
30835,30921
30895,30952
30858,30857
30907,30918
30870,30910
30913,30846
30847,31064
30942,30877
30837,31394
30878,30839
31091,30943
30933,31057
30909,30910
30863,30897
31033,30853
30835,30836
31385,30910
30843,30875
30908,30867
30919,30935
30905,31032
30872,31671
30851,31035
31035,30877
30876,31672
31036,31035
30835,30839
30858,31035
30907,30929
30870,31050
30847,31049
31086,30867
30876,31673
30872,31674
30851,30932
31033,31030
30909,31388
31091,31050
30933,31057
30905,30910
31385,30910
31050,31382
30908,30839
30919,30935
30876,31675
30851,31053
30872,31676
30835,30921
30860,30867
30879,30927
30858,31035
30870,31050
30908,31035
31050,31382
31385,30836
30905,30877
31033,30839
30933,30948
30837,30864
30909,30881
30878,30840
30837,31143
30913,31051
30847,30918
30900,30857
30907,30897
30843,30952
30912,31586
30913,30924
30878,31030
30905,30939
30862,30851
30872,31677
30851,30932
30927,30910
30876,31678
30858,30903
30835,30928
30907,31422
30854,30855
30857,30931
30951,30836
30837,31143
30870,30910
30863,31088
30913,30897
31086,30877
30909,30881
30908,30943
30843,31044
30919,30857
30878,30839
31385,30839
31033,31062
30862,31090
30872,31679
30851,30839
30876,31680
30905,30839
30858,30950
31050,31091
30919,30857
30908,30839
30843,30952
30909,30857
31086,30877
31033,31030
30857,30910
30908,30877
30843,30875
30919,30877
30905,30859
30872,31681
31030,31145
30851,30927
30927,30874
30876,31682
30933,30878
30858,30853
30835,30910
30912,31129
30878,30853
31033,31062
31086,30867
30909,30910
31050,31091
31091,30867
31091,30855
30913,31316
30847,30986
30951,31683
30900,31050
30870,30839
30854,31053
30907,31419
30837,30864
30905,30839
30907,31419
30907,30914
30960,31500
30960,31501
31026,30887
31026,30887
30999,31178
30847,30881
31493,31494
30979,31481
30960,31502
30960,31487
30968,31246
30960,31480
30979,31481
30960,31482
30960,31499
30979,31481
30984,31424
30960,31483
30960,31484
30868,30860
30835,30836
30913,30986
30876,31650
30870,30932
30909,30857
30917,30914
30852,30857
30843,30844
30835,30910
30907,30918
30979,31481
30960,31498
30960,31497
30960,31496
31434,31008
30960,31550
30960,31551
30960,31552
30960,31553
31179,31180
30968,31242
30960,31554
30968,31246
31187,31186
30960,31555
31192,31191
30960,31556
30960,31557
30960,31557
31181,31184
31191,31512
30966,31297
31187,31495
31493,31494
30960,31492
31253,31252
30966,31226
30872,31684
30960,31491
30885,31451
30960,31489
30960,31488
31179,31180
30960,31511
31181,31568
31187,31490
30960,31549
30913,30914
30905,31032
30870,30863
30909,30910
30843,31655
30835,30867
30907,30897
30913,30845
30933,31621
30847,30880
30905,30859
30876,31685
30919,30857
30870,30910
30916,30897
30909,31399
30857,30931
30858,30895
30835,30948
30907,30929
30857,30910
30913,31313
30933,31057
30847,30918
30905,30939
30876,31686
30870,30910
30909,30881
30843,30952
30835,31030
30907,31141
30913,31030
30843,30844
30876,31687
30905,31040
30847,30897
30876,31688
30870,31053
30909,30910
30917,30918
31098,31103
30858,30836
30843,31655
30942,30839
30835,30932
30907,30986
30913,31039
30851,30910
30933,31057
30905,31109
30876,31661
30870,30867
30909,31399
30913,31034
30907,30914
30835,31050
30843,30844
30909,30857
30870,30877
30933,30927
30876,31673
30851,31053
30913,31503
30907,30845
30835,30921
30843,30952
31091,30943
30905,30948
30847,31067
31493,30887
30960,31548
31444,31026
31369,31445
31369,31370
30992,31311
31244,31157
31367,30963
30958,31329
31302,30977
30966,31426
31302,30977
30973,31446
30982,31447
31159,30973
31244,31157
31191,31443
30958,31200
30973,31159
31426,30966
30982,31510
30998,31479
31187,31529
31187,31530
31194,31195
30960,31531
30966,31426
30960,31532
30960,31533
30960,31534
30960,31535
31284,31300
30998,31448
30977,30966
30977,30966
30995,31433
30995,31429
31430,30968
30995,31429
31431,31432
30995,31433
31425,31023
30958,31329
31017,30968
31434,31008
31442,30968
30999,31255
31297,30966
30999,31257
30999,31257
31449,31187
31191,31192
30958,31329
31226,30966
31185,30995
30977,31457
30977,30966
30990,31456
30990,31455
30960,31536
30890,31454
30890,31453
31321,31215
30890,31452
31013,31159
30885,31451
31450,31001
30991,31277
30960,31548
31284,31537
31473,31474
30999,31263
31547,30963
30990,31455
31006,31168
30960,31560
30999,31561
30960,31562
30979,31351
30960,31563
30960,31564
30960,31565
30960,31566
30960,31567
30960,31569
30960,31546
30960,31577
31561,30999
30960,31571
30960,31572
30960,31573
30960,31574
31023,31425
30960,31575
30960,31576
30960,31576
31493,31494
30960,31559
30999,31243
30960,31558
30999,31243
30960,31570
31369,31445
31369,31370
31319,30977
30960,31539
30977,30966
31284,31540
30990,31455
30994,31541
30960,31542
31023,31543
30960,31544
30960,31528
30960,31545
30960,31516
30977,30966
30955,31513
30955,31514
30955,31515
30960,31516
30955,31517
30960,31527
30999,31526
30960,31525
30960,31524
30955,31523
30982,31522
30960,31538
30999,31257
30955,31521
30960,31520
31455,30990
31519,30994
30960,31518
31426,30966
31426,30966
30905,30950
30960,31502
30917,31064
30876,31689
30876,31690
30870,31050
30909,30857
30858,31616
30854,30867
31086,30867
30843,31655
30835,30877
30857,30931
30907,31039
30847,30986
30905,30836
30876,31691
30870,30932
30909,30881
31086,30877
30843,30952
30878,30840
30835,30932
30851,30839
30913,31384
30913,30924
30907,30897
31046,31035
30870,31050
30909,30857
30843,31655
30835,30867
30942,31050
30847,31049
30913,30929
30905,31039
30910,31035
30870,30910
30876,31646
30854,31053
30843,30952
30835,31050
30907,30929
30847,31064
30905,31064
30909,30910
