34058,34059
34060,34061
34062,34063
34064,34065
34066,34061
34067,34068
34067,34068
34066,34069
34058,34070
34071,34072
34073,34070
34062,34074
34060,34075
34076,34077
34078,34070
34079,34077
34080,34081
34080,34082
34060,34069
34062,34083
34084,34070
34085,34086
34087,34088
34076,34089
34058,34069
34088,34090
34091,34092
34067,34070
34066,34078
34093,34094
34060,34059
34062,34063
34076,34095
34076,34078
34093,34096
34067,34070
34093,34086
34067,34070
34066,34097
34079,34098
34060,34099
34062,34100
34064,34101
34102,34103
34104,34105
34106,34107
34076,34077
34108,34109
34067,34110
34066,34111
34076,34078
34060,34075
34076,34112
34113,34114
34108,34109
34066,34061
34067,34070
34115,34116
34060,34059
34062,34063
34073,34069
34076,34086
34066,34117
34066,34061
34067,34118
34060,34069
34062,34119
34106,34120
34121,34122
34073,34123
34113,34091
34066,34099
34124,34125
34058,34126
34115,34127
34060,34069
34062,34063
34076,34069
34106,34128
34067,34069
34066,34111
34078,34069
34079,34088
34060,34075
34106,34120
34062,34129
34087,34088
34073,34123
34076,34130
34067,34110
34066,34117
34079,34094
34060,34059
34062,34100
34121,34131
34076,34112
34066,34078
34067,34070
34060,34061
34062,34119
34132,34070
34067,34068
34066,34069
34076,34077
34133,34134
34135,34069
34106,34136
34121,34137
34138,34139
34091,34140
34141,34089
34062,34063
34142,34143
34060,34135
34060,34078
34085,34099
34138,34135
34071,34144
34091,34092
34066,34061
34062,34145
34060,34059
34106,34146
34121,34131
34091,34147
34066,34099
34106,34148
34121,34131
34066,34117
34091,34092
34062,34149
34150,34105
34091,34147
34151,34070
34066,34078
34124,34075
34060,34069
34062,34063
34091,34094
34152,34059
34060,34135
34084,34106
34062,34063
34091,34153
34066,34097
34060,34099
34062,34145
34091,34147
34066,34111
34060,34078
34062,34145
34135,34070
34106,34154
34062,34129
34091,34140
34060,34075
34135,34155
34109,34105
34060,34099
34062,34156
34084,34112
34150,34073
34104,34126
34121,34157
34067,34069
34152,34099
34091,34140
34066,34097
34066,34117
34062,34145
34108,34109
34080,34158
34104,34094
34091,34153
34067,34070
34066,34097
34060,34078
34062,34159
34108,34109
34060,34117
34160,34161
34091,34092
34108,34144
34121,34157
34106,34107
34091,34140
34062,34156
34060,34061
34106,34128
34091,34153
34066,34078
34060,34069
34062,34063
34142,34162
34121,34077
34091,34153
34152,34163
34066,34111
34060,34117
34062,34156
34071,34164
34121,34165
34091,34147
34066,34061
34060,34099
34062,34145
34084,34089
34166,34116
34113,34167
34076,34130
34079,34078
34138,34099
34071,34164
34060,34061
34062,34168
34066,34078
34113,34114
34108,34109
34079,34116
34150,34169
34124,34059
34071,34144
34062,34170
34166,34088
34066,34171
34113,34172
34067,34124
34076,34173
34079,34174
34071,34099
34060,34069
34106,34175
34060,34176
34062,34177
34060,34075
34078,34160
34066,34075
34071,34178
34062,34179
34166,34059
34108,34109
34102,34180
34060,34181
34066,34069
34071,34164
34062,34177
34066,34061
34106,34146
34067,34124
34113,34091
34108,34109
34133,34182
34138,34068
34071,34178
34106,34175
34062,34183
34073,34070
34067,34124
34073,34059
34066,34097
34113,34167
34067,34184
34076,34078
34079,34098
34138,34139
34106,34107
34060,34078
34066,34078
34062,34063
34067,34184
34076,34112
34079,34094
34060,34117
34106,34154
34073,34070
34062,34168
34066,34069
34060,34059
34067,34124
34079,34088
34076,34078
34150,34073
34106,34120
34113,34185
34105,34186
34067,34184
34066,34061
34113,34109
34076,34130
34108,34109
34071,34112
34106,34146
34166,34069
34062,34063
34060,34099
34113,34091
34067,34124
34066,34068
34150,34093
34079,34077
34142,34185
34062,34129
34151,34174
34060,34061
34113,34114
34066,34117
34067,34124
34079,34089
34106,34187
34062,34188
34073,34095
34060,34059
34079,34098
34076,34077
34113,34185
34113,34109
34076,34130
34108,34109
34060,34078
34079,34073
34062,34168
34138,34139
34067,34124
34106,34189
34076,34078
34067,34124
34060,34099
34067,34124
34088,34086
34166,34099
34091,34147
34113,34167
34076,34077
34060,34117
34079,34089
34066,34078
34062,34100
34062,34063
34062,34190
34060,34059
34113,34109
34066,34068
34060,34061
34079,34078
34062,34063
34067,34124
34087,34078
34064,34191
34106,34148
34076,34192
34124,34075
34108,34193
34060,34069
34062,34100
34067,34124
34076,34069
34113,34172
34060,34075
34079,34089
34062,34119
34066,34117
34067,34124
34121,34077
34076,34112
34064,34191
34106,34154
34194,34195
34088,34123
34113,34114
34084,34094
34060,34099
34066,34069
34080,34081
34062,34119
34113,34109
34124,34097
34079,34094
34060,34075
34105,34086
34066,34068
34073,34068
34113,34172
34108,34109
34150,34105
34079,34088
34060,34078
34066,34117
34064,34196
34062,34063
34105,34088
34062,34100
34194,34197
34062,34100
34066,34078
34113,34091
34060,34061
34079,34077
34150,34169
34102,34198
34135,34088
34066,34097
34062,34119
34064,34103
34067,34124
34113,34185
34108,34199
34124,34075
34060,34117
34066,34061
34062,34063
34166,34111
34067,34124
34151,34086
34113,34172
34108,34109
34076,34112
34060,34069
34067,34124
34151,34200
34067,34069
34104,34147
34121,34077
34150,34105
34201,34202
34066,34068
34062,34203
34067,34112
34060,34069
34204,34205
34121,34077
34093,34078
34141,34106
34201,34206
34062,34063
34132,34069
34060,34059
34204,34207
34208,34091
34067,34068
34138,34209
34121,34077
34076,34173
34066,34111
34066,34117
34062,34160
34060,34075
34067,34069
34201,34210
34066,34088
34067,34112
34062,34211
34132,34069
34060,34078
34141,34117
34150,34092
34087,34088
34212,34099
34132,34070
34066,34075
34067,34070
34060,34061
34080,34158
34121,34131
34150,34169
34093,34069
34066,34161
34213,34214
34105,34186
34062,34215
34062,34216
34132,34160
34060,34217
34067,34089
34150,34169
34138,34060
34060,34075
34067,34112
34104,34126
34066,34075
34212,34218
34062,34219
34150,34092
34121,34077
34062,34220
34076,34078
34060,34059
34067,34070
34066,34061
34062,34221
34208,34185
34060,34069
34067,34070
34066,34068
34062,34073
34115,34130
34208,34114
34066,34117
34166,34218
34060,34061
34194,34222
34138,34099
34076,34130
34066,34099
34062,34223
34204,34224
34106,34107
34067,34112
34138,34135
34066,34161
34062,34225
34150,34092
34106,34136
34067,34068
34060,34078
34084,34094
34166,34191
34066,34078
34062,34215
34150,34105
34080,34158
34067,34069
34058,34088
34093,34116
34121,34131
34138,34139
34060,34061
34138,34209
34067,34068
34121,34226
34150,34105
34087,34070
34085,34086
34066,34088
34166,34089
34104,34147
34062,34227
34060,34217
34058,34070
34060,34059
34067,34070
34066,34069
34104,34105
34062,34063
34105,34130
34060,34117
34138,34068
34067,34112
34115,34069
34141,34112
34102,34228
34058,34059
34062,34167
34062,34167
34102,34138
34150,34105
34062,34229
34066,34099
34166,34230
34060,34069
34141,34174
34067,34070
34102,34198
34150,34092
34115,34116
34066,34123
34084,34069
34062,34231
34166,34230
34060,34061
34067,34069
34121,34226
34150,34169
34201,34232
34115,34127
34066,34069
34066,34075
34121,34137
34104,34094
34060,34075
34208,34160
34076,34112
34115,34116
34067,34068
34212,34094
34066,34117
34062,34233
34060,34069
34076,34095
34067,34069
34204,34234
34115,34130
34062,34190
34060,34117
34121,34077
34150,34105
34087,34112
34201,34235
34115,34099
34067,34070
34066,34099
34062,34190
34066,34088
34060,34059
34062,34145
34104,34073
34064,34162
34121,34077
34067,34069
34150,34169
34201,34236
34115,34106
34212,34088
34066,34111
34166,34237
34104,34114
34062,34083
34141,34130
34060,34078
34138,34060
34079,34088
34121,34131
34150,34092
34087,34078
34124,34075
34201,34238
34067,34068
34066,34068
34166,34239
34062,34215
34091,34153
34060,34117
34066,34123
34138,34099
34091,34092
34062,34240
34060,34117
34066,34078
34067,34068
34150,34169
34080,34158
34076,34069
34091,34092
34208,34091
34062,34241
34166,34075
34066,34097
34079,34126
34208,34162
34091,34147
34062,34242
34060,34061
34066,34099
34067,34070
34208,34114
34060,34061
34091,34140
34150,34121
34067,34069
34138,34135
34062,34243
34066,34099
34150,34105
34102,34228
34104,34116
34067,34069
34062,34179
34066,34069
34150,34169
34066,34117
34102,34138
34062,34244
34166,34097
34066,34061
34124,34075
34150,34169
34121,34077
34080,34245
34091,34147
34062,34246
34060,34075
34067,34068
34213,34247
34060,34135
34066,34078
34091,34147
34060,34075
34066,34117
34062,34156
34078,34069
34106,34248
34080,34158
34091,34140
34060,34059
34066,34078
34150,34169
34062,34241
34091,34140
34060,34061
34062,34170
34106,34175
34080,34245
34076,34130
34091,34092
34066,34099
34060,34117
34062,34063
34076,34078
34062,34242
34066,34061
34060,34069
34067,34068
34062,34249
34078,34070
34208,34185
34091,34153
34060,34099
34067,34069
34066,34061
34102,34250
34060,34059
34062,34240
34080,34158
34091,34153
34213,34251
34060,34078
34066,34117
34062,34252
34067,34112
34084,34069
34150,34073
34064,34162
34076,34112
34091,34092
34067,34068
34150,34105
34066,34068
34060,34059
34066,34161
34084,34112
34150,34169
34062,34063
34106,34120
34064,34253
34060,34069
34067,34112
34066,34099
34212,34112
34067,34068
34079,34116
34062,34254
34133,34255
34087,34086
34060,34078
34180,34069
34201,34256
34062,34257
34106,34175
34060,34059
34141,34069
34150,34105
34060,34061
34141,34086
34138,34068
34062,34241
34150,34105
34115,34099
34121,34157
34106,34248
34104,34116
34060,34059
34105,34088
34066,34117
34150,34092
34115,34130
34062,34243
34076,34173
34152,34088
34141,34078
34060,34075
34133,34258
34066,34061
34113,34185
34084,34116
34150,34105
34115,34069
34062,34216
34213,34259
34133,34099
34066,34068
34062,34074
34067,34068
34062,34260
34060,34061
34105,34099
34066,34061
34067,34070
34076,34095
34102,34103
34062,34073
34060,34075
34084,34073
34213,34234
34150,34169
34067,34070
34064,34261
34062,34219
34060,34069
34066,34117
34150,34169
34067,34112
34062,34262
34194,34263
34066,34078
34066,34161
34213,34264
34060,34059
34133,34172
34060,34069
34066,34075
34150,34092
34067,34070
34062,34233
34060,34135
34066,34069
34150,34105
34067,34112
34062,34190
34060,34117
34066,34075
34084,34116
34067,34069
34062,34265
34060,34069
34105,34095
34066,34099
34084,34266
34067,34112
34062,34116
34102,34250
34067,34068
34067,34184
34250,34091
34076,34099
34066,34097
34084,34089
34105,34095
34066,34075
34150,34169
34073,34059
34066,34161
34150,34153
34105,34130
34064,34088
34064,34069
34066,34078
34064,34059
34066,34061
34064,34070
34073,34070
34066,34117
34105,34069
34064,34191
34066,34088
34084,34112
34066,34078
34150,34073
34073,34123
34105,34077
34062,34267
34084,34088
34150,34169
34105,34088
34073,34068
34064,34070
34105,34069
34073,34069
34064,34078
34105,34130
34064,34155
34150,34105
34150,34268
34064,34160
34132,34155
34066,34097
34105,34095
34066,34068
34150,34105
34066,34117
34150,34268
34105,34088
34066,34068
34105,34099
34066,34075
34084,34069
34066,34171
34102,34103
34073,34069
34124,34070
34066,34069
34102,34138
34066,34117
34073,34059
34066,34075
34151,34163
34080,34081
34102,34250
34066,34068
34066,34061
34151,34070
34132,34070
34062,34269
34180,34068
34166,34270
34066,34068
34066,34075
34064,34271
34272,34273
34066,34117
34066,34097
34062,34274
34066,34061
34150,34169
34066,34161
34073,34095
34066,34069
34066,34068
34066,34061
34102,34138
34073,34068
34150,34105
34066,34117
34084,34070
34064,34275
34066,34161
34150,34092
34066,34099
34138,34068
34066,34176
34062,34227
34064,34089
34073,34123
34066,34078
34066,34217
34064,34276
34064,34059
34150,34093
34064,34160
34073,34059
34105,34173
34076,34069
34064,34191
34142,34103
34064,34125
34105,34088
34138,34139
34064,34070
34126,34078
34085,34112
34064,34078
34105,34095
34105,34077
34073,34059
34085,34124
34108,34109
34105,34106
34064,34160
34124,34099
34084,34094
34073,34095
34105,34186
34085,34069
34064,34078
34105,34069
34084,34112
34073,34069
34105,34077
34076,34099
34121,34068
34124,34160
34076,34204
34105,34099
34064,34191
34076,34078
34102,34180
34105,34095
34076,34069
34105,34130
34064,34162
34076,34077
34064,34191
34076,34130
34105,34099
34064,34191
34073,34095
34076,34089
34064,34078
34160,34155
34064,34191
34277,34278
34064,34196
34073,34059
34064,34160
34105,34173
34150,34105
34073,34070
34064,34059
34150,34169
34105,34086
34150,34268
34073,34069
34064,34155
34150,34268
34105,34106
34064,34070
34150,34268
34073,34123
34105,34077
34150,34105
34064,34078
34064,34155
34105,34186
34150,34078
34064,34069
34150,34105
34105,34095
34064,34069
34150,34169
34064,34069
34150,34105
34105,34088
34076,34130
34064,34155
34073,34123
34105,34186
34150,34169
34073,34069
34105,34069
34076,34077
34064,34279
34105,34077
34073,34068
34064,34153
34150,34280
34064,34281
34073,34070
34064,34078
34105,34173
34150,34073
34073,34068
34105,34130
34105,34099
34064,34196
34109,34059
34066,34097
34066,34117
34115,34073
34088,34112
34059,34069
34150,34073
34272,34171
34250,34091
34102,34103
34282,34172
34088,34090
34073,34059
34059,34161
34073,34069
34066,34116
34115,34099
34080,34283
34282,34162
34088,34123
34277,34284
34106,34285
34059,34155
34102,34250
34076,34078
34166,34280
34250,34172
34059,34155
34066,34069
34166,34286
34250,34255
34277,34088
34272,34185
34059,34069
34106,34175
34106,34107
34150,34153
34277,34088
34105,34106
34250,34287
34115,34106
34282,34287
34088,34068
34059,34070
34250,34171
34085,34288
34212,34289
34115,34086
34282,34290
34088,34069
34138,34135
34064,34070
34115,34069
34282,34143
34115,34173
34088,34086
34282,34109
34093,34069
34106,34291
34059,34161
34150,34105
34277,34292
34250,34091
34064,34279
34066,34075
34066,34061
34088,34116
34282,34114
34106,34293
34059,34155
34250,34172
34064,34065
34066,34097
34115,34106
34088,34112
34282,34162
34115,34116
34166,34076
34064,34155
34250,34171
34088,34116
34093,34059
34277,34294
34106,34128
34059,34069
34105,34069
34084,34094
34250,34134
34064,34059
34066,34117
34282,34114
34088,34295
34106,34187
34059,34161
34277,34296
34084,34089
34250,34134
34066,34099
34088,34123
34282,34091
34106,34148
34059,34070
34105,34297
34115,34073
34088,34069
34282,34185
34059,34070
34064,34162
34059,34155
34088,34090
34066,34078
34064,34253
34084,34106
34272,34273
34277,34284
34059,34069
34282,34143
34066,34061
34088,34086
34084,34088
34277,34298
34059,34070
34282,34114
34150,34153
34088,34069
34133,34299
34066,34217
34073,34059
34084,34094
34066,34075
34073,34070
34088,34069
34150,34169
34102,34180
34084,34116
34150,34073
34066,34078
34272,34172
34073,34095
34138,34060
34066,34069
34084,34073
34106,34107
34066,34097
34084,34069
34272,34171
34066,34068
34064,34095
34084,34089
34250,34287
34059,34070
34088,34112
34115,34106
34066,34117
34250,34114
34059,34161
34250,34172
34138,34135
34132,34160
34059,34155
34066,34117
34064,34155
34166,34068
34250,34287
34277,34300
34272,34114
34059,34069
34282,34287
34088,34089
34201,34232
34115,34089
34115,34130
34250,34185
34105,34106
34059,34155
34282,34172
34088,34068
34115,34127
34066,34068
34250,34114
34277,34296
34106,34301
34066,34069
34088,34073
34133,34302
34282,34303
34282,34172
34106,34146
34088,34068
34212,34304
34066,34068
34084,34070
34062,34305
34250,34171
34105,34099
34059,34161
34282,34091
34088,34123
34066,34075
34250,34255
34059,34161
34277,34306
34282,34143
34088,34112
34066,34061
34064,34069
34084,34112
34059,34070
34277,34304
34277,34307
34060,34308
34076,34078
34105,34106
34067,34184
34105,34069
34109,34069
34076,34077
34160,34075
34067,34184
34109,34068
34076,34130
34080,34309
34109,34099
34076,34078
34076,34078
34138,34135
34076,34130
34160,34155
34310,34123
34076,34099
34180,34070
34160,34075
34084,34070
34133,34171
34109,34070
34160,34160
34076,34077
34105,34077
34152,34163
34152,34088
34115,34099
34073,34059
34105,34106
34062,34311
34076,34130
34106,34120
34067,34124
34105,34077
34150,34073
34073,34068
34133,34167
34067,34124
34105,34086
34076,34089
34106,34146
34067,34184
34105,34106
34062,34233
34076,34099
34106,34175
34067,34124
34076,34086
34080,34082
34160,34160
34093,34078
34064,34185
34076,34130
34133,34312
34126,34070
34105,34095
34076,34089
34138,34153
34076,34077
34064,34162
34133,34142
34133,34313
34105,34088
34138,34099
34076,34069
34109,34075
34121,34069
34064,34253
34213,34314
34160,34121
34084,34089
34105,34130
34315,34316
34180,34069
34076,34099
34138,34060
34106,34291
34105,34099
34109,34069
34076,34078
34204,34317
34160,34059
34067,34124
34272,34171
34109,34099
34076,34077
34132,34155
34160,34069
34150,34268
34138,34068
34076,34099
34064,34191
34108,34109
34085,34099
34133,34185
34076,34130
34160,34070
34108,34109
34133,34066
34076,34078
34067,34184
34132,34160
34106,34148
34076,34089
34105,34077
34113,34185
34062,34063
34079,34078
34060,34078
34076,34069
34067,34124
34105,34130
34062,34318
34060,34059
34213,34247
34079,34167
34067,34184
34106,34148
34160,34059
34105,34069
34272,34114
34116,34069
34060,34266
34076,34078
34109,34097
34067,34184
34076,34099
34282,34290
34067,34184
34201,34238
34160,34070
34113,34114
34066,34075
34062,34168
34067,34184
34060,34075
34109,34070
34160,34121
34062,34318
34073,34069
34060,34099
34076,34130
34109,34075
34067,34124
34080,34319
34062,34183
34073,34095
34060,34088
34076,34077
34067,34184
34062,34320
34060,34117
34076,34130
34106,34107
34321,34322
34180,34094
34105,34106
34060,34266
34076,34077
34106,34187
34067,34124
34152,34323
34084,34073
34105,34069
34060,34075
34133,34114
34076,34078
34105,34088
34067,34124
34060,34059
34076,34086
34106,34128
34067,34184
34079,34324
34105,34130
34076,34077
34087,34112
34067,34184
34105,34186
34105,34099
34150,34268
34213,34251
34121,34325
34113,34109
34084,34266
34062,34249
34060,34069
34076,34077
34067,34124
34064,34143
34060,34061
34062,34243
34076,34069
34067,34184
34105,34173
34060,34069
34076,34099
34109,34095
34067,34184
34084,34106
34150,34105
34105,34086
34060,34078
34076,34130
34067,34184
34282,34109
34213,34234
34138,34060
34315,34326
34327,34328
34315,34329
34321,34330
34331,34332
34315,34329
34331,34332
34331,34332
34333,34334
34335,34336
34335,34337
34334,34333
34321,34338
34335,34339
34335,34340
34335,34341
34342,34329
34329,34342
34342,34329
34340,34335
34340,34335
34321,34343
34344,34345
34321,34346
34332,34347
34321,34348
34321,34349
34330,34350
34351,34352
34353,34352
34315,34326
34354,34355
34356,34357
34354,34355
34358,34359
34353,34352
34330,34350
34357,34356
34360,34361
34321,34362
34332,34363
34321,34346
34315,34364
34321,34365
34321,34343
34321,34366
34331,34332
34321,34358
34342,34329
34321,34367
34363,34332
34345,34368
34321,34366
34321,34369
34213,34251
34105,34086
34076,34078
34064,34143
34105,34130
34076,34089
34106,34370
34113,34172
34105,34088
34076,34130
34064,34185
34105,34173
34105,34069
34076,34069
34073,34068
34076,34077
34064,34371
34105,34186
34076,34130
34064,34372
34084,34069
34102,34228
34076,34089
34076,34077
34105,34173
34142,34290
34328,34373
34344,34345
34345,34368
34321,34330
34354,34374
34375,34352
34345,34344
34373,34328
34321,34346
34321,34338
34321,34369
34376,34365
34331,34332
34361,34377
34321,34367
34321,34330
34378,34343
34377,34361
34321,34379
34380,34381
34076,34099
34132,34069
34064,34253
34382,34352
34351,34352
34353,34352
34383,34352
34316,34384
34384,34316
34316,34384
34385,34386
34385,34386
34354,34374
34354,34374
34321,34330
34354,34374
34330,34387
34384,34316
34330,34388
34330,34389
34330,34390
34321,34367
34391,34335
34386,34385
34336,34335
34389,34330
34387,34330
34385,34386
34321,34330
34330,34392
34316,34384
34316,34384
34384,34316
34393,34367
34328,34327
34315,34316
34343,34394
34359,34358
34354,34374
34321,34369
34321,34335
34395,34361
34321,34396
34321,34365
34321,34330
34367,34393
34367,34393
34367,34397
34393,34367
34367,34398
34367,34393
34321,34362
34335,34391
34399,34316
34316,34384
34316,34384
34330,34387
34400,34326
34321,34379
34386,34385
34321,34343
34327,34328
34401,34332
34402,34328
34349,34403
34321,34328
34321,34404
34405,34332
34321,34406
34321,34366
34357,34356
34321,34406
34327,34328
34321,34369
34321,34366
34353,34352
34382,34352
34383,34352
34382,34352
34353,34352
34407,34352
34353,34352
34360,34361
34385,34386
34328,34408
34408,34328
34321,34362
34385,34386
34321,34409
34330,34388
34321,34335
34321,34335
34385,34386
34321,34410
34411,34328
34412,34386
34321,34409
34386,34412
34408,34328
34412,34386
34363,34332
34321,34367
34332,34363
34315,34361
34315,34361
34328,34413
34413,34328
34321,34414
34328,34408
34388,34330
34213,34234
34415,34416
34417,34418
34415,34419
34420,34421
34417,34422
34423,34424
34422,34417
34425,34426
34423,34427
34423,34424
34330,34428
34361,34377
34423,34424
34423,34424
34423,34429
34335,34430
34431,34410
34398,34367
34432,34433
34432,34433
34362,34434
34423,34424
34362,34435
34362,34434
34369,34436
34417,34422
34361,34377
34365,34437
34379,34438
34374,34374
34439,34440
34441,34367
34442,34374
34367,34441
34367,34441
34330,34443
34330,34321
34444,34409
34445,34417
34417,34446
34335,34391
34367,34441
34330,34447
34330,34448
34374,34449
34450,34362
34374,34449
34367,34451
34365,34437
34362,34452
34374,34449
34330,34321
34374,34453
34374,34453
34374,34453
34439,34454
34379,34455
34432,34433
34335,34456
34365,34457
34439,34458
34459,34374
34439,34458
34439,34458
34439,34458
34415,34416
34365,34460
34386,34321
34459,34374
34439,34458
34398,34367
34439,34461
34439,34454
34439,34454
34365,34462
34459,34374
34439,34463
34338,34321
34380,34355
34464,34367
34379,34438
34439,34463
34322,34465
34379,34321
34410,34466
34439,34467
34410,34468
34469,34367
34470,34374
34423,34424
34350,34330
34355,34471
34377,34361
34423,34424
34335,34472
34330,34321
34367,34469
34454,34439
34365,34473
34416,34415
34454,34439
34365,34474
34410,34466
34396,34475
34396,34321
34420,34421
34396,34475
34410,34476
34396,34475
34365,34437
34420,34421
34365,34477
34365,34478
34410,34468
34479,34335
34379,34455
34480,34409
34338,34481
34332,34482
34483,34322
34338,34484
34332,34485
34338,34484
34338,34486
34338,34332
34487,34488
34488,34487
34334,34489
34328,34327
34332,34482
34332,34482
34361,34490
34332,34482
34332,34491
34492,34338
34493,34494
34495,34480
34487,34496
34423,34497
34423,34497
34332,34491
34332,34491
34328,34327
34343,34321
34343,34394
34332,34498
34495,34499
34500,34495
34495,34500
34495,34501
34495,34500
34502,34329
34328,34321
34328,34321
34495,34503
34328,34321
34328,34321
34328,34321
34495,34504
34495,34504
34505,34423
34506,34461
34503,34495
34484,34338
34507,34508
34332,34482
34487,34509
34332,34510
34490,34361
34332,34485
34487,34509
34495,34500
34511,34512
34403,34349
34480,34409
34332,34482
34409,34444
34332,34482
34412,34386
34513,34510
34362,34435
34386,34412
34357,34321
34489,34334
34403,34349
34379,34438
34386,34514
34459,34374
34410,34466
34357,34515
34357,34516
34517,34357
34374,34518
34480,34409
34519,34367
34350,34330
34443,34330
34330,34443
34348,34520
34332,34482
34350,34330
34367,34441
34367,34367
34414,34521
34511,34512
34493,34522
34489,34334
34414,34523
34414,34414
34349,34524
34349,34474
34349,34525
34332,34491
34526,34361
34332,34491
34332,34491
34361,34527
34513,34528
34513,34528
34332,34491
34528,34513
34332,34491
34332,34491
34332,34491
34332,34491
34332,34491
34513,34528
34529,34513
34367,34398
34332,34491
34421,34420
34439,34454
34410,34468
34410,34468
34469,34367
34365,34478
34365,34477
34420,34421
34365,34437
34321,34396
34396,34475
34410,34476
34396,34475
34410,34466
34420,34421
34321,34365
34396,34475
34410,34466
34365,34474
34454,34439
34416,34415
34365,34473
34454,34439
34367,34469
34321,34330
34330,34321
34396,34321
34365,34457
34439,34458
34459,34374
34479,34335
34321,34335
34379,34321
34322,34465
34439,34463
34379,34438
34464,34367
34380,34355
34338,34321
34439,34463
34459,34374
34395,34361
34365,34462
34439,34454
34439,34454
34439,34461
34398,34367
34439,34458
34459,34374
34386,34321
34365,34460
34067,34112
34439,34458
34439,34458
34439,34458
34335,34472
34423,34424
34377,34361
34367,34393
34361,34377
34330,34428
34423,34424
34399,34316
34423,34427
34425,34426
34422,34417
34423,34424
34417,34422
34420,34421
34316,34384
34316,34384
34384,34316
34316,34384
34316,34384
34384,34316
34415,34419
34423,34424
34316,34384
34365,34437
34384,34316
34316,34384
34379,34438
34385,34386
34385,34386
34335,34391
34421,34420
34423,34424
34361,34377
34367,34393
34367,34397
34355,34471
34393,34367
34367,34398
34350,34330
34423,34424
34470,34374
34367,34393
34335,34456
34432,34433
34379,34455
34321,34362
34439,34454
34417,34422
34369,34436
34362,34434
34362,34435
34423,34424
34362,34434
34432,34433
34432,34433
34398,34367
34431,34410
34335,34430
34423,34429
34421,34420
34421,34420
34454,34439
34530,34367
34423,34531
34334,34532
34334,34532
34469,34367
34334,34532
34334,34532
34467,34439
34500,34495
34469,34367
34533,34364
34423,34534
34334,34532
34535,34361
34361,34535
34374,34442
34334,34532
34442,34374
34374,34442
34374,34442
34475,34396
34475,34396
34374,34442
34374,34442
34334,34532
34369,34536
34467,34439
34467,34439
34454,34439
34439,34454
34511,34512
34343,34378
34537,34365
34480,34409
34396,34475
34439,34463
34439,34463
34439,34538
34439,34454
34439,34454
34539,34374
34365,34540
34417,34541
34417,34445
34542,34374
34439,34463
34374,34459
34316,34543
34365,34321
34440,34439
34504,34495
34544,34545
34449,34374
34315,34316
34321,34322
34442,34374
34334,34532
34328,34327
34316,34543
34374,34459
34439,34463
34315,34316
34542,34374
34417,34445
34343,34394
34417,34541
34365,34540
34359,34358
34539,34374
34354,34374
34439,34454
34439,34454
34321,34369
34439,34538
34439,34463
34439,34463
34396,34475
34480,34409
34537,34365
34343,34378
34511,34512
34439,34454
34393,34367
34439,34454
34365,34321
34327,34328
34374,34442
34361,34535
34535,34361
34334,34532
34334,34532
34533,34364
34469,34367
34500,34495
34467,34439
34334,34532
34334,34532
34469,34367
34334,34532
34334,34532
34423,34531
34530,34367
34315,34326
34400,34326
34423,34534
34369,34536
34467,34439
34467,34439
34449,34374
34544,34545
34504,34495
34440,34439
34354,34374
34506,34546
34328,34321
34369,34547
34365,34548
34322,34465
34549,34508
34550,34343
34551,34374
34316,34552
34367,34464
34493,34553
34554,34329
34459,34374
34550,34343
34322,34465
34361,34555
34459,34374
34442,34374
34367,34556
34550,34343
34367,34557
34343,34394
34361,34535
34343,34558
34474,34348
34322,34465
34367,34451
34459,34374
34369,34536
34367,34559
34365,34478
34328,34560
34365,34477
34416,34415
34328,34560
34561,34439
34439,34561
34495,34409
34495,34562
34563,34334
34374,34564
34377,34361
34397,34367
34495,34565
34506,34566
34316,34552
34567,34358
34495,34480
34365,34477
34365,34478
34374,34442
34361,34568
34361,34377
34365,34569
34551,34374
34343,34550
34459,34374
34343,34570
34343,34321
34374,34551
34571,34572
34348,34573
34332,34574
34332,34575
34486,34338
34576,34577
34578,34367
34576,34577
34576,34577
34576,34577
34579,34406
34335,34336
34335,34391
34498,34332
34580,34576
34576,34580
34329,34329
34338,34486
34329,34329
34513,34581
34474,34513
34316,34582
34580,34576
34576,34580
34374,34551
34328,34560
34367,34583
34330,34584
34585,34586
34374,34459
34374,34442
34322,34465
34343,34378
34343,34394
34587,34329
34329,34587
34329,34587
34322,34465
34588,34330
34322,34465
34316,34552
34513,34581
34365,34589
34330,34590
34591,34330
34416,34415
34332,34592
34416,34415
34332,34592
34593,34367
34335,34594
34595,34326
34332,34592
34335,34456
34580,34576
34596,34597
34596,34598
34484,34338
34361,34377
34380,34599
34343,34378
34409,34444
34600,34374
34374,34600
34343,34570
34352,34601
34367,34530
34416,34415
34362,34435
34367,34602
34439,34603
34604,34367
34439,34605
34367,34578
34346,34321
34367,34604
34470,34374
34367,34461
34367,34606
34479,34335
34367,34606
34367,34607
34416,34415
34484,34338
34608,34374
34417,34446
34417,34418
34346,34609
34511,34512
34367,34559
34610,34367
34357,34461
34379,34321
34357,34611
34338,34612
34357,34611
34613,34352
34338,34496
34597,34596
34352,34613
34338,34614
34338,34484
34346,34615
34498,34332
34484,34338
34616,34367
34484,34338
34338,34484
34362,34617
34362,34617
34367,34618
34507,34508
34439,34605
34367,34559
34352,34613
34619,34322
34620,34365
34621,34362
34316,34622
34348,34623
34316,34624
34348,34625
34391,34335
34495,34626
34329,34554
34352,34601
34330,34627
34330,34628
34520,34348
34380,34629
34630,34328
34631,34343
34380,34396
34329,34587
34330,34390
34330,34321
34328,34560
34632,34330
34511,34512
34633,34596
34330,34321
34316,34582
34634,34338
34348,34623
34316,34635
34374,34442
34636,34637
34369,34638
34636,34637
34335,34456
34636,34637
34636,34637
34636,34639
34369,34321
34380,34396
34409,34444
34369,34321
34537,34365
34365,34321
34362,34640
34362,34435
34369,34436
34415,34641
34415,34642
34415,34642
34415,34642
34365,34643
34415,34642
34316,34624
34644,34495
34316,34624
34645,34439
34646,34647
34349,34403
34326,34543
34369,34436
34394,34343
34349,34403
34343,34394
34343,34394
34576,34648
34576,34577
34343,34649
34439,34650
34322,34465
34500,34495
34500,34495
34576,34580
34380,34396
34454,34439
34511,34512
34511,34651
34343,34649
34360,34361
34500,34495
34361,34360
34652,34653
34403,34349
34326,34595
34654,34364
34425,34426
34361,34360
34495,34504
34439,34454
34439,34454
34506,34566
34335,34594
34335,34336
34338,34486
34329,34655
34510,34332
34335,34466
34513,34581
34605,34439
34362,34434
34655,34329
34355,34656
34510,34332
34657,34326
34439,34645
34511,34512
34646,34658
34406,34466
34577,34576
34659,34367
34361,34360
34500,34495
34421,34420
34660,34361
34495,34504
34357,34611
34380,34396
34332,34661
34650,34439
34662,34364
34652,34653
34528,34513
34660,34361
34414,34663
34511,34512
34423,34505
34664,34364
34490,34361
34361,34490
34414,34663
34505,34423
34349,34403
34414,34665
34414,34663
34404,34321
34505,34423
34646,34666
34510,34332
34327,34328
34652,34667
34361,34360
34652,34668
34669,34455
34421,34670
34671,34672
34343,34673
34493,34674
34493,34674
34493,34674
34493,34675
34513,34528
34504,34495
34513,34528
34513,34528
34513,34528
34493,34674
34493,34674
34493,34674
34493,34674
34329,34676
34677,34576
34322,34466
34489,34334
34343,34678
34655,34329
34611,34357
34414,34679
34335,34336
34332,34680
34367,34681
34316,34682
34454,34439
34367,34464
34361,34527
34367,34557
34330,34632
34362,34450
34367,34398
34683,34495
34551,34374
34357,34684
34685,34367
34338,34484
34332,34680
34442,34374
34358,34466
34513,34686
34367,34583
34367,34398
34661,34332
34417,34445
34583,34367
34687,34406
34688,34544
34330,34591
34670,34421
34441,34367
34445,34417
34400,34326
34330,34689
34583,34367
34690,34361
34349,34691
34692,34332
34525,34349
34364,34693
34335,34694
34508,34695
34367,34593
34332,34692
34365,34321
34326,34595
34508,34507
34508,34507
34326,34595
34504,34495
34511,34512
34367,34441
34367,34530
34681,34367
34696,34367
34697,34698
34464,34367
34343,34378
34361,34360
34338,34612
34365,34699
34348,34700
34386,34701
34367,34398
34495,34702
34367,34398
34544,34545
34367,34441
34367,34441
34367,34441
34367,34441
34348,34520
34703,34704
34343,34705
34369,34706
34561,34439
34338,34496
34338,34486
34369,34707
34369,34706
34708,34332
34493,34709
34338,34484
34493,34553
34493,34710
34711,34338
34369,34706
34338,34614
34367,34583
34709,34493
34367,34398
34367,34583
34365,34321
34326,34712
34365,34699
34398,34367
34369,34713
34398,34367
34639,34636
34504,34495
34369,34713
34714,34316
34636,34715
34335,34716
34639,34636
34335,34717
34493,34553
34614,34338
34335,34336
34406,34718
34406,34579
34636,34719
34416,34415
34561,34439
34367,34720
34367,34398
34367,34367
34414,34414
34354,34374
34367,34441
34321,34330
34321,34349
34697,34698
34696,34367
34681,34367
34367,34530
34367,34441
34511,34512
34504,34495
34326,34595
34508,34507
34508,34507
34326,34595
34365,34321
34332,34692
34367,34593
34508,34695
34335,34694
34364,34693
34525,34349
34692,34332
34349,34691
34690,34361
34583,34367
34464,34367
34645,34439
34343,34378
34360,34361
34321,34358
34513,34686
34358,34466
34441,34367
34442,34374
34338,34484
34342,34329
34685,34367
34357,34684
34551,34374
34321,34367
34683,34495
34367,34398
34362,34450
34330,34632
34367,34557
34330,34350
34361,34527
34367,34464
34332,34680
34445,34417
34400,34326
34330,34689
34361,34360
34367,34681
34321,34338
34315,34329
34578,34367
34335,34339
34576,34577
34332,34347
34486,34338
34332,34575
34332,34574
34348,34573
34571,34572
34374,34551
34374,34551
34335,34340
34367,34583
34335,34456
34330,34584
34332,34592
34595,34326
34335,34594
34593,34367
34332,34592
34335,34341
34416,34415
34332,34592
34576,34577
34334,34333
34576,34577
34576,34577
34316,34624
34321,34330
34580,34576
34576,34580
34580,34576
34316,34582
34474,34513
34513,34581
34329,34329
34338,34486
34329,34329
34331,34332
34331,34332
34331,34332
34576,34580
34331,34332
34580,34576
34498,34332
34335,34391
34333,34334
34335,34336
34579,34406
34335,34336
34335,34337
34315,34329
34367,34583
34321,34366
34367,34398
34361,34360
34316,34682
34709,34493
34454,34439
34338,34614
34369,34706
34711,34338
34493,34710
34493,34553
34338,34484
34493,34709
34708,34332
34369,34706
34369,34707
34338,34486
34338,34496
34330,34350
34561,34439
34369,34706
34343,34705
34703,34704
34357,34356
34348,34520
34425,34426
34361,34360
34495,34504
34439,34454
34659,34367
34577,34576
34406,34466
34646,34658
34511,34512
34439,34645
34657,34326
34510,34332
34355,34656
34354,34355
34655,34329
34367,34441
34362,34434
34513,34581
34358,34359
34335,34466
34510,34332
34329,34655
34338,34486
34335,34336
34335,34594
34506,34566
34353,34352
34439,34454
34605,34439
34416,34415
34367,34441
34367,34441
34369,34713
34504,34495
34315,34364
34639,34636
34398,34367
34369,34713
34398,34367
34365,34699
34321,34365
34326,34712
34365,34321
34386,34701
34321,34343
34348,34700
34365,34699
34338,34612
34670,34421
34330,34591
34688,34544
34687,34406
34583,34367
34417,34445
34661,34332
34714,34316
34636,34715
34335,34716
34639,34636
34544,34545
34367,34398
34495,34702
34367,34398
34367,34583
34367,34398
34414,34414
34367,34583
34367,34367
34367,34398
34321,34362
34367,34441
34367,34720
34416,34415
34636,34719
34363,34332
34406,34579
34406,34718
34335,34336
34332,34363
34614,34338
34493,34553
34321,34346
34335,34717
34561,34439
34342,34329
34591,34330
34329,34342
34537,34365
34369,34321
34409,34444
34380,34396
34331,34332
34369,34321
34636,34639
34636,34637
34636,34637
34335,34456
34361,34377
34636,34637
34369,34638
34636,34637
34321,34367
34374,34442
34316,34635
34348,34623
34367,34559
34439,34605
34507,34508
34367,34618
34321,34330
34365,34321
34376,34365
34362,34640
34362,34435
34495,34626
34391,34335
34348,34625
34316,34624
34348,34623
34316,34622
34621,34362
34620,34365
34321,34346
34619,34322
34352,34613
34367,34606
34633,34596
34316,34624
34634,34338
34321,34338
34415,34642
34365,34643
34415,34642
34415,34642
34415,34642
34415,34641
34321,34369
34369,34436
34316,34582
34329,34554
34479,34335
34367,34461
34338,34484
34484,34338
34616,34367
34484,34338
34498,34332
34346,34615
34338,34484
34321,34379
34338,34614
34352,34613
34597,34596
34338,34496
34613,34352
34357,34611
34338,34612
34357,34611
34379,34321
34357,34461
34610,34367
34367,34559
34380,34381
34511,34512
34346,34609
34362,34617
34362,34617
34608,34374
34484,34338
34470,34374
34367,34604
34346,34321
34367,34578
34439,34605
34604,34367
34439,34603
34367,34607
34367,34602
34416,34415
34367,34530
34367,34606
34352,34601
34343,34570
34374,34600
34377,34361
34600,34374
34409,34444
34343,34378
34380,34599
34361,34377
34484,34338
34362,34435
34416,34415
34378,34343
34654,34364
34352,34601
34330,34627
34343,34394
34367,34557
34550,34343
34367,34556
34442,34374
34459,34374
34361,34555
34367,34451
34322,34465
34459,34374
34344,34345
34554,34329
34493,34553
34367,34464
34321,34346
34316,34552
34321,34348
34345,34368
34321,34366
34551,34374
34550,34343
34549,34508
34321,34369
34361,34535
34343,34558
34474,34348
34322,34465
34330,34590
34342,34329
34365,34589
34513,34581
34316,34552
34322,34465
34588,34330
34322,34465
34329,34587
34340,34335
34340,34335
34322,34465
34329,34587
34321,34343
34343,34394
34343,34378
34322,34465
34374,34442
34374,34459
34585,34586
34343,34321
34343,34570
34459,34374
34343,34550
34587,34329
34373,34328
34365,34548
34550,34343
34365,34477
34328,34560
34321,34330
34365,34478
34328,34560
34596,34597
34330,34321
34596,34598
34374,34374
34632,34330
34328,34560
34354,34374
34330,34321
34330,34390
34375,34352
34329,34587
34380,34396
34631,34343
34630,34328
34345,34344
34380,34629
34520,34348
34330,34628
34416,34415
34328,34560
34561,34439
34439,34561
34459,34374
34369,34536
34367,34559
34551,34374
34365,34569
34328,34373
34344,34345
34345,34368
34361,34377
34361,34568
34374,34442
34369,34547
34365,34478
34495,34480
34567,34358
34316,34552
34506,34566
34495,34565
34397,34367
34377,34361
34374,34564
34563,34334
34495,34562
34495,34409
34365,34477
34326,34595
34511,34512
34060,34075
34338,34484
34357,34356
34321,34343
34327,34328
34483,34322
34332,34482
34338,34481
34328,34327
34328,34327
34343,34321
34343,34394
34332,34485
34332,34485
34490,34361
34487,34509
34401,34332
34332,34482
34507,34508
34484,34338
34503,34495
34402,34328
34349,34403
34506,34461
34505,34423
34495,34504
34495,34504
34332,34510
34321,34328
34338,34484
34338,34332
34493,34522
34511,34512
34408,34328
34328,34408
34414,34521
34403,34349
34511,34512
34495,34500
34487,34509
34332,34491
34423,34497
34423,34497
34338,34486
34487,34496
34493,34494
34492,34338
34332,34491
34332,34482
34361,34490
34385,34386
34332,34482
34332,34491
34332,34482
34334,34489
34488,34487
34487,34488
34495,34480
34489,34334
34328,34321
34328,34321
34423,34505
34511,34512
34414,34663
34660,34361
34528,34513
34652,34653
34662,34364
34650,34439
34332,34661
34380,34396
34357,34611
34495,34504
34664,34364
34652,34667
34332,34680
34669,34455
34335,34336
34414,34679
34611,34357
34655,34329
34343,34678
34489,34334
34322,34466
34677,34576
34329,34676
34493,34674
34652,34668
34328,34321
34490,34361
34414,34663
34495,34503
34328,34321
34328,34321
34502,34329
34495,34500
34495,34501
34495,34500
34500,34495
34495,34499
34332,34498
34332,34491
34506,34546
34361,34490
34644,34495
34327,34328
34510,34332
34646,34666
34505,34423
34404,34321
34321,34404
34414,34663
34405,34332
34414,34665
34321,34406
34349,34403
34505,34423
34328,34321
34493,34674
34414,34523
34414,34414
34385,34386
34321,34330
34330,34321
34330,34443
34330,34387
34367,34441
34367,34441
34442,34374
34441,34367
34439,34440
34439,34467
34321,34379
34387,34330
34388,34330
34321,34362
34379,34455
34385,34386
34321,34409
34330,34388
34350,34330
34321,34335
34321,34335
34480,34409
34348,34520
34330,34443
34443,34330
34386,34385
34350,34330
34444,34409
34336,34335
34374,34453
34374,34453
34374,34453
34354,34374
34330,34321
34374,34449
34362,34452
34365,34437
34330,34387
34330,34388
34367,34451
34330,34392
34389,34330
34330,34389
34374,34449
34450,34362
34374,34449
34330,34448
34321,34367
34391,34335
34386,34385
34330,34447
34367,34441
34335,34391
34367,34441
34445,34417
34330,34390
34328,34408
34519,34367
34374,34518
34321,34367
34367,34367
34529,34513
34513,34528
34332,34363
34332,34491
34332,34491
34332,34491
34332,34491
34332,34491
34528,34513
34315,34361
34363,34332
34332,34491
34513,34528
34361,34527
34315,34361
34332,34491
34332,34491
34526,34361
34328,34413
34332,34491
34413,34328
34349,34525
34349,34474
34349,34524
34513,34528
34480,34409
34367,34398
34332,34482
34385,34386
34517,34357
34357,34516
34357,34515
34321,34410
34410,34466
34459,34374
34386,34514
34411,34328
34379,34438
34412,34386
34403,34349
34367,34441
34321,34409
34357,34321
34386,34412
34386,34412
34362,34435
34513,34510
34408,34328
34412,34386
34412,34386
34332,34482
34409,34444
34332,34482
34480,34409
34489,34334
34493,34674
34321,34414
34513,34528
34321,34366
34576,34577
34576,34648
34343,34394
34353,34352
34382,34352
34383,34352
34382,34352
34353,34352
34343,34394
34407,34352
34353,34352
34383,34352
34353,34352
34351,34352
34382,34352
34351,34352
34353,34352
34349,34403
34394,34343
34369,34436
34326,34543
34315,34326
34354,34355
34646,34647
34439,34650
34403,34349
34356,34357
34493,34674
34343,34649
34322,34465
34349,34403
34500,34495
34513,34528
34652,34653
34513,34528
34504,34495
34513,34528
34493,34674
34493,34674
34493,34674
34321,34366
34343,34673
34321,34406
34671,34672
34421,34670
34660,34361
34421,34420
34493,34675
34360,34361
34500,34495
34321,34369
34576,34580
34500,34495
34454,34439
34327,34328
34511,34512
34380,34396
34511,34651
34343,34649
34360,34361
34500,34495
34361,34360
34361,34360
