34721,34722
34721,34722
34723,34724
34725,34726
34727,34728
34729,34730
34731,34732
34733,34734
34735,34736
34734,34733
34737,34738
34739,34740
34741,34728
34742,34743
34737,34744
34733,34745
34746,34747
34746,34748
34749,34750
34751,34752
34753,34754
34735,34755
34756,34757
34758,34759
34749,34760
34737,34761
34729,34762
34763,34764
34746,34747
34765,34766
34746,34767
34746,34747
34768,34769
34770,34771
34758,34772
34751,34752
34757,34773
34774,34728
34765,34775
34757,34773
34741,34728
34729,34776
34777,34778
34777,34778
34779,34780
34740,34781
34782,34783
34725,34784
34729,34730
34785,34786
34787,34740
34749,34788
34789,34725
34733,34734
34741,34728
34735,34736
34725,34784
34740,34781
34790,34737
34791,34792
34793,34733
34794,34765
34795,34796
34794,34765
34747,34746
34749,34797
34798,34723
34734,34733
34736,34799
34800,34801
34736,34802
34736,34803
34734,34733
34804,34805
34765,34794
34782,34806
34782,34806
34735,34736
34737,34790
34737,34807
34749,34808
34737,34807
34729,34776
34746,34747
34809,34779
34809,34810
34746,34747
34809,34810
34746,34767
34749,34811
34809,34812
34735,34755
34729,34776
34725,34726
34763,34813
34735,34755
34735,34814
34815,34723
34729,34816
34736,34817
34737,34744
34818,34819
34770,34820
34732,34821
34729,34822
34823,34824
34823,34824
34729,34825
34826,34827
34823,34824
34729,34825
34828,34749
34829,34830
34825,34729
34831,34770
34749,34749
34757,34773
34832,34732
34732,34833
34732,34834
34732,34835
34823,34824
34757,34773
34732,34834
34729,34776
34729,34836
34837,34749
34751,34752
34838,34757
34757,34773
34839,34757
34826,34840
34841,34733
34842,34843
34842,34844
34845,34830
34845,34830
34846,34847
34848,34849
34842,34843
34842,34844
34849,34848
34843,34842
34842,34843
34842,34843
34850,34851
34848,34849
34827,34826
34796,34759
34796,34852
34757,34773
34729,34759
34853,34854
34853,34854
34729,34762
34775,34765
34731,34732
34776,34729
34770,34771
34741,34728
34770,34771
34770,34855
34751,34752
34770,34771
34771,34770
34746,34748
34856,34857
34779,34858
34770,34859
34860,34861
34862,34863
34735,34736
34809,34759
34736,34735
34735,34736
34740,34864
34865,34866
34729,34759
34729,34867
34729,34816
34765,34759
34770,34771
34735,34736
34732,34868
34732,34869
34732,34870
34796,34871
34796,34871
34732,34869
34865,34872
34865,34872
34796,34871
34796,34871
34865,34759
34865,34872
34873,34865
34796,34874
34875,34759
34751,34752
34736,34862
34732,34821
34732,34876
34732,34876
34804,34877
34732,34834
34768,34769
34821,34732
34865,34735
34736,34862
34878,34877
34779,34879
34880,34779
34779,34880
34881,34882
34735,34883
34844,34842
34884,34740
34826,34885
34886,34804
34887,34740
34740,34887
34888,34768
34740,34887
34826,34889
34740,34890
34826,34891
34883,34735
34733,34841
34740,34892
34740,34893
34740,34884
34735,34894
34757,34773
34740,34895
34735,34883
34743,34896
34897,34898
34899,34900
34725,34901
34882,34881
34721,34902
34735,34894
34900,34899
34722,34721
34818,34819
34903,34842
34732,34904
34897,34905
34906,34882
34907,34725
34743,34896
34796,34795
34906,34882
34779,34908
34844,34842
34909,34910
34770,34911
34735,34912
34735,34883
34743,34896
34913,34878
34844,34842
34753,34914
34725,34915
34916,34728
34917,34735
34768,34769
34770,34820
34842,34844
34887,34740
34842,34842
34768,34918
34781,34740
34917,34735
34732,34870
34917,34735
34919,34765
34768,34918
34768,34769
34881,34882
34735,34912
34735,34912
34834,34732
34882,34835
34753,34914
34878,34920
34899,34900
34725,34921
34743,34742
34856,34922
34739,34740
34923,34923
34924,34765
34925,34749
34926,34927
34856,34922
34920,34878
34926,34928
34878,34920
34929,34757
34826,34827
34842,34844
34842,34930
34842,34931
34878,34913
34932,34875
34729,34825
34729,34759
34796,34933
34826,34827
34756,34757
34757,34756
34725,34901
34721,34934
34800,34801
34800,34935
34732,34834
34805,34804
34753,34759
34753,34936
34736,34937
34737,34790
34938,34938
34761,34737
34763,34813
34763,34813
34745,34733
34763,34813
34797,34749
34725,34939
34940,34941
34790,34737
34725,34901
34846,34942
34894,34802
34856,34857
34797,34749
34725,34943
34725,34939
34865,34735
34753,34914
34753,34914
34804,34805
34805,34804
34804,34944
34804,34945
34921,34725
34729,34946
34743,34742
34944,34804
34779,34879
34729,34867
34729,34825
34770,34947
34804,34886
34804,34948
34949,34729
34804,34950
34740,34951
34804,34952
34804,34952
34949,34729
34748,34746
34740,34781
34900,34899
34830,34953
34736,34862
34954,34861
34955,34875
34737,34956
34740,34957
34737,34956
34737,34956
34737,34956
34737,34956
34737,34956
34757,34773
34737,34956
34737,34956
34909,34958
34737,34956
34959,34740
34900,34960
34900,34877
34770,34961
34765,34766
34792,34791
34791,34792
34747,34746
34826,34962
34800,34801
34900,34963
34964,34770
34894,34736
34965,34842
34954,34861
34875,34966
34967,34723
34968,34823
34753,34759
34753,34914
34875,34966
34969,34759
34826,34970
34878,34971
34878,34972
34931,34842
34973,34740
34878,34877
34830,34974
34813,34763
34882,34906
34890,34740
34800,34801
34763,34813
34975,34723
34800,34801
34900,34899
34725,34901
34971,34878
34826,34827
34830,34976
34977,34749
34740,34739
34978,34749
34749,34978
34978,34749
34978,34749
34759,34878
34765,34775
34775,34765
34765,34775
34979,34923
34759,34923
34759,34740
34759,34926
34980,34909
34980,34909
34981,34757
34759,34900
34982,34850
34982,34850
34725,34901
34859,34770
34759,34926
34763,34813
34759,34850
34977,34743
34977,34983
34759,34878
34759,34740
34759,34753
34881,34882
34878,34920
34978,34749
34827,34826
34984,34861
34980,34842
34978,34749
34980,34842
34735,34883
34985,34735
34735,34985
34977,34725
34986,34735
34735,34986
34987,34735
34759,34729
34826,34962
34749,34978
34759,34740
34988,34941
34770,34859
34740,34989
34990,34846
34758,34991
34758,34759
34765,34992
34765,34993
34994,34791
34735,34995
34735,34995
34800,34801
34735,34995
34996,34842
34800,34801
34842,34997
34758,34991
34991,34758
34800,34998
34997,34842
34749,34925
34999,34926
34800,35000
35001,35002
34749,35003
34800,35004
34831,34770
35005,34737
34735,34995
34989,34740
34859,34770
34977,34749
35006,34743
34759,34850
34759,34753
35007,34770
34735,34883
34759,34800
34759,34926
34770,34859
34770,35007
35008,34757
34757,35009
34980,34909
34977,34938
34744,34737
35010,34782
34839,34757
34739,34740
34735,34995
34735,34995
34740,34739
34977,34770
34978,34749
34977,34770
34749,34978
34741,34728
34759,34826
35007,34770
34759,35011
34759,35012
34765,34993
34993,34765
34992,34765
34977,34725
34759,35012
34759,34778
34735,35013
34757,35009
34759,34826
34977,34849
34759,34729
34759,34796
34849,34848
34849,34848
34878,34920
34977,34749
34977,34749
34759,34758
34759,35012
34826,34827
34759,34926
34847,34846
34735,34865
35014,34728
34725,34901
34962,34826
34826,34962
34723,35015
34759,34735
34759,34735
34920,34878
34759,34723
35016,34725
34759,34878
34827,34826
34740,34781
34740,35017
34881,34882
34901,34725
34901,34725
34725,34901
34725,34901
34977,34725
34770,35007
35018,34757
34749,35019
34728,35014
34735,34736
34759,34804
34735,34736
34736,34735
34848,34849
34759,34723
34770,35007
35020,35021
35020,35021
35022,34861
34740,34781
34735,34865
34759,34850
34781,34740
34759,35023
34759,34804
34759,34804
34978,34749
34749,34978
34977,34725
34978,34749
34749,34978
34978,34749
34759,34765
34849,34848
34848,34849
34728,35024
34736,34735
34759,34729
34982,34850
35025,34861
35026,34861
35026,34861
35026,34861
35027,34861
35028,34861
35029,34861
35028,34861
35030,34861
35026,34861
35030,34861
34759,34765
34759,34809
34759,35012
34759,34804
34759,34758
34848,34849
34848,34849
34728,35024
35024,34728
34759,34865
35012,35031
34842,35032
35012,35031
34723,35015
34723,34877
35011,34723
34826,34827
35011,35033
34723,35015
34846,35034
34791,34792
35035,35012
34800,34801
34878,34877
34800,34801
34878,35036
34809,34759
34723,35015
34926,34999
34809,34759
34809,34759
34735,35037
34739,34740
34723,35015
35038,35001
35039,35012
34882,35040
34882,35041
35015,34723
34861,35042
34861,35042
34861,34860
34860,34861
35043,34723
34860,34861
35044,35012
35045,34878
35046,34791
34725,34901
34740,35047
35012,35048
35011,35049
34882,34881
34740,35050
35050,34740
34926,34999
35051,35012
34723,35052
34826,34962
34840,34826
35012,35039
35012,35035
35015,34723
34861,35053
34842,35054
34763,34813
34723,35015
35015,34723
34826,35055
34842,35032
34842,35056
34842,35057
35017,34740
34853,34854
34840,34826
35058,34842
35059,34735
34878,35045
35011,34723
35011,34723
35058,34842
34840,34826
34826,34840
34853,34854
35058,34842
35060,34826
34842,35058
34826,34840
35011,34723
35061,35012
35061,35012
35054,34842
34846,35062
34842,34930
35015,34723
34846,35063
35062,34846
34878,35036
34878,35064
34735,35059
35011,34723
34878,35036
35011,35065
35011,35066
35011,35067
35068,34830
34881,34882
35032,34842
34882,34881
34842,34844
34842,34843
34962,34826
34842,34965
34842,35069
34842,35070
34842,35032
34733,35071
34926,34999
35011,35072
35012,35073
35012,35074
35012,35075
34875,35076
34997,34842
34878,35036
35012,35077
34735,35037
35019,34749
34792,34791
35012,35073
35011,34723
34826,34759
34941,35078
34764,34763
34840,34826
35079,35080
34826,34827
34826,34827
35081,34736
34900,35082
35083,34723
34763,34764
35012,35073
35012,35073
35012,35084
34753,35085
35012,35084
35012,35039
35012,35086
34914,34753
34805,34804
35012,35051
34875,35076
35012,35087
34875,35088
35038,35001
34728,34741
35012,35089
34723,35011
34846,35090
34723,35052
34846,35034
34941,35091
35012,35084
35012,35084
35012,35084
35012,35084
35012,35084
35044,35012
35072,35011
35092,34725
34826,34759
34878,35036
34853,35093
35094,34853
35011,34723
34765,35095
34765,35095
34765,35096
35059,34735
34826,35097
34765,35098
34853,35099
34826,35100
34826,35055
34827,34826
34826,35101
35102,35080
34878,35045
34738,34737
34897,35103
35011,34759
34725,34915
34725,34901
34842,35054
34800,34801
34846,35104
34853,34854
34728,34741
34763,34764
34725,34789
34725,35092
34846,34847
35092,34725
34801,34800
34725,35092
34725,34784
35086,35012
34725,34726
34826,35105
34778,34759
34725,34784
35106,34778
35107,34853
34725,34784
35061,35012
34726,34725
34992,34765
34800,34801
34800,34935
35012,35108
34826,35055
34881,34882
35109,35110
35111,35112
34779,34780
34777,34778
34777,34778
34729,34776
34741,34728
34757,34773
34740,34781
34765,34775
34849,34848
34757,34773
34751,34752
34758,34759
34758,34772
34848,34849
34774,34728
34728,35024
34782,34783
34749,34760
34725,34726
34723,34724
34759,34723
34721,34722
34721,34722
34848,34849
34725,34784
34735,34736
34735,34736
34751,34752
34759,34804
34756,34757
34735,34865
34729,34730
34736,34735
34770,34771
35024,34728
34768,34769
34740,34864
34735,34736
34736,34735
34809,34759
34759,35012
34735,34736
34865,34866
34862,34863
34759,34809
34860,34861
34779,34858
34759,34765
34856,34857
35030,34861
34765,34759
34729,34759
34729,34867
34729,34816
34728,35024
34746,34747
34848,34849
34746,34767
34765,34766
34746,34747
34848,34849
34759,34758
34759,34804
34763,34764
34729,34762
34741,34728
34770,34820
34775,34765
34729,34822
34727,34728
35026,34861
34729,34730
34733,34734
34735,34736
34787,34740
34733,34734
34789,34725
34795,34796
34782,34806
34725,34784
34782,34806
35022,34861
34737,34744
34736,34817
34729,34816
34815,34723
34735,34814
34735,34736
34735,34755
34740,34781
34790,34737
34736,34799
34759,35023
34734,34733
34798,34723
34749,34797
34747,34746
34740,34781
34781,34740
34765,34794
34794,34765
34794,34765
34759,34850
34793,34733
34791,34792
34759,34765
35020,35021
35020,35021
34763,34813
34785,34786
34737,34761
34753,34754
34749,34750
34746,34748
34746,34747
34818,34819
34733,34745
34737,34744
34742,34743
34741,34728
34739,34740
34735,34755
34734,34733
34737,34738
34749,34788
34737,34790
34737,34807
34725,34726
34729,34776
34735,34755
34809,34812
34749,34811
34746,34767
34809,34810
34746,34747
34809,34810
34809,34779
34746,34747
34729,34776
34737,34807
34749,34808
34770,35007
34731,34732
34800,34801
35030,34861
35029,34861
34759,34729
34977,34849
34846,34847
34848,34849
34850,34851
34826,34827
34827,34826
34842,34843
34843,34842
34847,34846
34849,34848
34842,34844
34842,34843
34735,34865
34842,34843
34848,34849
34759,34796
34796,34852
34823,34824
34977,34749
34749,34749
34977,34749
34838,34757
34757,34773
34796,34759
34839,34757
34853,34854
34853,34854
34729,34759
34849,34848
34757,34773
34849,34848
34878,34920
34846,34847
34845,34830
34845,34830
35011,34723
35011,34723
34878,35045
35058,34842
34840,34826
34853,34854
35011,34723
35017,34740
34842,35056
34842,35032
34826,35055
35015,34723
34723,35015
35059,34735
34842,35057
35058,34842
34840,34826
34826,34840
34842,34844
35014,34728
34842,34843
34841,34733
34826,34840
34733,34841
34971,34878
34733,35071
34830,34976
34826,34840
34842,35058
35060,34826
35058,34842
34853,34854
34725,34901
34823,34824
35028,34861
34729,34825
34823,34824
34735,34736
34736,34735
34735,34736
34732,34868
34821,34732
34768,34769
34770,34771
34732,34834
34732,34876
34732,34876
34732,34821
34736,34862
34751,34752
34875,34759
34732,34821
34796,34874
34770,34859
34741,34728
35028,34861
35027,34861
35026,34861
35026,34861
35026,34861
34746,34748
34770,34771
34771,34770
35025,34861
34982,34850
34751,34752
34770,34855
34759,34729
34770,34771
34770,34771
34873,34865
34865,34872
34865,34759
34757,34773
34823,34824
35018,34757
34732,34835
34732,34834
34732,34833
34732,34834
34832,34732
34757,34773
34831,34770
34825,34729
34829,34830
34828,34749
34729,34825
34751,34752
34729,34776
34729,34836
34837,34749
34759,34865
34796,34871
34796,34871
34865,34872
34865,34872
34732,34869
34796,34871
34796,34871
34732,34870
34732,34869
34728,35014
34776,34729
34865,34735
34731,34732
34729,34762
34826,34827
34736,34802
34736,34803
34734,34733
34721,34934
34899,34900
34725,34901
34725,34901
34882,34881
34982,34850
34800,34801
34721,34902
34735,34894
34759,34900
34900,34899
34722,34721
34818,34819
34981,34757
34982,34850
34903,34842
34800,34935
34763,34813
34988,34941
34737,34956
34737,34956
34900,34963
34959,34740
34900,34960
34859,34770
34900,34877
34765,34766
34792,34791
34791,34792
34747,34746
34826,34962
34800,34801
34770,34961
34732,34904
34906,34882
34743,34896
34735,34883
34844,34842
34884,34740
34826,34885
34886,34804
34887,34740
34881,34882
34740,34887
34759,34740
34759,34926
34759,34923
34740,34887
34740,34895
34765,34775
34759,34926
34779,34880
34880,34779
34888,34768
34907,34725
34743,34896
34796,34795
34906,34882
34779,34908
34844,34842
34980,34909
34909,34910
34770,34911
34735,34912
34735,34883
34980,34909
34897,34898
34897,34905
34743,34896
34737,34956
34826,34889
34770,34859
34737,34956
34770,35007
34770,34859
34725,34943
34759,34926
34830,34953
34954,34861
35008,34757
34725,34901
34759,34800
34954,34861
34875,34966
34967,34723
34968,34823
34753,34759
34955,34875
34753,34914
34797,34749
34856,34857
34938,34938
34980,34909
34761,34737
34763,34813
34763,34813
34763,34813
34757,35009
34725,34939
34725,34939
34940,34941
34790,34737
34725,34901
34846,34942
34894,34802
34797,34749
34735,34883
34875,34966
34969,34759
35006,34743
34894,34736
34977,34749
34964,34770
34859,34770
34989,34740
34965,34842
34909,34958
34740,34957
34737,34956
34737,34956
34740,34989
34737,34956
34737,34956
34737,34956
34900,34899
34759,34850
34759,34753
35007,34770
34826,34970
34878,34971
34878,34972
34931,34842
34973,34740
34878,34877
34830,34974
34813,34763
34882,34906
34890,34740
34800,34801
34763,34813
34975,34723
34800,34801
34757,34773
34740,34890
34775,34765
34826,34891
34759,34753
34878,34877
34805,34804
34732,34834
34745,34733
34865,34735
34753,34759
34753,34914
34900,34899
34759,34740
34740,34781
34748,34746
34949,34729
34759,34878
34753,34914
34804,34952
34753,34936
34753,34914
34781,34740
34732,34870
34878,34920
34917,34735
34919,34765
34768,34918
34736,34937
34768,34769
34735,34912
34735,34912
34834,34732
34878,34920
34882,34835
34881,34882
34881,34882
34804,34952
34740,34951
34804,34950
34749,34978
34921,34725
34978,34749
34759,34804
34804,34945
34804,34944
34977,34725
34805,34804
34759,34804
34779,34879
34736,34862
34736,34862
34804,34877
34804,34805
34804,34805
34729,34946
34978,34749
34743,34742
34949,34729
34804,34948
34804,34886
34977,34983
34977,34770
34770,34947
34978,34749
34729,34825
34977,34770
34729,34867
34749,34978
34978,34749
34779,34879
34749,34978
34944,34804
34978,34749
34827,34826
34984,34861
34980,34842
34923,34923
34924,34765
34977,34749
34925,34749
34979,34923
34926,34927
34740,34739
34856,34922
34926,34928
34878,34920
34929,34757
34826,34827
34842,34844
34759,34850
34920,34878
34739,34740
34978,34749
34749,34978
34883,34735
34740,34892
34740,34893
34740,34884
34735,34894
34757,34773
34735,34883
34765,34775
34759,34878
34913,34878
34844,34842
34978,34749
34753,34914
34856,34922
34978,34749
34978,34749
35061,35012
34842,34930
34878,34913
34725,34915
34916,34728
34735,34985
34917,34735
34985,34735
34768,34769
34977,34725
34735,34883
34759,34740
34842,34844
34887,34740
34980,34842
34842,34842
34768,34918
34770,34820
34986,34735
34735,34986
34987,34735
34977,34743
34932,34875
34729,34825
34749,34978
34729,34759
34796,34933
34826,34962
34826,34827
34756,34757
34757,34756
34759,34729
34743,34742
34725,34921
34899,34900
34917,34735
34842,34931
34737,34790
35061,35012
34842,35070
35113,35114
35115,35112
35116,35117
35118,35119
35120,35121
35122,35123
35124,35125
35126,35127
35109,35110
35115,35128
35129,35119
35130,35119
35131,35132
35122,35133
35134,35135
35118,35136
35119,35135
35126,35129
35114,35137
35118,35138
35120,35139
35122,35140
35141,35142
35109,35143
35109,35144
35115,35128
35114,35145
35131,35146
35118,35147
35120,35146
35122,35148
35134,35149
35150,35151
35109,35152
35122,35153
35118,35154
35150,35112
35115,35144
35155,35156
35120,35112
35122,35133
35118,35157
35129,35119
35126,35158
35109,35124
35114,35159
35129,35144
35115,35160
35120,35149
35122,35123
35134,35161
35114,35162
35109,35163
35118,35164
35134,35165
35109,35112
35114,35166
35129,35144
35115,35112
35155,35167
35122,35168
35118,35152
35131,35169
35126,35170
35134,35171
35109,35125
35129,35119
35115,35135
35122,35149
35129,35172
35126,35173
35115,35135
35124,35174
35175,35176
35109,35125
35115,35177
35118,35147
35150,35178
35179,35180
35122,35148
35114,35159
35122,35153
35115,35144
35150,35181
35118,35157
35179,35170
35114,35182
35126,35173
35122,35153
35126,35129
35114,35183
35175,35184
35109,35144
35118,35185
35115,35125
35179,35180
35134,35186
35141,35112
35122,35187
35175,35123
35109,35125
35119,35146
35115,35128
35118,35188
35179,35129
35126,35158
35109,35112
35189,35190
35115,35112
35150,35190
35118,35157
35131,35110
35114,35191
35122,35148
35141,35165
35124,35192
35134,35125
35109,35143
35115,35112
35118,35185
35193,35194
35122,35117
35109,35142
35126,35127
35119,35112
35109,35178
35126,35158
35118,35119
35141,35149
35126,35170
35122,35133
35109,35110
35131,35135
35118,35147
35120,35121
35134,35186
35122,35117
35195,35196
35115,35128
35118,35185
35114,35197
35122,35123
35113,35112
35126,35127
35158,35122
35134,35186
35115,35198
35141,35199
35134,35149
35200,35201
35129,35119
35150,35181
35129,35160
35141,35142
35150,35112
35120,35121
35115,35202
35118,35203
35126,35173
35179,35170
35179,35180
35150,35190
35204,35205
35131,35110
35150,35144
35193,35206
35115,35135
35120,35121
35118,35152
35131,35207
35126,35158
35115,35112
35141,35112
35208,35190
35115,35125
35120,35146
35118,35157
35141,35142
35118,35203
35115,35176
35209,35139
35126,35170
35150,35178
35115,35128
35179,35129
35115,35112
35179,35170
35115,35128
35179,35180
35210,35211
35179,35170
35126,35127
35179,35129
35115,35125
35109,35212
35213,35146
35208,35181
35208,35163
35126,35173
35111,35199
35179,35180
35141,35199
35111,35214
35208,35112
35129,35172
35179,35129
35129,35144
35208,35125
35179,35129
35115,35153
35111,35163
35126,35129
35208,35215
35179,35170
35115,35125
35179,35170
35118,35154
35200,35216
35158,35123
35118,35217
35120,35146
35141,35114
35158,35177
35131,35135
35129,35119
35115,35117
35150,35199
35118,35185
35120,35112
35141,35146
35134,35171
35204,35218
35129,35119
35115,35148
35115,35192
35150,35151
35141,35219
35220,35221
35129,35144
35115,35184
35193,35222
35120,35121
35122,35148
35113,35144
35141,35152
35109,35119
35134,35125
35223,35187
35150,35163
35118,35147
35122,35117
35158,35117
35118,35119
35120,35146
35158,35187
35114,35182
35200,35224
35150,35114
35115,35225
35193,35226
35126,35129
35134,35112
35118,35147
35200,35227
35129,35192
35179,35170
35115,35228
35126,35127
35118,35138
35134,35161
35141,35165
35158,35229
35120,35112
35141,35152
35109,35142
35129,35144
35115,35128
35118,35136
35158,35148
35141,35149
35134,35230
35109,35125
35114,35183
35113,35112
35129,35119
35150,35149
35115,35144
35118,35157
35134,35135
35122,35133
35131,35112
35179,35170
34926,34999
35072,35011
34725,34901
35011,35072
34725,34901
34725,34901
34901,34725
34977,34725
35011,34759
34897,35103
34738,34737
34878,35045
35102,35080
34770,35007
34725,34915
34759,34926
34861,35053
34861,35042
34882,34881
34881,34882
35011,35049
35012,35048
34740,35047
34725,34901
34861,35042
34901,34725
35045,34878
35044,35012
34860,34861
35043,34723
34860,34861
34861,34860
35046,34791
34826,35101
34827,34826
34826,34827
34800,34801
34992,34765
34726,34725
34759,35012
35061,35012
34725,34784
34800,34935
35107,34853
34725,34784
34778,34759
34759,34778
34826,35105
34725,34726
35086,35012
35106,34778
35012,35108
34853,34854
34846,35104
34826,35055
34842,35054
34826,35100
34765,35098
34826,35097
35059,34735
34765,35096
34765,35095
34765,35095
35011,34723
35094,34853
34853,35093
34878,35036
34853,35099
34800,34801
34740,35050
34725,34784
35050,34740
35051,35012
34878,35036
35062,34846
34846,35063
35015,34723
34842,34930
34846,35062
34878,35064
34763,34813
34842,35054
34723,35015
35015,34723
34759,34735
35038,35001
34723,35015
34842,35032
34739,34740
34735,35059
34878,35036
34842,35069
34842,34965
34962,34826
34842,34843
34842,34844
34962,34826
35011,34723
34882,34881
34881,34882
34826,34962
35068,34830
35011,35067
35011,35066
35011,35065
35032,34842
34759,34735
34735,35037
34809,34759
35016,34725
34878,34877
34759,34878
34882,35040
34882,35041
34827,34826
34759,34723
35015,34723
35012,35035
34740,35017
35012,35039
34840,34826
34826,34962
34723,35052
34740,34781
34723,35015
34723,34877
35011,34723
34809,34759
34926,34999
34920,34878
34723,35015
34809,34759
34878,35036
35039,35012
34800,34801
34800,34801
35035,35012
34791,34792
34846,35034
34723,35015
35011,35033
34826,34827
34926,34999
34725,35092
34801,34800
35092,34725
34758,34759
34759,34758
34758,34991
34990,34846
34996,34842
34831,34770
34765,34992
35005,34737
34757,35009
34740,34739
34735,34995
34735,34995
34739,34740
34839,34757
34735,34995
35010,34782
34765,34993
34735,34995
34800,35000
34999,34926
34749,34925
34997,34842
34800,34998
34991,34758
34994,34791
34735,35013
34842,34997
34800,35004
34800,34801
34735,34995
34800,34801
34735,34995
34758,34991
34744,34737
34759,34826
35122,35153
35141,35146
35122,35148
35126,35170
35175,35148
35109,35143
35118,35188
35179,35170
35180,35122
35150,35149
35179,35180
35122,35153
35175,35147
35118,35147
35150,35163
35115,35144
35115,35177
35119,35231
35118,35138
35126,35173
35118,35232
35115,35233
35179,35180
35175,35184
35234,35148
35134,35135
35122,35117
35118,35164
35209,35112
35115,35112
35179,35170
35234,35153
35122,35123
35175,35235
35001,35002
34749,35003
34749,35019
35012,35031
35007,34770
34941,35078
34826,34759
34763,34764
34759,35011
35011,34723
34764,34763
34792,34791
34735,35037
35012,35077
34878,35036
34997,34842
34875,35076
35012,35075
35019,34749
34840,34826
35079,35080
34826,34827
34881,34882
34725,35092
34725,34789
34763,34764
34741,34728
34728,34741
34826,34759
34759,34826
34826,35055
35092,34725
35044,35012
35083,34723
34900,35082
35081,34736
34826,34827
35012,35074
35054,34842
34759,35012
35012,35073
34875,35088
35012,35087
34875,35076
35012,35051
34805,34804
34914,34753
35038,35001
35012,35086
35012,35039
35012,35084
34753,35085
35012,35031
34842,35032
34759,35012
34977,34725
34728,34741
35012,35089
34992,34765
35012,35073
35012,35073
35012,35084
35012,35084
35012,35084
35012,35084
35012,35084
35012,35084
34941,35091
34846,35034
34765,34993
34723,35052
34846,35090
34723,35011
34993,34765
35012,35073
34977,34938
34725,34901
35193,35236
35134,35174
35210,35237
35224,35238
35119,35231
35141,35114
35122,35133
35239,35139
35114,35159
35187,35240
35152,35149
35210,35241
35224,35225
35119,35135
35187,35242
35158,35184
35122,35117
35130,35119
35187,35243
35122,35140
35114,35166
35187,35240
35130,35244
35180,35245
35224,35152
35115,35233
35141,35146
35122,35153
35187,35242
35150,35163
35239,35128
35122,35140
35130,35246
35150,35247
35122,35187
35187,35240
35130,35248
35152,35112
35224,35146
35200,35249
35122,35148
35187,35243
35250,35186
35130,35251
35239,35110
35224,35146
35252,35149
35189,35199
35200,35243
35122,35123
35114,35137
35187,35242
35239,35146
35252,35112
35115,35155
35149,35165
35122,35187
35126,35158
35187,35243
35109,35253
35119,35135
35158,35187
35193,35254
35130,35187
35224,35238
35220,35221
35122,35153
35200,35187
35147,35146
35187,35255
35224,35112
35109,35124
35122,35140
35220,35240
35200,35229
35175,35198
35147,35128
35119,35110
35224,35231
35122,35133
35140,35110
35147,35110
35134,35142
35175,35187
35187,35243
35131,35256
35141,35219
35224,35112
35122,35123
35175,35117
35187,35240
35130,35122
35119,35146
35149,35135
35122,35117
35179,35170
35200,35243
35149,35257
35187,35240
35122,35133
35187,35243
35130,35157
35189,35258
35122,35187
35187,35242
35130,35123
35224,35146
35122,35123
35250,35178
35114,35259
35187,35240
35193,35254
35152,35139
35119,35181
35141,35165
35109,35144
35122,35117
35187,35242
35260,35261
35124,35125
35122,35148
35220,35221
35114,35145
35187,35243
35122,35187
35220,35262
35200,35263
35250,35144
35141,35112
35175,35202
35115,35177
35130,35117
35141,35112
35130,35157
35133,35148
35152,35149
35193,35139
35119,35110
35115,35110
35141,35152
35224,35146
35204,35264
35114,35182
35152,35112
35193,35240
35115,35144
35260,35112
35239,35265
35204,35266
35224,35112
35175,35148
35115,35149
35130,35117
35239,35221
35126,35180
35193,35254
35115,35267
35268,35139
35129,35231
35126,35170
35115,35128
35180,35142
35193,35198
35114,35191
35141,35142
35130,35269
35129,35144
35150,35181
35111,35178
35114,35197
35115,35128
35130,35248
35124,35174
35114,35137
35193,35117
35115,35233
35141,35165
35130,35123
35114,35259
35130,35244
35129,35112
35140,35231
35133,35270
35147,35139
35119,35112
35115,35112
35175,35176
35124,35174
35204,35271
35114,35166
35152,35225
35119,35231
35141,35219
35224,35146
35180,35117
35252,35110
35239,35272
35130,35269
35204,35273
35114,35197
35193,35227
35224,35146
35115,35112
35129,35228
35150,35178
35122,35140
35250,35163
35114,35191
35187,35240
35109,35163
35224,35231
35118,35274
35115,35177
35122,35133
35187,35255
35130,35123
35152,35146
35193,35227
35239,35231
35210,35275
35224,35112
35119,35146
35120,35146
35115,35112
35122,35117
35187,35255
35122,35148
35224,35112
35150,35190
35119,35112
35224,35231
35189,35125
35115,35112
35141,35149
35150,35144
35239,35276
35224,35277
35115,35233
35133,35190
35224,35112
35115,35177
35122,35148
35111,35144
35239,35278
35224,35112
35210,35237
35180,35252
35115,35125
35130,35279
35111,35112
35193,35254
35224,35146
35118,35280
35267,35121
35115,35207
35109,35143
35122,35123
35239,35139
35224,35231
35115,35233
35187,35242
35130,35244
35119,35231
35281,35199
35187,35240
35115,35233
35200,35282
35175,35117
35207,35163
35114,35166
35155,35283
35122,35148
35281,35284
35187,35255
35115,35112
35200,35250
35122,35133
35189,35142
35179,35170
35285,35286
35234,35152
35114,35287
35175,35123
35122,35117
35281,35132
35187,35242
35115,35177
35179,35268
35207,35144
35175,35198
35114,35137
35124,35288
35175,35187
35150,35112
35209,35128
35122,35187
35193,35289
35187,35255
35200,35290
35179,35140
35175,35148
35122,35123
35115,35260
35187,35242
35209,35128
35189,35186
35150,35190
35179,35170
35175,35176
35281,35149
35122,35153
35187,35255
35115,35177
35189,35258
35150,35199
35179,35140
35220,35262
35204,35218
35175,35148
35126,35170
35281,35146
35122,35125
35187,35243
35115,35112
35126,35158
35122,35153
35281,35165
35187,35243
35118,35280
35147,35112
35115,35112
35131,35110
35204,35218
35141,35199
35234,35117
35175,35123
35122,35123
35118,35291
35175,35148
35122,35123
35118,35217
35223,35184
35115,35177
35131,35132
35234,35187
35175,35176
35122,35117
35126,35127
35118,35185
35119,35181
35292,35144
35115,35125
35124,35146
35179,35170
35175,35187
35234,35122
35267,35199
35122,35153
35134,35221
35175,35198
35140,35112
35115,35233
35179,35180
35175,35147
35122,35123
35187,35240
35115,35293
35175,35202
35234,35150
35122,35140
35179,35170
35175,35184
35122,35187
35179,35180
35141,35152
35175,35235
35122,35124
35115,35294
35131,35135
35175,35117
35120,35139
35122,35148
35179,35170
35141,35295
35175,35147
35122,35117
35126,35173
35119,35144
35223,35117
35115,35267
35204,35218
35175,35198
35150,35114
35179,35180
35141,35149
35126,35173
35122,35296
35224,35231
35187,35242
35175,35184
35189,35119
35122,35117
35193,35254
35187,35255
35131,35135
35175,35198
35124,35146
35179,35170
35122,35148
35114,35159
35193,35254
35187,35255
35175,35117
35124,35112
35122,35140
35250,35233
35187,35242
35175,35176
35292,35165
35150,35181
35109,35163
35122,35153
35193,35254
35189,35149
35224,35238
35175,35148
35122,35267
35200,35153
35141,35142
35122,35148
35224,35146
35250,35199
35175,35184
35187,35243
35147,35133
35124,35288
35122,35297
35224,35231
35175,35147
35187,35255
35122,35150
35224,35238
35187,35242
35175,35187
35119,35112
35189,35142
35150,35178
35122,35149
35140,35128
35224,35146
35187,35240
35175,35123
35141,35199
35122,35297
35224,35225
35187,35243
35187,35240
35180,35146
35187,35243
35131,35112
35193,35298
35187,35240
35224,35231
35175,35184
35179,35170
35204,35273
35126,35129
35122,35140
35281,35225
35187,35243
35200,35148
35179,35140
35175,35187
35122,35117
35180,35123
35187,35240
35179,35180
35175,35123
35285,35299
35250,35163
35122,35148
35193,35125
35187,35243
35200,35176
35234,35124
35175,35176
35122,35125
35187,35242
35234,35242
35122,35133
35252,35165
35281,35152
35220,35240
35200,35123
35175,35202
35150,35151
35281,35132
35122,35187
35250,35112
35193,35300
35224,35112
35187,35240
35175,35235
35189,35252
35150,35144
35122,35123
35193,35301
35224,35112
35187,35242
35111,35114
35175,35117
35179,35180
35189,35186
35109,35112
35122,35133
35180,35302
35210,35241
35224,35225
35187,35255
35147,35147
35200,35117
35175,35147
35113,35110
35193,35112
35130,35122
35130,35279
35267,35121
35115,35110
35141,35199
35224,35112
35115,35121
35204,35303
35267,35112
35224,35146
35115,35112
35267,35121
35224,35110
35115,35149
35250,35165
35267,35233
35189,35190
35224,35112
35115,35128
35250,35125
35267,35250
35224,35110
35115,35125
35267,35128
35115,35121
35224,35112
35134,35165
35267,35112
35118,35291
35134,35125
35189,35119
35267,35304
35115,35305
35224,35199
35115,35229
35204,35306
35213,35178
35267,35304
35175,35235
35115,35110
35134,35221
35267,35144
35175,35147
35111,35214
35252,35144
35115,35128
35224,35110
35147,35139
35175,35123
35267,35233
35239,35175
35252,35112
35134,35171
35189,35124
35267,35233
35115,35149
35252,35146
35267,35125
35252,35142
35239,35221
35267,35144
35267,35149
35175,35202
35250,35112
35129,35192
35193,35227
35267,35125
35115,35120
35267,35128
35115,35132
35267,35132
35115,35225
35239,35307
35267,35149
35118,35308
35267,35144
35114,35182
35180,35231
35118,35164
35267,35121
35267,35112
35114,35159
35267,35149
35115,35152
35267,35233
35115,35119
35267,35125
35115,35309
35267,35128
35115,35112
35267,35132
35267,35149
35115,35233
35268,35139
35114,35159
35239,35272
35267,35125
35268,35146
35115,35229
35224,35146
35250,35233
35115,35305
35193,35117
35224,35152
35267,35304
35126,35170
35268,35147
35115,35135
35114,35259
35193,35310
35267,35152
35224,35277
35134,35161
35267,35233
35210,35311
35114,35145
35267,35121
35115,35110
35134,35112
35267,35304
35115,35128
35268,35312
35267,35112
35115,35125
35115,35112
35115,35121
35267,35128
35175,35176
35133,35190
35267,35199
35210,35211
35234,35119
35111,35114
35118,35313
35115,35233
35200,35263
35204,35314
35129,35128
35175,35148
35224,35112
35133,35246
35134,35135
35195,35315
35210,35316
35111,35163
35118,35317
35268,35139
35115,35112
35200,35243
35189,35142
35129,35144
35224,35146
35175,35198
35267,35304
35118,35318
35175,35176
35129,35115
35224,35146
35285,35319
35165,35320
35179,35321
35260,35125
35118,35322
35115,35125
35285,35323
35224,35231
35324,35325
35129,35144
35200,35243
35111,35214
35267,35128
35118,35138
35115,35172
35110,35112
35115,35121
35189,35190
35224,35146
35324,35326
35129,35231
35175,35184
35133,35174
35200,35243
35111,35144
35149,35112
35267,35233
35118,35327
35115,35110
35239,35119
35115,35112
35224,35110
35267,35149
35115,35135
35129,35148
35224,35112
35213,35149
35175,35148
35267,35304
35115,35132
35204,35314
35129,35123
35224,35146
35175,35198
35267,35128
35260,35171
35115,35121
35129,35176
35224,35112
35134,35186
35267,35233
35175,35184
35210,35211
35115,35125
35129,35202
35224,35110
35213,35125
35189,35125
35141,35199
35267,35132
35260,35142
35267,35144
35175,35123
35224,35110
35234,35142
35260,35181
35118,35164
35115,35149
35224,35112
35175,35187
35213,35125
35267,35112
35118,35308
35268,35181
35115,35128
35252,35165
35285,35328
35175,35202
35129,35144
35224,35146
35189,35258
35267,35229
35115,35120
35129,35192
35175,35147
35224,35199
35189,35199
35267,35149
35195,35329
35115,35225
35114,35137
35129,35117
35175,35117
35239,35278
35267,35128
35267,35112
35115,35112
35179,35330
35268,35146
35140,35144
35115,35144
35147,35146
35141,35142
35130,35119
35268,35147
35115,35121
35147,35147
35130,35149
35155,35156
35179,35331
35114,35197
35115,35110
35130,35148
35129,35172
35131,35179
35115,35233
35130,35187
35193,35240
35204,35303
35281,35125
35140,35150
35115,35135
35129,35119
35140,35231
35193,35332
35133,35123
35147,35110
35115,35132
35220,35235
35115,35172
35115,35128
35200,35263
35115,35305
35239,35227
35150,35112
35200,35263
35115,35149
35268,35181
35140,35128
35115,35172
35147,35112
35239,35272
35140,35110
35115,35132
35115,35128
35147,35133
35129,35333
35268,35112
35140,35112
35115,35199
35147,35112
35119,35110
35268,35312
35115,35125
35141,35146
35126,35127
35140,35146
35115,35110
35204,35334
35193,35335
35133,35336
35115,35121
35141,35119
35193,35236
35220,35262
35114,35145
35115,35144
35141,35146
35220,35242
35193,35337
35114,35182
35118,35338
35115,35110
35126,35129
35133,35140
35118,35274
35115,35144
35115,35112
35141,35119
35150,35114
35115,35135
35133,35157
35114,35159
35152,35139
35118,35291
35141,35219
35115,35128
35114,35259
35141,35112
35147,35128
35115,35144
35134,35146
35268,35139
35133,35339
35115,35112
35141,35165
35130,35251
35268,35147
35113,35199
35115,35121
35268,35112
35252,35144
35114,35182
35140,35144
35141,35146
35130,35246
35193,35112
35204,35340
35133,35187
35115,35135
35141,35199
35130,35119
35193,35139
35114,35197
35111,35112
35115,35110
35120,35112
35115,35112
35341,35117
35220,35240
35324,35342
35267,35233
35115,35135
35267,35125
35267,35233
35267,35112
35114,35166
35267,35121
35115,35121
35268,35112
35267,35144
35118,35114
35267,35128
35115,35110
35195,35343
35115,35233
35114,35344
35115,35125
35126,35158
35118,35345
35115,35172
35114,35137
35115,35120
35268,35147
35118,35203
35115,35149
35115,35132
35268,35312
35115,35112
35267,35144
35115,35305
35267,35121
35115,35199
35115,35110
35267,35233
35268,35146
35115,35128
35267,35125
35118,35345
35115,35125
35239,35276
35267,35128
35115,35233
35267,35144
35118,35114
35115,35128
35115,35125
35268,35312
35239,35254
35267,35304
35114,35145
35267,35125
35115,35233
35239,35221
35267,35149
35115,35110
35115,35135
35267,35128
35114,35191
35115,35112
35267,35121
35115,35199
35115,35121
35158,35122
35115,35149
35115,35128
35133,35269
35207,35112
35268,35146
35133,35148
35341,35148
35118,35280
35115,35172
35155,35167
35114,35166
35126,35173
35207,35144
35207,35165
35115,35199
35268,35139
35129,35346
35140,35146
35115,35120
35129,35347
35207,35165
35115,35150
35115,35304
35133,35248
35155,35348
35114,35137
35118,35291
35115,35304
35129,35294
35268,35147
35115,35132
35133,35117
35158,35117
35115,35120
35118,35114
35115,35172
35158,35122
35115,35199
35158,35184
35115,35149
35158,35117
35158,35177
35115,35132
35158,35229
35115,35128
35155,35156
35115,35128
35114,35259
35114,35344
35158,35123
35115,35172
35114,35191
35155,35167
35115,35199
35115,35120
35268,35112
35158,35148
35115,35149
35115,35132
